21
1
18
629.582153 123.739174 0.944884 
595.742920 158.976303 0.876522 
605.935364 167.843918 0.868133 
605.981873 219.289734 0.901954 
617.774170 257.550201 0.902165 
589.801208 154.616379 0.719259 
0.000000 0.000000 0.000000 
0.000000 0.000000 0.000000 
595.707886 248.729797 0.750830 
592.687195 303.105804 0.851720 
582.560425 356.043213 0.880847 
582.475586 242.828156 0.704339 
578.069763 298.675995 0.829587 
569.238220 342.824890 0.720554 
628.013611 120.761368 0.923961 
0.000000 0.000000 0.000000 
613.365417 123.738724 0.882873 
0.000000 0.000000 0.000000 
18
629.585876 123.760620 0.943483 
595.757813 157.624023 0.864067 
604.586853 166.410416 0.858768 
605.986938 217.909637 0.902373 
617.776611 258.989716 0.901914 
591.249695 154.620270 0.716474 
0.000000 0.000000 0.000000 
0.000000 0.000000 0.000000 
595.685608 248.728165 0.747301 
592.695923 301.699188 0.877165 
583.948975 356.034332 0.868985 
582.470032 242.840652 0.718242 
576.611328 298.710297 0.818793 
570.722107 344.279755 0.747922 
628.018982 120.787682 0.930688 
0.000000 0.000000 0.000000 
614.765991 123.757797 0.890787 
0.000000 0.000000 0.000000 
18
629.583618 123.757950 0.941674 
597.152039 157.628830 0.861542 
605.932434 166.414459 0.861870 
605.986145 217.902740 0.897922 
617.727356 259.007721 0.912644 
591.260010 154.632736 0.718508 
0.000000 0.000000 0.000000 
0.000000 0.000000 0.000000 
595.676819 248.731613 0.751919 
592.681519 301.706726 0.862545 
583.957214 356.034729 0.864116 
582.463440 242.831451 0.717302 
575.130859 298.680511 0.828572 
570.696228 344.264709 0.767742 
628.021973 120.782066 0.926029 
0.000000 0.000000 0.000000 
614.783691 123.750496 0.896836 
0.000000 0.000000 0.000000 
18
629.584961 123.755852 0.944271 
597.152344 158.975891 0.868071 
605.947144 167.809860 0.866146 
605.994080 217.887527 0.887967 
617.689087 260.475067 0.913850 
589.846619 154.641418 0.725921 
0.000000 0.000000 0.000000 
0.000000 0.000000 0.000000 
595.678650 248.740372 0.752756 
591.317139 303.111969 0.860931 
583.957764 356.026031 0.864746 
582.447510 242.840225 0.722581 
576.572327 298.717133 0.828426 
570.710388 344.297119 0.758919 
628.021118 120.779495 0.927232 
0.000000 0.000000 0.000000 
614.772583 123.753700 0.893229 
0.000000 0.000000 0.000000 
18
629.601196 123.750816 0.935301 
597.150391 157.632309 0.866411 
605.951111 166.398438 0.864041 
606.005798 217.886536 0.894396 
616.345764 261.899353 0.907254 
589.844727 154.642609 0.726350 
0.000000 0.000000 0.000000 
0.000000 0.000000 0.000000 
594.293152 248.709579 0.750844 
592.684570 301.684570 0.869253 
583.953796 356.033356 0.860847 
582.443481 241.428741 0.721258 
578.075500 298.725281 0.833582 
570.728577 344.284821 0.743446 
628.031311 120.774826 0.926393 
0.000000 0.000000 0.000000 
614.784302 123.766357 0.899221 
0.000000 0.000000 0.000000 
18
629.602722 123.738388 0.942961 
597.158081 157.628540 0.872416 
605.976501 166.412506 0.870950 
606.067932 217.887894 0.887385 
616.345642 261.909271 0.910619 
589.842407 154.626236 0.735395 
0.000000 0.000000 0.000000 
0.000000 0.000000 0.000000 
594.292969 248.695587 0.744874 
592.690125 301.663177 0.867877 
583.947266 356.037842 0.863816 
582.454346 241.418915 0.720283 
579.476196 298.718018 0.833935 
570.738037 344.271393 0.732226 
628.029480 120.761681 0.926447 
0.000000 0.000000 0.000000 
614.786743 123.760307 0.894296 
0.000000 0.000000 0.000000 
18
629.574951 123.761925 0.945373 
595.763977 158.984970 0.862138 
605.965088 166.400635 0.882363 
607.526123 217.927719 0.851703 
617.745422 259.000000 0.887747 
589.847656 156.046173 0.735568 
0.000000 0.000000 0.000000 
0.000000 0.000000 0.000000 
595.709290 250.160202 0.755459 
591.318481 301.698517 0.849879 
583.921509 356.054077 0.849109 
582.518311 242.875793 0.703350 
580.946960 300.122742 0.834694 
575.115662 345.736603 0.688804 
628.011292 120.792084 0.930980 
0.000000 0.000000 0.000000 
614.766663 123.763046 0.890275 
0.000000 0.000000 0.000000 
18
629.520752 123.730782 0.959169 
595.751221 157.627640 0.878867 
605.980408 166.396729 0.874382 
613.365723 217.879196 0.873298 
626.520264 253.172394 0.896831 
588.376160 154.639130 0.746195 
601.543030 206.131775 0.053404 
0.000000 0.000000 0.000000 
598.630920 248.733490 0.741189 
592.691833 303.105957 0.837164 
583.919250 356.048950 0.855968 
583.936890 242.885910 0.674449 
580.997803 298.747498 0.855817 
573.644775 345.726624 0.700801 
626.602783 120.766327 0.911509 
0.000000 0.000000 0.000000 
613.336304 123.753510 0.878434 
0.000000 0.000000 0.000000 
18
629.488708 123.731781 0.952669 
595.689026 157.625702 0.879719 
604.526001 166.359436 0.848976 
617.825134 216.398773 0.908909 
638.365662 248.718277 0.844231 
588.372009 156.043045 0.741922 
603.020386 204.595810 0.063534 
0.000000 0.000000 0.000000 
598.673462 244.306091 0.761731 
592.731079 301.645905 0.888461 
583.928650 356.050629 0.865536 
582.517151 241.346466 0.756233 
579.538391 297.249115 0.846389 
572.172363 344.269073 0.724963 
626.566223 120.761543 0.905347 
0.000000 0.000000 0.000000 
611.867737 123.781479 0.897022 
0.000000 0.000000 0.000000 
18
628.097473 123.727867 0.963381 
594.233643 157.606659 0.888491 
603.032837 163.465408 0.845186 
629.511414 206.158234 0.825741 
657.441406 229.675797 0.834386 
586.872253 154.616089 0.731582 
610.400024 198.729065 0.130167 
0.000000 0.000000 0.000000 
595.750549 245.800003 0.761614 
592.703125 301.664490 0.868997 
583.939514 356.043396 0.839434 
582.524231 241.392868 0.685810 
579.554932 298.682465 0.853153 
573.672852 345.713715 0.700777 
625.121338 119.366447 0.897280 
0.000000 0.000000 0.000000 
608.924927 123.766418 0.914198 
0.000000 0.000000 0.000000 
18
628.036804 123.753342 0.945090 
594.189575 157.621902 0.869475 
600.123169 162.005966 0.835923 
633.933105 198.743515 0.815930 
667.726624 222.234146 0.891082 
585.438538 156.044632 0.724658 
625.097046 192.846542 0.325395 
651.593201 194.309586 0.364793 
595.708557 245.798096 0.762220 
592.688538 301.684509 0.875142 
583.935425 356.054962 0.849910 
582.530701 241.409683 0.672854 
578.084900 298.692749 0.829762 
572.161316 344.309265 0.720804 
623.647461 120.782104 0.878695 
0.000000 0.000000 0.000000 
607.456360 123.765236 0.943662 
0.000000 0.000000 0.000000 
18
627.978516 123.740807 0.948197 
594.214783 157.594818 0.880468 
600.108398 161.964874 0.827730 
641.285889 195.792297 0.785606 
678.041809 206.052933 0.903939 
588.335083 154.622375 0.686519 
639.782715 178.169434 0.701229 
682.462524 179.585526 0.769775 
595.691711 245.795761 0.735181 
592.695923 301.668610 0.877213 
583.933594 356.044922 0.852685 
583.969727 241.414551 0.659800 
579.481323 298.650330 0.825707 
570.752808 344.286163 0.724122 
620.728760 120.763695 0.875779 
0.000000 0.000000 0.000000 
605.992981 123.763260 0.976813 
0.000000 0.000000 0.000000 
18
626.584839 123.756813 0.969317 
594.283081 157.551346 0.864743 
600.130432 161.969086 0.785947 
645.707642 192.810150 0.714014 
686.845154 181.106552 0.692904 
589.839172 153.132767 0.663539 
641.310913 170.850754 0.744133 
686.834961 160.492859 0.811529 
595.689148 247.275620 0.725891 
592.686646 301.703827 0.864633 
583.942566 356.020203 0.822879 
586.868164 242.870453 0.637639 
579.499939 298.719238 0.826480 
573.667236 345.751770 0.692147 
619.253784 120.795479 0.903266 
0.000000 0.000000 0.000000 
604.586609 123.774338 1.004963 
0.000000 0.000000 0.000000 
18
625.111145 122.340736 0.922606 
594.306702 157.531738 0.883371 
601.581787 163.423630 0.773349 
651.526245 185.504211 0.856752 
683.886963 160.508041 0.676049 
589.837280 150.243011 0.660993 
641.281311 159.119370 0.763517 
678.065491 150.234848 0.720193 
595.719421 247.262146 0.723146 
592.692871 301.677460 0.882408 
583.947693 356.050262 0.834931 
586.881775 242.848053 0.639497 
579.481506 298.687408 0.817832 
572.186279 345.717041 0.707435 
617.797913 119.346558 0.886050 
0.000000 0.000000 0.000000 
604.540466 123.777077 1.021628 
0.000000 0.000000 0.000000 
18
623.620789 122.270981 0.904767 
594.303284 157.498718 0.893272 
603.045044 160.560760 0.787327 
653.074036 181.007904 0.813625 
678.014526 145.840240 0.663115 
588.352539 148.791000 0.679455 
641.279114 159.012497 0.675315 
675.087891 144.298874 0.661746 
595.735413 244.329773 0.729158 
592.695984 301.650024 0.858489 
583.940125 356.064453 0.830937 
588.338074 241.375504 0.647862 
580.978210 298.675140 0.833820 
572.202332 345.705383 0.689509 
617.734558 117.874268 0.888687 
0.000000 0.000000 0.000000 
604.502441 123.771156 1.001444 
0.000000 0.000000 0.000000 
18
622.149597 122.271217 0.905560 
595.713501 156.102615 0.886632 
604.484741 160.500137 0.787775 
651.536499 172.293976 0.775986 
675.096680 142.863388 0.552792 
588.368225 148.783951 0.675224 
641.248718 156.069336 0.703753 
669.196106 135.523270 0.802965 
597.180725 242.828659 0.735669 
592.737549 300.189087 0.893088 
583.950928 356.032440 0.821880 
588.371765 239.891205 0.645628 
580.927612 295.777985 0.803745 
570.734680 344.252350 0.728703 
617.708374 117.883003 0.895558 
0.000000 0.000000 0.000000 
604.489441 123.772858 1.002693 
0.000000 0.000000 0.000000 
18
620.718445 122.275757 0.925240 
595.690247 157.480530 0.893787 
604.545105 160.500351 0.792558 
653.058350 167.840637 0.824935 
667.776306 135.503540 0.674479 
586.872559 150.237381 0.685797 
641.307739 156.116592 0.528576 
664.821350 135.468201 0.719524 
598.634338 241.427444 0.744713 
592.752319 300.191528 0.883927 
583.945129 356.039612 0.821783 
586.892761 239.856094 0.656076 
580.948975 295.735901 0.809460 
570.736389 344.250366 0.723651 
616.353760 117.898354 0.911139 
0.000000 0.000000 0.000000 
604.477600 123.803749 0.972295 
0.000000 0.000000 0.000000 
18
620.706970 122.258347 0.907125 
594.307495 157.509857 0.912993 
605.980286 160.545380 0.802255 
653.112915 161.988586 0.863062 
664.845764 134.047943 0.818827 
583.988220 151.668381 0.743455 
638.347107 150.204300 0.458300 
661.819153 134.002930 0.688650 
600.128662 242.863144 0.754363 
592.761719 300.217590 0.862713 
583.943909 356.013123 0.807630 
585.429626 239.885117 0.677663 
580.992065 295.776886 0.806164 
572.175903 344.283844 0.710764 
616.341553 117.874695 0.901365 
0.000000 0.000000 0.000000 
604.470520 123.833595 0.948494 
0.000000 0.000000 0.000000 
18
620.693359 122.229988 0.877574 
595.683228 157.564621 0.923221 
606.024048 162.001221 0.802040 
654.549377 159.098511 0.876713 
660.428162 132.569305 0.727833 
583.992432 153.176041 0.752434 
639.801514 150.242615 0.460533 
654.531006 132.566498 0.715142 
601.557312 244.303375 0.757977 
592.810425 300.200867 0.881495 
583.924622 356.037964 0.824926 
586.871582 239.943649 0.680185 
582.437744 297.210449 0.833726 
572.185974 344.272644 0.708789 
616.338989 116.429832 0.892216 
0.000000 0.000000 0.000000 
604.485107 123.833740 0.953472 
0.000000 0.000000 0.000000 
18
619.288940 122.220383 0.878771 
594.308533 157.558868 0.935839 
606.045349 161.991776 0.808611 
655.963623 159.040497 0.850738 
655.990662 132.545593 0.657502 
583.941223 153.153000 0.765133 
641.251465 151.678741 0.461476 
653.048401 131.094681 0.745153 
603.020508 242.866287 0.768032 
592.827087 300.195343 0.877910 
583.953796 356.029480 0.813864 
586.871399 239.898285 0.696738 
582.415527 295.766235 0.842027 
573.665344 344.306549 0.697452 
616.315491 116.418900 0.889997 
0.000000 0.000000 0.000000 
604.467834 123.841866 0.931550 
0.000000 0.000000 0.000000 
18
619.247192 122.293259 0.904959 
594.295532 157.556168 0.937331 
606.033447 162.012009 0.795874 
655.984558 159.064728 0.790668 
654.565979 134.002670 0.547575 
583.923706 153.136765 0.759885 
639.798828 150.225403 0.561454 
651.557983 131.108765 0.834850 
604.472168 242.855713 0.774502 
594.194641 300.174194 0.874727 
583.957581 355.998932 0.809673 
586.891113 239.882202 0.700513 
581.051086 294.307373 0.848565 
572.223511 344.281342 0.722474 
616.277832 119.336990 0.912692 
0.000000 0.000000 0.000000 
603.043091 125.203629 0.899931 
0.000000 0.000000 0.000000 
18
617.847534 122.315575 0.916614 
594.265808 157.578720 0.955083 
606.024536 163.456970 0.802718 
655.988770 159.079071 0.796207 
658.909241 132.597229 0.641754 
582.511108 153.179596 0.779952 
638.363281 148.774918 0.609567 
653.083313 132.524231 0.788488 
604.467834 242.857086 0.772656 
594.216309 300.224823 0.863933 
583.955505 356.030762 0.832143 
586.868164 239.877365 0.702344 
581.057922 294.289642 0.844358 
572.204590 344.277069 0.727416 
616.240845 120.752029 0.920235 
0.000000 0.000000 0.000000 
603.018066 125.227936 0.890642 
0.000000 0.000000 0.000000 
