42
1
18
629.589233 123.765060 0.978365 
597.175110 159.029831 0.795830 
601.557312 167.805206 0.805186 
594.169922 216.433350 0.953824 
606.081360 259.040802 0.892087 
594.226929 156.057648 0.623918 
0.000000 0.000000 0.000000 
0.000000 0.000000 0.000000 
597.182068 251.700119 0.734123 
594.230957 306.086609 0.840890 
582.498291 359.006042 0.883019 
592.716248 250.205200 0.667140 
586.904358 300.242737 0.712755 
576.598145 345.772400 0.698866 
627.985596 120.793816 0.952494 
0.000000 0.000000 0.000000 
608.958313 125.206772 0.866730 
0.000000 0.000000 0.000000 
18
629.594849 123.780914 0.964289 
597.191528 159.044052 0.791932 
600.140625 167.837326 0.813731 
594.182678 217.812515 0.971253 
607.467896 260.486633 0.891096 
594.251038 156.075027 0.622597 
0.000000 0.000000 0.000000 
0.000000 0.000000 0.000000 
597.211792 251.711685 0.731566 
594.183594 308.992004 0.892971 
582.499451 359.032776 0.884713 
591.301941 250.207733 0.683653 
582.446716 300.169434 0.788324 
573.648682 345.747772 0.748061 
627.998535 120.820831 0.960822 
0.000000 0.000000 0.000000 
608.973022 125.214264 0.863269 
0.000000 0.000000 0.000000 
18
630.970032 123.796608 0.952781 
597.193604 159.057495 0.790358 
601.551147 167.870575 0.822734 
592.834778 217.830292 0.975914 
607.471680 260.490967 0.896833 
594.260071 156.078445 0.616349 
0.000000 0.000000 0.000000 
0.000000 0.000000 0.000000 
597.191650 253.104050 0.736102 
594.171326 309.005920 0.883865 
582.498718 359.022583 0.876987 
591.293457 251.619354 0.674094 
582.481995 300.226807 0.761551 
573.682129 345.760529 0.736497 
628.019470 120.839005 0.971942 
0.000000 0.000000 0.000000 
610.427307 125.226341 0.863690 
0.000000 0.000000 0.000000 
18
630.971008 123.805443 0.945828 
598.644714 159.071808 0.776155 
600.092529 169.254562 0.822968 
594.177917 217.828308 0.961554 
606.046875 260.500305 0.908532 
597.162476 156.084198 0.581468 
0.000000 0.000000 0.000000 
0.000000 0.000000 0.000000 
597.205505 251.701706 0.720902 
594.188477 308.980957 0.880071 
582.509766 359.013428 0.871683 
592.695984 250.207825 0.672725 
582.524109 300.219147 0.763746 
575.119202 345.774780 0.730692 
628.021179 122.197678 0.974436 
0.000000 0.000000 0.000000 
610.424255 125.221733 0.867927 
0.000000 0.000000 0.000000 
18
630.988708 123.792664 0.949743 
598.657104 159.061478 0.775050 
598.668762 167.882019 0.820575 
594.175476 217.826614 0.945677 
605.972351 261.899536 0.927088 
597.188110 156.069458 0.583048 
0.000000 0.000000 0.000000 
0.000000 0.000000 0.000000 
597.217529 253.089569 0.714197 
594.193909 308.973175 0.872063 
582.503540 358.995636 0.876577 
592.723572 251.609589 0.666326 
583.982239 301.637848 0.738621 
575.139221 345.768585 0.730689 
628.029785 122.194237 0.976894 
0.000000 0.000000 0.000000 
611.865601 125.241425 0.862589 
0.000000 0.000000 0.000000 
18
630.999390 123.806030 0.946429 
600.110657 159.082382 0.777208 
598.658264 169.269180 0.820283 
592.726135 217.896759 0.927876 
604.540039 261.965057 0.959987 
600.107605 156.086716 0.584360 
606.025452 209.044876 0.163323 
0.000000 0.000000 0.000000 
598.659668 253.092545 0.708671 
594.171204 309.012238 0.869095 
582.501038 359.006012 0.875059 
592.792725 251.621399 0.628380 
585.408142 303.102997 0.722578 
575.142578 345.791687 0.735242 
628.034424 122.207550 0.980117 
0.000000 0.000000 0.000000 
611.880310 125.246506 0.871284 
0.000000 0.000000 0.000000 
18
630.973511 123.796730 0.954167 
598.648926 159.109344 0.770481 
600.105652 169.306381 0.831181 
592.698486 219.320557 0.917683 
603.071472 263.347870 0.968480 
597.180542 156.094070 0.592553 
0.000000 0.000000 0.000000 
0.000000 0.000000 0.000000 
598.640564 253.104263 0.709055 
592.799377 308.995422 0.877430 
582.508972 359.045990 0.878453 
592.764038 251.634232 0.633339 
582.544373 301.686127 0.768980 
575.126160 345.790192 0.722880 
628.020325 120.838570 0.969633 
0.000000 0.000000 0.000000 
611.859558 125.232391 0.866270 
0.000000 0.000000 0.000000 
18
629.576965 123.758385 0.972443 
601.568909 159.081970 0.792227 
597.204407 169.283051 0.833817 
592.696899 219.326706 0.919142 
603.010376 263.376373 0.988427 
604.480835 156.051605 0.600957 
0.000000 0.000000 0.000000 
0.000000 0.000000 0.000000 
598.626343 251.706619 0.714914 
592.785278 308.985596 0.857226 
582.498718 359.021759 0.882382 
594.291565 251.623459 0.585540 
583.976868 301.692993 0.724043 
575.120422 345.770386 0.707473 
627.981873 120.795746 0.945293 
0.000000 0.000000 0.000000 
610.404236 125.224205 0.873223 
0.000000 0.000000 0.000000 
18
629.549316 123.737122 0.993276 
600.093140 159.099792 0.772309 
598.645874 169.322800 0.831367 
592.714539 219.328949 0.932409 
601.560486 263.417694 0.964687 
600.091736 156.057404 0.582934 
0.000000 0.000000 0.000000 
0.000000 0.000000 0.000000 
598.643799 253.150238 0.719468 
592.741150 310.417023 0.872560 
582.495605 359.021454 0.876000 
594.195801 251.685989 0.613670 
582.529724 303.144836 0.740445 
575.140625 345.804474 0.709955 
626.598572 120.767082 0.934810 
0.000000 0.000000 0.000000 
608.967957 125.237259 0.861719 
0.000000 0.000000 0.000000 
18
629.531006 122.338165 0.990253 
600.096558 159.114532 0.759345 
600.087952 169.387573 0.838382 
592.737427 219.314896 0.934621 
600.120239 263.476105 0.971103 
597.204163 154.626068 0.559018 
0.000000 0.000000 0.000000 
0.000000 0.000000 0.000000 
598.656738 253.124924 0.720053 
592.750671 310.424744 0.875118 
582.483826 359.024689 0.877960 
594.184570 251.667786 0.614391 
582.515381 303.105957 0.744214 
575.125854 345.763031 0.711222 
626.565125 119.331871 0.906722 
0.000000 0.000000 0.000000 
608.924377 125.265594 0.871197 
0.000000 0.000000 0.000000 
18
629.514404 122.267456 1.002542 
600.123169 159.043289 0.788467 
600.130798 170.758377 0.872164 
592.764771 219.293106 0.950572 
603.016968 263.461487 0.970490 
600.104614 148.746216 0.573963 
639.777710 135.462662 0.761076 
670.682556 123.787910 0.876270 
598.645691 253.135651 0.719292 
592.739929 310.444916 0.863935 
582.492676 359.020233 0.889912 
592.811218 251.674072 0.618676 
583.955872 306.041565 0.739596 
575.123596 345.773254 0.719552 
625.120850 117.891205 0.865296 
0.000000 0.000000 0.000000 
607.523926 126.678322 0.851774 
0.000000 0.000000 0.000000 
18
629.470520 120.822090 0.997157 
603.013428 157.607040 0.824216 
597.206177 169.357361 0.851580 
592.785645 219.335175 0.936940 
603.080017 263.465302 0.996163 
604.556396 147.312576 0.643101 
645.669312 125.257912 0.738427 
678.104126 106.094635 0.860726 
597.215515 253.114746 0.716923 
592.742310 310.434906 0.853131 
582.488708 359.016907 0.885670 
595.679810 251.652237 0.584815 
585.401367 306.049469 0.729326 
575.121155 345.766510 0.720930 
623.620728 117.842712 0.862989 
0.000000 0.000000 0.000000 
607.468262 126.718506 0.870585 
0.000000 0.000000 0.000000 
18
628.113037 120.804016 0.980868 
603.070313 157.580856 0.844661 
595.701782 169.344299 0.869401 
592.782410 219.366608 0.927271 
604.480164 263.479095 1.025336 
608.903198 147.263947 0.674138 
648.628113 122.244530 0.809151 
683.893738 95.838150 0.861850 
597.200867 251.639435 0.716420 
592.756836 307.539307 0.809288 
582.515076 359.036438 0.868044 
600.129211 250.162003 0.541046 
586.897766 301.658081 0.692904 
573.667908 345.718262 0.707344 
622.169861 116.421051 0.868240 
0.000000 0.000000 0.000000 
606.071350 128.137222 0.876175 
0.000000 0.000000 0.000000 
18
628.070068 120.836304 0.994589 
603.048584 157.573883 0.845498 
594.257874 169.347290 0.898802 
592.737244 219.320694 0.907433 
604.515442 263.453461 1.036510 
608.942749 147.262268 0.699404 
651.514893 116.402214 0.815661 
688.282654 86.972214 0.948921 
595.754700 251.614868 0.734314 
592.781494 308.956360 0.808181 
582.501831 359.035919 0.875359 
603.078674 248.725067 0.564625 
589.842834 301.682526 0.696605 
573.631714 344.308655 0.714524 
619.289551 117.850716 0.880229 
0.000000 0.000000 0.000000 
605.952087 126.702881 0.899693 
0.000000 0.000000 0.000000 
18
628.039429 122.242584 1.003459 
603.051880 157.601440 0.861197 
592.818726 169.377304 0.927974 
591.281372 219.343857 0.891894 
604.466919 263.463165 1.031089 
611.865479 147.272842 0.760631 
651.595093 113.480843 0.847371 
689.846313 85.515854 0.884951 
595.725464 251.667465 0.762861 
592.765869 308.986053 0.816286 
582.503906 359.019897 0.892406 
605.969604 250.164810 0.626634 
591.263062 304.587860 0.713917 
573.651123 345.732635 0.711929 
619.255981 119.312775 0.891307 
0.000000 0.000000 0.000000 
604.582458 126.716393 0.882717 
0.000000 0.000000 0.000000 
18
626.595886 122.257996 0.945362 
603.037415 157.569275 0.860938 
592.721619 170.745834 0.935330 
589.823120 219.307602 0.880188 
603.063416 263.419708 1.006926 
613.341248 145.825134 0.787418 
653.013428 113.474060 0.867185 
697.120483 82.571953 0.878687 
595.716797 251.685867 0.761463 
592.733459 309.005249 0.826431 
582.509399 359.041809 0.887333 
605.999023 250.173843 0.625748 
589.790222 304.613861 0.696213 
573.650513 345.759918 0.705262 
617.803162 119.344772 0.889999 
0.000000 0.000000 0.000000 
604.506104 128.169022 0.876948 
0.000000 0.000000 0.000000 
18
626.534424 122.284012 0.934721 
603.020569 157.561661 0.855006 
591.239380 170.786697 0.889154 
585.441101 220.807831 0.860736 
600.130127 263.476746 0.976984 
614.809387 145.765778 0.794891 
653.105286 113.521843 0.833693 
698.596069 81.107498 0.897238 
595.733582 253.113586 0.763554 
592.730347 310.418335 0.832567 
582.518799 359.025482 0.888238 
607.467896 250.187210 0.638949 
589.808899 307.518585 0.706509 
573.672424 345.780151 0.694562 
617.748840 120.767105 0.907473 
0.000000 0.000000 0.000000 
604.440613 128.150955 0.856543 
0.000000 0.000000 0.000000 
18
626.607422 122.321495 0.969160 
603.011841 157.548950 0.858508 
588.325256 170.775253 0.859534 
582.520813 222.246872 0.886238 
595.700745 264.950897 0.983679 
616.257935 145.759796 0.813965 
657.457153 113.507904 0.805553 
700.124695 85.505341 0.920293 
595.713989 253.133896 0.742062 
592.742737 310.441711 0.829869 
582.519287 359.043091 0.881121 
607.486755 250.206619 0.654758 
589.790222 307.527710 0.700625 
573.653625 345.798340 0.690517 
617.799133 120.791435 0.929398 
0.000000 0.000000 0.000000 
603.043335 126.675896 0.860185 
0.000000 0.000000 0.000000 
18
626.585388 122.323235 0.971918 
603.008240 157.489258 0.854136 
583.967529 169.373764 0.863290 
581.045471 222.239243 0.881139 
592.820251 264.866608 1.010014 
617.715881 144.341171 0.834898 
658.907959 113.508293 0.810508 
701.586914 85.540764 0.929312 
595.697021 251.628738 0.745634 
592.781067 309.019196 0.814856 
582.507141 359.060211 0.875050 
610.417053 247.234756 0.634847 
589.826904 306.053497 0.682059 
575.102539 347.209930 0.683336 
617.779419 120.800835 0.953109 
0.000000 0.000000 0.000000 
603.017822 126.667778 0.863895 
0.000000 0.000000 0.000000 
18
626.585938 122.332726 0.976363 
601.607971 157.510300 0.856786 
582.544250 169.381638 0.883929 
580.917664 223.733566 0.860569 
591.235535 264.864960 0.945255 
617.736389 144.337387 0.834799 
658.908447 113.479240 0.821646 
704.495178 82.596771 0.855356 
597.190979 251.714310 0.753222 
592.753174 310.434875 0.840788 
582.528015 360.447723 0.878123 
611.877686 250.186646 0.640059 
588.360535 307.558960 0.689760 
573.665161 347.182434 0.698489 
617.783508 120.806038 0.957681 
0.000000 0.000000 0.000000 
603.006104 125.257957 0.873395 
0.000000 0.000000 0.000000 
18
626.586609 122.349899 0.987339 
601.601135 157.574615 0.872173 
582.499451 169.395020 0.885329 
579.492432 222.264923 0.849114 
583.949585 264.959137 0.939458 
617.768555 145.794678 0.878592 
661.814636 113.492897 0.821854 
701.597229 85.504837 0.889406 
595.685913 251.643463 0.761488 
592.750183 310.400879 0.840194 
582.512817 360.446289 0.887585 
608.927673 248.697540 0.636816 
589.812134 307.543274 0.672659 
573.676941 345.796082 0.691772 
617.779297 120.817314 0.962701 
0.000000 0.000000 0.000000 
601.600647 125.259041 0.868779 
0.000000 0.000000 0.000000 
18
626.578552 123.690613 0.973158 
601.577026 157.601227 0.870245 
582.455322 170.741730 0.891836 
578.048889 220.781723 0.821650 
581.029724 264.868805 0.917152 
617.776489 145.823624 0.874760 
660.408081 113.488655 0.824480 
705.974609 81.130791 0.864391 
595.728760 251.660110 0.769322 
592.767639 309.007477 0.848901 
582.512573 360.443420 0.888133 
607.502563 248.741943 0.644143 
591.239807 307.509308 0.646984 
575.100159 345.777527 0.679725 
617.778931 120.828178 0.956398 
0.000000 0.000000 0.000000 
601.610962 126.670006 0.857681 
0.000000 0.000000 0.000000 
18
626.570740 123.713097 0.964512 
601.563354 157.576141 0.867716 
582.463806 170.734619 0.892352 
579.477356 219.363174 0.862898 
579.484558 264.856964 0.879132 
617.754150 145.779861 0.864058 
660.364868 114.930267 0.806752 
704.495972 85.522278 0.891934 
595.720703 251.619125 0.758274 
592.779541 308.960785 0.840511 
582.524048 360.444733 0.877427 
608.930664 247.270325 0.639539 
589.805420 304.612518 0.640558 
573.668091 345.762756 0.692098 
617.775696 122.220749 0.972964 
0.000000 0.000000 0.000000 
601.610291 126.714211 0.853450 
0.000000 0.000000 0.000000 
18
626.596375 123.714516 0.976567 
601.599304 157.533905 0.864153 
582.524231 169.385178 0.879769 
579.501831 219.350143 0.870053 
576.577820 264.900787 0.866310 
617.750305 145.728546 0.841786 
657.469543 117.861412 0.780461 
700.143188 85.541428 0.933049 
594.308594 251.656601 0.775620 
592.769226 309.024384 0.848387 
582.518799 360.465393 0.882113 
607.467834 248.720276 0.636768 
589.839050 307.513733 0.661213 
573.635498 345.759521 0.699439 
617.791260 122.216675 0.976227 
0.000000 0.000000 0.000000 
603.000000 126.720276 0.853878 
0.000000 0.000000 0.000000 
18
627.961182 123.706924 0.953567 
603.006714 157.511780 0.865947 
583.950256 169.387863 0.870630 
579.526550 217.926056 0.898089 
576.619324 264.873688 0.869630 
617.723938 144.345581 0.831673 
657.443726 117.869934 0.784241 
698.663696 86.944038 0.970240 
594.304321 251.641052 0.762704 
592.787231 308.991486 0.843507 
582.516785 359.045410 0.901351 
606.026367 248.714890 0.636308 
588.371704 306.037415 0.632780 
573.644897 345.728394 0.693680 
617.802490 122.218201 0.943681 
0.000000 0.000000 0.000000 
603.039001 126.732239 0.859031 
0.000000 0.000000 0.000000 
18
627.971313 123.703926 0.944901 
601.611633 157.581146 0.866983 
583.981018 170.763794 0.869680 
579.488708 222.242783 0.845353 
579.537964 264.887115 0.899534 
616.315002 145.782928 0.852939 
657.452576 116.395630 0.780228 
698.598206 85.490074 0.933076 
595.744019 251.703140 0.752328 
592.788940 309.006531 0.861710 
582.527588 359.035919 0.902064 
606.039246 250.179031 0.628306 
588.363098 306.068237 0.605995 
573.665527 345.741486 0.691157 
617.820862 122.200882 0.920854 
0.000000 0.000000 0.000000 
603.071533 126.701294 0.861124 
0.000000 0.000000 0.000000 
18
627.975525 122.310745 0.940752 
601.587463 157.565399 0.849524 
585.393738 170.735382 0.859223 
580.974976 222.240570 0.853637 
582.472107 266.341095 0.940549 
616.276917 145.782211 0.843111 
654.497864 114.932190 0.801855 
697.172974 82.576836 0.901196 
595.719421 251.698669 0.749609 
592.781067 310.416321 0.855077 
582.527283 359.066284 0.899635 
606.055237 250.175323 0.638323 
589.793213 307.528778 0.649743 
573.636353 345.748749 0.714173 
617.835632 120.787689 0.894973 
0.000000 0.000000 0.000000 
604.484070 126.692329 0.878734 
0.000000 0.000000 0.000000 
18
627.998413 122.284386 0.949968 
601.585266 157.564560 0.843630 
585.412537 170.767914 0.865153 
582.437134 225.166046 0.873072 
586.904968 266.416107 0.896395 
616.252075 145.747681 0.808132 
653.040833 113.454361 0.860803 
697.123962 79.654594 0.878801 
594.303589 251.665924 0.745953 
592.760010 309.028259 0.825285 
582.524597 359.043854 0.895074 
606.066345 250.157547 0.663790 
589.813721 306.064606 0.657698 
573.655212 345.781738 0.700250 
619.216980 120.752808 0.885435 
0.000000 0.000000 0.000000 
604.513245 126.670799 0.885386 
0.000000 0.000000 0.000000 
18
627.980225 122.296448 0.929404 
601.575195 157.598511 0.837695 
586.867798 170.818024 0.844599 
582.453064 225.190689 0.890595 
592.726685 264.912201 0.977096 
614.833923 145.770584 0.783110 
653.076660 113.438339 0.822395 
695.659851 79.632286 0.886798 
595.753113 253.098938 0.746308 
592.776672 310.410492 0.825339 
582.519470 359.057556 0.890567 
607.514893 250.189941 0.653903 
589.847229 306.074158 0.676688 
572.223267 345.753845 0.713207 
619.201355 120.762802 0.876435 
0.000000 0.000000 0.000000 
604.521240 126.678146 0.892945 
0.000000 0.000000 0.000000 
18
626.569336 122.327728 0.912157 
601.559387 157.609360 0.847969 
588.323914 170.831055 0.854758 
583.918091 223.721298 0.865635 
594.309326 264.966522 0.985258 
614.802307 145.781540 0.778319 
653.062805 112.038322 0.833996 
692.743774 79.631500 0.848846 
595.697205 253.135040 0.758824 
592.762329 310.419647 0.835773 
582.506470 359.041748 0.885439 
607.448242 250.212509 0.667092 
588.350525 306.053223 0.693933 
573.654480 345.746246 0.711939 
617.784729 120.811943 0.896743 
0.000000 0.000000 0.000000 
604.487427 128.148483 0.883544 
0.000000 0.000000 0.000000 
18
626.535522 122.342468 0.895688 
600.115479 158.983719 0.840199 
588.355469 170.817810 0.862133 
585.400208 223.714630 0.856757 
602.996277 264.852203 1.007268 
613.341553 145.827011 0.752773 
652.996216 112.018692 0.847928 
692.763672 76.740868 0.912155 
594.282104 253.145645 0.783406 
592.789734 309.008972 0.809160 
582.526245 359.048920 0.877907 
606.026855 251.613037 0.665879 
591.300110 304.617615 0.712718 
575.097229 345.757843 0.698632 
617.768372 120.824585 0.903039 
0.000000 0.000000 0.000000 
604.470947 128.170853 0.866707 
0.000000 0.000000 0.000000 
18
626.539185 122.338997 0.921075 
600.132202 159.017014 0.837841 
589.776184 170.836578 0.855847 
586.861267 223.708542 0.857007 
604.524475 264.874054 1.031729 
613.311829 147.236191 0.744571 
651.600342 111.994232 0.871728 
692.722778 76.645073 0.916049 
594.250122 253.167343 0.791404 
592.772034 309.007690 0.804538 
582.528625 359.040771 0.883739 
606.054260 251.657364 0.672707 
592.758179 306.065643 0.733971 
575.127991 345.734467 0.688424 
617.774048 120.805817 0.914945 
0.000000 0.000000 0.000000 
604.443298 128.178024 0.847913 
0.000000 0.000000 0.000000 
18
625.131165 123.702141 0.907664 
601.548767 159.030090 0.832307 
589.813049 172.248123 0.841076 
589.790283 223.732040 0.863978 
605.931458 264.887207 1.021692 
611.891479 147.253418 0.739912 
651.556824 111.984978 0.861741 
688.400513 76.654182 0.900901 
594.243164 253.099915 0.801063 
592.783813 308.964874 0.789926 
582.519592 359.022705 0.872236 
606.015747 250.188400 0.638193 
592.722229 304.592834 0.723894 
576.611145 345.771057 0.671023 
617.759033 122.197533 0.917782 
0.000000 0.000000 0.000000 
603.084961 129.645065 0.852468 
0.000000 0.000000 0.000000 
18
626.517761 123.739197 0.905706 
601.566101 159.056503 0.824082 
589.841187 172.268860 0.844168 
589.794800 223.703293 0.869758 
604.524475 264.891113 1.041729 
611.869934 147.288330 0.723656 
651.491577 110.550529 0.850163 
688.266968 75.158821 0.900278 
594.265259 253.140533 0.788801 
592.783325 308.986023 0.800366 
582.515442 359.023132 0.875931 
606.019348 251.621872 0.666109 
592.716614 306.047974 0.742680 
578.063721 347.185913 0.679610 
617.771118 122.239914 0.929547 
0.000000 0.000000 0.000000 
604.455505 131.068619 0.855992 
0.000000 0.000000 0.000000 
18
626.537537 123.787712 0.883359 
600.135620 159.089066 0.804842 
591.230469 172.306793 0.833046 
589.801453 223.734360 0.860429 
603.083252 264.925262 1.015283 
608.953857 147.294968 0.682587 
650.089050 109.028046 0.831721 
686.772949 70.812317 0.846588 
594.265930 253.176987 0.780069 
592.784241 309.014191 0.800632 
582.518494 359.032593 0.879902 
606.024231 251.638947 0.659746 
592.725830 306.066101 0.752878 
576.595703 345.782867 0.700676 
617.788330 122.284325 0.911354 
0.000000 0.000000 0.000000 
604.488159 131.087646 0.881366 
0.000000 0.000000 0.000000 
18
626.564392 123.744499 0.888238 
601.547424 159.074417 0.805358 
591.247253 173.718384 0.835022 
589.812500 226.642120 0.885991 
601.572266 267.819458 0.957009 
608.952332 147.260941 0.684647 
650.058716 107.573128 0.805682 
683.919189 67.868240 0.808544 
594.278015 253.127213 0.775854 
592.785339 308.990204 0.784564 
582.509399 359.013245 0.881404 
606.035828 250.195160 0.657508 
592.708374 303.155853 0.748977 
576.604736 345.753967 0.685113 
617.808472 122.244354 0.894101 
0.000000 0.000000 0.000000 
604.548767 132.511429 0.906480 
0.000000 0.000000 0.000000 
18
626.554382 123.842957 0.857692 
600.135010 159.106796 0.803979 
591.262207 173.737503 0.840545 
588.366333 226.695389 0.873981 
595.701477 270.754364 0.954630 
608.931763 147.282898 0.675419 
645.704590 106.129921 0.766634 
680.967590 66.408958 0.815105 
594.282837 254.614548 0.733095 
592.717712 310.505402 0.787904 
582.504028 359.057861 0.853884 
606.062622 251.667130 0.677540 
591.319824 309.010498 0.746832 
579.535400 347.257568 0.616902 
617.827576 122.339638 0.903732 
0.000000 0.000000 0.000000 
604.590881 132.564484 0.925570 
0.000000 0.000000 0.000000 
18
627.969727 123.813766 0.858235 
600.099365 160.490906 0.786624 
591.263733 173.741714 0.828941 
586.879761 226.635529 0.858288 
594.215210 272.213348 0.958665 
607.493225 147.312042 0.662817 
641.325134 107.549309 0.772448 
675.117859 67.900955 0.881831 
595.686768 254.622253 0.729876 
592.706970 310.527435 0.791829 
582.498657 359.062073 0.864279 
607.443970 251.671509 0.687536 
591.252686 309.031433 0.737859 
579.520264 347.252197 0.605392 
619.266968 122.313545 0.863626 
0.000000 0.000000 0.000000 
606.005066 132.562241 0.905135 
0.000000 0.000000 0.000000 
18
627.991333 125.224792 0.864865 
600.108948 160.517410 0.786025 
591.239990 173.761139 0.804297 
585.446838 228.088272 0.859233 
592.798035 270.786591 0.941123 
607.498901 148.756958 0.655436 
641.250488 106.134911 0.731667 
670.698181 66.392204 0.851958 
595.696045 254.612198 0.716421 
592.714966 310.515564 0.797398 
582.497253 359.046295 0.875371 
606.070862 251.665558 0.685544 
591.258972 309.013367 0.717816 
578.071106 347.202026 0.615848 
620.681091 123.704178 0.864726 
0.000000 0.000000 0.000000 
606.058716 132.567307 0.885216 
0.000000 0.000000 0.000000 
18
628.070007 125.259712 0.871678 
601.554688 160.490921 0.788907 
592.685059 173.723877 0.847150 
583.999573 228.089294 0.868901 
592.740051 270.798553 0.932598 
607.513733 148.759216 0.648786 
639.790588 106.109665 0.736325 
667.756836 64.887169 0.866626 
595.725098 254.621658 0.709960 
592.709045 310.534698 0.805655 
582.501831 359.049011 0.877257 
606.052979 251.676926 0.689220 
591.256653 309.033569 0.727709 
579.506592 347.223450 0.622916 
623.610840 123.725494 0.855653 
0.000000 0.000000 0.000000 
607.492004 132.579620 0.874199 
0.000000 0.000000 0.000000 
18
629.480469 126.671936 0.850407 
601.578979 159.104370 0.784118 
592.758728 173.729645 0.865490 
585.449585 226.689026 0.849918 
592.738953 272.219574 0.936960 
607.481018 147.304291 0.631638 
638.283752 104.654709 0.729303 
663.377563 63.530910 0.905409 
595.680542 254.611603 0.715552 
592.724304 310.518921 0.803813 
582.500916 359.039978 0.877908 
606.020874 251.682281 0.688652 
591.274597 309.019592 0.728811 
578.070801 347.205170 0.630753 
625.132629 123.742859 0.884992 
0.000000 0.000000 0.000000 
608.953430 133.964355 0.844976 
0.000000 0.000000 0.000000 
18
629.523438 126.691063 0.836963 
601.582031 160.537384 0.764124 
594.181946 173.766495 0.847771 
588.375549 228.144424 0.866601 
592.808960 273.712708 0.969260 
606.016907 148.761887 0.599139 
629.567139 106.126762 0.733720 
657.475830 63.536858 0.876206 
597.162170 256.051422 0.687287 
592.698181 311.906342 0.792875 
582.493774 359.038574 0.874201 
606.027832 251.700073 0.653542 
589.839966 310.440887 0.715739 
578.037781 347.208099 0.630470 
626.572754 123.730995 0.909727 
0.000000 0.000000 0.000000 
610.402771 133.982224 0.830823 
0.000000 0.000000 0.000000 
18
631.002014 126.721085 0.838890 
601.601257 161.980438 0.757963 
594.245178 173.765121 0.846071 
591.273071 228.155319 0.904939 
594.276917 273.670380 0.970074 
606.007019 151.689728 0.592033 
629.461609 104.644501 0.747416 
653.096252 63.522209 0.919991 
595.715454 254.623993 0.712460 
591.317566 311.908203 0.766242 
582.510498 359.067505 0.851930 
606.031738 251.682526 0.660980 
591.270874 310.435059 0.745007 
579.527527 347.226959 0.604776 
628.013184 123.738029 0.960185 
0.000000 0.000000 0.000000 
613.354370 133.982895 0.830307 
0.000000 0.000000 0.000000 
