52
1
18
513.379700 195.795547 0.883012 
514.824646 216.380066 0.896166 
497.156403 216.317947 0.895712 
486.917084 241.428177 0.859119 
498.672791 242.874512 0.828602 
535.425476 217.797470 0.890784 
544.242004 248.707184 0.818839 
523.717407 244.331390 0.693731 
501.625244 264.924408 0.893012 
498.620178 301.685822 0.859902 
498.696381 339.875854 0.758173 
528.057861 266.392792 0.813086 
514.830444 307.495758 0.830095 
501.659637 356.020538 0.867356 
510.481598 192.883377 0.958845 
520.690308 192.900970 0.885100 
506.041107 194.282059 0.611175 
525.139526 194.299347 0.827553 
18
513.377625 195.842194 0.866845 
513.433838 216.389420 0.901010 
497.160126 216.332840 0.895735 
486.894440 241.408920 0.859274 
498.625793 242.882202 0.789589 
535.416199 217.813705 0.893111 
544.235229 248.695328 0.808563 
525.109863 245.808548 0.680097 
501.629669 264.926758 0.887305 
498.605469 301.699921 0.861174 
498.672302 339.883179 0.790007 
528.066650 266.400696 0.810484 
513.429016 308.975555 0.842644 
503.082092 356.071503 0.856079 
510.481537 192.917007 0.965554 
520.688232 194.259644 0.879988 
507.480225 194.277771 0.601026 
525.137695 194.310989 0.828487 
18
513.354370 197.248795 0.869582 
514.825867 216.378616 0.896099 
497.167145 216.315399 0.893377 
486.926514 241.360794 0.880069 
498.652588 244.290787 0.783693 
535.416321 217.807678 0.896420 
544.274658 247.255447 0.798067 
526.585632 245.771133 0.701633 
501.647491 264.913452 0.881257 
498.596100 301.676636 0.866739 
498.691040 339.896759 0.780943 
528.072388 266.393402 0.808577 
514.825012 307.530487 0.824855 
501.661926 357.475952 0.856637 
510.454254 194.260162 0.969266 
520.667419 194.274109 0.879628 
506.037598 194.267181 0.551838 
525.140503 194.300049 0.830043 
18
513.354004 197.243439 0.872189 
514.836914 216.378754 0.890850 
497.172974 216.308350 0.894703 
486.912598 241.363068 0.883082 
498.638000 244.348175 0.752189 
535.417480 217.812973 0.896249 
544.272827 248.701324 0.807485 
526.589478 244.313507 0.768702 
501.639648 264.927551 0.875068 
498.606995 303.129730 0.858542 
498.711426 341.356781 0.766242 
528.074524 266.415619 0.806244 
514.841492 307.543488 0.827515 
503.053436 357.462280 0.868446 
510.456299 194.255554 0.971317 
520.665955 194.273972 0.880059 
507.455780 192.914474 0.562263 
525.135376 194.301346 0.844210 
18
513.355164 197.277679 0.868249 
514.838806 216.383682 0.892279 
497.168579 216.313828 0.893638 
486.939392 241.392654 0.884220 
498.693451 245.792419 0.729835 
535.426575 217.822968 0.895093 
544.258850 248.721207 0.804992 
526.581909 244.298508 0.749013 
501.654083 264.936707 0.866772 
498.617218 303.107819 0.857853 
498.708313 341.346344 0.765683 
528.105164 267.824127 0.803538 
514.822815 307.540588 0.829917 
501.652435 357.482056 0.870326 
510.453278 194.273636 0.969339 
520.668640 194.293274 0.879134 
506.044647 192.921555 0.545533 
525.152039 194.306702 0.842471 
18
511.988190 197.268997 0.872649 
514.844604 216.386124 0.892694 
497.174957 216.312302 0.896065 
486.912689 241.375244 0.883600 
498.644348 244.328568 0.765128 
535.431335 217.834351 0.894578 
544.210510 250.143417 0.821790 
525.116577 242.867981 0.783266 
501.625763 264.954193 0.880918 
498.618439 303.151062 0.851790 
498.709656 341.334991 0.762219 
528.072021 267.846130 0.802951 
513.430664 308.979797 0.852364 
501.655731 357.462799 0.880305 
510.442871 194.265305 0.973047 
519.268555 194.287628 0.877242 
506.035400 192.909515 0.496773 
525.164185 194.297745 0.840482 
18
513.342590 197.259445 0.879071 
514.880615 216.396027 0.883982 
497.206909 216.316299 0.900247 
486.918976 241.397079 0.858236 
498.637329 247.241974 0.742601 
535.444885 217.853363 0.889352 
542.786865 250.156052 0.799375 
525.130798 242.868118 0.794280 
501.638306 264.946625 0.870764 
498.613312 303.109772 0.853037 
498.661072 342.790619 0.805666 
528.059631 267.838531 0.807458 
513.416626 307.512604 0.830887 
503.092468 357.471649 0.851566 
510.446014 194.260040 0.978240 
519.275330 194.278397 0.884143 
506.042938 192.926697 0.472738 
525.177002 194.313171 0.838622 
18
513.359497 197.273254 0.875451 
516.295837 216.398407 0.877436 
497.206451 216.313492 0.898517 
486.901276 241.362503 0.879038 
498.612213 247.250305 0.763063 
535.457092 217.856781 0.881567 
544.207764 250.175858 0.803995 
525.123840 242.841171 0.820692 
501.629242 264.919525 0.871814 
498.588013 303.096985 0.857362 
498.677063 342.803589 0.776267 
528.048401 267.834747 0.802959 
513.399414 307.532349 0.840991 
501.663818 356.066956 0.853432 
510.455872 194.271271 0.979446 
520.674194 194.284286 0.888419 
506.043030 194.263641 0.501416 
525.177551 194.297577 0.846376 
18
513.369263 197.274689 0.873209 
516.320129 216.394791 0.875121 
498.587738 214.936234 0.898409 
486.905243 241.330200 0.869657 
498.600677 247.254913 0.753507 
535.466431 217.866684 0.871770 
544.209106 250.180466 0.808197 
523.738220 242.857101 0.815261 
501.653503 264.919464 0.862821 
498.582703 303.113281 0.838879 
498.664398 342.819855 0.767080 
528.085815 267.830627 0.795076 
513.377869 307.502563 0.844348 
503.056885 356.058685 0.861917 
510.465912 194.269241 0.978859 
520.689880 194.284195 0.893398 
507.464233 192.914948 0.488561 
525.192261 194.294846 0.835939 
18
513.388550 197.271713 0.871331 
516.320435 216.393692 0.870853 
498.601624 214.932205 0.900654 
486.936646 241.345947 0.868551 
498.635529 247.254547 0.738950 
535.458435 217.871689 0.873676 
544.195251 250.178497 0.808462 
525.120667 242.858536 0.819348 
501.622681 264.909454 0.873426 
497.191711 301.709961 0.836192 
498.653503 341.344696 0.785002 
526.617004 267.823486 0.803424 
513.374084 307.529083 0.857760 
501.658661 356.076080 0.869204 
510.483521 194.269882 0.984748 
520.709900 194.285904 0.902477 
507.479797 192.917999 0.529350 
526.580750 194.292480 0.838888 
18
513.372253 197.249222 0.886130 
516.301147 216.403641 0.869622 
498.587067 214.933380 0.896382 
486.911560 241.361328 0.875540 
498.634338 244.342728 0.767451 
535.450562 217.892334 0.871678 
542.791870 250.204163 0.806750 
525.132813 242.839966 0.820210 
501.592468 264.913177 0.881995 
497.176514 301.683075 0.830540 
498.647278 339.883362 0.784931 
526.591919 267.830750 0.806676 
513.361206 307.519928 0.859505 
501.663239 357.466064 0.870520 
510.476196 192.919174 0.994007 
520.705078 194.275650 0.909460 
507.466797 192.885849 0.522300 
526.588257 194.294006 0.848130 
18
513.381592 197.265915 0.881232 
516.301819 216.409058 0.872028 
497.217377 216.308548 0.897587 
486.915741 241.425018 0.874373 
498.638428 245.790039 0.755987 
535.455261 217.892227 0.869925 
544.199829 250.186661 0.808022 
525.143494 242.839294 0.824419 
501.589996 264.929932 0.880178 
497.183746 301.655029 0.831501 
498.653564 339.866669 0.783396 
526.605347 267.828918 0.803308 
513.388611 306.072205 0.847482 
501.666168 356.068665 0.870046 
510.483887 194.257034 0.992666 
520.716980 194.289139 0.911023 
507.471649 192.882568 0.540363 
526.600220 194.310791 0.845114 
18
513.431030 198.720322 0.853828 
516.316162 216.407669 0.871417 
498.588409 216.305542 0.902153 
486.898224 241.389847 0.882288 
498.630005 245.757889 0.735498 
535.463562 217.894989 0.868347 
544.196716 250.181274 0.803044 
525.170288 242.888931 0.779661 
501.599091 264.945709 0.877633 
497.174011 301.686920 0.823922 
498.699921 338.411652 0.757210 
526.624817 267.861267 0.796574 
513.409790 307.555725 0.844685 
501.642090 356.054108 0.873571 
511.848541 194.297531 0.985326 
520.749023 194.317749 0.909263 
507.499847 194.270737 0.573311 
526.620117 194.315277 0.832877 
18
514.828613 197.296677 0.849886 
516.308228 216.419983 0.868691 
498.591797 216.321579 0.906360 
486.943817 241.438660 0.873049 
498.666016 244.324371 0.734211 
535.454529 217.907974 0.860322 
544.262634 250.202728 0.821444 
526.599976 244.289291 0.786220 
501.582642 264.963684 0.878911 
497.222992 303.131561 0.836066 
498.686951 342.791595 0.760799 
526.612305 269.282318 0.803526 
513.391113 308.958160 0.847833 
501.648651 356.066895 0.869958 
511.865204 194.283401 0.984633 
522.127197 194.307968 0.914543 
508.899719 192.918625 0.634810 
526.615662 194.321716 0.834111 
18
514.878662 197.300644 0.837126 
516.314514 216.413528 0.865194 
498.593170 216.324112 0.904352 
486.937439 241.421768 0.880050 
498.671783 245.797348 0.738694 
535.452515 217.890427 0.867073 
544.258667 250.186646 0.833151 
526.611084 242.888077 0.779143 
501.596649 264.960846 0.874482 
497.201691 303.112946 0.822346 
498.678497 341.337006 0.761672 
526.618469 267.875000 0.800711 
513.388184 308.947083 0.851270 
501.645966 356.067932 0.875506 
511.901367 194.285583 0.972955 
522.156677 194.312897 0.919617 
508.917206 192.916718 0.717907 
526.616943 194.327591 0.814099 
18
516.295532 197.289230 0.835148 
516.290222 216.407974 0.868023 
497.210083 216.325897 0.896134 
486.937195 241.440765 0.870497 
498.677826 245.775345 0.736464 
535.448547 217.870163 0.872925 
545.678467 250.185745 0.871995 
526.584412 244.311829 0.791279 
501.594910 264.955872 0.876293 
497.204712 303.123474 0.828486 
498.663177 339.881439 0.770261 
526.624329 267.854279 0.803663 
513.399231 307.555695 0.844989 
501.665314 356.066681 0.874535 
511.908539 194.275574 0.966881 
522.165161 194.304977 0.921078 
508.909607 192.912659 0.739498 
526.607239 194.325821 0.795134 
18
514.845886 197.266342 0.846553 
514.856995 216.396011 0.879941 
497.182190 216.320816 0.892068 
486.947052 241.436279 0.859970 
498.694305 244.342499 0.752651 
535.435486 217.843124 0.880844 
545.639038 250.161652 0.850423 
525.186340 244.323776 0.757037 
501.595673 264.941193 0.882975 
497.204620 303.101624 0.828675 
498.671631 339.880219 0.774343 
526.622437 267.820648 0.805889 
513.407959 307.528961 0.845071 
501.666168 356.059113 0.873224 
511.873230 194.267975 0.968746 
522.130737 194.284485 0.914740 
507.484436 194.283478 0.711320 
525.189880 194.319046 0.808300 
18
514.824890 197.281143 0.844729 
514.846191 216.398712 0.887092 
497.188568 216.329239 0.892512 
486.925537 242.818329 0.841513 
498.668518 244.313980 0.769871 
535.424561 217.842087 0.889163 
544.227905 250.151337 0.839048 
525.144043 244.317017 0.760710 
501.604248 264.945587 0.883021 
497.205658 303.158447 0.832311 
498.678253 341.348907 0.758038 
526.636536 266.425140 0.802720 
513.384644 307.502106 0.841442 
501.670197 356.049164 0.871149 
511.858490 194.277878 0.965777 
522.114136 194.294724 0.904626 
507.474945 194.288574 0.693038 
525.181274 194.328094 0.814731 
18
514.830444 198.715500 0.844490 
514.849670 216.407715 0.891085 
497.181427 216.333038 0.895988 
486.931702 242.829636 0.831614 
498.651947 244.307159 0.770311 
535.434753 217.869339 0.885549 
544.192139 250.173157 0.830896 
523.718262 242.897415 0.776889 
501.593658 264.952240 0.885750 
497.189026 303.100677 0.843212 
498.703888 342.791595 0.763450 
526.604614 267.825562 0.806543 
513.408264 306.065460 0.842928 
501.663239 356.070251 0.872819 
511.865326 194.296371 0.967456 
522.122070 194.318787 0.904107 
507.484467 194.285904 0.691567 
526.589966 194.342865 0.809595 
18
514.843323 198.729263 0.840155 
514.844543 216.402496 0.893717 
497.179932 216.320663 0.897920 
486.872650 241.453583 0.854408 
498.626007 244.286804 0.783811 
535.431396 217.867294 0.893384 
544.234558 250.184372 0.848366 
525.146667 244.297333 0.810310 
500.199188 264.933899 0.901649 
497.178467 303.117828 0.835734 
498.671173 341.348511 0.765706 
525.193054 267.829437 0.818805 
513.390320 307.553741 0.848528 
503.056030 357.462097 0.873235 
511.877991 194.301514 0.971934 
522.130920 194.335754 0.901226 
507.513763 194.271729 0.712881 
526.594482 194.356354 0.812598 
18
516.309692 200.179947 0.833586 
514.831116 216.405289 0.895967 
497.152161 216.332321 0.889112 
486.892883 241.454117 0.850649 
498.672394 244.303848 0.755218 
535.429260 217.875626 0.892789 
542.780518 250.180038 0.826215 
523.736389 242.896851 0.789598 
500.209076 264.932648 0.893337 
497.184845 301.687225 0.831997 
498.696167 341.340149 0.760894 
526.585144 266.423676 0.807735 
513.413391 304.612885 0.835969 
501.669128 356.041077 0.869122 
511.912994 194.322250 0.958528 
522.169495 194.352356 0.910458 
508.910004 194.273026 0.771365 
526.635925 194.335037 0.784830 
18
516.289063 200.197067 0.834585 
514.847595 216.408447 0.891568 
497.184296 216.328751 0.892694 
486.896240 241.454163 0.843893 
498.663177 242.887634 0.755361 
535.425232 217.884995 0.888939 
542.762512 250.185364 0.824892 
523.717468 244.296799 0.778889 
500.217743 264.933319 0.889459 
497.179718 301.696259 0.836898 
498.696960 341.347382 0.771378 
526.580017 267.814545 0.809574 
513.388245 306.054504 0.843321 
501.663544 356.060730 0.873277 
511.904144 194.334305 0.961990 
522.157288 194.366318 0.904726 
508.911499 194.279572 0.742188 
526.635254 194.367722 0.787958 
18
514.862671 198.766983 0.842240 
514.853943 216.415939 0.888546 
497.187836 216.337830 0.895183 
486.919830 241.450363 0.855402 
498.673737 242.881638 0.768899 
535.429871 217.895523 0.883677 
541.324036 250.188568 0.819764 
523.697327 244.303162 0.772629 
501.579468 264.929749 0.889142 
497.186951 301.705231 0.841482 
498.698456 341.344177 0.771314 
526.578247 266.414978 0.805335 
513.421509 304.593018 0.840092 
501.657867 356.062256 0.871180 
511.891113 194.323822 0.975450 
522.144287 194.355255 0.908879 
508.906799 194.275299 0.702417 
526.628052 194.359009 0.798296 
18
514.851807 198.761642 0.842727 
514.864441 216.406540 0.881642 
497.201660 216.321533 0.895982 
486.911743 241.435242 0.864236 
498.665405 242.846207 0.776158 
535.440796 217.884995 0.881819 
542.740967 250.182266 0.804104 
523.736267 242.899902 0.761685 
501.584747 264.927124 0.889119 
497.196960 303.126984 0.833596 
498.696167 341.329834 0.774107 
526.602539 267.816895 0.803741 
513.403015 306.080933 0.842532 
501.663818 356.067535 0.874672 
511.884033 194.321472 0.974227 
522.137573 194.350174 0.905881 
508.898560 194.275101 0.700494 
526.614624 194.353409 0.797799 
18
514.856140 198.747299 0.837333 
516.313049 216.404190 0.871395 
498.600952 216.306488 0.910559 
486.936188 241.390579 0.892746 
498.710846 242.862808 0.771014 
535.463257 217.900467 0.860769 
545.686707 250.192444 0.833674 
526.633545 242.877060 0.790320 
501.585388 264.925415 0.885260 
497.192841 303.124939 0.828670 
498.688568 341.364868 0.757423 
526.596252 267.831177 0.809354 
513.392944 307.524353 0.843548 
501.645203 356.038666 0.867415 
511.891296 194.316589 0.964636 
522.139099 194.343170 0.897332 
508.920044 194.275009 0.692627 
526.610413 194.340515 0.811159 
18
516.302490 198.762177 0.833502 
516.308411 216.406158 0.868784 
498.588776 216.311340 0.907397 
486.919037 241.400558 0.871675 
498.672821 242.844574 0.784276 
535.464172 217.906174 0.855233 
545.690613 250.187897 0.834593 
526.585815 242.898727 0.771285 
501.585114 264.921509 0.887933 
497.176483 301.697845 0.824235 
498.653870 339.879028 0.770235 
526.606018 267.825623 0.806849 
513.398743 306.085175 0.845868 
501.645233 356.078369 0.870409 
511.917999 194.325348 0.956672 
522.169373 194.349762 0.906882 
508.933624 194.283630 0.736213 
528.048340 194.341034 0.800202 
18
514.878845 198.751617 0.838595 
516.305847 216.403854 0.869637 
497.215088 216.318253 0.903332 
486.899261 241.420212 0.874537 
498.662323 242.841461 0.792646 
535.476013 217.888153 0.864191 
545.684814 250.186188 0.842640 
525.163696 244.325058 0.768061 
500.221252 264.923828 0.894626 
497.186493 301.707428 0.835539 
498.667480 341.331238 0.786187 
526.613953 267.831604 0.809260 
513.389404 307.501404 0.846068 
503.071838 356.054382 0.864712 
511.902893 194.321594 0.969741 
522.155762 194.340912 0.908164 
508.925873 194.286911 0.699986 
528.047852 194.330338 0.814810 
18
516.311951 198.755280 0.834602 
516.329590 216.411575 0.865409 
498.599609 216.319061 0.909493 
486.884827 241.440903 0.855084 
498.611420 242.881699 0.764034 
535.481384 217.904694 0.862116 
545.674377 250.208359 0.848741 
525.161072 244.307022 0.789846 
500.212402 264.952850 0.885344 
497.181915 303.128235 0.821259 
498.673950 341.330719 0.766539 
526.605286 267.871613 0.803845 
513.366882 308.954468 0.865547 
501.651306 357.460388 0.882615 
511.920807 194.321198 0.963712 
522.176575 194.342026 0.913502 
508.937012 194.272629 0.737290 
528.066223 194.326096 0.809723 
18
516.328857 198.755905 0.838531 
517.760864 216.421768 0.864302 
498.603912 216.336609 0.906231 
486.847900 241.432037 0.827502 
497.207123 242.892685 0.778702 
535.496704 217.911163 0.860770 
545.674072 251.580307 0.838867 
525.161682 242.860382 0.821249 
500.216705 264.945038 0.891186 
497.175140 301.680542 0.828269 
498.674896 339.868378 0.781211 
526.635010 267.871948 0.804065 
513.374268 306.082336 0.852025 
501.661255 357.457306 0.875060 
511.924774 194.319351 0.973262 
522.189148 194.334900 0.922637 
508.935577 194.274353 0.734554 
528.101318 194.308136 0.816347 
18
516.341553 200.187424 0.839449 
517.770447 216.427979 0.864243 
498.602600 216.351929 0.899254 
486.841980 241.459824 0.810326 
497.219421 244.291458 0.752759 
535.506104 217.911209 0.856740 
545.677856 250.215317 0.842998 
525.181946 242.846664 0.815933 
501.584229 264.950897 0.880697 
497.188660 301.699707 0.833550 
498.682465 339.885468 0.762603 
526.641602 267.870636 0.797188 
513.377380 307.500916 0.849061 
501.659302 356.064575 0.874979 
511.929657 194.331146 0.967430 
522.195984 194.349457 0.921028 
508.936218 194.278259 0.739051 
528.103149 194.317917 0.811692 
18
517.757385 200.178619 0.833028 
517.783081 216.419235 0.862829 
498.614166 216.347198 0.907023 
486.868195 241.442047 0.830420 
498.624939 242.851639 0.779404 
535.502441 217.899460 0.855224 
545.684326 250.213913 0.851188 
525.163391 242.868698 0.797717 
500.220306 264.953705 0.880278 
497.202545 301.706421 0.834245 
498.658142 341.346100 0.783965 
526.627380 267.857605 0.792275 
513.370239 307.495361 0.851074 
503.075592 356.059540 0.860579 
511.941956 194.328094 0.958210 
522.198914 194.349319 0.916599 
508.945160 194.280029 0.754860 
528.089417 194.326157 0.791311 
18
517.759155 200.179108 0.837265 
517.755920 216.407547 0.861274 
498.605804 216.340286 0.897014 
486.919525 242.835114 0.832434 
498.680389 242.876770 0.751692 
535.484070 217.879944 0.861014 
544.220703 250.197403 0.830306 
525.116516 242.854874 0.787567 
501.600983 264.922089 0.880450 
497.188782 301.657135 0.849975 
498.677643 341.333191 0.782298 
526.642151 266.415253 0.795920 
513.398560 306.067749 0.842257 
503.061218 356.062103 0.855829 
511.939148 194.324539 0.966307 
522.198792 194.344147 0.922720 
508.937775 194.267181 0.759730 
528.092102 194.303680 0.800200 
18
516.331177 200.180862 0.835231 
517.769287 216.407166 0.864447 
498.618622 216.344360 0.906054 
486.908142 242.839645 0.815830 
498.647644 242.870834 0.762228 
535.486755 217.878006 0.864533 
542.794067 250.204330 0.821117 
523.724854 242.847916 0.788779 
501.588928 264.948273 0.882616 
497.179138 301.676849 0.841725 
498.677856 341.333435 0.780643 
526.619080 267.838745 0.797926 
513.384155 306.076721 0.849171 
501.664734 357.453583 0.861854 
511.925995 194.328247 0.972080 
522.185608 194.346268 0.917251 
508.933289 194.272842 0.735328 
528.088379 194.309311 0.805573 
18
516.316833 200.184326 0.837608 
517.772095 216.406525 0.865473 
498.617920 216.342072 0.905774 
486.873505 241.449417 0.814418 
498.608307 242.882065 0.762029 
535.489807 217.879852 0.865338 
542.775818 250.216324 0.817286 
523.735901 241.449081 0.798967 
501.582367 264.934418 0.885967 
497.173889 301.657074 0.844328 
498.686646 339.886353 0.763903 
526.603455 267.833466 0.802068 
513.401672 306.079254 0.843008 
501.646393 356.063354 0.869626 
511.914886 194.330292 0.974729 
522.174805 194.346558 0.914168 
508.919952 194.278824 0.704755 
528.082947 194.308029 0.808434 
18
516.303406 198.763397 0.834478 
517.770813 216.406815 0.861565 
498.617310 216.341309 0.909796 
486.883484 241.451324 0.841333 
498.617401 242.855728 0.787873 
535.495178 217.878372 0.863141 
545.668884 250.205643 0.831766 
526.581360 242.843903 0.786773 
500.221832 264.933624 0.887882 
497.161560 301.655090 0.835660 
498.678253 338.431274 0.775684 
526.614075 267.839050 0.804432 
513.395935 306.074615 0.845503 
501.650818 356.058929 0.865699 
511.909515 194.322342 0.972788 
522.169373 194.340485 0.914311 
508.924316 194.270737 0.698803 
528.069641 194.304596 0.817940 
18
516.289734 198.753250 0.832335 
516.340820 216.411392 0.861697 
498.613129 216.338852 0.908959 
486.841797 241.443909 0.823249 
497.208954 244.290665 0.774057 
535.482300 217.887726 0.860817 
544.272095 250.215622 0.831348 
525.121094 242.895798 0.780078 
500.215698 264.935760 0.886949 
497.181549 301.661835 0.845236 
498.701935 339.868195 0.779270 
526.608398 267.828583 0.798929 
513.391418 306.050323 0.848389 
501.639801 356.030518 0.861525 
511.905731 194.319046 0.971337 
522.160461 194.337891 0.909736 
508.926422 194.267120 0.695989 
528.058960 194.308456 0.822939 
18
514.869141 198.741028 0.838538 
516.309387 216.414993 0.872785 
498.604095 216.348740 0.910424 
486.901306 241.427750 0.851869 
498.611237 245.786255 0.755704 
535.461121 217.882233 0.870595 
544.243652 250.162766 0.835137 
525.106079 247.244980 0.779297 
501.598846 264.938934 0.879986 
497.184937 301.667297 0.842070 
498.680939 339.876892 0.792519 
526.622375 267.827179 0.804878 
513.407227 306.067322 0.841858 
503.092041 356.014801 0.852128 
511.894348 194.309540 0.974863 
522.146545 194.331451 0.907570 
508.915833 194.261749 0.698678 
526.635132 194.319595 0.812413 
18
514.879456 198.742004 0.835791 
516.330994 216.404358 0.871191 
498.622345 216.341171 0.918211 
486.932556 241.438843 0.864634 
498.674011 245.767502 0.754159 
535.469482 217.856644 0.875610 
544.230713 248.735275 0.802889 
526.603455 248.711075 0.752104 
501.602661 264.914978 0.887020 
497.212250 301.653168 0.854275 
498.662323 339.871582 0.789268 
526.610596 267.818939 0.811061 
513.409607 306.076050 0.837575 
503.058563 356.029602 0.859950 
511.899414 194.312515 0.976704 
522.154724 194.329880 0.910643 
508.920990 194.261597 0.702783 
528.047791 194.301834 0.810015 
18
514.843750 198.743088 0.840875 
516.327271 216.412094 0.871260 
498.616638 216.337891 0.917304 
486.891693 241.419357 0.842423 
498.605072 244.328659 0.791991 
535.473877 217.880920 0.869133 
544.231506 250.146744 0.797542 
525.177063 247.253677 0.747370 
501.596466 264.919891 0.890266 
497.192566 301.651642 0.848558 
498.676300 339.868500 0.780686 
526.612183 267.824646 0.807122 
513.429199 306.074951 0.831481 
503.061798 356.053589 0.866364 
511.873718 194.314743 0.977890 
522.131653 194.331284 0.904321 
508.899963 194.269836 0.649338 
526.631653 194.314316 0.823635 
18
513.422852 198.753662 0.850033 
516.332092 216.400238 0.870991 
498.614532 216.321686 0.908831 
486.868835 241.406219 0.838443 
498.588806 244.329132 0.807408 
535.482849 217.869293 0.872393 
544.224121 250.161148 0.809982 
525.134338 247.227951 0.752510 
501.596466 264.920654 0.889953 
497.200287 301.654327 0.838803 
498.648254 338.432037 0.790220 
526.627380 267.824402 0.804603 
513.403992 306.069275 0.835532 
503.068207 356.044159 0.860772 
511.846710 194.319168 0.986531 
520.739441 194.343323 0.893931 
507.499847 194.266327 0.569844 
526.624329 194.323730 0.829462 
18
514.819641 200.180130 0.845907 
517.752502 216.397964 0.874334 
498.630249 216.318588 0.917119 
486.900879 241.397995 0.858604 
498.618103 245.765045 0.790932 
535.485046 217.863388 0.874558 
544.239563 250.177948 0.834444 
523.730042 247.231857 0.785353 
501.589783 264.936493 0.886774 
497.207306 303.102722 0.833339 
498.678070 339.889374 0.772084 
526.615356 267.840546 0.806528 
513.408203 307.545471 0.845955 
501.652252 356.063507 0.876062 
511.855438 194.331192 0.983042 
520.749451 194.350815 0.894655 
507.503632 194.278336 0.581683 
526.634705 194.314926 0.824288 
18
513.428650 198.759033 0.849187 
516.331299 216.389465 0.877081 
498.619720 216.308502 0.912634 
486.902405 241.413147 0.857275 
498.615692 247.236496 0.768995 
535.478149 217.847748 0.877436 
544.245850 250.173080 0.828778 
523.703247 247.239853 0.785051 
501.604889 264.931366 0.881476 
497.206055 303.107025 0.842192 
498.687805 341.342010 0.775580 
526.629150 267.821564 0.801190 
513.417603 307.515991 0.841267 
501.647888 356.052917 0.873815 
511.850372 194.325867 0.984486 
520.736572 194.346420 0.895794 
507.507263 194.276077 0.580914 
526.608154 194.320099 0.825850 
18
513.412048 198.751617 0.850128 
516.333435 216.411942 0.880195 
498.607605 216.317490 0.901631 
486.909149 241.369553 0.857398 
498.621155 247.262817 0.747802 
535.480774 217.886429 0.877575 
544.205505 250.199142 0.827520 
523.654602 247.275757 0.771614 
501.631042 264.913269 0.868540 
497.188934 301.671326 0.826386 
498.705261 338.432037 0.777589 
526.643860 266.407043 0.794532 
513.397278 306.062073 0.847750 
501.648834 356.054596 0.862619 
511.841583 194.320389 0.977341 
520.725342 194.345993 0.885330 
507.500183 194.297668 0.541779 
526.615723 194.359390 0.812609 
18
513.417297 200.174866 0.849419 
516.338013 216.404068 0.877160 
498.616455 216.309814 0.908786 
486.901642 241.375214 0.855578 
498.608765 245.766479 0.773844 
535.478943 217.882431 0.875080 
542.762329 250.185516 0.818063 
523.657593 245.768372 0.773285 
501.596802 264.914795 0.891024 
497.165833 301.694489 0.833073 
498.702850 338.433655 0.766181 
526.615662 266.410278 0.804393 
513.402588 307.494202 0.842446 
501.636597 357.461945 0.872486 
511.841278 194.333359 0.977179 
520.725403 194.358154 0.884986 
507.508301 194.311646 0.538157 
526.617981 194.365128 0.815190 
18
513.403748 200.188629 0.857663 
516.332031 216.402969 0.875593 
498.616821 216.305695 0.907086 
486.913452 241.329971 0.871878 
498.589539 245.773499 0.772745 
535.478088 217.878204 0.876909 
542.763000 250.172989 0.811790 
523.679993 247.233475 0.755882 
501.608887 264.912842 0.888826 
497.179749 301.698334 0.838324 
498.712372 338.428345 0.761013 
526.630676 266.418762 0.809621 
513.404419 307.509766 0.842008 
501.615570 356.066772 0.875441 
510.496429 194.337570 0.982427 
520.716919 194.370331 0.885885 
507.489227 194.297180 0.542184 
526.598572 194.372971 0.815445 
18
513.382446 198.757538 0.863115 
516.311890 216.404633 0.881349 
498.604675 216.303543 0.908551 
486.900787 241.358414 0.875173 
498.590088 244.324295 0.797327 
535.468750 217.877853 0.882831 
542.783875 250.192017 0.833356 
523.688904 245.811142 0.769051 
501.601654 264.909454 0.893417 
497.167816 301.690338 0.842540 
500.080719 338.417725 0.764761 
526.616028 266.418091 0.813051 
513.411865 307.500763 0.839239 
501.622223 356.038635 0.871968 
510.486938 194.321152 0.984472 
520.702148 194.357742 0.884260 
507.484131 194.280258 0.533693 
526.585571 194.374771 0.820062 
18
513.384827 200.176468 0.862932 
516.312439 216.412674 0.878318 
498.597534 216.321854 0.901032 
486.912567 241.419571 0.871937 
498.652161 245.770111 0.761591 
535.472351 217.881866 0.879225 
544.209473 250.198456 0.833262 
523.720825 245.779251 0.789254 
501.594696 264.907776 0.886118 
497.172699 301.686615 0.843868 
498.715759 338.435242 0.755160 
526.614929 266.410736 0.809466 
513.413208 306.071625 0.838588 
501.624664 356.032471 0.871158 
510.481445 194.328812 0.987506 
520.698792 194.360870 0.884318 
507.476318 194.288040 0.526874 
526.591431 194.369522 0.825758 
18
513.365601 198.758011 0.869301 
516.320984 216.415649 0.875177 
498.613708 216.324921 0.898866 
486.905548 241.406326 0.862740 
498.632263 245.786163 0.756796 
535.467651 217.892746 0.873124 
544.218079 250.191315 0.823722 
523.716675 245.807373 0.768894 
501.601196 264.909576 0.881364 
497.166687 301.696960 0.840190 
498.711853 338.428192 0.753667 
526.618896 266.413788 0.807969 
513.398438 307.515015 0.841831 
501.618530 356.043488 0.873567 
510.468750 194.321259 0.988565 
520.684265 194.350906 0.886119 
507.476440 194.273972 0.469110 
526.589966 194.361313 0.827924 
18
513.394409 200.175522 0.856002 
516.296875 216.426468 0.881267 
497.219666 216.330734 0.895802 
486.884308 241.380890 0.851608 
498.613983 245.768433 0.765659 
535.460144 217.916885 0.870467 
542.780579 250.204102 0.818088 
523.692749 245.789810 0.788824 
501.585510 264.923492 0.882515 
497.169312 301.691376 0.831930 
498.662323 339.882324 0.784223 
526.590332 267.832092 0.801428 
513.402161 307.550659 0.852314 
501.664154 356.068359 0.868304 
510.484070 194.331589 0.977670 
520.704590 194.359451 0.881645 
507.485107 194.301666 0.523976 
526.593140 194.365891 0.816051 
18
513.367371 198.746292 0.869226 
516.305725 216.413055 0.881406 
497.209656 216.312668 0.894453 
486.917908 241.418579 0.859709 
498.661011 244.343369 0.764962 
535.472534 217.901703 0.867407 
542.777161 251.582825 0.821757 
523.686035 244.290985 0.821726 
501.583588 264.929688 0.884807 
497.184387 303.098572 0.843805 
498.671753 341.339050 0.790750 
526.597656 267.838135 0.807144 
513.384277 308.970245 0.867773 
501.662018 357.487640 0.876458 
510.463501 194.315125 0.988969 
520.689026 194.342575 0.888693 
507.460205 194.276031 0.491873 
526.589050 194.344711 0.835143 
18
513.371887 198.740738 0.871139 
516.307312 216.410706 0.882723 
497.221222 216.308731 0.900024 
486.922974 241.453064 0.859395 
498.652130 244.291138 0.770451 
535.473633 217.902328 0.866761 
542.754761 251.592163 0.815160 
523.707581 242.847580 0.847807 
500.211517 264.937622 0.890806 
497.187622 303.119446 0.839102 
498.672791 341.357910 0.792552 
526.584778 267.845245 0.804803 
513.395569 307.551025 0.851272 
501.657593 357.490051 0.878824 
510.467438 194.314301 0.991119 
520.692871 194.341934 0.892336 
507.455261 194.290009 0.508894 
526.587769 194.356415 0.835975 
18
513.366882 198.743134 0.870564 
516.331360 216.402313 0.874728 
498.604279 216.302826 0.894686 
486.946838 241.439468 0.854556 
498.679321 244.324142 0.749238 
535.486572 217.895096 0.861507 
542.785706 251.584198 0.824838 
523.659729 244.294601 0.801938 
501.581177 264.931671 0.885430 
497.187225 303.103058 0.836419 
498.693085 341.346039 0.779862 
526.609375 267.824524 0.801624 
513.400940 307.538055 0.854389 
501.651489 357.474854 0.875300 
510.463043 194.316925 0.990353 
520.687805 194.340805 0.890126 
507.470612 194.274536 0.448517 
526.600586 194.335510 0.830954 
