43
1
18
639.796265 123.689575 0.967260 
604.495361 157.489304 0.859597 
608.976440 159.111954 0.849127 
616.316162 214.857391 0.905804 
630.966919 251.655380 0.907270 
594.246033 151.656418 0.770384 
616.254944 170.761276 0.065745 
0.000000 0.000000 0.000000 
604.566589 242.872513 0.772773 
607.499512 301.649628 0.834672 
591.277649 357.554688 0.890876 
589.812134 239.916382 0.731399 
582.552490 294.303589 0.827194 
578.056274 341.327728 0.740934 
635.404968 119.304977 0.874316 
0.000000 0.000000 0.000000 
619.259338 122.338310 0.925737 
0.000000 0.000000 0.000000 
18
639.826233 123.711411 0.965981 
604.529724 156.118271 0.865685 
611.862122 159.090454 0.844013 
617.750244 214.863602 0.902083 
631.011414 251.592072 0.901377 
594.275024 151.654297 0.770101 
614.787964 192.910675 0.060832 
0.000000 0.000000 0.000000 
604.568726 242.829468 0.785974 
608.922058 301.652527 0.822459 
591.311157 357.537048 0.896934 
589.792969 239.868393 0.733794 
583.968994 292.833038 0.810198 
578.037109 339.888977 0.769285 
636.855347 119.323944 0.887549 
0.000000 0.000000 0.000000 
620.678223 123.691200 0.910908 
0.000000 0.000000 0.000000 
18
639.832886 123.686768 0.956923 
604.565125 157.484085 0.877750 
614.774231 160.485535 0.844493 
617.808411 214.882187 0.880835 
632.466064 250.207581 0.896092 
594.277710 150.235123 0.779082 
614.702454 194.300522 0.055735 
0.000000 0.000000 0.000000 
605.953369 241.417877 0.792132 
608.943787 300.241394 0.819427 
591.321533 357.506317 0.897700 
588.340515 238.456985 0.729213 
585.401978 289.928741 0.806298 
578.069458 338.446472 0.789449 
636.875549 117.892220 0.881837 
0.000000 0.000000 0.000000 
620.718750 122.322395 0.902193 
0.000000 0.000000 0.000000 
18
639.857239 123.691948 0.966504 
605.947998 156.108704 0.868732 
614.811035 159.104202 0.851989 
619.247681 213.448547 0.837000 
633.931763 251.614731 0.894481 
595.688477 150.206680 0.773785 
616.170898 194.278595 0.058490 
0.000000 0.000000 0.000000 
605.967224 241.433380 0.798401 
608.936096 300.232605 0.816230 
591.315918 357.514374 0.898395 
588.337219 238.454849 0.730122 
585.437683 291.378357 0.790604 
579.491272 339.865082 0.798314 
638.285767 119.307564 0.888476 
0.000000 0.000000 0.000000 
622.152161 122.325348 0.883787 
0.000000 0.000000 0.000000 
18
639.864319 123.706329 0.953511 
605.983215 156.097595 0.863386 
616.224426 159.099625 0.862215 
622.187683 213.408386 0.809976 
635.386597 251.594666 0.882541 
595.715881 150.197128 0.771240 
614.785278 194.326187 0.050393 
0.000000 0.000000 0.000000 
605.995422 241.432892 0.791435 
607.506836 301.650665 0.810845 
591.294617 357.507233 0.896539 
589.810242 238.455261 0.731589 
585.443176 294.276520 0.782211 
578.081543 339.896576 0.799181 
638.298218 119.328506 0.892363 
0.000000 0.000000 0.000000 
623.614868 122.336998 0.892823 
0.000000 0.000000 0.000000 
18
641.221436 123.740837 0.946843 
606.002747 156.105713 0.877689 
616.285217 160.487335 0.868975 
625.072998 213.422394 0.811516 
635.428833 250.178604 0.867576 
595.697327 150.196869 0.786170 
594.218689 195.803085 0.061467 
0.000000 0.000000 0.000000 
606.048523 242.835037 0.771183 
607.503601 301.673981 0.804363 
591.296509 357.505615 0.891574 
591.296631 239.866806 0.747018 
586.861511 294.295227 0.780005 
578.079773 341.336853 0.799204 
638.325378 120.761993 0.904963 
0.000000 0.000000 0.000000 
623.656799 123.708611 0.888369 
0.000000 0.000000 0.000000 
18
641.258057 123.750877 0.959916 
606.071899 157.487106 0.884836 
617.740845 160.560013 0.858740 
623.640991 214.880569 0.812583 
638.339600 250.161270 0.876504 
595.742004 150.210129 0.775371 
0.000000 0.000000 0.000000 
0.000000 0.000000 0.000000 
607.459717 241.388412 0.761267 
616.217041 300.155884 0.868159 
591.324158 357.446320 0.869179 
591.321411 238.447479 0.753185 
586.883240 289.888123 0.806641 
578.082825 341.330750 0.799913 
638.363342 120.770058 0.916760 
0.000000 0.000000 0.000000 
625.119568 123.706070 0.882259 
0.000000 0.000000 0.000000 
18
641.346863 123.753624 0.937649 
608.923462 157.497971 0.874363 
617.828491 162.006546 0.851081 
620.695862 216.342224 0.851988 
641.237488 247.226807 0.907450 
597.211548 148.791473 0.771130 
0.000000 0.000000 0.000000 
0.000000 0.000000 0.000000 
608.914551 241.355515 0.753616 
625.114624 298.686890 0.914693 
592.805969 354.545135 0.877704 
592.711914 238.408142 0.761828 
585.422241 291.383850 0.790280 
579.508789 342.842316 0.808988 
639.784546 120.781204 0.923523 
0.000000 0.000000 0.000000 
626.582764 123.753838 0.905167 
0.000000 0.000000 0.000000 
18
647.139343 123.694733 0.901952 
611.861633 157.532852 0.880825 
620.706360 162.002335 0.793648 
619.207947 216.367752 0.877114 
641.327087 241.459259 0.933331 
600.094299 151.661957 0.781765 
598.647034 204.587250 0.104691 
0.000000 0.000000 0.000000 
613.348816 241.371735 0.742290 
633.945923 297.197357 0.855027 
595.731689 347.177826 0.906960 
592.819702 238.447205 0.783331 
585.419800 295.756592 0.816873 
579.496826 344.248077 0.784296 
641.288147 119.321198 0.905472 
0.000000 0.000000 0.000000 
628.071106 123.770874 0.941358 
0.000000 0.000000 0.000000 
18
651.512451 123.693169 0.945759 
614.816345 157.574020 0.933299 
626.547852 162.010086 0.824861 
617.825623 216.328598 0.887761 
642.751465 241.339752 0.962581 
603.019348 153.130524 0.816891 
603.042969 203.146118 0.130674 
0.000000 0.000000 0.000000 
616.236816 241.406586 0.764294 
641.268372 292.845123 0.913596 
604.580750 344.317200 0.880360 
594.267212 239.855392 0.793118 
589.813843 289.936859 0.832201 
579.560852 342.828003 0.798826 
644.247437 119.322838 0.872393 
0.000000 0.000000 0.000000 
629.563416 123.753441 0.941878 
0.000000 0.000000 0.000000 
18
653.024109 123.731506 0.966865 
617.700806 157.619171 0.988098 
628.027100 166.385193 0.882553 
617.806763 216.381454 0.912254 
644.221741 239.937073 0.961200 
605.985779 153.133163 0.841300 
604.512451 203.145874 0.247386 
0.000000 0.000000 0.000000 
617.740662 241.410080 0.758955 
647.180481 294.309113 0.855802 
617.756592 345.726471 0.911915 
597.154114 239.859741 0.760947 
592.681091 289.881317 0.908606 
580.966858 342.804565 0.812721 
650.097839 119.367386 0.915758 
0.000000 0.000000 0.000000 
635.378296 123.806595 0.874392 
0.000000 0.000000 0.000000 
18
658.916870 123.794518 0.896424 
620.686829 159.040604 0.909206 
629.503296 167.877182 0.879533 
617.790588 217.786575 0.878002 
644.253296 239.898026 0.957239 
610.423035 156.063416 0.783923 
608.950439 209.049255 0.250372 
0.000000 0.000000 0.000000 
617.827332 242.873978 0.760554 
651.514404 294.275513 0.864489 
631.045898 347.192017 0.871136 
601.608459 239.929672 0.765960 
592.808594 289.951447 0.902549 
580.985291 342.810852 0.850070 
653.051697 120.830673 0.933944 
0.000000 0.000000 0.000000 
639.827820 125.243614 0.898978 
0.000000 0.000000 0.000000 
18
663.357971 125.238373 0.925374 
627.992432 160.492889 0.920546 
632.459473 169.360168 0.872390 
622.148499 219.317276 0.808549 
648.650879 241.461426 0.940071 
617.734375 156.082260 0.837496 
613.339050 206.088654 0.203661 
0.000000 0.000000 0.000000 
623.628479 244.322800 0.694930 
651.567383 294.307892 0.865094 
644.235107 347.245056 0.858852 
604.551697 241.357605 0.798046 
594.319824 292.827393 0.876764 
581.008911 342.841278 0.889154 
658.949768 122.307076 0.920215 
0.000000 0.000000 0.000000 
642.807678 129.611145 0.860215 
0.000000 0.000000 0.000000 
18
667.786743 129.608597 0.845154 
631.019592 163.429459 0.831414 
639.749451 170.862701 0.863978 
627.977783 223.750641 0.859344 
653.046204 245.775177 0.926901 
623.652893 157.510193 0.729213 
614.813049 204.646194 0.198223 
0.000000 0.000000 0.000000 
629.531860 247.245316 0.723196 
653.024536 292.857117 0.878404 
651.644165 348.683319 0.888271 
613.356140 242.839218 0.694404 
604.466309 292.843842 0.849655 
581.055054 342.799103 0.876431 
664.798096 123.759521 0.972681 
0.000000 0.000000 0.000000 
651.539246 132.587601 0.897398 
0.000000 0.000000 0.000000 
18
676.503296 132.537613 0.909957 
639.855286 169.314285 0.836827 
641.257813 178.173279 0.892313 
629.455261 228.131241 0.924003 
654.570862 250.149261 0.907919 
638.354980 159.070786 0.614163 
653.020325 182.545715 0.317306 
0.000000 0.000000 0.000000 
639.765320 251.690613 0.756262 
658.949829 298.645447 0.856932 
652.993958 348.694733 0.873744 
626.573120 250.184601 0.640684 
614.791870 291.381165 0.812336 
583.988159 335.501953 0.868028 
673.586914 125.225899 0.907663 
0.000000 0.000000 0.000000 
655.983459 134.054214 0.920605 
0.000000 0.000000 0.000000 
18
683.926697 133.959747 0.901710 
651.511414 169.325623 0.823182 
642.737183 181.124771 0.853726 
632.479065 229.690048 0.878545 
663.300598 251.727325 0.963271 
657.467529 159.015503 0.642930 
663.323059 191.354919 0.218359 
0.000000 0.000000 0.000000 
642.747192 251.655197 0.730084 
663.302429 298.749451 0.899679 
653.001099 348.704071 0.848911 
647.162109 248.738632 0.539884 
629.544739 289.864166 0.811766 
594.230591 323.649353 0.855070 
676.612000 126.726151 0.890519 
0.000000 0.000000 0.000000 
663.352356 135.576797 0.937373 
0.000000 0.000000 0.000000 
18
688.294800 135.451920 0.975872 
654.537659 170.874390 0.836144 
648.612305 182.619095 0.815234 
639.770447 232.567612 0.920382 
664.821533 253.222748 0.965981 
663.384644 163.446136 0.692276 
669.251343 194.327820 0.097773 
0.000000 0.000000 0.000000 
648.627686 251.684494 0.716010 
663.373108 300.237488 0.884272 
652.983765 348.734100 0.850852 
660.370117 248.704559 0.620277 
654.544128 289.926575 0.389959 
614.781433 300.149323 0.790487 
685.342834 131.120041 0.879781 
0.000000 0.000000 0.000000 
667.766907 138.462799 0.853171 
0.000000 0.000000 0.000000 
18
691.253296 137.020096 0.858710 
661.841614 170.789474 0.855701 
650.103333 182.569489 0.813604 
639.832764 234.024445 0.887688 
666.267639 259.031647 0.932311 
673.630798 163.445084 0.752983 
678.044373 194.315552 0.172244 
0.000000 0.000000 0.000000 
650.089294 245.767365 0.707128 
664.858398 300.145538 0.906455 
651.595276 350.157715 0.767913 
664.859802 238.393295 0.711210 
692.769409 253.090027 0.384225 
686.804871 270.773315 0.077349 
686.917603 134.093491 0.950124 
0.000000 0.000000 0.000000 
673.632690 142.826309 0.872098 
0.000000 0.000000 0.000000 
18
695.689270 138.486389 0.805934 
661.873535 170.854538 0.834253 
650.053040 185.523315 0.793483 
641.259216 239.897659 0.955136 
667.746887 263.403320 0.945927 
675.065430 163.437149 0.730756 
682.452148 189.925873 0.154662 
0.000000 0.000000 0.000000 
654.568298 242.886551 0.691992 
664.891174 298.718414 0.859763 
651.620361 350.170532 0.792013 
670.695618 235.478271 0.599525 
663.371582 298.699493 0.504841 
653.118286 345.770813 0.522969 
689.794983 135.519516 0.867798 
0.000000 0.000000 0.000000 
676.508606 144.335403 0.909842 
0.000000 0.000000 0.000000 
18
697.179932 144.286011 0.834931 
663.263733 170.870956 0.795141 
650.096069 191.383026 0.816869 
641.260315 241.330017 0.975457 
666.300903 264.897308 1.004771 
673.648804 161.950226 0.658356 
686.868774 157.538330 0.148780 
0.000000 0.000000 0.000000 
663.328064 239.855011 0.710937 
666.273376 297.208801 0.873173 
652.983276 348.711243 0.907189 
678.057739 222.266541 0.596104 
722.162109 216.326385 0.507588 
0.000000 0.000000 0.000000 
692.745117 137.035370 0.819115 
0.000000 0.000000 0.000000 
676.600037 145.830811 0.941034 
0.000000 0.000000 0.000000 
18
698.560242 145.824524 0.850040 
664.766785 175.199127 0.775108 
651.546448 192.857147 0.834482 
641.266357 242.832169 0.918275 
666.343506 272.216858 0.964413 
678.038086 166.358978 0.660175 
694.223755 162.008911 0.373892 
711.916016 164.899506 0.409806 
664.770508 239.859833 0.740072 
666.270935 295.749176 0.802654 
653.015137 348.701843 0.899213 
682.436768 225.202789 0.563573 
725.089966 206.032074 0.277947 
0.000000 0.000000 0.000000 
692.763000 142.882248 0.800578 
0.000000 0.000000 0.000000 
678.020386 148.736282 0.869479 
0.000000 0.000000 0.000000 
18
700.046753 148.762604 0.807296 
664.868896 179.568634 0.782570 
651.590149 194.332047 0.826923 
641.317566 247.261887 0.863621 
666.285950 278.106171 0.878816 
683.909607 169.260483 0.687261 
707.439697 166.401443 0.360154 
722.149902 160.525543 0.321052 
663.337830 238.445435 0.691190 
667.775085 288.420898 0.762879 
653.047180 348.703064 0.836063 
679.533508 220.787460 0.537444 
714.798828 195.820450 0.110173 
747.125854 195.816223 0.294438 
697.132263 147.216660 0.869377 
0.000000 0.000000 0.000000 
679.501160 156.044846 0.826990 
0.000000 0.000000 0.000000 
18
700.161377 154.624207 0.761266 
666.308899 182.506912 0.835967 
651.613525 195.829590 0.826170 
641.315674 250.183792 0.916415 
663.378235 286.871094 0.919654 
683.940369 170.866058 0.676165 
736.865906 191.359985 0.699071 
794.237915 178.137589 0.691637 
658.940674 244.323273 0.588802 
669.192322 294.312866 0.729267 
653.020996 348.738739 0.706473 
675.065613 238.391113 0.612840 
672.125916 297.212158 0.436202 
655.967285 347.205322 0.601578 
698.577209 148.764938 0.837820 
0.000000 0.000000 0.000000 
682.474854 157.602112 0.891912 
0.000000 0.000000 0.000000 
18
701.592285 159.024719 0.808266 
666.322510 185.503906 0.815332 
651.575317 197.297836 0.819865 
642.731567 251.698425 0.916286 
660.391418 291.336151 0.858399 
686.795654 181.035065 0.752158 
741.268494 192.780197 0.745507 
805.928467 170.837952 0.749501 
653.079651 248.741257 0.596499 
664.876343 298.655060 0.682467 
653.114929 347.299957 0.599154 
673.571350 242.822052 0.672987 
672.142822 298.694153 0.618577 
653.117249 347.245483 0.741832 
698.642029 156.065186 0.845814 
0.000000 0.000000 0.000000 
685.394226 159.081253 0.894696 
0.000000 0.000000 0.000000 
18
703.050171 160.499496 0.757309 
666.318298 182.644287 0.812708 
650.111328 197.293518 0.783713 
642.732178 253.139359 0.915079 
653.029175 297.205017 0.902772 
686.832153 175.219376 0.649809 
744.156433 192.863251 0.722222 
807.435425 176.693970 0.638791 
653.017761 244.306091 0.540153 
663.370850 297.211792 0.563670 
654.528503 347.248993 0.565816 
672.141479 238.414978 0.604722 
672.121094 292.852264 0.611027 
654.492737 347.205933 0.728727 
700.039551 157.571304 0.863886 
0.000000 0.000000 0.000000 
685.406250 160.555588 0.862614 
0.000000 0.000000 0.000000 
18
701.540955 160.561493 0.780607 
664.782410 182.513275 0.739337 
644.231018 195.819351 0.755290 
641.275330 251.727753 0.932147 
645.722351 297.253204 0.856790 
683.917786 170.785736 0.541234 
686.884888 167.797516 0.163064 
0.000000 0.000000 0.000000 
661.892700 238.394348 0.674167 
666.290039 291.341583 0.835803 
653.080688 347.303375 0.887898 
685.372375 216.355392 0.513156 
745.669250 194.399139 0.739092 
810.363037 184.016663 0.683681 
698.613098 157.626694 0.872326 
0.000000 0.000000 0.000000 
685.341431 160.538391 0.808976 
0.000000 0.000000 0.000000 
18
700.159180 160.505829 0.832200 
663.375061 181.084305 0.742635 
642.746399 194.366348 0.766292 
638.356567 251.686630 0.882866 
641.260925 297.191193 0.873948 
682.437744 169.344788 0.570795 
686.899963 164.901993 0.190399 
0.000000 0.000000 0.000000 
660.417542 236.963898 0.690724 
664.782898 291.395905 0.860225 
653.047363 347.272186 0.896493 
686.830383 214.888016 0.639566 
739.813782 204.622910 0.762051 
797.124817 203.150726 0.730209 
698.592102 157.552200 0.881086 
0.000000 0.000000 0.000000 
683.888672 159.089478 0.813495 
0.000000 0.000000 0.000000 
18
700.066223 159.113983 0.820357 
664.755737 178.131821 0.768619 
642.751038 191.388962 0.778516 
630.999512 248.682358 0.822575 
635.393311 291.400177 0.802922 
685.346436 169.270676 0.648196 
692.744568 169.289200 0.332891 
710.373352 166.388229 0.392870 
658.947754 238.421082 0.733572 
663.386536 294.298492 0.862862 
653.026001 347.280487 0.896668 
688.297852 214.904816 0.732255 
739.814148 209.054825 0.755568 
785.406616 217.865463 0.782840 
697.163025 157.505035 0.800669 
0.000000 0.000000 0.000000 
680.967651 157.629913 0.822692 
0.000000 0.000000 0.000000 
18
698.634583 157.531509 0.883084 
664.759521 175.206161 0.800675 
642.753967 182.636139 0.812842 
629.457397 241.392136 0.888738 
629.491394 286.960388 0.924184 
685.402893 169.329102 0.722068 
698.622681 179.596283 0.389047 
707.404114 172.294434 0.259880 
654.552795 238.438995 0.756541 
661.895996 295.745239 0.838268 
652.981689 347.292664 0.898087 
686.825134 216.389084 0.765669 
735.327698 214.875229 0.814031 
767.703613 236.963928 0.776081 
697.098755 150.212341 0.820363 
0.000000 0.000000 0.000000 
678.050964 153.150192 0.807591 
0.000000 0.000000 0.000000 
18
698.553223 150.245972 0.853313 
663.344727 172.263092 0.831106 
639.868591 182.620316 0.837190 
627.983032 241.415680 0.881594 
627.964172 285.438110 0.840073 
685.386292 166.353088 0.749610 
698.633057 172.323257 0.478241 
714.785095 191.396179 0.644180 
653.088318 239.865433 0.800560 
660.415527 295.766022 0.848470 
652.978149 347.287354 0.910308 
685.344666 217.848984 0.778528 
733.944397 225.180298 0.872005 
736.836365 254.626114 0.757675 
694.214539 147.220108 0.847882 
0.000000 0.000000 0.000000 
676.641296 147.299789 0.891964 
0.000000 0.000000 0.000000 
18
698.579224 145.762329 0.899012 
663.372681 169.390579 0.908596 
639.855835 182.569351 0.874380 
626.571960 239.903107 0.881774 
622.162781 281.079773 0.787697 
685.409729 159.059921 0.811495 
697.111755 176.656265 0.693265 
720.620361 194.336182 0.858238 
653.044739 239.838562 0.819625 
657.445618 295.778748 0.841832 
651.614990 347.272125 0.914936 
682.448059 219.306381 0.787412 
728.014526 231.130341 0.863636 
711.919861 269.316559 0.837054 
695.639893 138.491440 0.816993 
0.000000 0.000000 0.000000 
676.580444 145.730835 0.961779 
0.000000 0.000000 0.000000 
18
697.148438 139.929108 0.886075 
663.339783 169.328323 0.934548 
639.866150 181.096710 0.884444 
626.549988 238.380737 0.841637 
619.279602 278.105255 0.860255 
685.335815 159.037811 0.828474 
695.676514 182.513428 0.838957 
722.083191 204.639282 0.914484 
653.018372 239.845993 0.785684 
654.525635 297.259888 0.887058 
651.573059 347.272400 0.889367 
679.508484 223.702209 0.752492 
720.625244 241.373718 0.892920 
686.889282 284.032013 0.883871 
691.256042 135.489075 0.880777 
0.000000 0.000000 0.000000 
675.118286 139.911728 0.915707 
0.000000 0.000000 0.000000 
18
691.300659 135.508041 0.935187 
663.293579 169.274475 0.923538 
639.844116 181.047394 0.885347 
626.530334 231.061615 0.872956 
620.680725 275.245178 0.856459 
682.427490 157.630203 0.861955 
694.194519 184.081085 0.858328 
722.082520 214.892441 0.886705 
653.007690 239.870773 0.778968 
653.098267 297.237274 0.866289 
651.530884 347.230927 0.888261 
679.508484 228.106934 0.816601 
701.614319 256.113464 0.826841 
666.324829 291.378601 0.664224 
688.279053 132.536224 0.920300 
0.000000 0.000000 0.000000 
673.613220 135.528000 0.961851 
0.000000 0.000000 0.000000 
18
688.356873 133.985748 0.960176 
658.944397 167.888062 0.834370 
639.786438 179.638184 0.860180 
626.586609 229.681778 0.895919 
626.530029 275.094391 0.843273 
676.593567 157.591766 0.926551 
689.854797 191.354034 0.914491 
719.190735 225.201523 0.842309 
651.529236 244.302948 0.772470 
653.088745 298.695221 0.825327 
651.551880 347.236389 0.918702 
675.092468 238.404327 0.779278 
676.608948 275.192291 0.515833 
629.543884 306.073364 0.646787 
686.776001 126.670090 0.920364 
0.000000 0.000000 0.000000 
667.779358 134.050156 0.925518 
0.000000 0.000000 0.000000 
18
686.858765 128.191528 0.937542 
654.542114 167.860474 0.851165 
639.736633 178.152252 0.827613 
628.028381 229.575928 0.907653 
628.090576 273.678925 0.882985 
675.121826 157.558533 0.901038 
688.348267 194.325546 0.962090 
711.876099 231.064743 0.904131 
650.075012 251.596710 0.717559 
651.600403 300.231018 0.845674 
651.598328 348.689880 0.872918 
664.803467 247.230515 0.705688 
641.241638 294.273560 0.715711 
605.949219 316.351501 0.812478 
680.987000 123.759720 0.921635 
0.000000 0.000000 0.000000 
664.794067 132.577301 0.955847 
0.000000 0.000000 0.000000 
18
679.547058 128.137177 0.885049 
653.025635 166.401047 0.873840 
638.289429 175.232910 0.806334 
629.461670 228.173355 0.963149 
630.987305 273.688690 0.884221 
672.126404 157.565857 0.844096 
683.937866 195.783493 0.875222 
701.572021 232.537979 0.857468 
647.171631 247.261169 0.673046 
651.616516 300.253815 0.850613 
651.580261 348.694824 0.856456 
663.318481 242.835541 0.683988 
629.587891 288.383423 0.700352 
594.229187 325.167450 0.832323 
676.518860 123.700615 1.001159 
0.000000 0.000000 0.000000 
661.806824 131.117249 0.878397 
0.000000 0.000000 0.000000 
18
676.526672 126.708908 0.913228 
650.052246 166.391129 0.804281 
633.923706 175.220215 0.805887 
629.478821 228.090576 0.969020 
638.284119 273.717773 0.958135 
663.374817 157.536270 0.890721 
675.065369 198.730392 0.785918 
691.275452 236.988174 0.828706 
639.841125 251.691803 0.716929 
617.692688 288.452057 0.691551 
582.464966 335.427246 0.803882 
654.575012 250.217133 0.737315 
651.618774 303.103821 0.740958 
651.516235 347.232666 0.704330 
673.579651 122.347305 0.940622 
0.000000 0.000000 0.000000 
654.559387 129.618774 0.865505 
0.000000 0.000000 0.000000 
18
672.123718 126.725410 0.868035 
641.290649 166.393936 0.845479 
630.966248 173.729843 0.874757 
628.107117 228.090332 0.945040 
639.792175 272.233521 0.997096 
653.046631 157.564987 0.826850 
664.766357 198.722809 0.759303 
682.438232 234.007980 0.797753 
636.888306 250.190323 0.702560 
651.608276 301.675568 0.651981 
651.496094 348.742737 0.698326 
651.512451 245.793732 0.674089 
651.557861 300.168213 0.357581 
650.102661 345.802185 0.403098 
664.864990 123.704941 0.940024 
0.000000 0.000000 0.000000 
651.569397 129.632965 0.881042 
0.000000 0.000000 0.000000 
18
664.809265 128.189835 0.908279 
632.471741 164.906586 0.780551 
629.574036 170.775055 0.874744 
628.100220 223.738663 0.862164 
641.238403 266.348083 0.927336 
638.308044 159.051651 0.633742 
653.007080 201.636536 0.729820 
672.159790 229.592346 0.811675 
636.877930 250.213181 0.687802 
651.500549 300.173462 0.829225 
650.068604 348.722168 0.840550 
619.230225 245.784500 0.583670 
600.113098 295.772186 0.802420 
579.498535 344.298615 0.844431 
663.251648 123.716316 0.973636 
0.000000 0.000000 0.000000 
645.719666 128.189880 0.868808 
0.000000 0.000000 0.000000 
18
661.851013 131.082794 0.882082 
623.630920 160.559280 0.818390 
629.514648 169.373123 0.904362 
629.560547 220.798935 0.796308 
641.328613 264.950287 0.883230 
616.257751 157.547928 0.747828 
639.839294 206.109573 0.539836 
657.466797 228.196747 0.779024 
620.681274 251.634689 0.702996 
648.646667 298.736389 0.861372 
648.637512 348.722351 0.822354 
604.499817 244.303329 0.737841 
592.834045 297.228394 0.906026 
578.059814 345.739624 0.850864 
655.987732 123.773819 0.912933 
0.000000 0.000000 0.000000 
641.268799 131.064514 0.924129 
0.000000 0.000000 0.000000 
18
653.062439 131.096512 0.877922 
617.709839 159.079163 0.923831 
628.039001 167.873947 0.890316 
629.559326 219.363571 0.837776 
642.744629 264.881165 0.831660 
606.001099 156.093506 0.833537 
616.245178 184.068466 0.054671 
0.000000 0.000000 0.000000 
617.734009 247.257217 0.729593 
645.671997 298.652740 0.839931 
642.761292 350.181641 0.862526 
595.742554 241.381577 0.770887 
592.758301 291.366852 0.882461 
578.078735 344.317749 0.839991 
651.546509 123.774391 0.975754 
0.000000 0.000000 0.000000 
638.301392 128.142334 0.874310 
0.000000 0.000000 0.000000 
18
651.561951 126.692856 0.839764 
613.370605 157.604172 0.896241 
622.185059 163.435303 0.802951 
629.491272 217.820343 0.969921 
644.224121 261.943329 0.871038 
603.062805 154.604385 0.801941 
594.246460 198.764755 0.063769 
0.000000 0.000000 0.000000 
616.223877 242.877151 0.754095 
639.859131 292.841156 0.864305 
641.279602 356.022522 0.902102 
592.806763 239.919617 0.811518 
592.689880 289.944550 0.876236 
578.052673 345.694641 0.826877 
648.642334 122.314331 0.903689 
0.000000 0.000000 0.000000 
632.457275 123.823982 0.914530 
0.000000 0.000000 0.000000 
18
648.625488 125.285332 0.843016 
608.925598 157.495773 0.854186 
617.804871 161.997894 0.863856 
628.076050 216.356155 0.958537 
642.817017 256.068390 0.867313 
598.668396 148.786453 0.744920 
0.000000 0.000000 0.000000 
0.000000 0.000000 0.000000 
613.336914 242.871979 0.736077 
638.299194 298.700378 0.886930 
629.561096 357.530518 0.910488 
592.690918 239.945084 0.771352 
588.376648 295.755524 0.829986 
578.026611 344.275513 0.807310 
642.766052 122.284958 0.911503 
0.000000 0.000000 0.000000 
629.486267 123.773827 0.956433 
0.000000 0.000000 0.000000 
