41
1
18
645.717224 139.905472 0.786703 
605.975952 167.831192 0.870634 
613.324280 176.669022 0.824737 
603.007324 229.649826 0.892532 
630.966553 256.104065 0.925626 
595.732422 157.604843 0.770451 
0.000000 0.000000 0.000000 
0.000000 0.000000 0.000000 
607.461975 257.551086 0.737177 
594.283142 310.433655 0.859406 
591.274536 358.956543 0.805039 
603.013977 254.633560 0.573349 
595.755188 309.018341 0.687071 
594.238220 353.120972 0.639647 
644.209045 134.076965 0.866328 
0.000000 0.000000 0.000000 
629.580566 134.057144 0.929185 
0.000000 0.000000 0.000000 
18
645.692322 139.919510 0.784152 
605.990784 167.833923 0.882738 
611.893433 178.122955 0.829600 
604.472656 229.642624 0.942327 
629.596863 261.960907 0.971777 
597.175049 157.561752 0.763188 
623.624207 184.029221 0.265910 
641.289185 186.981445 0.405388 
606.051575 257.525269 0.733754 
594.277344 310.435120 0.865183 
591.289063 358.943390 0.816845 
603.076599 254.596863 0.584839 
595.736572 308.996674 0.699201 
594.204590 351.640289 0.628345 
644.198547 134.090317 0.866994 
0.000000 0.000000 0.000000 
629.554932 134.055298 0.934190 
0.000000 0.000000 0.000000 
18
645.674194 139.938995 0.791494 
606.021057 167.862061 0.869101 
610.416931 178.173553 0.835117 
604.575500 229.675186 0.950124 
629.560730 264.852417 1.002575 
598.659302 157.572205 0.702344 
625.088318 184.072433 0.385150 
641.271545 188.437195 0.483330 
606.038879 259.008728 0.721780 
594.276978 310.465515 0.876165 
591.292969 358.940582 0.818075 
604.571716 254.638306 0.587143 
595.719727 310.417023 0.736019 
594.182983 351.666107 0.643626 
642.794800 135.451477 0.878640 
0.000000 0.000000 0.000000 
629.531677 134.076721 0.934470 
0.000000 0.000000 0.000000 
18
644.249573 141.372772 0.801747 
606.036194 167.859375 0.868446 
610.387268 178.160095 0.836405 
605.975586 231.129532 0.915830 
628.083801 266.421112 0.949465 
600.119385 157.580093 0.680717 
625.129578 185.516937 0.453544 
641.309937 188.433548 0.541625 
605.970337 259.000122 0.714910 
594.273254 310.468109 0.869844 
592.682739 358.959442 0.822419 
604.543457 254.621002 0.585836 
595.724548 310.420258 0.730342 
592.819458 353.128357 0.645618 
642.788452 135.460220 0.885809 
0.000000 0.000000 0.000000 
629.524536 134.084854 0.935197 
0.000000 0.000000 0.000000 
18
645.676453 141.371613 0.796707 
606.013245 167.853378 0.837970 
610.440735 178.138504 0.822710 
606.042114 231.061920 0.917868 
626.545227 273.689697 0.919399 
597.206238 157.567657 0.690866 
623.609497 182.608200 0.097114 
0.000000 0.000000 0.000000 
605.967773 259.012299 0.711889 
594.272034 310.483765 0.873528 
591.321777 358.962738 0.821885 
603.066284 254.615692 0.595585 
595.705139 310.453857 0.733841 
594.210999 353.106506 0.658483 
642.796936 135.458435 0.875621 
0.000000 0.000000 0.000000 
629.537170 134.078049 0.931565 
0.000000 0.000000 0.000000 
18
647.154236 139.948257 0.787174 
606.045898 167.846466 0.823864 
611.863159 176.704529 0.807292 
607.488342 231.056320 0.876904 
620.740234 273.691284 0.871599 
598.678345 157.574402 0.671093 
622.137268 184.020889 0.133614 
0.000000 0.000000 0.000000 
604.496399 254.624863 0.690277 
594.303955 309.022583 0.860770 
591.316406 358.949310 0.834149 
601.591064 253.114700 0.566536 
595.725281 307.556061 0.698511 
594.197998 351.630005 0.644461 
644.231873 135.459625 0.870228 
0.000000 0.000000 0.000000 
629.590576 134.081223 0.912862 
0.000000 0.000000 0.000000 
18
645.721069 139.940720 0.759965 
607.451050 167.858429 0.813085 
610.428833 176.692856 0.807952 
607.489319 229.671417 0.885058 
617.836182 273.667633 0.908519 
603.036377 157.595947 0.646335 
625.073853 182.597595 0.265379 
639.750549 184.046021 0.312845 
604.518127 254.602127 0.697499 
595.685974 308.983398 0.833750 
591.273926 358.941193 0.808779 
603.071289 253.110870 0.564609 
597.214233 307.508911 0.657476 
592.774475 353.125580 0.657889 
644.231567 135.454788 0.861124 
0.000000 0.000000 0.000000 
630.971558 134.089096 0.903800 
0.000000 0.000000 0.000000 
18
647.161072 139.941971 0.760802 
607.444763 167.847000 0.805475 
613.320862 178.120682 0.809886 
607.457703 229.655197 0.895917 
617.748352 273.658173 0.932971 
600.138672 157.576431 0.662525 
626.554565 182.546173 0.178948 
0.000000 0.000000 0.000000 
604.561096 254.605682 0.703992 
595.752502 308.978760 0.802495 
591.293396 357.567413 0.838091 
603.040833 253.107285 0.567640 
598.642639 306.062073 0.674160 
592.736755 351.644196 0.621617 
645.681030 135.457581 0.859029 
0.000000 0.000000 0.000000 
631.031189 134.070313 0.882510 
0.000000 0.000000 0.000000 
18
648.628845 138.475113 0.737827 
607.492981 167.842667 0.793874 
614.794556 178.113037 0.825118 
607.477112 229.646866 0.879034 
617.781982 270.766357 0.916347 
603.038635 157.576279 0.674811 
628.019104 182.514084 0.207719 
642.762817 181.083252 0.204609 
605.954651 254.613388 0.705217 
601.565735 310.401703 0.788995 
591.283752 357.556641 0.833861 
600.129089 253.100113 0.590174 
597.195618 307.548981 0.715614 
591.252747 350.189423 0.619180 
647.153564 134.082703 0.838551 
0.000000 0.000000 0.000000 
632.487610 134.039322 0.870702 
0.000000 0.000000 0.000000 
18
651.500427 137.050247 0.804122 
608.933289 169.264999 0.778400 
616.246826 178.168915 0.842196 
606.080811 229.653000 0.912087 
617.834717 270.789368 0.902058 
603.054321 157.609985 0.676929 
0.000000 0.000000 0.000000 
0.000000 0.000000 0.000000 
606.040344 258.987396 0.725108 
605.977600 310.417969 0.896913 
589.840942 357.514374 0.846017 
598.659302 254.591644 0.621509 
597.167847 306.062744 0.754547 
586.893127 347.233856 0.627014 
648.659302 134.037781 0.866524 
0.000000 0.000000 0.000000 
633.938354 134.040039 0.871054 
0.000000 0.000000 0.000000 
18
651.566833 142.865051 0.835010 
611.884216 169.327499 0.806676 
616.333984 181.028809 0.860183 
607.507080 229.692261 0.890941 
623.613037 273.695801 0.858939 
604.546326 159.048447 0.727103 
628.006958 185.491928 0.062924 
0.000000 0.000000 0.000000 
607.486877 260.494202 0.697173 
616.349365 310.475616 0.961855 
592.684753 357.507446 0.903603 
597.177063 256.084808 0.639126 
600.096436 304.577515 0.779150 
582.449097 344.312164 0.710158 
650.110535 135.526291 0.887591 
0.000000 0.000000 0.000000 
636.887024 135.543793 0.884973 
0.000000 0.000000 0.000000 
18
651.592224 145.758865 0.833144 
616.224182 172.287827 0.798970 
616.263611 182.597885 0.840311 
611.884644 239.926361 0.865895 
628.090027 276.676880 0.986631 
611.894287 166.366974 0.597218 
629.467896 194.274719 0.112946 
0.000000 0.000000 0.000000 
608.919678 263.390106 0.714808 
625.086243 310.480713 0.900688 
592.797791 357.551392 0.915225 
604.524353 259.017212 0.580303 
608.928589 304.614899 0.749813 
585.419250 342.800812 0.617515 
651.487366 138.436859 0.866096 
0.000000 0.000000 0.000000 
638.335754 142.856812 0.883234 
0.000000 0.000000 0.000000 
18
654.512695 147.342377 0.810318 
617.728638 181.056290 0.818907 
616.291748 189.932465 0.816559 
616.349915 247.231857 0.845977 
639.843384 282.566681 0.887931 
619.243530 170.850967 0.564504 
629.511963 198.706436 0.072382 
0.000000 0.000000 0.000000 
605.951904 261.979767 0.688252 
627.978027 311.979858 0.887427 
592.782715 358.941040 0.844852 
601.596313 254.619553 0.514325 
616.227844 309.009949 0.635323 
591.265625 336.963959 0.467391 
653.000793 144.363602 0.867979 
0.000000 0.000000 0.000000 
639.876953 147.214233 0.967418 
0.000000 0.000000 0.000000 
18
661.807190 147.256760 0.851198 
617.762939 179.568176 0.858941 
622.188354 191.374725 0.772894 
625.105408 242.870605 0.817004 
650.124084 276.733856 0.881126 
608.974121 169.271988 0.713378 
629.529480 186.997192 0.148847 
0.000000 0.000000 0.000000 
608.938354 260.502075 0.669181 
626.571594 311.946381 0.849490 
592.752197 358.947723 0.889066 
595.734192 254.631577 0.634992 
616.233154 308.961334 0.655907 
603.023621 354.554291 0.289937 
657.436462 142.887329 0.824990 
0.000000 0.000000 0.000000 
642.787659 145.799042 0.901698 
0.000000 0.000000 0.000000 
18
663.326233 138.460648 0.830819 
619.282715 169.318558 0.885042 
629.535095 181.083206 0.869385 
628.117554 238.378922 0.867795 
653.090942 267.828918 0.896846 
608.936829 159.038788 0.813310 
622.168701 170.801208 0.066125 
0.000000 0.000000 0.000000 
614.771240 254.614349 0.743755 
619.198792 311.896881 0.905537 
592.749756 358.989227 0.839456 
598.665955 251.632690 0.659745 
616.296509 308.998657 0.649032 
595.754883 356.039337 0.606124 
661.852234 134.058777 0.879457 
0.000000 0.000000 0.000000 
650.060730 135.489471 0.880609 
0.000000 0.000000 0.000000 
18
664.888672 128.176666 0.773635 
625.116028 157.601074 0.909082 
638.305786 166.372864 0.780290 
629.561829 225.197601 0.835049 
654.531311 253.163132 0.929738 
608.956787 150.194641 0.796928 
598.647034 198.752441 0.176363 
0.000000 0.000000 0.000000 
616.306030 244.298645 0.772348 
616.290588 300.254761 0.837481 
594.231628 357.454102 0.791804 
601.601685 239.930832 0.695886 
617.749695 298.758698 0.617503 
598.663879 350.156067 0.528074 
664.774902 122.328430 0.873980 
0.000000 0.000000 0.000000 
652.986450 123.778244 0.961332 
0.000000 0.000000 0.000000 
18
672.141968 123.716049 0.875638 
628.021423 150.226746 0.886229 
639.842651 159.037918 0.887103 
629.462708 216.434799 0.930978 
654.555969 239.923706 0.992436 
613.373596 144.349457 0.811677 
595.734375 189.930664 0.351198 
633.929565 204.605209 0.105315 
617.712036 241.375214 0.815562 
619.270020 298.713531 0.894192 
595.751831 351.653534 0.776973 
603.063782 238.387344 0.672847 
622.157593 297.211670 0.508460 
604.541199 345.811737 0.537891 
667.762695 117.844551 0.828352 
0.000000 0.000000 0.000000 
653.101563 119.350685 0.920873 
0.000000 0.000000 0.000000 
18
673.634094 123.805740 0.873009 
628.099609 153.128662 0.868167 
641.218994 159.082733 0.886899 
628.078857 217.818939 0.924952 
655.994141 239.827759 0.958240 
616.252747 145.749329 0.842015 
605.983032 194.328690 0.221558 
0.000000 0.000000 0.000000 
617.774170 242.828888 0.790700 
626.532959 298.736267 0.893555 
598.645142 348.727753 0.780409 
604.478638 238.446381 0.707174 
625.105713 297.225067 0.480477 
0.000000 0.000000 0.000000 
670.673218 120.773399 0.848024 
0.000000 0.000000 0.000000 
654.528015 122.223190 0.917130 
0.000000 0.000000 0.000000 
18
673.621094 131.118500 0.774148 
628.091675 160.518448 0.874737 
639.785706 169.368179 0.875062 
627.975891 228.118637 0.921838 
658.909485 241.425476 0.922841 
616.310669 154.594818 0.793973 
600.112244 195.786118 0.264149 
0.000000 0.000000 0.000000 
622.154419 251.698715 0.732458 
627.998535 303.152618 0.851648 
595.771240 356.033112 0.775183 
607.480103 248.737061 0.636074 
622.190491 300.181213 0.636256 
607.479309 350.160889 0.627121 
670.699829 123.804199 0.840038 
0.000000 0.000000 0.000000 
655.999329 129.625290 0.862188 
0.000000 0.000000 0.000000 
18
673.650696 141.395477 0.810287 
629.530334 170.820557 0.921545 
639.814880 181.070007 0.875916 
628.044861 232.580963 0.888414 
660.404297 253.087616 0.923585 
617.833496 163.454117 0.805280 
608.925415 217.813690 0.169928 
0.000000 0.000000 0.000000 
619.207397 254.621338 0.698572 
631.029663 310.417938 0.884450 
595.714600 357.443634 0.863188 
604.542480 251.615936 0.735734 
622.199402 300.222473 0.544812 
605.976196 351.656067 0.350639 
670.690308 135.485703 0.867710 
0.000000 0.000000 0.000000 
655.963440 136.999832 0.884503 
0.000000 0.000000 0.000000 
18
675.071472 139.912033 0.838608 
630.988464 170.752243 0.925889 
641.264893 179.638138 0.889245 
629.545959 234.000458 0.855427 
661.879700 259.004150 0.930892 
619.247009 160.563583 0.831816 
603.022766 203.168411 0.345677 
647.175537 223.726242 0.283586 
620.702942 253.097733 0.681116 
631.041321 309.001160 0.891798 
597.214661 356.049744 0.851785 
604.582703 248.705429 0.740102 
623.612671 297.254822 0.472557 
610.422241 297.239960 0.478180 
672.174072 134.079315 0.887189 
0.000000 0.000000 0.000000 
657.453613 135.558823 0.891907 
0.000000 0.000000 0.000000 
18
675.143982 129.646820 0.753517 
633.931946 159.077881 0.894429 
645.718384 169.335617 0.846137 
631.003113 223.735794 0.836799 
655.971436 257.568481 0.819794 
619.218079 150.253403 0.836623 
604.474854 194.340027 0.488471 
0.000000 0.000000 0.000000 
626.569946 242.860794 0.696725 
626.588135 300.257965 0.826600 
597.176514 354.540131 0.754788 
607.447754 239.865601 0.717272 
617.803528 298.652313 0.702974 
606.060303 348.695801 0.607698 
675.048767 123.740875 0.856448 
0.000000 0.000000 0.000000 
663.332764 123.828438 0.930896 
0.000000 0.000000 0.000000 
18
679.500977 123.725189 0.848691 
638.288452 148.739532 0.879706 
651.491455 157.601151 0.857564 
630.993408 213.422394 0.840595 
653.021912 247.227188 0.857302 
620.712097 141.404587 0.801297 
603.062500 185.492050 0.428015 
653.042297 209.017288 0.530430 
627.985352 238.388962 0.685603 
627.990845 294.283844 0.809318 
603.074890 347.273499 0.786888 
607.455933 229.624832 0.703310 
619.238159 288.396454 0.603887 
607.522705 345.725952 0.548062 
678.034851 116.410492 0.838654 
0.000000 0.000000 0.000000 
664.836243 114.955620 0.909196 
0.000000 0.000000 0.000000 
18
681.003784 122.326889 0.843137 
639.738098 145.836136 0.943324 
651.598816 154.613876 0.855804 
631.011658 207.577866 0.809606 
653.121460 239.959045 0.920238 
622.163635 136.965057 0.823527 
604.568787 182.594742 0.467594 
653.086365 203.150360 0.530399 
628.012085 234.002090 0.709394 
628.095520 291.384399 0.889322 
604.564148 345.738251 0.921722 
607.479126 228.131546 0.723891 
617.769775 283.978363 0.473558 
604.551270 286.921692 0.577677 
679.537598 114.933807 0.822466 
0.000000 0.000000 0.000000 
666.299744 113.455704 0.895664 
0.000000 0.000000 0.000000 
18
685.361023 123.795204 0.788837 
639.758606 150.194138 0.883824 
651.529724 159.026047 0.865499 
630.964722 214.918488 0.853366 
655.990967 241.393799 0.886203 
626.555847 142.833435 0.790726 
604.571167 184.066940 0.451342 
653.066406 204.675735 0.729970 
628.084045 239.867615 0.699274 
628.062378 294.286865 0.855847 
604.547058 345.820465 0.920605 
608.946838 231.099167 0.665360 
619.243958 278.154114 0.403249 
598.644165 287.021027 0.633845 
683.895264 120.771400 0.813049 
0.000000 0.000000 0.000000 
669.240906 120.788727 0.873226 
0.000000 0.000000 0.000000 
18
682.428711 136.973068 0.676048 
636.892456 161.991150 0.866678 
648.643494 170.846008 0.810061 
631.031738 228.079483 0.882201 
663.255920 251.682251 0.928794 
622.174744 154.631927 0.789951 
603.028870 194.354416 0.555440 
0.000000 0.000000 0.000000 
628.054565 250.205200 0.695971 
628.003845 301.687653 0.868220 
603.004578 348.699097 0.855959 
607.485413 241.375153 0.705541 
617.798462 282.556488 0.467074 
595.751953 291.382507 0.584972 
680.957581 133.965958 0.764313 
0.000000 0.000000 0.000000 
667.737061 132.594116 0.895483 
0.000000 0.000000 0.000000 
18
676.638733 147.289078 0.725867 
636.893250 170.768478 0.890858 
645.685364 181.115158 0.820072 
636.890869 235.499573 0.842010 
664.833801 260.446228 0.909194 
625.099670 160.484985 0.807484 
603.017151 198.754944 0.368379 
0.000000 0.000000 0.000000 
629.516724 254.605652 0.690637 
633.963440 306.078949 0.843328 
603.056274 348.690674 0.895007 
610.413269 245.782394 0.635160 
620.715576 286.934845 0.450781 
600.119812 298.682526 0.656513 
676.616577 142.886215 0.783715 
0.000000 0.000000 0.000000 
666.261902 141.381195 0.894304 
0.000000 0.000000 0.000000 
18
678.031494 147.223053 0.689377 
636.891846 167.871170 0.869073 
647.141846 179.597031 0.785337 
639.766724 231.061020 0.928503 
664.897827 253.143723 0.970527 
623.647644 157.601410 0.825421 
601.600220 194.297607 0.483555 
0.000000 0.000000 0.000000 
629.497559 251.703659 0.717261 
631.014343 306.090698 0.884972 
603.054016 348.678436 0.906421 
613.332214 244.331482 0.626078 
620.732056 289.887482 0.474688 
605.962524 298.653625 0.640933 
678.051270 141.413406 0.733301 
0.000000 0.000000 0.000000 
667.734741 138.453415 0.888097 
0.000000 0.000000 0.000000 
18
680.968018 137.026855 0.722323 
638.336914 157.573212 0.932867 
651.612427 166.377869 0.858941 
639.786621 219.301865 0.921028 
664.877747 241.396881 0.947859 
620.679565 148.721878 0.842931 
601.607178 192.875809 0.758935 
611.875427 220.795654 0.158730 
629.507385 239.918137 0.716519 
628.000854 297.235748 0.834276 
603.063293 347.288635 0.807190 
608.917175 234.028992 0.705164 
619.220276 289.907776 0.709720 
607.450378 345.744293 0.564990 
680.993286 132.601685 0.784002 
0.000000 0.000000 0.000000 
669.235229 128.190384 0.852684 
0.000000 0.000000 0.000000 
18
680.996826 135.461975 0.798565 
639.761414 147.292313 0.920458 
653.049622 157.533142 0.893059 
639.796143 209.042419 0.887863 
664.768738 232.532822 0.938232 
622.155640 139.931076 0.793509 
601.584717 184.048630 0.753399 
617.761108 206.061615 0.110975 
629.533020 238.383698 0.728969 
623.645508 289.938141 0.806892 
604.509155 345.749054 0.807842 
613.330811 231.078812 0.656705 
619.276062 288.408661 0.655494 
607.459656 342.795746 0.594726 
685.335999 126.675941 0.781509 
0.000000 0.000000 0.000000 
673.636597 122.242462 0.900840 
0.000000 0.000000 0.000000 
18
680.997559 134.073273 0.755906 
639.810547 145.830109 0.943407 
653.042969 154.601181 0.860680 
639.754456 207.549271 0.879729 
663.392639 228.157135 0.995356 
625.096008 136.989441 0.791796 
603.072144 182.520065 0.633565 
0.000000 0.000000 0.000000 
629.554749 238.419586 0.763111 
623.656921 289.927765 0.815726 
604.561584 342.812805 0.799845 
614.846191 231.079971 0.648080 
620.687317 286.935425 0.540518 
607.503967 336.917999 0.402397 
685.373657 125.233215 0.764016 
0.000000 0.000000 0.000000 
675.101013 120.799019 0.916099 
0.000000 0.000000 0.000000 
18
681.002014 136.987015 0.695468 
639.784058 148.776520 0.908500 
651.578979 158.991547 0.886834 
638.292969 214.889389 0.832172 
663.337219 231.098740 0.925239 
627.997559 142.853622 0.812688 
604.489197 185.513809 0.628364 
0.000000 0.000000 0.000000 
629.523682 239.923553 0.756031 
626.544006 292.841034 0.812819 
604.499939 344.282471 0.836462 
616.232361 236.958115 0.668871 
619.225098 286.984650 0.593205 
607.515015 336.957581 0.381982 
683.944519 132.548325 0.705481 
0.000000 0.000000 0.000000 
675.035156 123.775993 0.936569 
0.000000 0.000000 0.000000 
18
679.523254 147.289230 0.811525 
638.361877 161.957718 0.903325 
650.055298 170.798569 0.850688 
633.962646 226.660492 0.837235 
663.313660 241.329590 0.899410 
626.593811 153.172226 0.819400 
604.502197 192.891953 0.460639 
0.000000 0.000000 0.000000 
628.058838 248.737915 0.730605 
629.464722 300.127563 0.937755 
603.036987 345.822937 0.902643 
611.876038 239.940842 0.688623 
619.201660 286.956543 0.473585 
605.955872 295.789795 0.603229 
682.456909 141.418533 0.771783 
0.000000 0.000000 0.000000 
672.153564 135.504135 0.901862 
0.000000 0.000000 0.000000 
18
676.642822 157.490189 0.715837 
638.308655 170.788452 0.921395 
644.229797 181.108276 0.833083 
632.434692 232.527512 0.794650 
663.284302 253.118225 0.915136 
626.603821 160.507675 0.833284 
604.556213 195.818161 0.433800 
653.027771 217.881577 0.701805 
629.540344 253.137131 0.712803 
636.843811 301.700592 0.838601 
604.482300 345.814270 0.940798 
614.827942 247.262726 0.677108 
623.666809 286.925720 0.511361 
604.476563 300.139587 0.706480 
679.488525 147.330322 0.756800 
0.000000 0.000000 0.000000 
670.673767 145.744690 0.874318 
0.000000 0.000000 0.000000 
18
676.578735 156.117645 0.601731 
636.859863 167.824890 0.869311 
642.814148 179.612686 0.818101 
629.557373 228.185440 0.936425 
656.023560 254.626999 0.901572 
625.138855 156.121765 0.823799 
604.477600 192.833755 0.563764 
0.000000 0.000000 0.000000 
629.575745 248.741104 0.693625 
631.035034 300.261719 0.884818 
604.512024 345.805756 0.941520 
616.277344 242.839874 0.587256 
623.625488 286.934814 0.483944 
603.041138 298.629517 0.678094 
678.085205 147.331985 0.663384 
0.000000 0.000000 0.000000 
672.135315 144.358307 0.901777 
0.000000 0.000000 0.000000 
18
678.036255 147.318909 0.755655 
638.338989 157.523285 0.891866 
647.181824 167.847183 0.812024 
628.039917 217.795471 0.918735 
647.170532 253.075409 0.947556 
626.547791 145.791946 0.831530 
604.485779 186.995773 0.499958 
617.757996 214.862045 0.088681 
629.472473 239.864441 0.722040 
628.013306 294.309906 0.846233 
604.537598 345.740540 0.908796 
617.710388 235.491089 0.589177 
616.326904 286.919586 0.460101 
603.071533 289.933624 0.598005 
682.422424 142.838547 0.693308 
0.000000 0.000000 0.000000 
673.645264 134.054001 0.917782 
0.000000 0.000000 0.000000 
18
682.463257 138.474533 0.657348 
639.789612 147.264771 0.944583 
651.494324 157.547348 0.864888 
627.973938 209.058624 0.896046 
638.348938 250.178650 0.915569 
628.003296 135.554886 0.857648 
600.114258 172.275787 0.641755 
617.721558 203.108826 0.080503 
628.064697 232.549713 0.664200 
626.576538 288.449554 0.829370 
605.966248 342.793976 0.853889 
614.815186 228.105713 0.600925 
619.240601 278.134155 0.343818 
603.078430 286.981201 0.691645 
685.381104 134.007858 0.721630 
0.000000 0.000000 0.000000 
676.512512 125.210266 0.939552 
0.000000 0.000000 0.000000 
18
685.338806 136.986481 0.755974 
639.817749 145.841949 0.952747 
650.119141 156.114594 0.846811 
628.000793 209.048187 0.896547 
629.527527 251.653366 0.980742 
628.074890 135.489136 0.862824 
601.563538 172.322037 0.391019 
0.000000 0.000000 0.000000 
625.132385 228.127731 0.634777 
625.103088 286.958954 0.763969 
604.588196 342.795502 0.851697 
610.406616 219.307800 0.541561 
654.555176 242.830261 0.602043 
604.542114 286.871643 0.772087 
686.796997 132.574890 0.776816 
0.000000 0.000000 0.000000 
676.533142 123.799919 0.947710 
0.000000 0.000000 0.000000 
18
681.016052 145.759598 0.717133 
638.371460 153.134445 0.852942 
647.151672 162.008881 0.785070 
628.096497 216.400772 0.954758 
625.114258 258.997864 0.919986 
628.034790 141.408142 0.810382 
601.574097 184.039948 0.261831 
0.000000 0.000000 0.000000 
625.105042 236.942825 0.607059 
622.151062 292.821533 0.763497 
601.556702 345.677094 0.801335 
607.520447 228.133102 0.543356 
653.061035 247.231827 0.615621 
606.050964 338.392487 0.197341 
685.408081 135.573654 0.758089 
0.000000 0.000000 0.000000 
675.111084 131.116745 0.907083 
0.000000 0.000000 0.000000 
18
679.545288 148.755966 0.692035 
638.285278 163.448776 0.845000 
642.809204 175.202164 0.820245 
628.084961 226.653488 0.920219 
620.713745 269.304657 0.883736 
627.999573 154.606384 0.809677 
603.040771 192.861008 0.259353 
0.000000 0.000000 0.000000 
628.041504 248.722656 0.702723 
626.596924 300.182281 0.826183 
597.213135 347.172394 0.828412 
613.355530 241.372025 0.508467 
619.223083 297.227844 0.479338 
605.987793 344.272400 0.332915 
682.462341 144.364105 0.765706 
0.000000 0.000000 0.000000 
673.589539 138.465790 0.870305 
0.000000 0.000000 0.000000 
18
676.652222 156.046921 0.688407 
636.843689 167.857574 0.863579 
641.323120 179.627960 0.858169 
628.029480 228.176773 0.892317 
626.538391 273.671753 0.829620 
627.997498 157.559677 0.822869 
603.045959 191.390381 0.428176 
642.824646 236.952881 0.146012 
623.646667 245.773499 0.620393 
629.608704 298.672424 0.885242 
600.122131 345.816864 0.874768 
607.498779 236.953766 0.517483 
653.020447 260.468384 0.338223 
0.000000 0.000000 0.000000 
679.518188 147.259033 0.768012 
0.000000 0.000000 0.000000 
669.241638 144.331207 0.887719 
0.000000 0.000000 0.000000 
