49
1
18
533.870300 158.972458 0.912973 
536.909546 170.812912 0.896564 
508.933685 169.397934 0.874113 
491.297455 213.433456 0.819538 
492.808197 234.029861 0.782459 
567.792053 172.316345 0.832784 
580.954285 214.925339 0.925159 
570.701721 229.652145 0.899606 
511.858002 254.612839 0.777235 
504.527435 319.272339 0.785776 
498.627014 369.295349 0.909814 
545.781128 260.464996 0.751541 
535.438232 316.379242 0.834970 
533.913818 361.914856 0.835314 
525.111633 151.674789 0.888775 
535.504517 150.243088 0.849781 
520.728210 145.735718 0.380413 
547.271973 144.294968 0.917227 
18
533.883362 158.972000 0.928774 
538.340027 170.801758 0.880834 
508.979858 169.390182 0.875806 
491.294189 213.430603 0.817329 
495.711884 236.932556 0.778146 
569.191467 172.307236 0.835932 
580.982544 214.931396 0.934937 
570.681519 229.657852 0.885493 
511.902344 253.194992 0.774746 
503.107941 319.271057 0.786768 
498.634949 369.284790 0.913760 
547.164551 257.569183 0.745087 
535.447205 316.352295 0.841700 
533.906189 360.502167 0.839160 
525.128235 151.682251 0.892634 
536.867004 150.239090 0.858683 
520.732971 145.751221 0.347397 
548.645508 144.301559 0.904732 
18
533.869080 157.614868 0.916804 
538.381104 170.799591 0.880217 
510.369141 169.381195 0.879982 
491.346863 211.956863 0.796865 
495.734711 236.950226 0.794794 
569.223022 172.319489 0.842840 
581.019104 214.905273 0.939750 
570.713013 229.644836 0.894303 
511.920563 253.194305 0.771862 
503.117279 319.268433 0.786874 
498.639191 369.263947 0.909878 
547.163574 259.005188 0.750818 
535.437012 316.371704 0.844020 
533.907043 360.474548 0.845644 
525.133728 150.243195 0.888324 
535.493347 150.220581 0.868133 
522.110229 145.741760 0.243821 
548.705566 144.278778 0.892033 
18
533.923279 158.966949 0.934091 
538.399658 170.809250 0.876569 
510.368652 170.737671 0.885703 
492.792786 211.970215 0.791077 
495.705109 235.476746 0.780018 
569.254883 172.309326 0.850626 
581.055603 214.915298 0.942197 
570.786682 229.623688 0.890764 
511.956055 253.187500 0.772601 
504.560059 317.801453 0.780680 
498.642273 369.253632 0.899148 
547.203979 258.999969 0.745599 
535.451416 314.922729 0.849845 
533.902222 360.468109 0.842424 
525.187378 151.696960 0.867866 
536.911926 150.247131 0.840556 
522.137085 145.742096 0.356665 
548.700867 144.300064 0.884995 
18
533.963562 158.984344 0.946444 
539.837463 170.813873 0.872067 
510.385376 170.748032 0.889400 
492.797028 211.973343 0.787540 
494.253021 232.577652 0.783690 
569.283142 172.300446 0.855009 
581.072327 214.911407 0.940950 
572.198792 229.595596 0.901175 
511.975494 254.617401 0.756304 
504.566833 317.847168 0.775224 
498.633789 369.268250 0.897015 
547.205017 260.479462 0.757714 
535.467773 316.363159 0.853115 
533.912109 360.491455 0.841923 
526.602234 153.139526 0.854633 
538.340576 150.255325 0.827293 
522.139587 145.742355 0.357375 
550.165649 144.305862 0.872966 
18
533.981750 159.000488 0.940247 
539.850220 170.805908 0.869141 
510.389221 170.748367 0.882992 
494.267700 211.990494 0.777985 
495.706543 232.540359 0.776823 
569.304443 172.291199 0.857981 
582.423706 214.911041 0.942497 
572.168640 229.600647 0.906611 
511.970734 254.639496 0.747591 
506.010681 317.845276 0.786132 
498.639954 369.266571 0.896433 
547.218994 260.483643 0.749760 
535.473389 316.366821 0.850152 
533.902344 360.498474 0.841906 
526.629944 153.182770 0.842878 
538.375549 151.685165 0.817011 
522.147522 145.779739 0.359562 
551.604004 145.722244 0.877528 
18
533.962891 159.032074 0.920929 
539.864258 170.805618 0.874333 
510.394531 170.747787 0.889566 
494.264465 214.867111 0.797900 
498.644867 231.084183 0.795243 
570.653137 172.284058 0.873392 
582.436523 214.920578 0.944475 
570.765747 229.610352 0.892355 
511.971466 254.582062 0.756790 
506.029297 316.382080 0.782204 
498.636353 369.287811 0.896791 
547.219788 259.004547 0.744563 
535.497375 314.894409 0.854474 
533.899292 360.512726 0.833607 
526.607300 154.627075 0.851638 
536.955017 153.133957 0.812289 
522.143494 145.750565 0.296103 
551.599731 144.342468 0.886339 
18
533.966064 159.029022 0.934060 
539.854675 170.806335 0.874218 
510.382874 170.747208 0.900742 
494.237274 217.832520 0.795402 
510.405670 228.192764 0.732200 
570.655884 172.280411 0.869812 
582.432434 214.910599 0.951558 
570.679077 229.588165 0.905250 
511.924530 256.091278 0.759854 
506.031586 317.805389 0.779488 
498.643585 369.284760 0.904378 
547.180908 260.505127 0.755411 
535.488159 314.897308 0.855990 
533.898010 360.500275 0.841358 
526.601624 154.603592 0.846363 
538.343201 151.707428 0.819781 
522.127441 144.362244 0.250721 
551.586487 144.326965 0.872777 
18
533.985413 159.034836 0.928325 
539.862976 170.784470 0.878869 
510.428345 169.370834 0.900612 
497.209229 207.579239 0.803780 
497.224335 228.097397 0.816504 
569.306152 172.260223 0.872111 
582.445129 214.915833 0.958371 
570.660950 229.612762 0.906374 
511.976044 254.597382 0.767631 
507.464905 316.332336 0.795692 
498.642456 369.281311 0.900513 
547.213379 259.023010 0.753545 
536.867004 314.898407 0.855034 
533.906799 360.506989 0.845043 
526.636597 154.633163 0.845454 
538.373718 153.133743 0.812486 
522.162048 145.731445 0.306417 
551.577087 144.342957 0.870063 
18
533.974426 159.043213 0.925664 
541.304626 170.790787 0.884375 
510.453735 169.372025 0.906696 
497.147949 210.499741 0.793508 
495.740906 229.665329 0.814528 
570.648193 172.282104 0.866754 
582.413025 216.319580 0.988887 
569.215454 231.086151 0.875631 
511.964661 254.580154 0.779961 
507.461731 316.344513 0.795659 
498.632111 369.279816 0.901402 
547.199951 257.547333 0.757797 
535.496094 314.892487 0.862421 
533.882263 360.491943 0.840339 
526.616211 154.644791 0.849123 
538.351746 153.142548 0.811635 
522.155212 145.733902 0.266881 
550.162903 144.305359 0.869667 
18
533.942017 159.053146 0.930940 
541.322083 170.798615 0.882360 
510.473785 169.373093 0.911478 
497.211334 210.483444 0.800305 
495.706360 231.084335 0.822197 
570.655762 172.295029 0.861579 
582.427673 216.312592 0.981804 
569.300476 231.084473 0.899913 
511.984161 253.131073 0.785859 
507.476044 314.896210 0.798865 
498.643585 369.243744 0.890055 
547.219116 256.066437 0.765994 
535.495300 314.868134 0.872893 
533.904297 361.931396 0.840131 
525.198975 154.645813 0.861575 
536.929688 153.160294 0.831886 
522.143005 145.715103 0.212385 
550.162231 144.316040 0.882117 
18
533.940491 159.054016 0.921104 
541.297974 170.799744 0.882004 
510.448608 169.390564 0.907383 
498.618835 210.515503 0.809579 
495.722504 231.074005 0.801115 
570.646667 172.290619 0.870450 
582.446045 214.928909 0.966354 
570.660522 229.653046 0.911600 
513.343201 253.129974 0.783131 
507.466278 314.907776 0.794060 
498.644073 369.243683 0.893373 
547.245483 254.650238 0.755770 
535.490784 314.866669 0.864959 
533.902466 360.482483 0.845215 
526.581787 156.039993 0.863949 
536.924255 153.170914 0.827257 
522.148926 145.749329 0.236081 
550.141724 144.338211 0.887481 
18
533.963501 159.081573 0.919934 
541.305054 170.798416 0.883489 
510.453186 169.381165 0.912444 
498.622620 210.522949 0.809506 
494.265594 231.056641 0.823378 
570.649780 172.300430 0.862536 
582.522827 213.428391 0.911585 
570.741943 228.184296 0.969274 
513.354919 251.686295 0.789622 
507.486084 314.896057 0.800193 
498.633575 369.283417 0.895616 
547.249939 254.605835 0.770282 
535.472412 313.457733 0.882308 
533.914856 360.510651 0.839888 
526.597778 156.071045 0.879495 
538.352295 154.605606 0.827890 
522.148254 145.765945 0.288220 
550.144897 145.722519 0.891149 
18
533.875549 159.087952 0.895968 
541.284058 170.799042 0.886339 
510.470856 169.380524 0.918225 
498.636932 207.597931 0.816464 
492.805084 229.654007 0.837421 
569.291077 172.310883 0.859286 
583.944092 209.030685 0.896697 
572.178467 228.088867 0.932690 
511.976349 253.122787 0.792261 
507.488647 314.915985 0.799004 
498.633026 369.290894 0.897325 
547.223755 254.648178 0.765668 
535.480286 314.863892 0.879311 
533.909668 361.910553 0.847044 
525.133118 156.082993 0.895299 
535.510071 154.622177 0.854055 
522.112671 145.771652 0.149997 
548.717407 145.736359 0.926212 
18
533.873901 159.107269 0.877478 
539.864136 170.803116 0.889949 
510.466888 169.386169 0.921912 
498.622772 207.552612 0.808441 
491.347778 229.575562 0.837929 
569.274902 172.313950 0.863448 
583.980591 207.586670 0.905413 
572.180359 226.635452 0.901406 
511.951233 253.169907 0.796061 
507.483032 316.352356 0.795811 
498.621613 369.280823 0.893117 
547.185181 256.087982 0.761253 
535.475769 314.865326 0.878291 
533.901184 360.507874 0.845686 
525.123962 156.118790 0.893913 
535.495361 154.641479 0.859133 
522.132202 144.338593 0.113980 
548.689148 144.344788 0.924711 
18
532.508362 160.477600 0.867658 
539.860779 170.802124 0.890225 
510.460938 169.394501 0.922720 
498.644073 207.562347 0.804574 
491.349854 228.195557 0.845538 
569.286133 172.304199 0.871304 
583.946655 207.574677 0.917755 
570.765930 225.158249 0.892527 
511.963440 253.178268 0.794427 
507.497192 314.918182 0.806265 
498.629517 369.254639 0.887979 
547.194153 257.529236 0.752841 
535.474976 314.873840 0.876109 
533.898804 360.490417 0.845682 
525.111267 157.490692 0.909474 
535.484314 156.048538 0.867992 
522.147400 144.358795 0.119168 
548.673096 144.353867 0.937439 
18
532.512390 160.505798 0.864157 
539.853577 170.801376 0.890765 
510.450775 170.744781 0.923990 
498.680878 207.601120 0.797676 
492.786743 229.555908 0.830236 
569.289001 172.290039 0.881737 
583.948486 207.581772 0.915081 
570.730286 222.256241 0.882744 
511.975006 253.193542 0.792680 
507.485474 314.904907 0.803570 
498.631439 369.240997 0.886660 
547.208069 256.105804 0.752255 
535.482727 314.878754 0.874793 
533.896362 360.499268 0.840826 
525.110107 157.528122 0.930502 
535.484314 156.073593 0.874343 
522.131042 145.780746 0.126868 
548.651917 145.715546 0.942441 
18
532.471802 160.502563 0.866302 
539.841125 170.799728 0.895048 
510.449280 170.747482 0.926078 
498.687805 207.590378 0.791292 
492.776215 228.167252 0.846867 
569.286011 172.279068 0.887649 
583.931152 207.580154 0.928064 
570.721069 220.800842 0.894771 
511.933502 253.196350 0.803081 
507.482269 316.349915 0.803508 
498.639496 369.232971 0.886139 
547.164307 256.088043 0.754513 
535.482666 314.880249 0.877241 
533.903503 361.914612 0.843156 
523.731262 157.520569 0.936080 
535.452393 156.066910 0.882731 
520.745850 145.782745 0.114131 
548.635864 145.723923 0.954794 
18
532.439636 160.499924 0.852008 
539.831665 170.806992 0.890353 
510.436401 170.744278 0.929112 
498.701080 206.149582 0.808433 
492.781738 228.164490 0.858262 
569.290100 172.309814 0.879245 
583.928284 207.607025 0.923220 
570.714417 220.814484 0.884760 
511.911530 253.179871 0.806212 
507.484161 314.907623 0.801806 
498.644073 369.225159 0.882764 
547.160706 257.531219 0.751657 
535.465332 314.913086 0.870777 
533.894287 360.497101 0.846938 
523.703796 157.508072 0.932880 
535.426453 156.061951 0.870880 
520.695129 145.796387 0.119759 
547.272278 144.356476 0.948925 
18
532.506531 160.526718 0.850441 
539.841064 170.796371 0.890186 
510.451111 170.734116 0.927271 
498.693176 206.154129 0.812395 
491.328186 228.172012 0.865387 
569.288208 172.293488 0.884790 
583.929626 207.605591 0.922629 
570.716980 220.784698 0.876913 
511.939331 254.586304 0.792308 
507.497803 316.347839 0.793215 
498.642273 369.233704 0.884278 
547.178528 257.540314 0.751058 
535.481506 314.904205 0.868941 
533.890198 361.935883 0.837679 
523.749329 157.547897 0.934009 
535.483337 156.084274 0.861038 
520.708679 145.870621 0.163029 
548.630676 144.358002 0.947786 
18
533.889282 160.538239 0.850736 
539.847107 170.788467 0.890934 
510.455536 169.385681 0.928365 
498.687256 206.137482 0.812089 
491.311890 228.151047 0.862708 
569.292786 172.274399 0.891311 
583.917603 207.591858 0.929525 
570.729675 220.775818 0.877614 
511.945557 253.193970 0.791981 
507.501923 316.336426 0.797503 
498.640808 369.245026 0.881091 
547.192993 256.098999 0.756071 
535.487000 314.869659 0.872054 
533.897827 360.502838 0.838871 
525.125305 157.564514 0.922326 
536.865051 156.094910 0.854251 
520.739746 147.209518 0.180544 
548.634033 144.360550 0.946925 
18
533.927185 160.535172 0.858119 
539.866638 170.786392 0.886238 
510.460022 169.386444 0.920911 
498.685699 206.122177 0.803301 
491.334351 228.138626 0.847800 
569.300537 172.259598 0.894509 
582.557007 209.002670 0.922030 
570.691833 220.786469 0.862096 
511.938843 253.161179 0.797716 
507.473511 316.335876 0.796146 
498.638855 369.251251 0.887698 
547.185730 256.070007 0.758758 
535.494141 313.464783 0.867457 
533.887451 361.910767 0.833237 
525.158875 157.569107 0.919891 
536.901001 156.088638 0.852416 
522.120483 147.213257 0.193942 
548.650696 144.324265 0.935393 
18
533.930542 160.546906 0.850921 
539.859802 170.794235 0.888701 
510.454102 170.734116 0.923105 
498.678589 206.145493 0.808357 
491.302002 228.145950 0.851433 
569.301025 172.269302 0.895121 
582.544006 209.038742 0.920158 
569.288269 220.818375 0.854557 
511.926117 254.584381 0.791349 
507.474548 314.919922 0.801994 
498.640350 369.259979 0.889970 
547.176697 257.567413 0.755738 
535.481812 314.885773 0.868815 
533.896912 360.498566 0.842029 
525.165222 157.578766 0.915072 
536.905579 156.106552 0.850474 
522.128601 147.207733 0.203896 
548.664307 144.339264 0.937434 
18
533.930542 160.557892 0.846133 
541.278381 170.794724 0.888571 
510.460358 169.395584 0.926162 
498.678955 207.550354 0.812459 
491.311279 228.183716 0.872388 
569.304932 172.271439 0.895528 
582.539673 209.058563 0.923248 
569.284607 220.804794 0.859832 
511.914581 254.598099 0.795953 
507.482330 314.924164 0.803345 
498.644775 369.246613 0.889996 
547.174072 259.021301 0.758574 
535.496094 314.892700 0.871119 
533.906799 360.498779 0.848611 
525.168518 157.587967 0.906009 
536.904236 156.121719 0.848607 
522.135315 145.873337 0.196187 
548.665649 144.337418 0.930900 
18
533.956787 160.544769 0.863941 
541.285461 170.809738 0.886794 
510.455444 170.755814 0.922444 
498.676971 209.007553 0.813070 
491.293884 229.578812 0.863932 
570.651123 172.283325 0.885391 
582.555054 209.034592 0.912903 
570.717529 219.378403 0.879606 
511.927399 254.616409 0.798766 
507.476074 316.384857 0.802322 
498.641235 369.244507 0.887748 
547.189575 259.019745 0.757410 
535.475220 316.356140 0.868520 
533.934448 361.914734 0.849089 
526.583435 157.575836 0.912197 
536.934387 156.116974 0.852414 
522.199463 147.221497 0.189493 
548.690308 144.362930 0.921388 
18
533.971252 160.553558 0.862215 
541.282104 170.810364 0.884680 
510.463715 170.748260 0.921757 
498.667694 207.582321 0.811931 
489.894104 229.581955 0.868942 
569.303345 172.285416 0.883901 
582.554504 209.032547 0.914843 
570.710510 219.362549 0.887266 
511.931427 254.612305 0.798068 
507.500580 316.382385 0.806785 
498.641052 369.226715 0.879635 
547.188232 258.994995 0.760046 
535.475403 314.920990 0.871372 
533.915466 361.914215 0.844158 
526.597839 157.585205 0.908432 
536.951599 156.123398 0.850143 
522.186646 147.228592 0.201170 
548.701782 145.718399 0.920215 
18
533.980225 160.569077 0.857107 
541.298218 170.809021 0.888346 
510.471344 170.749832 0.921017 
498.679138 207.594788 0.804483 
489.889832 229.575424 0.866529 
570.648560 172.284607 0.887511 
582.564453 209.020706 0.915741 
570.686157 219.354034 0.882846 
511.934784 254.618973 0.798260 
507.484070 317.808746 0.805270 
498.643250 369.227081 0.888033 
547.203491 259.028900 0.762082 
535.466614 316.346924 0.872008 
533.923279 361.921143 0.838426 
526.608704 157.600784 0.896615 
538.343445 157.489609 0.851510 
522.210449 147.228928 0.171728 
548.698608 144.351990 0.921389 
18
534.002930 161.973373 0.851396 
541.303894 170.805878 0.886673 
510.470581 170.755768 0.922019 
498.690857 209.039688 0.804084 
489.889252 229.597504 0.862586 
569.306702 172.274811 0.887941 
582.551758 209.044617 0.911685 
570.657104 219.330139 0.879982 
511.944214 254.635178 0.792116 
507.498688 317.818451 0.807103 
498.639191 369.226898 0.885661 
547.206787 260.459900 0.758135 
535.473267 316.349518 0.871679 
533.919373 360.511566 0.841238 
526.632324 157.622452 0.883167 
538.370605 157.505264 0.851174 
522.236389 147.246002 0.165981 
548.712158 144.335281 0.900886 
18
534.012695 161.961349 0.857024 
541.311462 170.809525 0.883799 
510.481171 170.754486 0.921777 
498.685608 207.577530 0.799879 
489.880310 228.164078 0.852934 
570.651855 172.285660 0.887051 
582.546143 209.066071 0.909120 
569.285095 219.335022 0.874979 
511.936005 254.605118 0.793129 
507.508026 317.807526 0.807805 
498.636169 369.239075 0.887194 
547.199463 259.005310 0.752505 
535.480042 316.342133 0.861918 
533.918640 360.492340 0.847786 
526.646606 157.607941 0.889404 
538.388977 157.493896 0.851260 
522.237244 147.249344 0.179479 
550.111084 144.337784 0.896523 
18
533.997681 161.957382 0.859958 
541.327393 170.805832 0.882759 
510.492432 170.753174 0.922063 
498.688507 209.007416 0.793314 
489.897400 228.157883 0.856126 
570.658569 172.275742 0.891806 
582.546631 209.066467 0.912825 
569.252014 219.342331 0.862053 
511.950806 254.603729 0.787638 
508.900726 317.812439 0.808924 
498.650452 369.237640 0.887022 
547.211487 259.001831 0.747562 
535.488831 316.338348 0.860183 
533.912170 360.492706 0.846545 
526.634216 157.604263 0.886540 
538.365662 157.497162 0.856987 
522.246277 147.220016 0.142022 
550.115173 144.339767 0.894206 
18
533.978210 161.965576 0.853072 
542.747314 170.810654 0.888278 
511.839447 170.752365 0.924247 
498.697998 207.569458 0.797574 
491.320740 228.119888 0.842831 
570.672363 172.283890 0.893503 
582.563171 209.048233 0.909257 
569.274841 219.306274 0.877128 
511.968750 254.589706 0.780837 
507.505646 317.799591 0.797140 
498.643524 369.249908 0.891140 
547.223633 259.015350 0.746319 
535.485718 316.356537 0.856314 
533.908447 361.912750 0.841958 
526.616943 157.611984 0.865568 
536.950928 157.503677 0.855444 
523.586121 145.848328 0.101926 
550.122986 144.355606 0.898472 
18
533.977356 160.554916 0.857785 
542.755371 170.808319 0.887905 
511.838287 170.750473 0.923792 
498.717102 206.139816 0.801652 
492.793152 228.107941 0.827752 
570.680237 172.288437 0.891160 
582.561584 209.041443 0.912615 
569.265869 219.323273 0.874560 
511.970734 253.171387 0.787119 
507.513855 317.800110 0.799849 
498.635956 369.266998 0.895225 
547.222778 257.548615 0.747472 
535.502441 316.330231 0.853505 
533.905212 361.918427 0.839395 
526.623840 157.579544 0.874074 
536.950134 156.126831 0.846259 
522.247742 145.829697 0.120699 
550.125793 144.352234 0.895030 
18
533.963318 160.531723 0.864813 
542.774719 170.803391 0.891618 
511.849945 170.737183 0.930903 
498.727600 206.152863 0.808843 
492.811615 228.099243 0.837344 
570.692688 172.301132 0.881502 
582.535400 210.483047 0.907343 
569.253296 219.326614 0.869254 
511.981598 253.173737 0.789064 
507.510529 316.374023 0.795637 
498.642487 369.240021 0.886367 
547.238525 257.534271 0.740502 
535.501831 314.920380 0.858710 
533.903503 361.942719 0.837167 
526.617004 157.549484 0.875740 
536.944153 156.103424 0.845151 
522.231628 145.780563 0.107357 
550.158386 144.344879 0.879505 
18
533.994202 160.499161 0.866953 
542.786743 170.802750 0.894741 
511.845795 170.747360 0.926164 
500.081482 207.544495 0.795895 
494.267151 228.102615 0.843293 
570.721069 172.294876 0.875353 
582.544128 210.505524 0.899095 
569.297485 219.311554 0.889713 
513.354370 253.127686 0.799631 
508.897522 316.352417 0.803093 
498.641113 369.239258 0.888468 
547.258545 256.081329 0.747717 
535.501892 314.914703 0.857584 
533.899780 361.913086 0.842715 
528.061890 157.517517 0.892196 
538.389099 156.072617 0.821034 
522.259644 145.803375 0.199339 
551.618347 144.335571 0.872749 
18
535.380371 160.481735 0.877716 
542.794556 170.807114 0.892059 
511.847992 170.770508 0.930789 
500.085938 209.044754 0.795218 
495.716705 228.108414 0.853333 
570.716125 172.281830 0.876313 
582.545593 211.957413 0.896428 
569.234619 217.929459 0.887430 
513.380249 253.120941 0.795649 
508.916046 316.343262 0.805154 
498.641296 369.234528 0.882890 
548.636780 256.072540 0.735162 
536.870605 314.895294 0.859011 
533.909424 360.503998 0.846854 
528.103821 157.503159 0.890518 
539.852783 154.654373 0.809948 
522.250000 145.824265 0.249009 
553.057739 144.298035 0.869647 
18
535.371704 159.107407 0.891202 
544.194092 170.799286 0.897012 
511.861359 170.754547 0.941323 
500.098022 210.482803 0.796140 
497.137543 228.154984 0.852459 
570.745361 172.268463 0.876897 
582.513733 213.461533 0.900738 
569.236450 217.815353 0.885118 
513.368896 253.139343 0.782086 
508.913269 316.385498 0.797525 
498.643707 369.264832 0.889192 
548.628845 257.527740 0.731174 
535.509155 316.344025 0.847958 
533.917419 360.508698 0.848378 
528.103943 157.483856 0.877560 
539.828735 154.626038 0.805567 
522.271362 145.805817 0.209924 
553.052795 144.277161 0.865819 
18
535.373596 159.093536 0.909557 
544.204041 170.799042 0.899084 
511.872742 170.748596 0.941927 
500.118042 209.048401 0.805092 
494.262634 229.616333 0.794226 
570.751404 172.263840 0.876566 
582.497986 214.937485 0.941018 
564.816528 216.387756 0.836511 
513.348572 253.155914 0.776848 
508.915192 316.365997 0.803681 
498.649353 369.272766 0.885367 
547.267029 258.992798 0.737762 
536.904541 316.339600 0.851548 
533.897583 361.919617 0.834889 
528.100403 156.116364 0.866782 
539.831543 153.184875 0.798544 
522.228577 145.861649 0.220110 
554.503296 144.314026 0.886721 
18
535.395996 159.093292 0.910201 
544.230408 170.812637 0.908257 
511.890930 170.731216 0.949674 
500.134277 210.501450 0.838286 
492.793457 231.129517 0.744058 
570.760132 172.278015 0.850127 
582.466492 216.432541 0.980651 
560.446045 213.441071 0.813933 
511.965759 253.157654 0.772998 
508.914673 317.802704 0.801365 
498.642487 369.274048 0.883073 
547.250000 257.571716 0.739102 
536.879395 316.339264 0.845165 
533.896240 360.492554 0.829626 
529.561157 156.108521 0.860158 
541.290405 154.588882 0.796557 
522.269897 145.791641 0.195927 
554.545837 144.285629 0.887398 
18
535.395508 159.032074 0.931173 
544.250244 170.812347 0.923587 
511.899719 169.378052 0.948896 
500.105347 211.954529 0.842936 
494.241791 232.576370 0.731586 
570.767761 172.311539 0.847131 
582.418396 217.890076 0.976285 
557.484009 207.570770 0.863065 
511.955627 253.161560 0.778888 
508.935089 316.382477 0.808364 
498.633820 369.282684 0.886167 
547.241943 258.996216 0.755150 
536.895203 316.365753 0.853829 
533.908691 360.508698 0.841724 
530.982849 154.635880 0.831824 
541.291809 151.678726 0.798309 
522.267029 145.722855 0.212971 
555.960205 142.867203 0.893328 
18
535.415771 159.002396 0.935280 
544.255798 170.825760 0.930904 
511.900452 169.390701 0.951322 
500.131714 211.951004 0.847861 
494.232117 232.545059 0.821700 
570.785339 172.311325 0.844552 
581.018616 220.788757 0.944733 
556.005371 206.085602 0.887428 
511.986420 253.186417 0.786484 
508.956665 316.378540 0.822219 
498.642639 369.286560 0.889105 
547.257507 259.019653 0.762333 
536.878174 316.363342 0.860741 
533.908813 360.490387 0.851746 
531.036560 154.588669 0.817887 
541.312317 150.248657 0.803873 
523.602661 144.342545 0.199534 
555.961304 142.887543 0.906451 
18
535.432495 158.985291 0.925797 
544.233582 170.835342 0.919404 
511.897888 169.373444 0.939487 
500.129700 211.958237 0.819514 
495.690094 229.604538 0.861581 
570.766052 172.299530 0.841226 
580.946594 225.177002 0.911074 
550.100891 206.066818 0.854464 
511.980377 256.069000 0.773138 
508.977783 317.834442 0.824927 
498.637573 369.292358 0.883622 
547.274170 261.949432 0.776464 
536.907898 317.800537 0.855339 
533.902466 360.457123 0.853528 
532.443298 153.144485 0.814893 
542.757507 150.225769 0.817160 
523.598450 144.309036 0.216548 
555.991272 144.280823 0.921655 
18
535.423157 158.989456 0.929776 
544.210449 170.814651 0.916981 
511.890625 169.354691 0.927414 
500.142090 210.480896 0.786587 
498.596100 228.100342 0.735681 
570.742310 172.280365 0.839865 
579.524048 225.224548 0.906736 
545.773132 204.666779 0.906096 
513.343872 256.054993 0.773285 
508.975250 317.831726 0.816081 
498.653198 369.258331 0.877648 
547.262634 261.940918 0.789512 
536.932251 316.351105 0.841956 
533.903625 360.477509 0.841673 
532.438843 153.143845 0.819176 
542.744507 150.223221 0.815909 
523.582642 144.274063 0.178902 
555.991943 142.861023 0.904116 
18
535.423340 158.977997 0.941393 
544.247192 170.804245 0.924748 
511.940369 169.347626 0.922838 
501.580811 206.133820 0.776699 
498.618286 228.128494 0.800787 
570.774780 172.263031 0.839013 
579.470764 226.613205 0.887994 
542.753967 204.642273 0.904453 
511.980255 254.596451 0.786503 
508.959137 317.831879 0.820274 
498.638580 369.238861 0.867988 
547.248779 260.478394 0.779503 
536.934631 316.360321 0.844029 
533.922180 360.439087 0.858747 
532.447510 153.128448 0.828089 
541.336365 150.192429 0.830107 
523.593933 142.854370 0.146516 
556.004578 141.398865 0.894298 
18
535.409180 157.637253 0.939126 
545.630066 170.798431 0.924391 
513.359497 169.348923 0.902085 
501.596222 210.483017 0.704522 
498.658203 229.613815 0.827130 
570.790894 172.262772 0.840482 
576.585876 225.218155 0.862315 
538.377991 206.055862 0.921026 
513.357483 254.627487 0.774585 
508.957336 317.832977 0.823870 
498.640930 369.248596 0.877100 
547.252197 260.475464 0.784534 
536.903748 317.801849 0.842354 
533.912354 360.458160 0.851226 
532.432068 151.693069 0.809664 
541.315430 148.800827 0.826950 
523.587280 141.394852 0.118942 
556.002991 141.413742 0.890957 
18
535.397095 158.976959 0.950500 
544.261902 170.786118 0.923180 
513.345825 169.320648 0.893374 
500.148193 210.497253 0.678012 
498.706970 229.595688 0.736397 
570.790161 172.268112 0.838204 
575.099426 225.204620 0.872940 
536.899719 206.101044 0.932531 
511.976410 254.611542 0.780953 
508.924774 319.272186 0.806366 
498.649475 369.255249 0.877166 
547.242615 260.500885 0.787525 
536.908508 317.826843 0.841446 
533.926636 360.494537 0.844598 
531.038391 151.700104 0.805419 
541.305603 150.199905 0.824294 
522.264526 141.388016 0.111262 
556.003723 141.391418 0.882979 
18
535.366089 158.991943 0.964457 
545.642212 170.757065 0.926701 
513.385986 169.286514 0.896051 
501.591583 209.059860 0.630382 
500.173859 228.164841 0.714568 
572.161560 170.881927 0.844958 
572.183411 225.194656 0.911690 
535.459473 206.133408 0.944243 
513.367554 253.147949 0.793662 
508.929749 317.821503 0.814451 
498.653564 369.233307 0.870785 
547.252258 259.005859 0.774959 
536.892822 316.377289 0.841211 
533.928528 360.475922 0.853040 
530.989258 151.708649 0.803249 
539.835449 150.210266 0.831112 
522.217468 142.867706 0.080527 
555.977844 139.952057 0.870107 
18
534.020874 158.991440 0.967664 
545.648499 170.748856 0.928383 
513.417603 169.291824 0.886213 
500.100098 206.145706 0.645703 
501.627380 226.673141 0.733795 
572.153809 170.869781 0.851345 
570.786133 223.741318 0.919152 
534.015564 206.139297 0.932510 
513.406433 251.709549 0.802090 
508.942230 316.375885 0.818868 
498.642670 369.259705 0.877409 
548.632385 257.530273 0.766879 
536.904663 316.358582 0.841786 
533.941162 360.488556 0.850969 
529.552185 151.710449 0.798404 
538.397644 150.223892 0.835358 
522.210876 142.899231 0.068673 
555.966553 141.382599 0.870548 
18
534.014343 158.983841 0.970470 
545.636841 169.388168 0.924924 
513.396362 169.303543 0.891718 
500.187958 209.040009 0.633260 
503.118561 228.096680 0.622066 
570.785645 170.820404 0.863389 
570.777771 223.737122 0.913279 
533.947754 207.567307 0.909642 
513.404541 253.110535 0.792597 
508.937836 317.802887 0.822812 
498.650909 369.244293 0.874648 
547.269775 257.565216 0.768580 
536.913147 316.369568 0.842132 
533.942627 360.496796 0.853205 
529.520752 151.693985 0.799138 
538.378723 150.203308 0.844543 
522.172058 144.310028 0.059778 
555.953369 139.934296 0.864092 
18
535.355530 158.993027 0.964550 
545.635132 169.390457 0.921537 
513.362976 169.336945 0.895803 
500.172058 210.477631 0.625155 
501.656586 228.184708 0.656841 
572.156860 170.816544 0.863758 
570.771179 223.723923 0.918733 
533.962708 207.599503 0.897169 
514.825439 253.094986 0.790870 
508.939209 316.360626 0.815086 
498.634155 369.238403 0.860638 
548.638306 257.557709 0.765090 
536.935303 316.355286 0.822663 
533.928955 359.028351 0.876050 
529.516479 151.710144 0.801215 
538.398315 150.201401 0.838023 
522.154053 144.308395 0.077311 
554.559143 139.921463 0.857151 
