21
1
18
510.344147 163.450943 0.896677 
507.471313 194.274551 0.898970 
479.567841 192.895309 0.882937 
475.192139 236.972809 0.907150 
476.567841 267.873260 0.905540 
532.491028 194.319885 0.873421 
535.503784 234.007080 0.868660 
535.464355 267.872223 0.913604 
489.901031 264.881134 0.809205 
494.269257 310.477417 0.856789 
497.156616 356.029572 0.832975 
522.129211 264.886017 0.825248 
514.865906 310.494385 0.807767 
513.415222 357.456696 0.859728 
500.220856 157.634781 0.960498 
513.357849 157.629379 0.956593 
494.246063 159.022934 0.821584 
522.184265 159.044449 0.821731 
18
510.372040 164.923325 0.913327 
508.922333 192.919571 0.917146 
479.579376 192.865051 0.885711 
476.596863 236.985565 0.907929 
476.633881 267.851807 0.911473 
533.942871 194.299316 0.917334 
536.902344 234.025162 0.858358 
535.506592 269.303436 0.902956 
492.813049 264.862518 0.785298 
495.751068 310.463837 0.855839 
497.158722 355.997742 0.813967 
522.194092 264.868652 0.857772 
516.334351 310.480713 0.811300 
513.412170 356.058105 0.850919 
501.606812 158.987228 0.961174 
513.398926 159.005783 0.956911 
495.733521 159.048569 0.797004 
522.225525 159.100433 0.826197 
18
510.395905 166.372070 0.923331 
508.973633 192.872284 0.924462 
482.492249 192.832993 0.875963 
476.643646 236.958160 0.893333 
476.638489 266.412109 0.911621 
533.962402 194.261612 0.920173 
538.353943 234.004181 0.837461 
538.375061 270.752075 0.884925 
495.712616 263.440094 0.809201 
497.165161 310.437195 0.850945 
497.164978 356.023285 0.820917 
523.594849 263.470215 0.873995 
519.213196 310.466217 0.810259 
513.412537 356.055328 0.856318 
501.646851 159.007416 0.946378 
513.428101 159.038818 0.937969 
497.153259 159.027405 0.787959 
523.615784 159.111816 0.820597 
18
510.422424 166.396286 0.932837 
510.365082 192.854080 0.925953 
483.978180 192.846725 0.882446 
476.667328 236.961334 0.877290 
476.585022 266.387939 0.919970 
533.990112 192.882843 0.924764 
538.380554 232.549286 0.840956 
539.812073 270.755249 0.874212 
497.138550 263.453217 0.820674 
497.202637 310.457855 0.859362 
497.159973 356.010773 0.809928 
523.637634 263.475311 0.873506 
519.255066 310.509064 0.818977 
513.415833 356.075470 0.861838 
503.061035 159.025925 0.932451 
514.832153 159.047028 0.932840 
497.180084 159.046432 0.784702 
523.658447 159.095535 0.829551 
18
510.435944 166.376007 0.932789 
510.402252 192.890533 0.931736 
485.413605 192.857727 0.896172 
476.654053 235.514999 0.875803 
476.567902 266.373230 0.934112 
534.018311 194.306458 0.918609 
539.826294 234.016235 0.826746 
539.831726 270.781769 0.880828 
495.751251 263.458252 0.818317 
497.191162 310.453857 0.856508 
497.182037 353.111572 0.821978 
523.648132 263.482361 0.880944 
520.658630 310.505249 0.826500 
513.427307 356.075836 0.862209 
503.088745 159.012848 0.927873 
514.861450 159.029831 0.927276 
497.209106 159.041290 0.755031 
523.720520 159.097305 0.849734 
18
510.469879 164.907516 0.932501 
510.428711 192.850830 0.937605 
485.432953 192.830170 0.892633 
476.656891 235.479172 0.871295 
475.211273 266.345245 0.945920 
535.391357 192.904617 0.920802 
539.860168 232.583435 0.826178 
539.826111 270.781494 0.875185 
497.150604 264.869202 0.815529 
497.198456 310.499146 0.870833 
497.179993 353.104248 0.819334 
523.678162 264.871094 0.870600 
520.665588 311.887451 0.834200 
513.424622 357.455841 0.875079 
504.527130 158.973770 0.917307 
516.312500 158.981003 0.920590 
498.578888 159.044342 0.764613 
525.126160 159.074615 0.855774 
18
510.486206 163.472717 0.934453 
510.437256 192.855942 0.938957 
485.458252 192.839020 0.904324 
476.672241 234.041245 0.864046 
475.210022 264.958099 0.952484 
535.385864 192.897491 0.916647 
539.844971 231.135757 0.833117 
539.844666 269.328796 0.875453 
495.748047 264.874512 0.809659 
497.189941 311.921783 0.868033 
497.172760 354.580414 0.814081 
523.653503 264.877472 0.869868 
519.250854 311.922272 0.825443 
513.402344 357.443939 0.857986 
504.546356 157.630997 0.915828 
516.339966 157.635300 0.918029 
497.228241 159.047180 0.778368 
525.129883 159.067322 0.851229 
18
510.482666 163.463882 0.931798 
510.389923 192.914917 0.929743 
485.380737 194.263428 0.897679 
476.678009 238.414520 0.892592 
475.180359 264.979706 0.938031 
535.371582 192.903564 0.918707 
538.395264 234.001068 0.826526 
539.835083 270.767822 0.870860 
495.713898 264.909454 0.809334 
497.177887 311.974640 0.867767 
497.174927 356.028564 0.820435 
523.649536 264.922363 0.859495 
517.803162 311.980255 0.822597 
513.403992 357.494324 0.870671 
504.531799 157.633072 0.911310 
516.330261 157.633682 0.920983 
497.206940 159.087097 0.807876 
523.729126 159.091675 0.842998 
18
510.451294 169.252747 0.982213 
510.349182 197.242767 0.875947 
483.971069 195.810776 0.864982 
476.693298 239.936081 0.936541 
475.205780 272.262634 0.901295 
533.972717 197.302597 0.848700 
536.950439 239.881821 0.874620 
539.847778 275.144562 0.901384 
492.817657 267.834167 0.785346 
497.175140 313.426483 0.846709 
497.153381 356.050446 0.816683 
523.624329 267.866089 0.831859 
519.221985 313.438446 0.789826 
513.397644 357.465881 0.858110 
504.524078 160.484650 0.880457 
516.311340 160.559769 0.884989 
498.578735 164.901703 0.760105 
523.713562 167.837646 0.821745 
18
510.413483 172.306992 0.941093 
510.394073 206.054001 0.923204 
485.458344 204.621460 0.903124 
476.674927 245.804077 0.877141 
475.161133 278.183380 0.920779 
533.993469 206.150421 0.916890 
536.952332 250.214279 0.848769 
541.291443 284.023865 0.871414 
494.241241 275.224396 0.794291 
497.178558 320.792877 0.864030 
497.137390 356.075684 0.810044 
523.634827 276.614716 0.869383 
520.664246 322.194336 0.792645 
513.375610 357.504944 0.872127 
503.052155 169.317520 0.923383 
514.816711 169.328400 0.935569 
497.170685 170.881882 0.809747 
523.613281 172.257156 0.845998 
18
510.401886 176.692093 0.915451 
510.372192 209.028595 0.876415 
485.418182 206.166656 0.869505 
478.092773 250.209427 0.876114 
475.191772 285.422455 0.909642 
533.984192 213.442276 0.878159 
538.367859 251.653595 0.873171 
544.213013 284.026672 0.870734 
495.690338 276.712341 0.798075 
497.159271 322.224060 0.863038 
497.174408 357.469513 0.826528 
523.656921 276.732635 0.841214 
519.267883 322.205536 0.777122 
511.958618 357.478577 0.874177 
501.658783 170.782608 0.929530 
513.415405 170.803421 0.953166 
497.166779 173.781830 0.776594 
522.228943 175.234940 0.796332 
18
510.392822 164.914978 0.910707 
508.955261 194.381668 0.895250 
482.489594 194.335510 0.875426 
476.588684 239.857590 0.914231 
475.170776 272.266846 0.897506 
533.938721 195.800751 0.866484 
544.198059 232.583099 0.834497 
545.667725 263.478058 0.904413 
491.306366 267.858795 0.768580 
491.349274 313.438599 0.815069 
497.179626 356.015106 0.825040 
523.600769 266.414246 0.814842 
520.674072 313.392151 0.826683 
511.969635 357.487427 0.884729 
501.625458 159.006607 0.937223 
513.423523 159.016205 0.940626 
495.702087 163.435745 0.739157 
522.254517 163.464706 0.743816 
18
510.451385 145.722702 0.994547 
508.947906 179.589386 0.883398 
482.512146 179.614471 0.841585 
475.173523 217.923767 0.893034 
475.058868 251.644836 0.889758 
533.905945 178.169312 0.853257 
542.786072 216.341171 0.890765 
545.703308 242.855927 0.891019 
489.848022 253.176025 0.816207 
491.315857 308.972198 0.826606 
492.777283 357.519135 0.840234 
523.597961 253.132462 0.849029 
519.270264 304.584808 0.811637 
516.291260 353.106079 0.797574 
501.633575 138.460983 0.889414 
513.393005 136.995529 0.915131 
494.252075 145.854584 0.818394 
522.228943 145.743515 0.499095 
18
510.439972 132.566315 0.969675 
508.987030 166.360382 0.874960 
482.518707 166.388245 0.821134 
475.138123 206.153137 0.915293 
473.646271 241.364960 0.925611 
533.985168 164.943466 0.877043 
541.319702 203.173141 0.857958 
547.117126 231.136597 0.884988 
489.893921 239.903152 0.789119 
491.339966 291.378448 0.792530 
494.230682 342.805450 0.744858 
523.626892 239.883850 0.836744 
520.690430 289.904602 0.800980 
513.406433 335.429352 0.815251 
501.655304 125.224297 0.897101 
513.418213 125.203682 0.924150 
495.739746 132.592438 0.822339 
522.245361 132.557144 0.767102 
18
510.484314 125.223244 0.967339 
508.958221 160.540588 0.900820 
479.566925 160.553833 0.851323 
475.125153 207.534576 0.893493 
472.171570 239.952438 0.890482 
535.378113 160.525208 0.916037 
541.290161 203.111450 0.834963 
547.128967 231.090103 0.907868 
489.883820 236.985168 0.782640 
497.147766 286.877716 0.828710 
497.189117 323.686249 0.788289 
523.712463 235.493652 0.790607 
520.731995 281.057343 0.721938 
511.921539 314.874664 0.731838 
503.058075 122.268669 0.923942 
514.862305 122.231499 0.917212 
495.735168 125.258476 0.827995 
523.624390 123.833374 0.791434 
18
510.459839 128.164780 0.928211 
510.363464 166.369095 0.879986 
482.490753 166.390610 0.828737 
475.169891 207.586792 0.896066 
470.725647 241.314301 0.902327 
535.394531 166.409439 0.886621 
541.303894 206.148148 0.830381 
545.733826 238.459167 0.875028 
491.325989 239.873611 0.798793 
495.698456 286.890228 0.813966 
497.226044 322.250916 0.763070 
523.669861 239.844330 0.827266 
520.670593 283.986023 0.715654 
511.912872 319.271240 0.755285 
501.659149 123.708107 0.921633 
514.850708 122.347305 0.921311 
495.730377 129.615509 0.807284 
523.614319 126.716682 0.757881 
18
511.847626 135.558640 0.980342 
510.404907 170.812683 0.935961 
485.417053 170.841309 0.894825 
476.610504 216.345779 0.923832 
472.226257 247.266876 0.851110 
535.367859 170.761475 0.922636 
541.301147 214.883423 0.838278 
545.700989 245.776535 0.811996 
491.311584 247.250229 0.758330 
497.132996 298.763550 0.810757 
498.601837 344.304504 0.729689 
523.644348 245.792191 0.792187 
519.262512 298.694244 0.796210 
513.377625 339.876068 0.750338 
503.076202 133.989853 0.905436 
514.867798 132.570831 0.890420 
495.735352 138.446854 0.787570 
523.604492 135.559998 0.612726 
18
511.902893 156.085266 0.965325 
510.400177 186.954987 0.879035 
485.379456 185.529175 0.829097 
476.591339 231.052933 0.926192 
473.637238 263.472198 0.906883 
535.371704 188.424744 0.865821 
541.318359 228.078537 0.878814 
544.207520 260.504120 0.796437 
492.799652 260.496002 0.767989 
497.185974 310.466309 0.852783 
498.617706 353.132416 0.808920 
523.631042 260.495911 0.825296 
519.262939 310.415375 0.812697 
516.296570 353.092682 0.786437 
506.014465 148.769852 0.865368 
517.789551 147.356323 0.911716 
497.183746 157.524185 0.838220 
523.699097 154.599701 0.525345 
18
511.909271 170.858612 0.979385 
510.414337 204.619980 0.927824 
486.854828 203.168762 0.861409 
478.109680 245.804657 0.841440 
476.550598 278.159149 0.895822 
533.993958 206.035110 0.925483 
541.290283 244.319839 0.788326 
539.860107 281.090424 0.805830 
494.240112 275.221130 0.779791 
497.199432 320.787292 0.826309 
498.682892 356.037720 0.860464 
523.642944 276.615326 0.868146 
520.702454 320.761230 0.764336 
513.434143 354.581451 0.787058 
507.501373 169.239594 0.898702 
519.246582 169.268707 0.910860 
498.636871 170.808853 0.834684 
523.725464 170.867859 0.652934 
18
511.951538 181.027817 0.980586 
510.471497 216.308060 0.937376 
486.888306 214.906372 0.913104 
478.104095 253.208786 0.884299 
476.656982 288.362213 0.919951 
535.413086 216.404388 0.959857 
541.296509 254.652496 0.824033 
544.183716 288.360657 0.919604 
497.153656 281.076019 0.801641 
497.181732 323.663208 0.794953 
498.704681 356.041626 0.843380 
523.700195 283.999573 0.841800 
520.686584 323.701111 0.731474 
513.357422 354.560974 0.784538 
508.922211 173.722580 0.888541 
520.682434 173.715668 0.909943 
498.660645 181.053070 0.879000 
525.148376 181.056091 0.758077 
18
511.978119 178.128464 0.945334 
510.497406 209.037262 0.899016 
486.967682 207.567200 0.890599 
482.509094 251.607773 0.826260 
479.544342 286.887543 0.876817 
535.393921 213.453629 0.902264 
539.847107 253.118896 0.860200 
541.307495 286.962158 0.916989 
497.185699 279.610657 0.813729 
497.185883 322.295288 0.821101 
498.691315 356.044830 0.847439 
523.713135 282.523865 0.814003 
520.683105 323.727722 0.763399 
513.357422 354.579254 0.777423 
510.347931 170.824768 0.962123 
520.715698 170.858856 0.958021 
500.079407 176.683182 0.831846 
525.142090 178.165771 0.723946 
