23
1
18
510.416748 156.091141 0.959101 
508.958862 182.632843 0.902273 
483.977539 182.571823 0.887151 
478.058807 226.654160 0.862689 
478.085999 256.077454 0.888723 
532.501343 184.062683 0.851625 
535.488647 226.615829 0.912038 
533.880127 258.989136 0.876962 
494.244873 254.598312 0.774310 
498.634644 300.237061 0.882955 
498.708649 342.833557 0.895254 
522.152161 254.580902 0.820632 
517.775024 300.226379 0.798607 
520.728088 344.258026 0.846270 
503.077332 147.339462 0.904532 
513.427734 148.737457 0.913191 
497.207275 150.195404 0.803819 
522.257996 153.137115 0.853765 
18
510.421112 156.096985 0.966463 
508.979523 182.643204 0.906647 
485.396271 182.582230 0.893858 
476.694824 226.628525 0.851811 
478.091125 256.072937 0.881502 
533.879089 184.071945 0.860082 
535.491150 226.638809 0.919596 
533.883057 259.020752 0.882958 
494.258362 254.598648 0.777280 
498.630432 300.239594 0.884248 
498.709808 342.831085 0.898811 
522.164978 254.590027 0.817480 
517.757263 300.238617 0.803486 
520.751160 344.240631 0.848479 
503.075409 147.347809 0.903451 
513.430664 148.735840 0.915359 
497.211426 150.220840 0.793866 
523.599731 153.136673 0.842925 
18
510.431366 156.099106 0.969702 
508.977112 184.016327 0.901318 
485.401276 182.593918 0.892887 
476.695404 226.636368 0.860485 
478.075867 256.067657 0.896235 
533.875916 185.498520 0.851225 
535.487549 226.659897 0.923846 
533.916138 260.456055 0.895982 
494.231049 254.618271 0.774968 
498.615479 301.635162 0.874629 
498.701141 342.832947 0.899347 
522.147766 254.616104 0.808087 
517.756775 300.261475 0.802988 
520.748169 344.255951 0.852943 
503.089203 147.349976 0.900189 
514.821899 148.738541 0.915533 
497.213226 150.213028 0.807373 
522.256592 151.714584 0.833208 
18
510.438019 156.111801 0.975507 
508.967651 184.019196 0.897823 
485.382965 182.587051 0.892390 
476.675629 226.650436 0.874777 
476.679138 256.055176 0.917889 
533.872925 185.513016 0.845566 
535.501038 226.642456 0.912122 
533.989990 260.446136 0.900066 
494.274994 254.584473 0.790779 
498.607452 300.182037 0.890563 
498.704956 342.804321 0.898262 
522.183105 254.582230 0.822734 
517.760376 300.183472 0.818093 
520.750488 344.246674 0.849357 
503.098999 147.356277 0.895162 
514.836121 148.754868 0.909391 
497.214081 150.219620 0.806981 
523.606567 153.153671 0.838192 
18
510.441193 156.109131 0.976309 
508.961884 184.036133 0.892699 
483.984924 182.608459 0.885473 
476.655151 226.688797 0.893206 
476.635864 256.085907 0.916947 
533.878662 185.522354 0.843090 
535.513611 226.688660 0.911034 
535.368713 260.456848 0.903140 
494.245148 254.611511 0.789133 
498.610657 300.184662 0.889924 
498.693848 342.794556 0.896144 
522.180542 254.591980 0.824768 
519.214661 300.180298 0.816375 
520.742981 342.838043 0.844355 
503.103485 147.353226 0.896075 
514.846252 148.760574 0.909025 
497.212952 150.221634 0.804237 
523.605957 153.178650 0.825655 
18
510.428833 156.089493 0.967578 
508.953705 184.027069 0.893671 
483.974670 182.629150 0.879017 
476.626648 226.689774 0.904829 
476.587921 256.102356 0.922558 
533.877502 184.082748 0.860680 
535.512573 226.693481 0.920983 
535.457031 260.455292 0.906035 
494.267029 254.597366 0.791665 
498.610504 300.170837 0.887891 
498.696747 342.783600 0.895936 
522.205994 253.199326 0.845375 
519.226379 300.158203 0.835404 
520.742310 342.837769 0.839321 
503.086365 147.334000 0.905347 
514.828186 148.735931 0.917367 
497.196259 148.807236 0.804774 
522.257141 153.142822 0.821281 
18
510.396057 156.074860 0.947025 
508.964172 184.051819 0.890442 
483.986267 184.043442 0.871899 
476.640686 226.695908 0.911730 
476.577545 256.101166 0.904738 
533.884033 184.075012 0.868159 
535.485596 225.178024 0.895565 
539.830505 253.124664 0.852833 
495.691803 253.164658 0.813888 
498.605988 300.136139 0.894655 
498.719696 342.792999 0.895505 
522.200073 253.127350 0.891267 
517.795715 298.775269 0.836331 
520.730286 344.232422 0.828542 
501.651733 147.328110 0.919678 
513.405212 147.363022 0.933909 
497.144775 150.222763 0.811244 
522.219849 151.715027 0.830747 
18
510.371033 156.045609 0.922315 
508.944183 184.045441 0.893654 
483.967102 184.058899 0.862404 
476.651703 228.088699 0.920128 
476.582275 256.106842 0.887054 
532.509216 184.058670 0.866174 
538.398926 220.769135 0.842461 
550.127136 250.154251 0.842097 
494.248444 253.144669 0.817323 
498.611328 300.141663 0.905835 
498.727478 342.799652 0.909330 
522.185120 253.100388 0.890296 
516.324951 298.761230 0.830573 
520.722107 344.246582 0.829959 
501.619934 147.310593 0.935968 
513.376831 147.347046 0.945278 
495.736298 150.224258 0.821891 
522.190186 153.129471 0.837192 
18
508.931763 156.041534 0.887375 
508.902466 184.035629 0.886741 
482.513489 184.048203 0.846681 
476.619690 228.096771 0.910035 
476.593536 256.100525 0.880706 
532.498108 184.052261 0.867338 
545.772156 222.255981 0.902029 
567.730225 253.173752 0.812859 
492.784912 253.164139 0.792872 
498.607727 300.128571 0.890297 
498.719421 342.809540 0.906172 
522.166138 253.122971 0.862616 
517.752991 298.758606 0.816343 
520.712952 344.246674 0.822857 
500.206787 147.301483 0.960835 
511.957886 147.345566 0.954702 
495.704742 150.194412 0.787094 
522.156799 153.145767 0.840396 
18
508.902344 156.054001 0.879114 
507.472046 182.633148 0.901892 
482.472931 184.007019 0.854410 
476.596466 228.077118 0.912065 
476.581512 256.047913 0.897581 
532.441101 182.626862 0.877251 
554.548157 216.381927 0.921789 
582.478394 239.849030 0.878312 
492.771271 253.124939 0.787541 
498.609161 300.127686 0.897869 
498.715576 342.815521 0.906680 
522.139404 251.715668 0.856030 
517.775146 298.753113 0.835583 
520.720093 344.257080 0.834155 
500.194366 147.318649 0.955875 
511.927826 147.363785 0.952205 
495.691803 150.213745 0.798557 
522.129395 153.142166 0.834762 
18
507.488617 156.078751 0.877310 
508.899902 182.620560 0.916627 
481.046844 184.012741 0.857894 
476.580963 228.073868 0.902715 
476.556671 256.077240 0.897087 
533.882935 182.599442 0.902326 
557.480225 206.126358 0.935926 
585.426147 214.907196 0.856939 
491.333496 253.130157 0.804202 
498.587372 300.124390 0.894860 
498.718842 342.794891 0.903595 
522.158813 251.714111 0.856472 
517.760681 298.759674 0.829771 
520.738953 344.260040 0.839594 
500.175446 147.338226 0.952748 
511.902100 148.731232 0.952526 
495.702087 150.242599 0.768874 
522.141602 153.152893 0.859650 
18
507.450500 156.096100 0.878264 
508.938873 182.589874 0.929460 
482.481873 184.004242 0.854887 
475.207367 228.062042 0.900684 
475.212128 257.530884 0.889810 
533.932495 182.553818 0.948302 
560.468750 198.763168 0.829147 
585.443237 189.911240 0.841363 
491.321381 253.128967 0.809094 
497.220184 300.122101 0.898753 
498.714844 341.374451 0.900302 
522.168396 251.722397 0.861963 
517.749023 298.764404 0.832316 
520.742676 344.243286 0.841154 
500.155060 147.342438 0.965636 
511.883179 148.739075 0.964060 
495.701782 150.231949 0.714933 
522.148560 154.588409 0.855374 
18
506.040375 156.109634 0.890191 
508.913300 182.532501 0.932635 
482.482483 184.007660 0.854703 
475.209351 228.093628 0.921438 
475.201660 259.010864 0.890556 
533.895264 181.087311 0.918214 
569.274475 191.381546 0.901661 
579.475830 167.833954 0.873290 
491.328430 253.151871 0.815050 
498.597626 300.140564 0.901079 
498.706268 342.825531 0.908771 
522.179688 251.708771 0.869388 
517.778564 298.745026 0.820428 
520.731812 344.254364 0.840650 
500.155029 147.345520 0.964909 
511.871277 148.759079 0.954176 
495.684204 148.797119 0.703450 
522.130066 154.600784 0.817106 
18
506.017883 156.106979 0.895419 
508.930634 182.535980 0.941438 
482.489990 184.056717 0.855572 
476.573120 228.113586 0.923003 
475.189697 257.572235 0.878696 
533.910461 181.050888 0.916341 
572.233093 184.027878 0.898683 
569.163513 158.969894 0.917923 
492.794098 253.150253 0.817827 
498.611664 300.166107 0.894615 
498.718445 342.835205 0.910172 
522.220032 251.709335 0.870101 
517.790710 298.775116 0.819352 
520.734497 344.278839 0.847140 
500.144684 147.352280 0.973121 
511.861786 148.759537 0.959034 
494.273224 150.204071 0.710816 
522.121338 154.610931 0.840906 
18
504.577545 156.109802 0.884284 
508.940582 182.518631 0.935690 
483.928711 184.057327 0.856330 
476.625458 228.117920 0.914776 
476.592834 259.013214 0.862832 
533.916748 179.649033 0.901923 
572.243591 181.076019 0.910219 
558.888245 153.170135 0.889364 
494.261902 253.119461 0.831753 
498.622925 300.139618 0.898512 
498.725403 342.825989 0.915742 
522.223083 251.683624 0.880843 
517.804321 298.766541 0.820970 
520.735291 344.260620 0.848336 
500.128754 147.353210 0.982196 
511.848297 148.781250 0.942263 
494.264587 150.216293 0.709022 
520.738403 156.042282 0.836998 
18
504.522552 156.119919 0.892273 
508.936035 182.547913 0.926680 
482.503113 184.087112 0.846775 
476.647644 228.125504 0.913841 
476.635315 257.572205 0.891345 
533.922058 181.036179 0.900384 
572.214478 179.581573 0.888779 
554.516357 151.687561 0.838200 
495.725342 253.137512 0.830735 
498.630463 300.150879 0.901846 
498.735107 342.817444 0.914637 
522.224670 251.701462 0.877960 
519.214844 298.779388 0.826664 
520.740356 344.256104 0.847808 
500.110779 148.721542 0.970474 
510.478882 150.192841 0.928253 
492.801086 150.244629 0.741971 
519.272400 156.078079 0.801253 
18
503.068390 157.482544 0.915335 
507.504883 182.550217 0.923922 
482.496063 184.087265 0.853540 
476.661285 228.106400 0.905915 
476.667450 257.553894 0.896889 
532.474670 181.048798 0.882650 
570.786621 176.685089 0.908302 
548.685242 151.694672 0.897370 
495.730804 253.156555 0.823031 
498.634918 300.153046 0.908047 
498.721222 342.794983 0.902756 
522.218689 251.718552 0.874289 
519.229126 300.122681 0.832447 
520.733215 344.234344 0.841973 
500.085602 148.740860 0.973281 
510.434418 150.216278 0.918531 
492.761597 151.667709 0.725948 
517.787842 156.083908 0.788532 
18
501.662933 157.486969 0.928231 
507.484833 182.527405 0.923898 
482.477448 184.046860 0.866395 
476.646484 228.100708 0.906611 
476.663513 257.562500 0.893273 
532.456848 181.022949 0.878198 
570.748718 176.707352 0.918073 
548.643738 153.142899 0.895217 
495.734222 253.137070 0.822745 
498.637665 300.145660 0.901301 
498.720001 342.817139 0.907533 
522.217834 251.696381 0.872405 
519.228638 298.762512 0.832938 
520.726196 344.233765 0.837136 
498.737762 148.754395 0.969240 
510.405212 150.217896 0.913085 
491.344391 151.675812 0.690647 
517.759094 156.052963 0.777963 
18
501.668671 157.490570 0.923282 
507.488068 182.528564 0.932422 
481.049316 184.031799 0.873580 
476.616119 228.112930 0.917438 
476.624359 258.994263 0.899631 
532.469238 181.039856 0.887031 
570.768982 178.122162 0.929353 
547.217285 151.697739 0.910344 
495.704163 253.150345 0.816449 
498.610229 298.774750 0.898457 
498.711975 342.789825 0.900593 
522.204956 251.706894 0.865253 
517.791199 298.755615 0.822003 
520.736755 344.235168 0.836415 
498.739563 148.752716 0.964869 
510.408844 150.205109 0.914707 
491.344147 150.246185 0.676338 
517.763000 154.626663 0.747894 
18
501.671722 157.503113 0.925490 
507.463470 182.517838 0.929647 
481.007965 184.037399 0.878214 
476.612518 228.101578 0.921719 
476.626465 258.990234 0.898819 
532.458191 181.022461 0.882545 
570.755859 178.114578 0.925102 
547.209595 153.149597 0.901715 
495.702362 253.135223 0.828685 
498.600769 300.133942 0.889883 
498.718750 342.810181 0.906157 
522.212524 251.688614 0.872126 
517.796387 298.753357 0.825129 
520.727966 342.836487 0.834783 
498.739044 148.772354 0.959212 
510.402863 150.224915 0.913721 
491.342285 151.680878 0.706808 
516.327820 154.646957 0.751170 
18
501.660461 157.533936 0.936702 
507.459045 182.527939 0.926544 
481.004639 184.054794 0.869102 
476.611359 228.110748 0.921456 
476.619202 258.988983 0.891297 
532.456116 181.039566 0.886812 
570.751160 178.158615 0.922268 
547.214905 153.161270 0.906757 
494.268494 253.138184 0.824006 
498.612976 300.147980 0.894306 
498.718536 342.823944 0.906258 
522.206116 251.685852 0.869287 
517.784607 298.756348 0.820520 
520.742126 342.838837 0.837848 
498.727905 148.811249 0.939549 
510.393890 150.255646 0.906437 
491.319977 151.715912 0.701580 
516.328918 154.642838 0.760568 
18
501.659882 157.551910 0.943072 
507.465485 182.519363 0.929830 
481.010651 184.035446 0.875046 
476.606903 228.094559 0.923708 
476.599701 257.547211 0.898883 
532.461914 181.034805 0.885968 
570.739075 179.562256 0.932686 
547.200439 153.169418 0.917357 
494.244720 253.127563 0.819598 
498.610992 300.140686 0.897032 
498.721405 342.811523 0.906150 
522.187805 251.678772 0.860393 
517.769897 298.758850 0.822282 
520.744202 342.837097 0.837601 
498.725525 150.213181 0.935293 
510.394928 151.673492 0.910476 
491.313202 153.131622 0.683233 
516.340332 154.638168 0.755385 
18
501.664734 157.551270 0.942611 
507.462372 182.509216 0.925607 
481.012817 184.013687 0.876459 
476.593140 228.102386 0.925576 
476.597900 258.985657 0.894187 
532.457886 181.025375 0.885226 
570.706299 178.158463 0.936047 
547.177734 153.160431 0.919572 
494.242767 253.122086 0.817807 
498.611450 300.139862 0.898570 
498.723145 342.816132 0.909121 
522.186462 251.666153 0.855325 
517.762939 298.750824 0.823869 
520.743164 342.844299 0.836673 
498.731110 150.206604 0.937943 
510.400818 151.671860 0.913230 
491.319000 151.700012 0.685007 
517.758728 154.620773 0.748471 
