29
1
18
533.976196 147.321457 0.970260 
525.155884 170.802765 0.927366 
497.176086 170.777908 0.906020 
486.927032 219.313965 0.924044 
486.858459 263.425568 0.962074 
557.497375 170.791794 0.936608 
560.466980 219.293411 0.880617 
567.765259 266.421051 0.856411 
508.973114 261.973755 0.778258 
510.366608 316.367981 0.822051 
510.384003 366.366882 0.837361 
544.253967 263.379395 0.781056 
535.400330 317.814880 0.863418 
535.428772 364.870270 0.854701 
525.194824 142.861435 0.873997 
538.366699 142.887878 0.877787 
513.365356 136.958298 0.927146 
545.730469 136.967682 0.278114 
18
533.973694 147.327942 0.968751 
525.169617 170.808655 0.921125 
497.190460 170.785080 0.909717 
486.919525 220.773911 0.904783 
486.835724 263.453369 0.948260 
557.510437 170.798706 0.935582 
560.476868 219.304810 0.879526 
569.170959 267.811188 0.860394 
508.983795 261.971802 0.779933 
510.369080 317.825989 0.832513 
510.366211 367.769653 0.837392 
544.270569 263.378754 0.786595 
535.402466 317.837067 0.870041 
535.416504 364.892975 0.857089 
525.189880 142.867325 0.876354 
538.371582 144.278015 0.879187 
513.369446 136.967834 0.929406 
545.746094 136.990250 0.336340 
18
533.973022 147.331680 0.965234 
525.164795 170.814423 0.922346 
497.179840 170.801559 0.905001 
486.919037 219.346786 0.912629 
486.823822 263.446655 0.934086 
557.510010 170.796997 0.937398 
561.865479 219.322937 0.875331 
569.217957 267.816132 0.868914 
508.981750 261.957397 0.781297 
510.360107 317.820068 0.826126 
510.368866 366.355103 0.836238 
544.254456 263.361359 0.781994 
535.393555 317.815033 0.867162 
535.417908 364.877869 0.854351 
525.192932 142.878693 0.876269 
538.363708 144.280960 0.879573 
513.374756 136.964798 0.933772 
545.731201 136.980515 0.339506 
18
533.976563 147.335724 0.964349 
525.170654 170.814072 0.922161 
497.189026 170.803238 0.909238 
486.921936 219.351303 0.911867 
485.458893 263.464478 0.937860 
557.505615 170.794312 0.939956 
561.884705 219.349960 0.861719 
569.222107 267.863129 0.859092 
508.980530 261.925171 0.775650 
510.379913 316.382904 0.834950 
510.379364 366.358673 0.839420 
544.275574 261.956757 0.781993 
535.401794 316.373993 0.869349 
535.412048 364.863129 0.854774 
525.197693 142.886032 0.876101 
538.371582 144.284073 0.879855 
513.372864 136.964630 0.942545 
545.741699 136.984192 0.359220 
18
533.995483 147.341675 0.961685 
525.173096 170.803574 0.921703 
497.203491 170.796860 0.908766 
486.912415 219.373016 0.906451 
485.441040 263.482239 0.927154 
557.496338 170.779816 0.938913 
561.896667 219.325302 0.860552 
569.235962 267.859619 0.862103 
508.977203 261.911255 0.772205 
510.368195 316.383514 0.829658 
510.387512 366.350616 0.839616 
544.266357 261.944153 0.775613 
535.398865 316.378815 0.866604 
535.415344 364.850281 0.851413 
526.601746 144.278412 0.882466 
538.398376 144.291229 0.877329 
513.389221 136.969849 0.937194 
545.759521 136.978073 0.334367 
18
534.012329 147.323700 0.968738 
525.188965 170.802963 0.916531 
497.212067 170.794601 0.905695 
486.915833 219.353409 0.910245 
485.432068 263.469177 0.922962 
557.512939 170.784668 0.940507 
564.807556 219.309998 0.858325 
569.233215 266.410645 0.869709 
508.974579 261.933716 0.781107 
510.373993 317.798676 0.831477 
510.386505 366.353058 0.837183 
545.643738 261.967041 0.796250 
535.409302 316.355682 0.874224 
535.416260 363.427521 0.849752 
526.624390 142.877792 0.871904 
539.822144 144.279358 0.871772 
513.387390 136.984344 0.935472 
545.772461 137.003494 0.310966 
18
535.377380 147.314117 0.971199 
526.597412 170.788391 0.912484 
498.584900 170.769135 0.913689 
486.913544 219.344910 0.910697 
485.434326 263.428223 0.924924 
557.541260 170.768555 0.930450 
567.753601 217.887482 0.901852 
567.723755 264.854401 0.881673 
510.337128 260.481659 0.779963 
510.378387 316.368011 0.837124 
510.380005 366.327820 0.842249 
545.644836 261.920105 0.786305 
535.392639 317.817902 0.871277 
535.416443 364.882843 0.851881 
528.073364 142.856812 0.864004 
541.280701 142.886932 0.865814 
513.404358 136.979538 0.929575 
545.760559 135.613876 0.233291 
18
535.441956 147.331650 0.956888 
528.053650 170.766388 0.904540 
498.622009 170.756866 0.929736 
486.899567 219.374832 0.896305 
485.449219 263.445953 0.922403 
558.901794 170.736496 0.912841 
569.208435 216.445923 0.951300 
561.863342 263.355591 0.887312 
508.985779 261.924988 0.784615 
510.380554 317.823883 0.840944 
510.376465 366.317352 0.839296 
544.224182 261.966370 0.777644 
535.386047 317.817139 0.881198 
535.423767 364.871307 0.862180 
530.976563 142.849045 0.862904 
542.784424 144.283737 0.886544 
513.429871 136.967941 0.913603 
547.135498 136.967224 0.125899 
18
535.478821 147.357498 0.940257 
528.092224 170.749527 0.900358 
498.632355 170.747986 0.915839 
486.914398 219.323410 0.905522 
486.842072 264.833618 0.944864 
558.930115 169.380280 0.902286 
570.646118 216.382080 0.958878 
557.437988 253.153015 0.860854 
510.367035 261.938751 0.796114 
510.367340 317.815186 0.838085 
510.377167 366.326965 0.831601 
544.239075 263.382538 0.755394 
535.380615 316.385498 0.884705 
535.422241 364.871002 0.862382 
531.023132 142.870529 0.871678 
544.222717 144.306152 0.918436 
514.851624 136.995514 0.886260 
547.192322 137.002350 0.126831 
18
536.878784 148.770905 0.914068 
529.547791 169.366180 0.912538 
498.672119 170.739410 0.929962 
486.915558 219.329544 0.899927 
486.858643 263.421143 0.958730 
558.952759 169.311050 0.891680 
569.297974 216.333710 0.963235 
554.513550 235.499130 0.756101 
510.386505 261.928955 0.799856 
510.357635 319.263947 0.831948 
510.380615 366.335724 0.832353 
545.656189 261.963074 0.780405 
535.374878 317.831390 0.879406 
535.425171 364.862030 0.860632 
532.464478 144.313248 0.904471 
544.274658 144.366684 0.943861 
516.309998 137.040558 0.858682 
548.666016 138.473953 0.097530 
18
538.373474 150.219315 0.868983 
529.524597 169.347260 0.896559 
498.649384 170.746597 0.935673 
486.913940 222.245880 0.893382 
488.367493 264.865387 0.951919 
558.929077 167.880737 0.893275 
570.689392 216.406540 0.977192 
547.186401 214.887024 0.694323 
510.403625 261.976044 0.817589 
510.361084 319.302948 0.849394 
510.373138 366.345245 0.832985 
545.634521 263.368134 0.793249 
535.369568 317.831024 0.878369 
535.415771 364.849335 0.850824 
533.908630 145.741623 0.955245 
545.689392 145.760605 0.972187 
517.789856 138.444275 0.852268 
0.000000 0.000000 0.000000 
18
539.833984 154.612152 0.858949 
529.542480 169.369141 0.907461 
498.676147 170.770279 0.949285 
486.934814 220.778305 0.916818 
489.882019 263.479889 0.941510 
558.899841 169.263504 0.892079 
570.716370 217.837006 0.948336 
551.621826 200.222778 0.794034 
510.399017 261.939484 0.795561 
510.350616 317.850922 0.835237 
510.383820 364.896515 0.829677 
544.226257 261.938568 0.755709 
535.373169 316.370514 0.879528 
535.418518 363.425751 0.854373 
533.985840 145.865448 0.982143 
545.729004 147.233429 0.984259 
520.703003 141.361984 0.881778 
0.000000 0.000000 0.000000 
18
541.278076 157.615997 0.871234 
529.543396 170.758804 0.888611 
498.697906 170.795822 0.933027 
488.325348 220.776093 0.903349 
494.244446 264.854004 0.912512 
558.925110 169.347717 0.909430 
569.293823 217.877350 0.972862 
547.179932 191.379257 0.772502 
510.445404 263.437836 0.807792 
510.346130 319.284424 0.834907 
510.378235 366.329865 0.836052 
545.644104 263.427490 0.793359 
535.383423 317.815247 0.870903 
535.429382 363.428528 0.854261 
534.008606 148.803543 0.900514 
545.772644 148.809860 0.917512 
522.135193 144.355209 0.916963 
0.000000 0.000000 0.000000 
18
539.824219 160.537827 0.841535 
529.525391 170.822388 0.877012 
498.707611 172.262054 0.888684 
488.375732 220.821533 0.883648 
497.199860 264.859253 0.942242 
558.920898 170.767410 0.907736 
569.232300 217.877960 0.944042 
547.212769 191.368088 0.803094 
510.475159 263.461700 0.807237 
510.347290 319.298767 0.834465 
510.377899 366.331482 0.830072 
544.270325 263.428284 0.789087 
535.381165 317.821259 0.867072 
535.429871 364.842377 0.856149 
533.981323 156.090256 0.916876 
545.785034 156.097534 0.929700 
520.749268 147.214615 0.940797 
555.974060 147.313522 0.127618 
18
538.410828 169.273773 0.871460 
531.012329 172.309494 0.845567 
500.105957 175.236176 0.865617 
488.430878 226.612823 0.875811 
498.635529 264.946350 0.958659 
558.954773 172.242279 0.883377 
567.733093 223.700439 0.893401 
547.243469 192.777084 0.788115 
510.498566 263.408264 0.797462 
510.363922 319.262573 0.849156 
510.381927 364.894043 0.830505 
544.196533 263.363068 0.769395 
535.391296 316.331696 0.879601 
535.428833 363.403168 0.863486 
533.990845 159.066666 0.944564 
545.782349 159.062332 0.975806 
522.172546 150.208252 0.896979 
557.381714 153.132584 0.224950 
18
539.839050 173.752396 0.818631 
532.473022 178.133423 0.835120 
500.169739 179.608307 0.871885 
488.420868 228.088852 0.911603 
498.645630 266.354095 0.933601 
559.014709 178.148804 0.833921 
566.278809 229.579910 0.902020 
547.167236 197.287415 0.799279 
510.443359 263.418884 0.787039 
510.371826 319.272430 0.855808 
510.386902 366.330353 0.838442 
542.794312 263.412079 0.764093 
535.391663 316.364044 0.879969 
535.430603 364.856201 0.864539 
535.357544 169.239365 0.933191 
547.164124 169.254578 0.911777 
522.233032 157.512833 0.894614 
557.511292 157.629898 0.329621 
18
538.405090 179.639969 0.848529 
532.485535 179.640213 0.859741 
500.169281 181.049911 0.905235 
488.442871 228.138138 0.917016 
497.195435 266.374695 0.909831 
560.420166 181.032471 0.852529 
561.905334 229.624985 0.912417 
547.159790 204.555939 0.830523 
510.405792 263.363037 0.784501 
510.373322 317.825043 0.838129 
510.379700 366.344940 0.830924 
542.749207 263.381958 0.760959 
535.415100 316.370453 0.871181 
535.426086 364.871643 0.865539 
535.377258 170.810486 0.951621 
547.127380 170.822769 0.910899 
523.597229 159.050415 0.928092 
557.485962 159.110703 0.257895 
18
539.833557 181.089600 0.863051 
533.879883 181.058975 0.886370 
500.191742 181.060883 0.906424 
489.835449 229.546707 0.906623 
497.206909 267.837372 0.890506 
560.472107 181.137253 0.825480 
560.452576 231.130539 0.887011 
547.124329 206.046906 0.851357 
510.425659 261.962952 0.777441 
510.370331 317.803284 0.842456 
510.389801 366.333588 0.837317 
542.782959 263.382660 0.760280 
535.403259 316.365326 0.875693 
535.424377 364.878052 0.866645 
535.432251 172.286438 0.911928 
547.152527 173.725357 0.853667 
523.660339 160.537567 0.896571 
557.521790 162.004242 0.192013 
18
539.836975 181.109955 0.863157 
533.874817 181.067459 0.889544 
500.194122 181.055054 0.903880 
489.824036 228.060806 0.894008 
497.187744 266.360016 0.919190 
560.448975 181.154419 0.821552 
560.441833 232.559525 0.880234 
545.774109 206.054199 0.838902 
510.440308 261.947845 0.776829 
510.364655 316.349640 0.855401 
510.379272 366.325745 0.832049 
544.207092 263.368835 0.769747 
535.411377 314.924072 0.885737 
535.416443 364.851654 0.861180 
535.439453 172.303680 0.910272 
547.157959 173.773712 0.852443 
523.684448 160.555267 0.889251 
557.496460 166.367218 0.175555 
18
541.305847 181.123810 0.857442 
532.513672 181.075333 0.894470 
500.193176 181.047577 0.902784 
488.456818 226.690796 0.897373 
497.200287 266.347900 0.925294 
560.468506 182.498337 0.818893 
560.420044 232.587906 0.881477 
547.125793 206.113663 0.846871 
510.462494 263.358337 0.785740 
510.372559 316.363281 0.860365 
510.382019 366.309448 0.827596 
544.236572 263.394623 0.781757 
535.420715 316.345032 0.881334 
535.409302 364.875885 0.861298 
535.473755 172.322128 0.902941 
547.194824 175.205658 0.832191 
523.693665 161.960876 0.892888 
557.533020 166.372330 0.138421 
18
542.751465 182.538879 0.823381 
533.904724 181.114349 0.910417 
500.223267 181.054245 0.891720 
488.463776 228.086304 0.904341 
497.216370 264.984192 0.934071 
561.895569 182.585434 0.803458 
560.450012 236.953323 0.868011 
547.156128 207.572586 0.846710 
510.475403 263.369110 0.785105 
510.380493 317.823120 0.866362 
510.374664 366.337860 0.838519 
544.253174 263.435333 0.793433 
535.430359 317.804871 0.884688 
535.416992 366.304169 0.867871 
535.505798 175.219513 0.855225 
547.221375 178.159714 0.789535 
523.729004 164.892776 0.848175 
558.924805 167.846848 0.085418 
18
539.863159 185.502640 0.781029 
533.967407 182.544983 0.920932 
501.622040 181.071136 0.877374 
489.816742 228.109039 0.905857 
497.206238 264.983490 0.934949 
563.388916 185.489624 0.764528 
560.456848 236.978134 0.871927 
547.167725 210.500839 0.817818 
510.470673 263.363892 0.785060 
510.387939 317.838226 0.863558 
510.383453 366.324951 0.837178 
544.252991 263.421722 0.796070 
535.431580 317.815887 0.880126 
535.419189 364.894440 0.863582 
535.479431 181.046326 0.910394 
547.196960 181.143387 0.863887 
525.109009 167.803741 0.833567 
557.533142 169.371460 0.173088 
18
542.787598 188.426712 0.788701 
533.984863 182.594040 0.913327 
501.652374 181.088425 0.870236 
489.852997 228.130859 0.898557 
497.161011 266.352509 0.913226 
564.823975 186.973862 0.760234 
560.457153 238.455902 0.889680 
547.186584 213.456055 0.820745 
510.433685 261.953156 0.772695 
510.382965 317.813507 0.860190 
510.379242 366.320099 0.829976 
544.218018 263.409851 0.784459 
535.437866 317.814026 0.880457 
535.420166 366.302032 0.862751 
536.899292 181.135330 0.922713 
547.253113 182.544617 0.886783 
525.114380 169.260788 0.845690 
557.549194 170.777466 0.132510 
18
545.644714 186.972900 0.825302 
533.986206 182.615982 0.908061 
501.666260 181.111771 0.871712 
489.836975 229.544296 0.920925 
497.138550 266.364441 0.903225 
564.814331 186.987625 0.763901 
560.438110 239.835037 0.910106 
547.180542 214.907181 0.855401 
510.450012 261.954620 0.775775 
510.395020 316.383514 0.863841 
510.368652 366.320007 0.829881 
544.227234 263.408173 0.786398 
535.445679 317.805237 0.875156 
535.422241 364.884613 0.862295 
538.370361 181.098312 0.918642 
548.708801 182.505157 0.863530 
525.168396 167.869934 0.821708 
558.983154 169.316971 0.079624 
18
545.678162 185.530899 0.858493 
534.012512 182.640396 0.897910 
503.092834 181.129852 0.864596 
489.864105 229.557663 0.913010 
497.185730 266.362915 0.922831 
564.819031 186.999771 0.759739 
560.452209 239.846786 0.911850 
547.191101 216.321686 0.864274 
510.489716 261.971100 0.769289 
510.397308 317.805206 0.862741 
510.366608 366.343842 0.842130 
544.276794 263.412415 0.791660 
535.443909 317.827942 0.877769 
535.416138 366.322571 0.871210 
538.403564 181.071411 0.907317 
550.134399 181.137680 0.883851 
526.588989 167.868851 0.802814 
558.967957 169.348007 0.086903 
18
545.731689 189.922058 0.866391 
535.390808 184.029800 0.897848 
504.526062 181.152863 0.857963 
489.817871 229.556915 0.941679 
497.218994 264.974701 0.945615 
567.719482 188.467178 0.770562 
560.452209 239.886398 0.922427 
547.229858 216.443542 0.878615 
511.839081 263.361267 0.779067 
510.410645 317.819733 0.876288 
510.374786 366.339783 0.847049 
545.647095 263.401550 0.794107 
535.443298 317.826843 0.880969 
535.416199 366.309418 0.867307 
541.281616 182.513611 0.884638 
551.598450 182.565414 0.842914 
526.637573 169.335190 0.794411 
559.041992 169.296021 0.078211 
18
545.743530 192.818802 0.898699 
535.458374 184.065079 0.882329 
506.033508 181.143738 0.854975 
488.457306 228.168869 0.943940 
497.228821 266.352875 0.937175 
567.793396 191.338531 0.796781 
561.902893 239.934601 0.908468 
547.259216 217.886185 0.872752 
511.833191 263.360901 0.800164 
510.414093 317.821716 0.876920 
510.375275 366.330139 0.843553 
545.651184 263.420410 0.802630 
535.445557 317.831421 0.885915 
535.416077 366.316803 0.873805 
542.737061 184.038208 0.848803 
551.594482 185.480484 0.774991 
531.002930 170.858109 0.788055 
559.032349 173.722885 0.098621 
18
545.777771 194.272430 0.890580 
535.476746 185.519302 0.868588 
507.451263 182.514359 0.858030 
488.459961 229.561249 0.944406 
497.189331 266.398926 0.900624 
569.173950 191.410873 0.826812 
560.462585 241.361618 0.928467 
548.641052 220.794235 0.860450 
510.477234 261.943878 0.806398 
510.401398 316.360474 0.871922 
510.376953 366.322418 0.839630 
545.647644 263.407410 0.803707 
535.438721 316.385773 0.878134 
535.414551 366.308807 0.872355 
542.782104 188.438324 0.807231 
551.621216 189.903702 0.745332 
532.447205 173.762573 0.771879 
559.047668 181.034790 0.123549 
18
547.174683 194.319733 0.913589 
535.495605 188.427979 0.862752 
507.504761 182.598938 0.869015 
489.838715 229.559860 0.949099 
497.137665 266.376862 0.899992 
569.174255 192.812576 0.839182 
561.895142 242.821915 0.896592 
548.663086 226.621017 0.871483 
510.454865 261.961426 0.820168 
510.393341 316.369995 0.864141 
510.373077 366.316895 0.839994 
544.276794 263.461700 0.816319 
535.428284 316.385315 0.887496 
535.411804 366.312439 0.875862 
544.236145 189.888947 0.850236 
554.524170 191.338638 0.790084 
532.488037 175.200119 0.783070 
560.477783 179.617462 0.097559 
18
547.193542 194.333679 0.919226 
536.881165 188.436630 0.862891 
508.936523 182.579727 0.893623 
489.852875 229.558762 0.947909 
497.166687 266.346893 0.919230 
569.194763 192.831696 0.852930 
563.350037 242.850204 0.880606 
548.703857 226.681274 0.880568 
510.451569 261.969574 0.815894 
510.391327 316.334930 0.866285 
510.367615 364.900879 0.840296 
544.252808 264.844055 0.812363 
535.437256 316.341522 0.880372 
535.412720 364.885284 0.875118 
544.263977 189.887665 0.857032 
555.952881 191.353577 0.807804 
533.879272 175.205414 0.796916 
561.911133 181.064270 0.095984 
