75
1
18
544.250549 157.628967 0.927464 
516.330994 197.284225 0.728396 
523.594421 203.162994 0.907739 
523.738586 248.725739 0.862209 
535.450134 276.678436 0.955550 
511.848236 194.315353 0.647862 
0.000000 0.000000 0.000000 
0.000000 0.000000 0.000000 
517.776123 267.864319 0.708274 
513.413025 317.817841 0.750009 
511.901978 360.518066 0.829328 
510.385162 264.906677 0.660727 
514.830444 313.449219 0.670605 
511.937134 354.574219 0.638410 
536.889099 154.592682 0.844391 
0.000000 0.000000 0.000000 
523.646179 159.025650 0.825741 
0.000000 0.000000 0.000000 
18
544.231812 158.984039 0.924903 
516.309692 197.269333 0.749499 
523.597778 203.163483 0.902822 
523.731567 247.277466 0.862164 
535.435303 276.714783 0.957931 
510.458130 194.300125 0.676753 
510.401855 234.029388 0.060829 
0.000000 0.000000 0.000000 
517.796326 267.863922 0.710604 
513.410950 317.844452 0.759579 
511.875977 360.522614 0.832487 
510.373749 264.899170 0.659952 
513.412842 314.865997 0.679570 
511.926117 354.573883 0.634791 
536.883667 154.625275 0.857037 
0.000000 0.000000 0.000000 
523.654175 159.037003 0.845538 
0.000000 0.000000 0.000000 
18
544.237122 158.978943 0.937015 
516.314575 197.267395 0.756653 
523.596130 203.167374 0.901350 
523.723694 248.692108 0.874593 
535.433105 276.739899 0.940303 
510.471985 194.306122 0.689242 
510.404236 234.048035 0.063325 
0.000000 0.000000 0.000000 
517.757629 267.840118 0.713832 
514.819397 314.919678 0.756999 
511.849152 360.501587 0.846855 
510.366333 264.878387 0.661851 
516.298218 312.004028 0.671511 
511.915680 353.120117 0.615654 
536.871460 154.629669 0.869414 
0.000000 0.000000 0.000000 
523.614441 159.050659 0.856964 
0.000000 0.000000 0.000000 
18
544.267029 159.013596 0.951648 
516.318359 197.279999 0.762507 
523.607178 204.553619 0.912331 
523.731873 248.733231 0.867570 
535.437012 278.100250 0.944148 
510.468597 194.308228 0.691742 
508.966003 235.505035 0.062585 
0.000000 0.000000 0.000000 
516.336060 269.280914 0.709606 
514.825684 314.904480 0.740825 
511.854767 360.505737 0.835968 
508.945221 264.890381 0.659336 
514.868652 311.998047 0.658117 
511.928375 353.124176 0.611104 
536.880554 156.051178 0.882660 
0.000000 0.000000 0.000000 
522.225342 159.078430 0.846981 
0.000000 0.000000 0.000000 
18
545.634033 159.000046 0.964284 
516.306885 197.300842 0.760824 
523.604797 204.579056 0.915555 
523.716858 248.745758 0.875374 
535.439392 278.111420 0.940880 
510.455017 194.308945 0.683501 
0.000000 0.000000 0.000000 
0.000000 0.000000 0.000000 
516.286255 267.849945 0.715851 
514.859070 313.443939 0.741950 
511.865997 360.494995 0.858765 
508.936249 264.878235 0.643928 
517.765076 311.923737 0.659650 
511.958679 353.093628 0.614300 
536.895935 156.037979 0.880596 
0.000000 0.000000 0.000000 
522.246094 159.084732 0.845027 
0.000000 0.000000 0.000000 
18
545.654236 158.971390 0.974062 
517.767517 197.301697 0.759590 
523.643311 204.576263 0.924464 
523.706116 248.700562 0.872103 
535.384460 278.104462 0.958579 
510.474274 194.321854 0.685733 
506.015961 238.402664 0.064296 
0.000000 0.000000 0.000000 
516.295349 269.283264 0.706546 
516.312744 314.875000 0.699184 
511.864777 360.496124 0.823016 
507.473755 264.901154 0.651656 
516.297180 311.960175 0.672692 
511.934662 354.571045 0.633047 
536.905945 154.624207 0.875840 
0.000000 0.000000 0.000000 
522.239807 159.077057 0.843680 
0.000000 0.000000 0.000000 
18
545.656067 159.014053 0.975092 
520.674194 195.849091 0.756050 
523.648926 204.543854 0.924114 
523.700378 248.723679 0.890367 
533.967285 278.167206 0.985334 
511.955994 192.897827 0.649671 
0.000000 0.000000 0.000000 
0.000000 0.000000 0.000000 
517.793396 269.306458 0.699101 
516.303467 316.367584 0.699113 
511.897095 360.489075 0.834441 
510.436981 264.924866 0.635543 
519.246887 311.996948 0.657291 
511.924042 354.589966 0.638222 
536.906006 156.055374 0.884879 
0.000000 0.000000 0.000000 
522.247803 159.079086 0.851136 
0.000000 0.000000 0.000000 
18
545.665955 158.981979 0.983715 
522.193359 197.296265 0.762408 
523.638733 204.604843 0.932632 
523.677734 248.720596 0.893846 
533.889099 279.592621 0.992669 
519.264282 194.284622 0.601694 
533.937744 239.895248 0.128799 
0.000000 0.000000 0.000000 
519.245056 269.284424 0.722489 
514.877380 319.272095 0.721420 
511.901306 360.488129 0.849410 
517.782410 266.348297 0.596412 
519.254578 313.463470 0.673398 
511.897034 356.021851 0.652324 
536.906677 154.639145 0.874268 
0.000000 0.000000 0.000000 
522.250427 159.090744 0.854450 
0.000000 0.000000 0.000000 
18
545.688171 157.616470 0.985826 
522.241821 197.256653 0.751203 
523.650818 203.174316 0.905151 
523.683411 250.155121 0.898611 
532.432800 282.519897 0.948490 
522.165588 192.880402 0.594178 
533.967468 239.825958 0.109931 
0.000000 0.000000 0.000000 
520.697998 266.392120 0.741300 
514.836792 317.839355 0.739159 
511.919586 360.477448 0.828002 
523.672974 264.896484 0.595948 
520.721252 314.890198 0.688214 
511.941101 356.038330 0.669775 
536.918030 154.590836 0.866086 
0.000000 0.000000 0.000000 
523.602966 159.065231 0.845493 
0.000000 0.000000 0.000000 
18
545.783752 158.979568 0.983860 
523.681885 195.827301 0.749753 
523.682251 203.134369 0.868327 
523.678894 250.188034 0.871129 
531.027588 286.917053 0.973102 
525.118103 192.868240 0.599382 
535.351318 239.949524 0.207294 
0.000000 0.000000 0.000000 
522.170227 267.829071 0.745768 
514.862244 317.846588 0.734710 
511.893616 360.510010 0.839641 
531.023560 264.893402 0.632716 
522.197998 314.908478 0.721457 
513.345337 356.043488 0.641114 
541.283997 154.625473 0.838920 
0.000000 0.000000 0.000000 
523.738770 159.038696 0.832090 
0.000000 0.000000 0.000000 
18
547.200378 158.981750 0.977387 
525.184021 198.716980 0.721286 
526.582520 204.553284 0.811481 
525.111633 251.630096 0.810418 
532.439270 286.981689 0.943940 
529.546936 195.774368 0.629816 
535.438293 241.397171 0.455115 
547.170959 263.354065 0.722521 
520.738525 270.772339 0.720640 
520.682129 314.899017 0.696337 
511.901733 360.506866 0.841989 
529.515137 266.376038 0.589628 
523.716431 312.005524 0.740093 
513.393311 353.103149 0.602273 
544.206604 154.651077 0.870160 
0.000000 0.000000 0.000000 
526.636597 159.086212 0.807446 
0.000000 0.000000 0.000000 
18
548.703674 159.037064 0.950371 
526.627258 201.655090 0.718344 
532.466980 204.642960 0.839083 
531.043457 251.691193 0.763130 
533.977539 289.900330 0.970274 
525.113098 195.830826 0.623844 
535.408386 250.143616 0.285364 
548.633911 263.368744 0.612859 
523.730164 275.178802 0.749035 
522.122192 322.256256 0.744892 
511.880554 363.413391 0.809446 
522.196289 270.781067 0.570752 
523.605469 320.720795 0.711484 
514.833252 356.024078 0.615775 
545.683167 156.083664 0.923109 
0.000000 0.000000 0.000000 
529.557068 160.495804 0.794797 
0.000000 0.000000 0.000000 
18
554.518555 159.090286 0.909215 
531.017578 203.167740 0.700012 
535.385376 206.118195 0.884591 
535.415100 253.173874 0.843750 
538.383850 292.844818 0.922343 
523.717285 198.716354 0.586691 
0.000000 0.000000 0.000000 
0.000000 0.000000 0.000000 
525.119751 276.614777 0.734102 
523.713501 322.189636 0.734705 
510.484863 361.934723 0.805745 
522.158813 273.680176 0.577357 
526.591980 319.275024 0.669230 
514.875183 353.090271 0.620188 
547.189026 157.503342 0.898842 
0.000000 0.000000 0.000000 
533.987915 160.509354 0.792640 
0.000000 0.000000 0.000000 
18
557.434326 163.440308 0.916606 
532.513794 203.145828 0.732152 
536.901733 206.109756 0.874233 
542.752441 259.001404 0.770214 
547.252136 297.233734 0.885395 
523.724426 197.275452 0.619674 
0.000000 0.000000 0.000000 
0.000000 0.000000 0.000000 
525.166260 276.616821 0.731024 
523.721313 322.289978 0.791483 
511.840118 366.341309 0.827089 
517.786133 272.238495 0.610608 
530.994446 319.276672 0.581701 
523.622253 353.115051 0.760784 
550.112488 159.030701 0.927271 
0.000000 0.000000 0.000000 
535.491150 164.913712 0.784478 
0.000000 0.000000 0.000000 
18
558.948425 160.510315 0.887603 
534.014771 204.587570 0.796005 
539.876465 207.567917 0.826475 
547.219299 259.027557 0.821067 
558.942200 297.236969 0.906288 
526.580688 198.740448 0.625628 
0.000000 0.000000 0.000000 
0.000000 0.000000 0.000000 
531.019897 276.664734 0.721016 
526.617310 322.271637 0.806485 
511.898743 364.849640 0.840635 
522.155579 272.262543 0.645830 
547.180603 311.950500 0.665501 
529.565613 350.181854 0.834254 
555.978333 157.611877 0.889866 
0.000000 0.000000 0.000000 
544.271484 164.928528 0.775733 
0.000000 0.000000 0.000000 
18
566.268494 162.006683 0.859784 
536.891296 204.652451 0.709191 
544.214783 209.050873 0.817384 
557.434570 256.047821 0.838538 
570.727173 294.323669 0.882247 
533.898682 200.213913 0.572006 
0.000000 0.000000 0.000000 
0.000000 0.000000 0.000000 
532.438721 276.628448 0.754297 
530.995483 322.294678 0.784400 
511.975311 363.406433 0.787298 
533.971619 275.124023 0.570770 
558.950989 313.436615 0.825598 
535.460449 357.469604 0.858120 
558.959045 158.998795 0.949156 
0.000000 0.000000 0.000000 
545.767273 166.377472 0.796700 
0.000000 0.000000 0.000000 
18
569.225952 164.940308 0.844195 
544.223816 207.581039 0.711953 
547.196838 213.443542 0.862449 
564.824829 257.535431 0.790092 
583.926270 291.370117 0.859738 
536.924683 204.660873 0.616357 
557.432861 244.305710 0.091744 
0.000000 0.000000 0.000000 
535.415710 281.048492 0.756665 
533.973999 323.689301 0.897689 
513.396362 363.403229 0.818268 
542.778381 276.715851 0.600889 
566.292786 320.758789 0.838316 
547.168091 367.782196 0.876134 
563.360107 159.096832 0.825059 
0.000000 0.000000 0.000000 
553.044434 167.871674 0.774178 
0.000000 0.000000 0.000000 
18
572.194092 169.299728 0.894478 
547.216736 213.412460 0.728798 
548.704163 216.330276 0.826146 
569.241882 259.004120 0.838879 
594.203857 288.376312 0.976062 
547.174194 207.562439 0.586131 
563.348633 250.199265 0.116624 
0.000000 0.000000 0.000000 
536.920593 284.019135 0.764102 
538.392944 326.665009 0.842920 
516.325378 361.922668 0.822345 
555.997803 282.530945 0.677749 
569.177551 328.115601 0.875290 
556.007324 380.976746 0.874123 
569.219971 162.008316 0.869425 
0.000000 0.000000 0.000000 
556.030884 169.387451 0.798320 
0.000000 0.000000 0.000000 
18
579.527649 170.799286 0.849523 
551.626953 216.319580 0.716119 
557.493713 217.843506 0.874824 
573.654846 261.964233 0.817615 
603.071655 286.915710 0.929708 
547.204712 211.958099 0.578349 
561.903442 253.136459 0.091574 
575.121399 253.193161 0.059844 
545.740662 286.954224 0.796559 
545.760071 333.988617 0.862615 
520.676270 361.931854 0.817522 
558.930786 285.470184 0.663429 
570.671265 332.505005 0.924349 
557.535217 392.762451 0.924998 
572.176758 169.251648 0.845478 
0.000000 0.000000 0.000000 
560.450562 172.265579 0.788484 
0.000000 0.000000 0.000000 
18
582.473267 172.328415 0.887862 
558.951172 217.907028 0.742814 
559.024841 220.806778 0.821868 
580.943176 263.443420 0.834789 
606.055908 286.975830 0.965063 
558.938660 216.365540 0.582618 
573.683899 253.161270 0.155440 
0.000000 0.000000 0.000000 
550.154236 292.817169 0.728213 
557.460022 344.320160 0.773233 
523.608337 360.510498 0.849392 
567.797791 288.475983 0.683289 
576.591919 338.445099 0.822149 
558.914124 394.226349 0.929835 
579.482849 170.761124 0.890209 
0.000000 0.000000 0.000000 
566.310547 179.584991 0.764480 
0.000000 0.000000 0.000000 
18
588.345703 181.008224 0.869068 
566.278625 223.742844 0.671437 
569.197815 228.150009 0.838609 
583.919434 269.326965 0.839591 
610.411255 289.882660 0.894923 
563.366943 219.303055 0.574158 
580.950256 260.508270 0.134338 
582.572815 266.376617 0.065385 
558.931335 297.242493 0.795199 
567.787842 348.719269 0.760037 
526.579834 363.427551 0.790947 
572.214905 292.859192 0.652969 
582.464111 344.274170 0.879786 
558.919373 394.283813 0.891020 
582.453125 173.752609 0.878944 
0.000000 0.000000 0.000000 
570.650330 182.541962 0.827110 
0.000000 0.000000 0.000000 
18
594.287048 181.138992 0.917986 
570.652649 226.641068 0.731299 
572.190857 229.585007 0.848713 
589.787964 273.729523 0.781969 
613.367004 300.122772 0.914360 
567.736694 219.362625 0.573284 
580.988464 266.339630 0.101791 
0.000000 0.000000 0.000000 
567.738220 298.730377 0.764771 
579.499817 356.010437 0.824760 
533.961853 369.291473 0.884085 
576.595032 297.222778 0.582680 
582.495544 354.548798 0.728704 
558.910522 394.288269 0.873518 
591.308838 176.706589 0.862202 
0.000000 0.000000 0.000000 
578.046143 182.596100 0.788006 
0.000000 0.000000 0.000000 
18
604.446838 181.135941 0.927390 
575.138794 228.076447 0.750209 
582.468750 229.630997 0.856999 
592.801819 276.650574 0.901258 
611.906616 310.475342 0.890978 
569.228760 223.741714 0.670249 
573.656372 267.859436 0.065466 
0.000000 0.000000 0.000000 
575.130737 301.628204 0.734705 
586.903564 357.543671 0.811695 
541.293762 379.537750 0.787690 
563.338013 298.704620 0.666407 
583.971497 356.039063 0.708834 
558.941162 392.830261 0.812079 
595.704163 176.661209 0.849279 
0.000000 0.000000 0.000000 
582.452271 182.541275 0.807884 
0.000000 0.000000 0.000000 
18
607.503113 181.116394 0.796372 
582.513977 226.652695 0.797632 
592.751160 229.598022 0.848486 
595.733521 281.084229 0.819370 
607.486572 319.315460 0.884182 
575.104736 220.789719 0.646165 
570.748657 269.303955 0.052622 
0.000000 0.000000 0.000000 
581.062317 301.695129 0.751424 
600.119934 357.591736 0.871485 
556.037354 392.744324 0.715229 
569.187012 298.733582 0.711409 
582.484680 350.202118 0.737831 
558.914551 392.771210 0.672249 
604.567383 175.229126 0.795322 
0.000000 0.000000 0.000000 
592.779419 181.097290 0.777801 
0.000000 0.000000 0.000000 
18
616.354309 181.052780 0.875569 
592.753845 226.610062 0.828018 
603.051514 229.564285 0.835131 
603.081726 284.003113 0.798812 
605.983337 325.160065 0.879349 
581.021667 219.300507 0.705192 
604.593506 275.185211 0.193339 
616.322083 283.977081 0.588274 
591.263000 303.115204 0.694742 
610.401550 357.517242 0.870364 
572.193542 404.581451 0.875502 
572.211243 298.672913 0.738305 
582.545593 347.300140 0.891301 
558.926819 394.282623 0.880298 
613.364929 173.735870 0.802714 
0.000000 0.000000 0.000000 
600.123413 181.023849 0.776638 
0.000000 0.000000 0.000000 
18
626.572510 182.496750 0.881056 
598.633545 222.241959 0.785489 
607.509216 228.096619 0.839163 
606.069824 281.079620 0.765651 
607.528259 325.210602 0.891452 
589.808655 217.820724 0.648380 
614.758545 275.162842 0.211288 
627.997009 281.074738 0.589225 
595.697754 303.148743 0.690641 
617.701782 358.963562 0.899010 
592.775330 416.383636 0.896064 
581.018005 298.704102 0.754936 
594.242188 348.732239 0.873815 
559.022705 392.835907 0.918722 
620.681580 176.684891 0.813793 
0.000000 0.000000 0.000000 
607.467957 181.027466 0.794618 
0.000000 0.000000 0.000000 
18
632.464539 182.572357 0.855855 
605.981018 222.260422 0.809591 
616.321716 229.581223 0.871853 
616.322144 285.473938 0.747242 
619.219971 331.065765 0.871160 
594.261841 216.334991 0.662027 
617.803406 275.170074 0.320040 
638.318054 278.163116 0.783911 
604.517639 304.611908 0.740560 
622.160339 361.956696 0.778104 
604.470459 422.201080 0.826395 
589.827698 298.708862 0.695516 
607.473511 357.500854 0.794974 
564.836670 392.822113 0.836333 
629.454529 179.616562 0.866146 
0.000000 0.000000 0.000000 
616.260742 182.551315 0.799866 
0.000000 0.000000 0.000000 
18
641.279968 185.532745 0.836562 
613.365967 228.151199 0.811335 
623.623169 232.546051 0.788586 
628.056641 289.911469 0.754424 
635.396057 335.480743 0.844786 
603.036011 223.702133 0.653878 
628.010559 276.630402 0.317409 
641.267761 278.162476 0.803679 
610.392700 311.942169 0.741798 
629.497437 366.323425 0.776124 
604.483582 422.222565 0.846662 
595.713318 307.552856 0.680650 
619.252441 360.483185 0.730150 
570.664856 394.224365 0.887172 
638.352844 182.496094 0.876813 
0.000000 0.000000 0.000000 
625.132446 185.523254 0.771504 
0.000000 0.000000 0.000000 
18
648.659729 192.767197 0.816316 
617.780457 229.585159 0.867732 
629.527710 238.389069 0.852375 
636.847595 288.372925 0.767334 
652.996216 334.023499 0.824442 
605.996826 222.257797 0.704958 
636.826660 278.149994 0.133855 
651.484009 286.891693 0.615442 
619.235413 313.417114 0.747576 
631.011963 369.292023 0.808237 
604.477966 423.661957 0.859923 
604.512573 310.457153 0.749344 
622.190308 364.895599 0.730584 
580.962158 394.331177 0.862144 
642.754211 184.027008 0.832144 
0.000000 0.000000 0.000000 
629.525879 189.893188 0.770118 
0.000000 0.000000 0.000000 
18
654.494141 189.907593 0.798098 
626.546448 226.659821 0.766224 
636.865784 231.098465 0.778588 
650.051086 286.878265 0.791998 
664.876221 328.120392 0.815013 
611.905090 217.848953 0.631829 
614.789124 273.721619 0.072511 
0.000000 0.000000 0.000000 
628.077515 310.482483 0.778236 
639.761475 363.431183 0.684567 
604.476563 420.741852 0.817533 
610.392334 307.505188 0.682463 
631.008423 360.491913 0.770589 
588.339172 394.322296 0.858686 
651.580139 182.581375 0.881488 
0.000000 0.000000 0.000000 
639.743286 186.954422 0.751871 
0.000000 0.000000 0.000000 
18
663.249451 185.543594 0.751340 
631.024353 226.678604 0.805107 
645.725952 229.653854 0.800746 
661.826599 286.889038 0.832280 
679.516541 322.257935 0.879091 
617.733887 219.305893 0.692879 
617.732727 267.856201 0.081054 
0.000000 0.000000 0.000000 
633.951599 307.521912 0.698841 
642.722900 359.028839 0.693159 
604.506104 419.267090 0.839189 
616.237305 301.673126 0.742222 
633.927429 357.560425 0.744476 
595.736511 392.811737 0.841152 
656.000977 182.494415 0.800015 
0.000000 0.000000 0.000000 
642.765930 184.027161 0.762692 
0.000000 0.000000 0.000000 
18
672.129517 182.610550 0.599749 
639.786499 219.318192 0.826712 
653.046387 228.132645 0.818102 
666.262085 278.120453 0.802736 
689.790771 312.027069 0.906840 
623.617554 213.436417 0.707605 
628.065613 267.830841 0.050131 
0.000000 0.000000 0.000000 
639.828003 304.595520 0.738721 
642.777649 358.969727 0.632887 
604.516052 417.832092 0.788168 
617.777100 300.153870 0.746237 
636.852295 357.536957 0.680042 
606.005554 397.244751 0.503275 
664.872437 181.006699 0.668069 
0.000000 0.000000 0.000000 
653.053040 182.512375 0.779270 
0.000000 0.000000 0.000000 
18
679.490417 182.495193 0.698793 
645.713135 219.327515 0.815999 
663.304504 228.186234 0.823109 
675.081360 276.644958 0.847824 
698.681702 308.990387 0.946543 
629.505432 213.431488 0.769303 
628.062317 253.172684 0.068359 
0.000000 0.000000 0.000000 
641.342712 300.191803 0.790547 
648.612000 350.209198 0.638495 
626.552551 382.563538 0.181566 
622.151978 297.202759 0.695296 
641.304077 350.154816 0.690147 
627.966797 392.834961 0.697815 
676.529968 176.667389 0.720895 
0.000000 0.000000 0.000000 
663.370605 181.087067 0.792475 
0.000000 0.000000 0.000000 
18
686.774170 181.128082 0.390850 
651.594971 223.697937 0.841476 
667.787659 229.581375 0.812041 
679.535461 276.619446 0.806839 
704.494324 303.137817 0.863677 
631.034119 216.360046 0.800029 
0.000000 0.000000 0.000000 
0.000000 0.000000 0.000000 
651.541443 300.218201 0.763816 
641.244141 358.975769 0.742676 
629.496277 385.464508 0.128747 
627.975098 295.749329 0.718461 
641.305969 354.586456 0.670996 
635.401001 391.311523 0.778627 
680.995728 175.232910 0.421906 
0.000000 0.000000 0.000000 
673.577698 181.103348 0.712255 
642.815796 182.535507 0.087606 
18
689.773132 182.533188 0.600940 
654.573486 220.817017 0.816766 
675.091980 229.642105 0.858877 
685.354553 275.217590 0.835700 
708.868286 303.135834 0.879055 
638.370911 214.895950 0.805901 
639.792297 253.166046 0.065186 
0.000000 0.000000 0.000000 
654.486633 298.695709 0.766713 
653.051819 351.660309 0.744729 
638.296997 382.547668 0.168504 
629.581177 289.878754 0.727403 
651.533081 347.191498 0.716267 
639.851990 391.316772 0.836144 
688.275391 176.692184 0.633496 
0.000000 0.000000 0.000000 
676.529785 181.086594 0.774674 
651.616089 181.082352 0.056201 
18
0.000000 0.000000 0.000000 
660.413147 228.097092 0.867811 
678.015015 232.567902 0.823588 
686.926025 276.724609 0.887212 
710.316772 309.019043 0.928564 
639.869446 219.346497 0.828640 
641.273071 259.008759 0.069343 
0.000000 0.000000 0.000000 
660.421997 298.710388 0.737482 
666.260864 350.161102 0.791659 
616.309387 406.004547 0.760034 
635.393982 289.918518 0.725025 
651.606445 344.271881 0.807032 
641.251038 392.815521 0.686815 
0.000000 0.000000 0.000000 
0.000000 0.000000 0.000000 
685.357361 188.457458 0.641446 
654.535156 185.493958 0.240813 
18
698.544861 191.398315 0.366155 
663.393921 229.580475 0.923540 
680.985046 236.977570 0.797467 
688.348206 279.599945 0.845215 
707.444275 312.011414 0.868112 
645.677307 223.736099 0.771165 
644.232239 263.429993 0.068363 
0.000000 0.000000 0.000000 
663.376404 297.243011 0.742679 
675.152039 348.681549 0.890354 
629.515808 395.797333 0.751204 
639.826477 288.470337 0.797067 
654.504150 341.328613 0.824745 
639.789673 394.287109 0.646297 
694.210449 184.018616 0.417934 
0.000000 0.000000 0.000000 
685.394470 191.346603 0.705053 
660.390625 192.836517 0.108438 
18
0.000000 0.000000 0.000000 
666.308899 229.683914 0.877823 
686.801575 238.401215 0.866415 
688.291138 279.595551 0.831500 
700.103577 313.412781 0.886264 
651.526184 228.126785 0.841694 
644.230164 261.975067 0.084543 
0.000000 0.000000 0.000000 
666.252258 295.785645 0.714322 
683.943298 344.296265 0.850966 
648.601929 385.486206 0.687531 
642.743530 288.471680 0.785077 
654.541931 336.922424 0.854546 
639.793213 392.767426 0.826727 
0.000000 0.000000 0.000000 
0.000000 0.000000 0.000000 
689.800964 192.826599 0.658635 
663.321716 192.800308 0.203038 
18
0.000000 0.000000 0.000000 
672.169495 228.064621 0.860589 
688.364746 232.523712 0.870890 
686.849976 276.696594 0.890969 
692.728943 313.420471 0.819269 
653.033936 219.361191 0.812900 
642.763611 254.602371 0.135927 
0.000000 0.000000 0.000000 
666.328369 291.372467 0.696326 
686.884338 335.552124 0.876295 
655.963318 389.886475 0.799988 
644.221741 286.907990 0.729225 
654.508667 335.515411 0.859079 
641.251953 392.752441 0.835527 
0.000000 0.000000 0.000000 
0.000000 0.000000 0.000000 
697.139099 188.440323 0.622069 
664.864624 182.593735 0.369784 
18
0.000000 0.000000 0.000000 
676.559631 217.889145 0.885739 
692.740234 228.061935 0.831295 
685.376282 275.128906 0.843546 
685.397949 310.482300 0.857265 
660.412354 211.986816 0.725268 
0.000000 0.000000 0.000000 
0.000000 0.000000 0.000000 
669.196045 288.376831 0.685889 
686.908875 333.938904 0.763772 
664.784607 384.026276 0.852754 
648.630371 281.090820 0.689572 
654.511963 334.061646 0.910990 
641.271362 386.927246 0.860830 
0.000000 0.000000 0.000000 
0.000000 0.000000 0.000000 
698.641357 181.107147 0.686595 
669.249084 176.705688 0.356145 
18
0.000000 0.000000 0.000000 
678.078674 216.321198 0.867783 
697.137085 220.795715 0.821159 
683.893005 266.413116 0.791208 
676.640564 307.513702 0.908317 
663.356140 206.151062 0.797273 
651.531067 244.342255 0.102683 
0.000000 0.000000 0.000000 
675.090759 278.168732 0.575538 
688.378662 325.153809 0.853735 
675.114441 381.026703 0.893441 
651.624451 275.200165 0.787932 
657.434631 328.121429 0.846091 
641.353027 384.018646 0.864910 
0.000000 0.000000 0.000000 
0.000000 0.000000 0.000000 
700.159058 173.777176 0.651081 
675.022949 172.249985 0.365442 
18
711.827209 169.362579 0.476717 
683.895569 206.154236 0.858501 
698.670044 216.342361 0.910370 
683.911316 264.890656 0.787912 
675.106567 300.250580 0.973352 
664.800537 201.668411 0.791619 
0.000000 0.000000 0.000000 
0.000000 0.000000 0.000000 
680.999268 278.117096 0.591883 
688.379211 323.779694 0.813147 
676.546997 369.343658 0.780633 
655.968018 273.690582 0.735347 
664.798645 323.702911 0.870284 
642.815979 381.019928 0.459028 
710.338806 163.474045 0.485455 
0.000000 0.000000 0.000000 
700.093079 169.371658 0.776608 
675.137207 169.396484 0.143319 
18
711.895813 170.794312 0.195401 
685.381531 206.156250 0.877606 
700.091125 216.332947 0.888456 
686.899841 263.406860 0.840684 
678.020386 300.178314 0.940513 
664.884949 203.136826 0.759199 
698.537415 226.651550 0.189612 
714.815125 229.669922 0.754240 
686.866821 276.678589 0.673583 
679.505249 323.725037 0.665571 
648.625732 378.107147 0.834055 
663.298889 270.760620 0.737102 
680.967529 320.761078 0.712796 
675.067627 360.470642 0.790258 
710.427307 167.868073 0.269331 
0.000000 0.000000 0.000000 
703.029724 170.811630 0.720296 
676.542969 170.776749 0.222895 
18
0.000000 0.000000 0.000000 
685.391479 209.004379 0.853837 
700.058472 217.812851 0.894504 
691.258789 264.890350 0.758891 
689.819275 300.236664 0.914451 
666.318604 203.151199 0.765070 
700.063599 228.163818 0.246185 
0.000000 0.000000 0.000000 
680.989319 276.628967 0.663253 
691.271973 320.742798 0.684530 
654.563782 367.810181 0.688769 
663.315491 270.763947 0.743381 
675.119385 316.378998 0.788047 
661.864441 363.433746 0.619450 
0.000000 0.000000 0.000000 
0.000000 0.000000 0.000000 
704.495850 176.659210 0.638968 
676.611694 170.857010 0.385009 
18
0.000000 0.000000 0.000000 
685.372620 210.506577 0.833939 
700.091064 217.863266 0.896430 
700.094788 264.863190 0.853306 
710.335327 298.726288 0.897944 
664.872803 204.626221 0.825294 
667.737854 241.397690 0.060409 
0.000000 0.000000 0.000000 
686.863159 276.660339 0.696108 
695.661499 317.849701 0.769197 
675.105652 361.922607 0.876451 
663.390930 273.712799 0.776312 
675.119873 313.384583 0.891503 
657.439880 357.566895 0.834597 
0.000000 0.000000 0.000000 
0.000000 0.000000 0.000000 
703.067932 178.145569 0.668186 
676.617493 172.276169 0.377364 
18
0.000000 0.000000 0.000000 
685.366028 206.116364 0.891305 
700.092712 214.857315 0.869941 
708.869751 254.594757 0.819387 
725.077515 287.003510 0.903646 
666.249451 203.107071 0.822341 
672.158142 239.943161 0.057758 
0.000000 0.000000 0.000000 
688.342529 273.698578 0.735739 
694.190063 314.907196 0.724150 
675.100952 360.485626 0.884926 
664.799744 266.383820 0.800039 
676.656250 307.516937 0.887453 
657.477722 347.278412 0.898974 
0.000000 0.000000 0.000000 
0.000000 0.000000 0.000000 
704.522278 172.266724 0.690314 
678.027344 170.771973 0.349354 
18
0.000000 0.000000 0.000000 
683.907593 198.727722 0.821007 
700.085815 204.660355 0.878800 
711.888123 241.430084 0.846205 
733.902527 266.357330 0.908384 
664.780273 192.893936 0.894315 
0.000000 0.000000 0.000000 
0.000000 0.000000 0.000000 
689.827087 266.342255 0.770772 
689.828186 311.991150 0.803757 
675.056213 360.484039 0.880139 
664.803772 261.959198 0.820943 
676.583374 298.752014 0.949507 
653.078857 341.331390 0.870147 
0.000000 0.000000 0.000000 
0.000000 0.000000 0.000000 
705.963989 169.280319 0.676041 
680.989258 163.476593 0.265732 
18
0.000000 0.000000 0.000000 
680.972412 192.816299 0.883379 
700.039795 197.248703 0.857953 
713.336060 238.394623 0.851744 
739.811401 250.204483 0.859073 
663.342896 184.077179 0.881653 
0.000000 0.000000 0.000000 
0.000000 0.000000 0.000000 
688.305115 260.462555 0.773380 
688.291992 307.533173 0.784295 
675.108032 358.952576 0.926385 
661.869202 253.151154 0.824242 
675.044739 289.898132 0.902601 
651.639282 333.984528 0.908292 
0.000000 0.000000 0.000000 
0.000000 0.000000 0.000000 
704.481934 159.089691 0.718625 
678.077087 157.598740 0.306555 
18
711.857422 157.620087 0.606092 
679.522156 188.452957 0.842084 
697.171509 194.281647 0.855222 
708.900146 229.633453 0.920670 
732.407898 232.575974 0.864358 
664.789734 182.547394 0.886498 
666.286743 217.822403 0.074524 
0.000000 0.000000 0.000000 
682.452026 253.143814 0.748235 
686.816162 301.697601 0.799042 
675.025879 354.577209 0.844634 
657.442261 248.738297 0.759342 
664.866333 285.504944 0.898594 
651.510498 323.712433 0.897497 
710.368103 151.705093 0.602663 
0.000000 0.000000 0.000000 
698.637939 157.500992 0.738707 
678.016113 156.118759 0.077820 
18
707.438599 159.111328 0.393732 
676.568176 189.928070 0.896011 
689.836243 194.285995 0.839519 
701.560364 228.130814 0.889597 
723.612854 228.126434 0.896523 
663.302368 184.011475 0.860270 
663.332031 216.392441 0.072678 
0.000000 0.000000 0.000000 
676.631592 251.671509 0.809627 
688.314514 298.662781 0.877152 
672.158386 347.275879 0.852468 
653.056152 245.769699 0.801022 
663.332703 283.996368 0.913954 
648.619141 323.682678 0.891926 
703.029846 157.516357 0.441658 
0.000000 0.000000 0.000000 
695.653931 158.996155 0.681091 
675.064270 157.610428 0.101911 
18
700.140137 161.980774 0.240742 
672.122620 191.395508 0.880133 
686.802673 194.311829 0.883355 
691.264221 229.592300 0.940210 
713.369263 228.083023 0.906998 
654.548401 185.531097 0.857378 
658.932678 219.296219 0.108689 
0.000000 0.000000 0.000000 
673.634888 251.620682 0.794752 
686.921021 292.837463 0.853146 
666.292114 345.715576 0.841832 
651.541016 245.793106 0.791282 
663.381470 281.080383 0.896231 
648.626648 323.675751 0.879034 
700.029968 158.985458 0.319756 
0.000000 0.000000 0.000000 
691.287170 159.092224 0.703666 
672.147827 158.996323 0.173811 
18
700.119812 159.016876 0.375173 
666.334900 185.531067 0.841449 
678.102112 192.866257 0.832936 
688.287598 231.062073 0.932799 
710.410095 232.540054 0.882687 
654.547180 181.113632 0.833732 
645.687256 216.442337 0.303816 
698.563416 228.077972 0.077144 
667.754944 248.731964 0.745158 
685.396179 288.448975 0.920441 
663.366699 336.989868 0.890250 
650.101807 242.847687 0.767031 
663.305847 282.524353 0.881051 
648.597900 323.756134 0.880981 
698.674438 156.072876 0.442030 
0.000000 0.000000 0.000000 
689.804504 157.619919 0.743018 
666.313660 157.543228 0.089762 
18
698.612305 157.547852 0.466778 
666.250305 185.500656 0.824971 
676.556946 192.819824 0.849304 
683.888245 226.667862 0.802794 
700.035889 242.830399 0.929800 
654.553284 181.085190 0.798066 
651.624817 216.310165 0.084539 
0.000000 0.000000 0.000000 
664.773560 242.884033 0.794088 
679.520386 286.956665 0.880980 
657.447815 334.003754 0.827340 
648.615784 241.333801 0.777070 
660.409851 281.087677 0.848241 
645.710632 325.219452 0.852318 
695.670288 150.255829 0.458536 
0.000000 0.000000 0.000000 
685.384338 156.118958 0.676800 
664.779358 157.523682 0.065824 
18
691.297913 150.258011 0.190920 
663.358948 181.147125 0.915734 
675.087097 185.527390 0.857788 
676.603088 220.821579 0.843233 
686.915771 250.196487 0.931831 
651.604553 176.670471 0.807681 
650.094543 207.530426 0.059006 
0.000000 0.000000 0.000000 
663.293640 241.420975 0.783774 
676.597534 285.449066 0.862225 
650.088806 325.212646 0.745472 
641.344421 239.863251 0.839298 
653.127747 282.531708 0.882220 
645.690796 328.107483 0.728913 
688.358704 147.291412 0.270189 
0.000000 0.000000 0.000000 
682.454651 153.160767 0.606670 
663.315918 151.670441 0.144594 
18
688.341553 147.243790 0.177381 
663.277344 179.565704 0.832304 
675.044495 182.630600 0.881903 
673.590332 226.689972 0.845506 
675.046204 257.529022 0.842217 
650.081482 169.375931 0.772447 
0.000000 0.000000 0.000000 
0.000000 0.000000 0.000000 
653.058838 241.335464 0.771844 
667.756409 284.004059 0.790277 
639.753967 323.725586 0.798829 
638.368347 236.962616 0.748968 
651.630981 281.089966 0.848599 
641.356873 323.669861 0.760866 
686.846985 144.349503 0.235302 
0.000000 0.000000 0.000000 
678.072021 147.313690 0.633405 
657.473816 147.224060 0.162678 
18
685.339539 144.330124 0.661080 
660.360535 175.207748 0.798051 
667.781982 181.131577 0.862699 
663.369812 226.661209 0.845029 
664.787354 257.566284 0.920420 
648.643982 169.329346 0.740372 
0.000000 0.000000 0.000000 
0.000000 0.000000 0.000000 
648.652588 239.874466 0.754650 
657.456360 283.992523 0.707681 
623.642151 323.773956 0.835124 
636.881592 232.549393 0.690326 
653.058289 279.575287 0.731324 
642.756226 319.310852 0.826364 
678.079407 137.045227 0.680546 
0.000000 0.000000 0.000000 
667.770813 144.331741 0.736167 
0.000000 0.000000 0.000000 
18
676.615662 144.282791 0.369655 
653.062744 175.192017 0.859755 
664.799255 181.099274 0.913492 
654.545227 226.618973 0.865059 
653.116699 260.483337 0.944730 
641.274719 169.369812 0.828371 
639.725647 204.594391 0.062292 
0.000000 0.000000 0.000000 
645.694702 241.343857 0.716468 
648.658875 286.990906 0.746141 
614.823853 329.596558 0.854253 
631.043823 238.399399 0.720477 
651.524780 283.976929 0.745198 
645.673645 322.202881 0.842762 
675.110046 136.980042 0.435288 
0.000000 0.000000 0.000000 
666.263000 144.337646 0.707206 
648.644592 145.810440 0.111092 
18
673.640137 145.776825 0.519498 
648.626831 175.222366 0.814762 
661.823303 181.102829 0.871635 
651.594666 228.113922 0.928811 
651.517212 261.900452 0.974995 
633.965942 170.755417 0.744501 
0.000000 0.000000 0.000000 
0.000000 0.000000 0.000000 
639.852356 242.850723 0.736521 
639.806213 289.874329 0.779740 
610.405640 333.937622 0.890665 
628.030518 239.871292 0.730892 
644.252258 286.914795 0.779251 
645.698975 322.279846 0.844599 
667.752136 139.908783 0.508945 
0.000000 0.000000 0.000000 
660.381531 145.738739 0.686655 
639.855530 145.800369 0.069854 
18
0.000000 0.000000 0.000000 
639.868835 181.043289 0.930052 
653.129395 182.601593 0.893023 
650.067078 229.556641 0.873603 
647.164185 263.446167 0.917762 
625.105896 173.763229 0.758000 
620.690063 210.496262 0.050280 
0.000000 0.000000 0.000000 
632.438477 247.261475 0.742118 
630.997192 291.347534 0.808755 
610.399597 333.969360 0.916525 
617.713562 241.363815 0.767347 
642.771729 285.498596 0.771739 
645.704224 323.647430 0.830801 
0.000000 0.000000 0.000000 
0.000000 0.000000 0.000000 
656.024048 148.777420 0.520622 
638.329285 147.326920 0.270581 
18
660.404846 148.776016 0.356668 
632.476318 181.033005 0.886812 
647.172913 182.577103 0.849686 
642.794495 228.203674 0.870072 
650.081299 263.466431 0.906440 
617.821106 175.218445 0.821659 
608.934265 209.052567 0.103097 
0.000000 0.000000 0.000000 
628.008179 247.261307 0.744336 
629.519470 288.465393 0.822325 
608.956970 334.023132 0.886072 
607.471802 241.375778 0.767454 
639.808289 283.977661 0.754082 
639.840454 322.184967 0.846668 
654.565002 145.858429 0.427697 
0.000000 0.000000 0.000000 
648.656738 148.776932 0.669430 
629.494507 150.224274 0.081075 
18
654.515442 148.744125 0.075285 
628.072449 179.569733 0.891030 
641.267761 182.513733 0.934905 
639.851624 226.648361 0.892805 
651.496582 257.542542 0.867472 
614.775085 172.254974 0.781065 
604.477051 209.046753 0.185377 
0.000000 0.000000 0.000000 
619.279968 244.313431 0.732484 
627.997864 288.395325 0.778117 
608.942383 334.003082 0.841074 
604.493469 241.354019 0.776132 
628.082275 284.029236 0.761133 
628.085327 322.275177 0.875923 
652.996399 145.849335 0.127620 
0.000000 0.000000 0.000000 
648.646484 148.766510 0.604607 
628.066956 147.279419 0.267873 
18
651.632751 147.315384 0.403435 
625.074463 172.321564 0.832841 
635.385498 181.035172 0.850659 
636.862061 222.267563 0.827783 
652.993347 251.664505 0.978224 
613.338623 169.330536 0.767943 
604.557739 206.112274 0.091179 
0.000000 0.000000 0.000000 
616.296936 241.434799 0.806289 
619.252136 288.409546 0.836645 
606.053162 333.990814 0.834397 
600.133850 239.881470 0.744897 
619.220703 286.935638 0.748390 
616.316956 326.630859 0.789767 
650.128540 145.748413 0.451609 
0.000000 0.000000 0.000000 
641.234680 147.223969 0.738317 
622.153564 145.810959 0.072762 
18
645.704590 147.281601 0.393372 
617.827637 172.264099 0.861788 
629.504822 181.028625 0.891465 
629.578674 220.784622 0.871594 
651.578918 245.793777 0.933925 
607.459412 167.871750 0.780660 
603.033630 206.069717 0.113734 
0.000000 0.000000 0.000000 
610.400208 241.320786 0.782666 
616.333069 286.944031 0.876682 
606.019592 332.551239 0.837600 
594.265625 238.418625 0.746040 
611.856689 285.435883 0.774166 
595.735291 325.162720 0.755659 
642.727051 145.719208 0.442018 
0.000000 0.000000 0.000000 
635.417786 145.818893 0.699913 
617.689392 145.746231 0.076606 
18
639.869385 147.347046 0.510291 
611.903015 173.752808 0.806311 
622.158630 181.140030 0.854994 
626.562744 223.708588 0.844514 
642.800171 248.748795 0.880991 
603.008728 169.295609 0.767267 
0.000000 0.000000 0.000000 
0.000000 0.000000 0.000000 
604.561707 241.376022 0.821849 
613.321106 286.941010 0.810679 
607.526611 334.034576 0.891478 
589.830627 238.419205 0.735410 
603.045959 282.559509 0.789354 
573.686218 325.207214 0.806014 
638.361755 145.774078 0.553689 
0.000000 0.000000 0.000000 
628.084167 147.270889 0.737429 
0.000000 0.000000 0.000000 
18
633.935364 148.801208 0.589790 
605.971497 179.633713 0.855712 
616.243591 182.603806 0.862757 
617.743042 226.654678 0.897281 
631.019287 251.634857 0.909831 
595.683350 172.263184 0.722381 
591.286804 209.037064 0.066587 
0.000000 0.000000 0.000000 
597.200378 242.876450 0.749982 
608.930725 287.003937 0.795614 
608.944031 334.031891 0.869283 
582.467529 239.910660 0.792693 
592.781128 284.021454 0.873649 
560.396912 323.775208 0.872984 
630.963196 145.848312 0.685000 
0.000000 0.000000 0.000000 
620.702698 147.291931 0.747742 
0.000000 0.000000 0.000000 
18
628.030884 154.616776 0.596254 
598.626160 186.965759 0.763046 
605.990601 191.352936 0.850613 
605.938538 229.569458 0.887020 
614.781372 259.036713 0.845293 
592.695801 182.598221 0.691268 
0.000000 0.000000 0.000000 
0.000000 0.000000 0.000000 
592.705566 250.148926 0.790760 
608.912781 288.391144 0.862670 
608.952942 333.935059 0.866497 
573.641785 242.840271 0.745136 
578.046570 288.402710 0.874472 
551.596802 332.556274 0.858470 
626.532104 147.322174 0.647208 
0.000000 0.000000 0.000000 
614.836304 151.673660 0.681365 
0.000000 0.000000 0.000000 
18
619.260742 157.557739 0.731457 
591.269348 185.487503 0.760564 
594.275574 191.398132 0.829145 
592.765320 232.547867 0.822871 
597.153931 266.404388 0.774469 
582.490356 182.527664 0.696008 
0.000000 0.000000 0.000000 
0.000000 0.000000 0.000000 
582.467285 253.140839 0.768501 
605.979614 286.956909 0.866576 
608.931763 333.974762 0.873525 
567.784668 250.172043 0.742392 
567.773193 294.304077 0.858283 
548.632751 335.497131 0.898069 
617.781616 151.660797 0.749166 
0.000000 0.000000 0.000000 
607.453796 156.037415 0.824676 
0.000000 0.000000 0.000000 
18
616.317322 158.975586 0.816244 
582.485901 186.952835 0.744486 
585.449280 192.849915 0.842389 
582.478210 231.123108 0.817935 
582.445313 269.322540 0.928578 
579.478210 182.523209 0.635713 
582.507507 226.610855 0.057875 
595.729126 226.635422 0.091113 
575.107056 251.643005 0.769418 
566.299866 295.786377 0.538937 
547.225464 335.544220 0.602882 
564.811768 247.237732 0.624552 
603.085999 286.928131 0.654813 
605.997803 331.082153 0.527321 
614.835876 154.617279 0.784526 
0.000000 0.000000 0.000000 
604.496765 157.506165 0.841444 
0.000000 0.000000 0.000000 
18
608.929016 157.566391 0.741689 
579.521790 182.606415 0.731555 
582.431519 189.884796 0.824374 
573.683716 231.085052 0.735343 
569.293457 269.288116 0.910593 
572.187378 181.045959 0.641454 
0.000000 0.000000 0.000000 
0.000000 0.000000 0.000000 
567.746094 248.740753 0.726015 
563.351501 294.282166 0.680940 
547.199585 335.499847 0.863214 
564.836914 247.244995 0.535306 
595.733765 283.983429 0.831625 
603.030273 331.046417 0.756529 
606.052002 151.671570 0.761298 
0.000000 0.000000 0.000000 
595.711487 154.650116 0.822694 
0.000000 0.000000 0.000000 
18
605.977112 156.043777 0.899654 
573.650818 181.143860 0.758779 
578.064087 185.523514 0.819991 
569.185364 228.160263 0.928415 
561.882446 264.841034 0.948704 
569.281982 178.156937 0.646806 
569.239746 220.780716 0.067643 
0.000000 0.000000 0.000000 
569.254150 250.204010 0.783792 
592.753723 286.968262 0.943555 
592.796509 333.973511 0.903812 
554.560364 247.269440 0.648678 
558.884705 292.860016 0.903958 
547.234131 335.529694 0.876110 
604.482422 147.331894 0.923263 
0.000000 0.000000 0.000000 
592.696106 148.759781 0.835011 
0.000000 0.000000 0.000000 
18
604.455383 150.224609 0.856538 
570.718323 182.505798 0.811057 
575.129211 185.532120 0.833296 
567.715820 228.155701 0.854670 
560.409180 263.468201 0.941212 
564.848816 178.144745 0.645090 
0.000000 0.000000 0.000000 
0.000000 0.000000 0.000000 
569.177551 250.188461 0.720483 
586.893066 288.456573 0.878235 
582.453857 336.967621 0.896934 
548.704712 247.240463 0.683325 
554.559082 294.303650 0.807939 
547.262573 335.536224 0.879363 
598.671753 147.215881 0.861272 
0.000000 0.000000 0.000000 
586.859192 148.727280 0.808665 
0.000000 0.000000 0.000000 
18
597.182068 151.706406 0.830513 
569.160645 181.090500 0.814155 
572.211609 184.053436 0.866450 
564.829956 226.696014 0.840535 
564.846313 263.478668 0.875951 
559.002197 178.114990 0.706288 
0.000000 0.000000 0.000000 
0.000000 0.000000 0.000000 
564.828979 248.703613 0.698754 
582.511658 291.339050 0.898360 
570.685425 341.361084 0.890763 
547.243896 242.866074 0.724116 
553.084534 291.377411 0.800147 
548.660034 335.522034 0.847426 
594.243286 147.242126 0.929717 
0.000000 0.000000 0.000000 
582.458618 148.731079 0.846137 
0.000000 0.000000 0.000000 
18
594.269531 153.126373 0.887572 
567.751892 182.552429 0.811299 
570.755188 186.948395 0.856714 
569.190369 229.612869 0.881646 
570.723267 264.951965 0.907028 
559.004028 181.026093 0.717913 
558.939819 217.883804 0.056938 
0.000000 0.000000 0.000000 
560.419800 251.684952 0.738889 
579.557007 298.645477 0.864366 
559.033997 347.195526 0.859335 
547.234558 248.733856 0.727359 
550.104675 297.187256 0.812841 
547.197937 338.403717 0.827526 
592.725342 147.250305 0.945457 
0.000000 0.000000 0.000000 
579.523865 148.772614 0.808349 
0.000000 0.000000 0.000000 
18
592.833069 150.230240 0.894594 
564.840454 182.599869 0.791896 
570.668640 188.418106 0.840153 
569.289368 229.588074 0.923217 
580.944092 264.911377 0.962344 
558.925842 181.070084 0.740077 
0.000000 0.000000 0.000000 
0.000000 0.000000 0.000000 
558.964050 253.154388 0.738588 
576.566589 300.229614 0.847008 
554.520691 348.716125 0.753860 
547.165649 251.611359 0.747522 
548.690125 297.268188 0.840948 
547.188354 341.349762 0.713499 
589.848999 145.864044 0.911838 
0.000000 0.000000 0.000000 
573.675049 148.759766 0.826627 
0.000000 0.000000 0.000000 
18
592.702759 148.775635 0.910013 
561.908447 182.579086 0.771063 
569.196106 186.959061 0.811881 
570.791748 229.579422 0.897004 
586.875122 264.831879 0.888000 
557.527039 181.069992 0.716393 
569.219971 217.779587 0.072530 
0.000000 0.000000 0.000000 
557.481750 253.146866 0.781857 
570.702698 306.049957 0.867017 
545.766541 356.051514 0.801619 
545.742249 251.626968 0.737325 
548.710632 300.157318 0.814596 
547.220947 354.554596 0.623692 
585.412720 145.839233 0.918044 
0.000000 0.000000 0.000000 
570.779968 148.768677 0.847463 
0.000000 0.000000 0.000000 
