23
1
18
510.411591 156.071671 0.947391 
507.460846 184.037842 0.889901 
479.577759 182.630371 0.886707 
476.672943 228.112900 0.929589 
476.625183 261.958374 0.927891 
532.460754 185.487167 0.836048 
533.964417 226.629944 0.910638 
535.400757 260.451721 0.895864 
489.857574 256.105194 0.769141 
488.464935 303.107574 0.856200 
488.455780 345.721466 0.878038 
519.260132 256.081909 0.764663 
513.369324 301.627167 0.866152 
516.307068 342.822937 0.828479 
501.665436 147.322342 0.912239 
513.423584 147.356720 0.921032 
495.737091 148.792725 0.827749 
522.195618 151.690277 0.741973 
18
510.353882 156.064041 0.922425 
501.638397 184.047195 0.911060 
476.672241 184.043747 0.923114 
475.110748 228.124527 0.929408 
466.349304 260.506256 0.868337 
528.058716 185.502213 0.836400 
532.456421 226.611618 0.854200 
535.365356 257.549957 0.885586 
486.918701 253.159088 0.852474 
488.380005 300.242279 0.898641 
488.444977 345.684357 0.883169 
513.417786 253.185074 0.809096 
511.956177 300.177094 0.919950 
514.861267 341.355896 0.842818 
501.610962 147.315994 0.925080 
513.352051 147.357880 0.934899 
492.808319 150.203796 0.814861 
520.747986 153.138916 0.610850 
18
508.901764 156.113449 0.907843 
500.138062 184.046295 0.945538 
476.572113 182.640396 0.948051 
469.245758 228.066086 0.866374 
463.345398 258.999268 0.883630 
525.104858 185.530731 0.868772 
528.095642 228.066666 0.871838 
533.917236 260.460052 0.868147 
485.390198 254.588715 0.807182 
488.328430 300.256958 0.885447 
488.448059 345.679047 0.888379 
511.955627 254.615356 0.843190 
511.899292 300.187103 0.897431 
514.830566 341.328766 0.835978 
500.187012 148.715729 0.938490 
511.892761 148.753525 0.942533 
489.901093 151.666748 0.816772 
517.786316 154.606766 0.459059 
18
503.114655 156.091263 0.903780 
498.690857 182.641998 0.938181 
475.166382 182.645340 0.922485 
464.818939 225.221039 0.880922 
454.575592 257.557800 0.895928 
522.240356 184.041306 0.912549 
525.169861 226.679733 0.885489 
531.019775 261.906860 0.873156 
482.488373 254.615982 0.786120 
488.308746 301.640472 0.896509 
488.421753 344.310730 0.903108 
511.886169 254.593124 0.856734 
511.830078 300.218719 0.889598 
513.344055 342.803253 0.864573 
498.709167 147.351685 0.955518 
510.433868 148.743942 0.952605 
488.399506 150.246353 0.832990 
513.409302 153.179688 0.404093 
18
501.619049 156.079575 0.931183 
498.619202 184.017242 0.915314 
473.682983 184.004135 0.889637 
463.317291 226.611816 0.881915 
451.648041 254.635254 0.922299 
522.200195 184.069992 0.892413 
525.118225 226.663528 0.895885 
528.105164 258.998077 0.837083 
479.563324 254.600372 0.784311 
486.972229 300.234650 0.901611 
488.396637 344.277130 0.920829 
511.856293 253.201385 0.864016 
510.414276 300.236572 0.875889 
510.499115 342.806519 0.877789 
498.623108 147.349045 0.943755 
508.986328 148.733536 0.945177 
488.326996 150.205490 0.870840 
511.970184 151.711288 0.515689 
18
500.223816 156.098343 0.950735 
497.226166 184.003098 0.903070 
473.625183 182.592010 0.890335 
463.323120 222.275940 0.871054 
451.633820 253.133896 0.944377 
522.162231 185.484802 0.868998 
523.732361 226.657104 0.902997 
526.624817 259.006165 0.848680 
478.141418 254.586212 0.801052 
486.956055 300.221252 0.910357 
488.388153 344.262512 0.924444 
510.488220 253.191391 0.868575 
510.365997 300.208862 0.866858 
510.483887 344.275177 0.883732 
497.221466 147.365005 0.923374 
508.940491 148.744308 0.939868 
486.919830 150.241669 0.884083 
511.951294 153.134598 0.529579 
18
500.180786 157.524826 0.973368 
497.186676 182.635300 0.902742 
472.190155 182.575180 0.889774 
463.328247 222.277695 0.866836 
451.638336 253.170624 0.935207 
522.113647 184.072800 0.863410 
523.704285 226.627090 0.904461 
526.616150 259.006500 0.867073 
479.550385 254.594223 0.783987 
486.959564 300.206573 0.928040 
488.389374 344.243500 0.908771 
510.477539 253.183548 0.857643 
510.396637 300.153442 0.880896 
510.486176 342.818970 0.877801 
497.176086 150.194839 0.882978 
507.473846 150.207962 0.888803 
486.885101 153.135574 0.878421 
511.875122 153.144409 0.516239 
18
500.131714 157.585983 1.002596 
497.138885 184.021362 0.885442 
470.729767 182.604935 0.880168 
463.351959 223.737930 0.874358 
453.086395 253.121628 0.950829 
520.716614 185.484589 0.833172 
523.688232 226.631790 0.906408 
528.051025 257.554993 0.861434 
479.533997 254.593658 0.785334 
488.323242 300.197540 0.920286 
488.399475 344.255737 0.903946 
510.449402 253.183884 0.858930 
510.390808 300.184906 0.872992 
511.830444 344.260651 0.890704 
495.703979 151.678665 0.849257 
506.018494 151.663818 0.869149 
486.825165 154.607574 0.855009 
511.888855 153.165634 0.629196 
18
500.076050 157.601959 1.012371 
495.755219 184.039307 0.880732 
470.720612 182.620316 0.881372 
463.386658 226.635483 0.891326 
456.030304 256.073669 0.870265 
520.717651 185.511398 0.833688 
523.671570 226.688370 0.924650 
528.104675 260.444855 0.854391 
479.534485 254.632050 0.774140 
486.972260 300.206238 0.915277 
488.405701 344.265717 0.901496 
510.461273 253.201431 0.849775 
510.382782 300.157928 0.864352 
511.845306 344.246063 0.883506 
492.793793 151.700195 0.845993 
504.537598 151.675293 0.865099 
485.441132 154.605927 0.814643 
511.859833 153.166519 0.629549 
18
498.735565 157.591049 1.010581 
497.151733 184.063187 0.878908 
470.711639 182.626846 0.877716 
463.414795 226.623993 0.900566 
461.907654 254.651611 0.874568 
520.747070 186.958267 0.833190 
523.684204 228.137436 0.929407 
531.003601 263.346344 0.873881 
479.539581 254.599045 0.776505 
488.312439 300.167938 0.917988 
488.412231 344.258759 0.901324 
510.444794 253.199234 0.839999 
510.372894 298.773926 0.871784 
511.847687 344.240143 0.881875 
492.780518 151.690567 0.845939 
503.116943 151.665039 0.867551 
485.436066 154.622498 0.827672 
511.846100 154.581512 0.667243 
18
498.714996 157.595718 1.019318 
497.150696 184.072540 0.876798 
470.722321 182.636658 0.880491 
464.842072 226.665756 0.918656 
463.331665 256.060822 0.890972 
520.738708 186.966736 0.832583 
523.712463 228.166229 0.936793 
532.492554 263.380554 0.887158 
481.008118 253.178741 0.778783 
488.312836 300.160553 0.928472 
488.419800 344.279999 0.905356 
510.451752 253.146149 0.856028 
510.353699 298.745819 0.879707 
511.840790 344.243958 0.879338 
491.344055 151.687149 0.854385 
503.095184 151.664963 0.872472 
485.427612 154.616562 0.807732 
511.849884 154.587387 0.694544 
18
498.716156 157.617752 1.016801 
497.152496 184.059891 0.878827 
470.727753 182.633652 0.879922 
464.835876 226.657593 0.911161 
463.333466 256.068756 0.876047 
520.736206 185.539063 0.833387 
523.730835 228.130386 0.932338 
533.906921 261.919403 0.879738 
481.019440 253.185120 0.785938 
488.311035 300.147888 0.921130 
488.438080 344.276611 0.896330 
510.476563 253.156036 0.861096 
510.377136 298.682159 0.870131 
511.834106 342.842163 0.858770 
491.351929 153.131409 0.850365 
503.093018 151.697311 0.869603 
485.431702 154.599564 0.810684 
510.492279 153.169403 0.684249 
18
498.725769 157.637787 1.009022 
497.148132 184.029266 0.885769 
470.727478 182.610626 0.880682 
463.444153 225.209778 0.902514 
463.304779 254.634659 0.883982 
520.742126 185.494461 0.842685 
525.112610 228.088577 0.919030 
533.925354 261.925598 0.911768 
481.009888 254.585999 0.772315 
488.338593 300.215149 0.907221 
488.433899 345.710907 0.898814 
510.469543 253.197952 0.840900 
510.380554 300.161804 0.890325 
511.859711 344.269684 0.846511 
492.778625 153.152588 0.847468 
503.115021 153.148071 0.861658 
485.450836 154.587570 0.817786 
511.856293 154.595840 0.709802 
18
498.737976 159.002838 1.006105 
497.150513 184.025253 0.885035 
470.737396 182.619812 0.879904 
463.438934 225.198029 0.895769 
461.912720 254.631195 0.875544 
520.748718 185.491028 0.837251 
525.168518 228.080170 0.891843 
533.959656 261.934784 0.898570 
479.579865 254.588333 0.769832 
488.314911 300.248169 0.882901 
488.429718 345.696869 0.892419 
510.467133 253.186127 0.844272 
510.374023 300.160126 0.881543 
510.503204 344.261444 0.861833 
492.800476 154.597473 0.853879 
504.550537 154.613846 0.865223 
486.823914 154.592300 0.825862 
511.879822 154.632980 0.719700 
18
500.077667 159.026703 1.003983 
497.159637 184.031830 0.887751 
470.748627 182.621780 0.879576 
463.428833 225.214691 0.901215 
461.922150 254.649185 0.876073 
522.115295 185.505035 0.835937 
526.602356 226.697067 0.880236 
533.939148 260.488251 0.886665 
479.582153 253.197769 0.776058 
488.313171 300.220337 0.895185 
488.427032 345.688080 0.898677 
510.471710 253.167313 0.854502 
510.379333 300.177765 0.882623 
511.856110 344.274261 0.874068 
492.815735 154.630981 0.863154 
504.566406 154.651733 0.869934 
486.841400 154.609741 0.834581 
511.896667 156.035202 0.724334 
18
500.092407 159.044540 1.001539 
497.152771 184.055740 0.880583 
470.734222 182.640747 0.873672 
463.420135 226.621811 0.908016 
463.307495 256.078796 0.882220 
522.115540 185.532104 0.828211 
528.050964 226.678268 0.874116 
533.911743 260.474915 0.879699 
481.034332 253.196732 0.770719 
488.327148 300.186523 0.919187 
488.430176 344.315552 0.895850 
510.497620 253.157959 0.850116 
510.399109 300.129211 0.888304 
511.833801 342.835999 0.879584 
494.237823 156.039993 0.870251 
504.578217 156.059143 0.878339 
486.845673 154.642715 0.856170 
511.900269 156.053085 0.746991 
18
500.106720 159.065186 0.997073 
497.163666 184.068161 0.878430 
470.736908 182.640457 0.877803 
464.809021 226.654877 0.915061 
463.348785 256.064545 0.908795 
522.122559 186.969254 0.822575 
528.073975 226.693634 0.874461 
532.505920 259.026489 0.878664 
482.475494 253.173492 0.781273 
488.336487 300.170471 0.926990 
488.425995 344.312958 0.900052 
511.848724 253.149780 0.861016 
510.394165 300.139069 0.879820 
510.500275 344.232086 0.885084 
494.264343 156.063400 0.880464 
506.004425 156.083145 0.889505 
486.856201 154.649582 0.855599 
511.909454 156.044052 0.696643 
18
500.108215 159.076691 0.992975 
497.199280 184.054245 0.888580 
472.193298 182.630127 0.888752 
464.908661 226.677658 0.907262 
463.422729 257.569031 0.933045 
522.139160 186.951035 0.828964 
526.628723 226.672256 0.878605 
531.040283 258.997314 0.860006 
483.945770 253.181396 0.785665 
488.312042 300.170532 0.922076 
488.417755 345.688965 0.907060 
511.864838 253.147720 0.868608 
510.395691 298.761475 0.881440 
510.502838 344.243866 0.890542 
494.262482 156.082886 0.883956 
506.000275 156.090561 0.890981 
486.868347 156.052994 0.852338 
511.911713 156.036469 0.723012 
18
500.086700 159.104797 0.985606 
497.196930 184.057602 0.891623 
472.206085 182.618790 0.892611 
466.321045 228.062592 0.885475 
464.859100 257.529358 0.920020 
522.127563 186.975525 0.829428 
525.163391 228.064178 0.905558 
530.982788 259.012787 0.859291 
483.968048 253.175980 0.789181 
488.318970 300.159393 0.920566 
488.421326 345.689941 0.911668 
511.865204 253.154434 0.880276 
510.394165 298.754242 0.880507 
510.496094 342.829285 0.889955 
494.233948 156.105103 0.891581 
505.988007 156.120621 0.894490 
486.866241 156.057892 0.848780 
511.931549 156.089493 0.829878 
18
500.106720 159.125351 0.972958 
497.197357 184.059433 0.891594 
472.210388 182.628754 0.886818 
466.316772 228.078964 0.894730 
464.884766 257.569641 0.917482 
522.130432 186.967926 0.835777 
525.135132 228.061020 0.918307 
530.976807 257.545074 0.862859 
485.380249 253.163132 0.798041 
488.329193 300.155212 0.929266 
488.418579 344.321259 0.906804 
511.874451 253.143478 0.888589 
510.388031 298.732574 0.886876 
510.496704 342.818939 0.887809 
494.255768 157.480011 0.894401 
506.007324 157.487045 0.903989 
486.862305 156.074860 0.853482 
511.929840 156.069351 0.779734 
18
500.116516 159.121811 0.971863 
497.215424 184.053879 0.895630 
472.221252 182.636185 0.883067 
466.305389 226.693695 0.892469 
464.873749 257.573944 0.917598 
522.153320 185.537323 0.844757 
525.148865 226.686829 0.909115 
531.013794 256.058777 0.866032 
485.374207 253.163483 0.790533 
488.323669 300.138245 0.925857 
488.415649 345.682739 0.904349 
511.869049 253.132446 0.886527 
510.390656 298.730957 0.887116 
510.491608 342.821991 0.888836 
494.278625 156.128128 0.889339 
506.018433 157.484985 0.901420 
486.869476 156.071777 0.862805 
511.933502 156.070801 0.782065 
18
500.126465 159.117188 0.972330 
498.581421 184.059937 0.890890 
473.621063 182.642181 0.880152 
464.933197 228.083786 0.896957 
464.813782 260.456543 0.921791 
522.171570 185.543808 0.846168 
526.588013 226.696533 0.891556 
532.493286 254.623962 0.874144 
483.970703 253.170853 0.783932 
488.319763 300.154388 0.918758 
488.416687 345.683838 0.902323 
511.865631 253.135376 0.869867 
510.392181 298.723053 0.883001 
510.491180 342.839020 0.889232 
494.281586 156.125092 0.888402 
506.023621 156.122269 0.896715 
486.865784 156.069641 0.857931 
511.940857 154.647400 0.763515 
18
500.151337 159.115433 0.968743 
498.592987 184.041489 0.896728 
473.636597 182.643997 0.884035 
466.300873 228.101105 0.889962 
464.819641 260.481140 0.909281 
522.172913 185.512634 0.851101 
526.627563 226.659393 0.878092 
533.903381 254.629395 0.885766 
483.946869 253.143143 0.790832 
488.312408 300.138580 0.913344 
488.421326 344.317078 0.898768 
511.864716 253.109436 0.865359 
510.394379 298.713623 0.882225 
510.494171 344.232117 0.887983 
495.706146 156.124481 0.889738 
506.046631 156.108109 0.898582 
486.865326 156.080704 0.861163 
511.943909 154.599075 0.712797 
18
500.163269 159.104980 0.970282 
498.597443 184.030624 0.901788 
473.645477 182.633636 0.888877 
464.931702 228.096466 0.894413 
464.845856 261.911072 0.921549 
522.173889 185.496857 0.857080 
526.627869 226.633896 0.865889 
533.918030 254.595505 0.900761 
483.966888 253.137085 0.794744 
488.312897 300.140991 0.916727 
488.416382 345.681976 0.905671 
511.854340 253.098694 0.861453 
510.391632 298.722809 0.883189 
510.490234 344.240082 0.884792 
495.714752 156.120087 0.888151 
507.458252 156.087875 0.895814 
486.878693 156.104843 0.864351 
511.954529 154.591232 0.702224 
