31
1
18
536.887268 135.535187 0.967314 
533.952820 167.810425 0.917936 
503.070496 166.397629 0.854501 
497.148712 214.929962 0.879939 
492.815430 257.545135 0.843052 
560.436890 166.409332 0.877508 
569.158447 216.417313 0.896039 
569.261169 261.900085 0.880144 
513.394775 253.099457 0.788583 
514.818604 311.984375 0.858514 
516.338257 359.017365 0.860756 
548.630005 251.700409 0.826831 
545.701843 310.467377 0.926170 
545.658875 354.565399 0.826313 
532.492371 131.123718 0.886378 
544.259521 132.536743 0.919632 
522.141479 132.545166 0.969146 
548.722107 132.564789 0.729912 
18
536.878662 135.553482 0.971739 
533.903564 167.804169 0.907652 
501.630768 166.410400 0.871200 
495.717651 216.315231 0.875522 
491.319427 256.112396 0.866605 
560.395325 166.372604 0.881041 
567.724182 216.390213 0.891020 
569.197937 259.016968 0.867394 
513.363586 251.712692 0.786592 
513.421204 311.962189 0.866724 
517.756531 359.001404 0.862470 
547.258362 251.684753 0.824689 
545.701721 310.434296 0.929946 
545.667603 354.588287 0.842666 
532.485901 132.526031 0.900282 
544.241699 132.561356 0.936839 
520.738159 132.543106 0.942925 
548.628662 132.570343 0.555811 
18
535.507629 135.564407 0.974515 
533.886353 167.819504 0.905257 
501.614227 167.812241 0.873779 
495.716156 216.305557 0.873879 
491.309235 257.546906 0.865297 
559.016846 166.368195 0.886865 
567.726196 216.328308 0.888970 
569.268066 258.996674 0.875159 
513.372742 253.105240 0.786352 
513.425659 311.971375 0.869753 
517.756897 359.016083 0.863901 
547.267334 251.685333 0.821546 
545.684143 310.425934 0.931185 
545.658630 354.580505 0.841862 
532.458862 132.545364 0.898158 
544.213745 132.576553 0.926351 
520.721252 132.560013 0.945302 
547.263855 132.575867 0.584940 
18
536.865601 135.576233 0.970703 
533.884277 167.830078 0.907123 
501.608093 167.818420 0.876951 
495.697845 216.369049 0.881806 
489.902649 260.479309 0.888392 
559.012207 166.375885 0.890040 
567.791992 216.298309 0.905615 
570.697571 259.009827 0.902074 
513.376465 253.131790 0.776483 
513.421509 312.003662 0.869503 
517.772644 359.018799 0.868943 
548.634766 251.700699 0.820150 
545.689758 310.444244 0.935229 
545.664978 354.594269 0.839805 
532.466492 132.559616 0.907668 
544.223145 132.586395 0.937335 
520.711792 132.582886 0.945964 
547.261902 132.580627 0.544602 
18
535.508545 135.589813 0.966755 
532.508423 167.844635 0.903863 
501.595215 167.856155 0.883621 
495.692139 216.406586 0.879228 
489.891876 261.899139 0.897677 
558.976990 166.370667 0.897866 
569.241272 214.904755 0.927434 
572.159241 261.910797 0.881509 
513.374268 253.143967 0.786007 
513.415771 312.010101 0.862041 
517.782227 359.041748 0.863330 
547.269836 253.089371 0.822976 
545.668274 310.457153 0.931597 
545.661255 354.579529 0.830719 
532.453552 132.575363 0.903611 
544.214905 133.954758 0.931820 
520.727600 132.597900 0.951308 
547.279419 132.599731 0.638935 
18
536.881775 137.030411 0.937994 
532.507996 167.859772 0.898744 
501.580750 169.248184 0.892954 
494.264343 217.782532 0.882014 
489.854858 263.339142 0.928129 
558.983704 166.364029 0.889727 
569.273560 214.890396 0.926506 
575.152710 259.008667 0.847229 
513.368530 253.152252 0.782101 
513.407471 313.399780 0.853971 
517.784424 359.019287 0.871610 
548.627319 251.697891 0.813758 
545.669434 310.448090 0.925941 
545.664246 354.603943 0.840865 
532.472351 134.000351 0.929086 
544.242493 134.020798 0.968632 
520.713135 133.993134 0.953092 
547.283081 133.962555 0.532399 
18
536.911499 139.914154 0.913756 
533.903198 167.879700 0.914499 
503.065918 169.258301 0.882359 
494.278442 217.796234 0.892270 
489.847443 263.444061 0.928855 
558.986267 166.415527 0.899609 
570.683533 214.896988 0.922429 
579.474792 259.012482 0.846383 
513.377686 253.104355 0.766821 
513.420959 311.969421 0.861720 
517.772644 358.999817 0.857408 
547.236145 251.666656 0.826077 
545.672302 310.439148 0.911883 
545.640686 354.572205 0.812298 
532.505859 134.086975 0.951372 
544.273010 134.095612 1.002881 
520.721436 134.081741 0.963176 
548.628662 134.052399 0.493976 
18
536.926270 145.765564 0.930133 
533.915466 169.357483 0.944711 
503.093781 169.399323 0.910226 
494.250366 217.885803 0.880121 
488.382843 263.444000 0.952785 
558.988892 169.305740 0.938342 
570.697937 216.339081 0.943568 
579.536499 259.016785 0.853585 
511.936951 253.167099 0.794303 
513.406555 311.996796 0.872568 
517.785828 358.997345 0.857017 
547.157471 251.707947 0.834093 
545.690247 310.459045 0.916906 
545.634155 354.560669 0.803169 
533.871277 137.022614 0.887574 
545.634216 137.002228 0.942750 
522.127197 137.003891 0.929368 
548.670471 135.538895 0.584578 
18
539.834595 153.131317 0.867344 
533.996643 172.274170 0.930155 
504.564056 173.754654 0.837671 
492.790466 222.274063 0.829721 
486.927643 264.831604 0.960379 
561.867920 170.834503 0.882218 
570.689575 217.818207 0.956248 
578.085571 259.029083 0.837798 
511.917511 254.584641 0.796211 
513.400513 312.009064 0.890970 
517.801514 359.013641 0.862276 
547.150330 253.109573 0.832861 
545.776733 310.506165 0.938511 
545.650208 353.099701 0.809049 
533.961792 147.217209 0.994855 
545.712708 145.866913 1.007671 
522.205994 145.842194 0.977374 
551.567688 145.777740 0.448868 
18
544.255554 169.249161 0.938921 
535.409607 182.531876 0.941500 
507.480408 182.548920 0.862062 
489.896088 229.611252 0.877260 
486.839600 266.359406 0.911590 
564.805420 182.542145 0.836254 
570.726868 225.207428 0.855400 
576.598694 261.895081 0.836889 
511.855804 254.608780 0.812896 
513.371582 312.023987 0.893650 
519.224487 359.010529 0.865018 
545.740906 253.165283 0.836015 
545.753662 310.492523 0.928792 
545.657227 353.092224 0.809948 
535.462585 159.109055 0.970862 
547.237122 159.082031 0.975412 
523.681152 157.629044 0.988173 
557.395447 157.538605 0.582999 
18
545.685059 181.149475 0.987240 
535.457336 192.825455 0.906206 
508.956604 192.875076 0.865873 
489.836151 235.482101 0.816545 
485.400391 266.429535 0.888756 
564.838074 192.792648 0.839316 
569.255859 229.583145 0.912490 
572.188171 261.898468 0.838783 
511.848846 254.617828 0.833008 
511.939819 316.367615 0.875699 
519.224365 358.997467 0.859520 
545.691833 254.635193 0.822686 
545.729858 311.903625 0.932060 
544.250183 354.548920 0.785882 
535.504028 173.731445 0.919498 
548.709534 172.316269 0.900889 
523.712952 170.749634 0.947186 
557.518311 169.333939 0.428571 
18
545.767700 195.791199 0.940873 
536.890076 200.227219 0.846744 
510.411102 198.753754 0.810746 
488.442383 238.444336 0.857799 
483.980591 267.831451 0.864269 
566.292480 203.087799 0.812255 
569.199463 232.549850 0.851485 
570.693909 258.998413 0.860840 
510.492554 256.067474 0.831719 
511.921295 314.872040 0.886721 
517.796021 358.999542 0.854748 
544.264832 257.520599 0.786034 
545.681396 310.511200 0.925235 
544.240173 354.559113 0.790459 
538.388855 191.384964 0.911028 
551.617859 191.376740 0.899737 
526.596436 181.121902 0.869869 
558.929932 181.093079 0.350054 
18
547.153381 207.618164 0.934510 
536.914551 206.124374 0.861057 
510.477814 204.680115 0.871532 
488.370361 239.941345 0.877815 
482.462769 267.873474 0.848805 
566.268250 209.060791 0.794887 
566.292725 238.403366 0.704209 
569.183655 257.566132 0.747456 
510.469727 259.024658 0.823084 
511.904633 313.440826 0.905606 
519.223511 359.042969 0.849711 
544.209106 260.492096 0.782036 
545.630676 310.434784 0.922499 
544.242737 353.123474 0.775857 
542.756897 204.553467 0.900584 
553.069336 204.565231 0.916961 
530.990906 192.884781 0.829009 
558.998413 192.876511 0.253416 
18
547.160828 217.818268 1.005494 
536.924622 211.969406 0.813758 
510.489166 211.964417 0.805651 
488.426666 241.362350 0.882435 
478.104980 269.306671 0.896093 
564.835571 214.886917 0.804190 
567.778320 238.451889 0.703440 
569.186401 258.997925 0.774272 
510.416809 261.940918 0.843117 
511.909698 314.912506 0.896235 
519.223938 359.050171 0.850370 
542.794006 261.947601 0.807010 
545.660217 310.536713 0.928028 
544.219604 354.552338 0.771615 
542.769226 211.971817 0.871171 
551.622131 213.407684 0.860868 
532.447998 203.125793 0.820251 
558.936218 203.102158 0.287596 
18
547.230408 226.611343 0.952077 
536.915283 216.342651 0.837358 
510.477814 216.371231 0.856204 
488.396027 242.822571 0.852702 
476.566284 269.289124 0.967157 
564.836670 216.430649 0.828053 
569.287170 239.914063 0.610831 
569.190674 261.963257 0.815167 
510.432068 263.393860 0.853159 
511.910248 316.367279 0.903475 
519.233521 360.440002 0.841277 
544.226379 263.353912 0.837431 
545.685547 311.957428 0.905704 
544.238831 354.544373 0.771479 
544.226563 217.834061 0.967469 
553.093811 217.845047 0.902655 
532.447388 206.151093 0.833143 
558.937988 206.095642 0.158449 
18
545.749268 228.151321 0.991810 
536.941650 216.420761 0.849825 
511.862885 216.432724 0.823598 
486.941681 244.339401 0.820264 
472.197266 270.800842 0.879250 
566.290710 217.855881 0.819620 
570.671631 238.418442 0.663004 
569.219055 261.902618 0.864727 
510.444977 263.372284 0.814834 
511.923737 319.267090 0.916178 
517.779297 359.064362 0.833155 
545.632874 261.919250 0.822765 
545.727722 313.391724 0.893670 
544.251160 354.559906 0.783124 
539.822083 220.763229 0.889836 
550.116760 220.793381 0.870018 
530.988647 210.500031 0.769656 
558.895996 213.392334 0.403354 
18
545.720703 228.177444 1.008224 
538.359009 216.406586 0.842018 
511.904022 216.419144 0.815918 
486.927429 242.898468 0.846926 
470.702484 272.239838 0.864000 
566.276917 217.836685 0.796342 
570.728882 235.503281 0.704038 
569.254700 259.004974 0.873790 
510.486481 263.414642 0.827950 
513.349243 319.269562 0.900438 
517.790222 360.451752 0.825340 
545.639404 261.934662 0.821389 
545.747253 313.415802 0.890473 
544.240173 353.091797 0.782139 
538.370422 220.811432 0.898003 
548.691345 220.829758 0.875187 
529.564026 213.407028 0.758529 
558.890869 213.461823 0.483251 
18
545.740662 228.120255 1.003325 
536.924072 216.382736 0.858543 
511.859528 216.423370 0.834898 
485.374512 242.851303 0.847422 
467.815491 270.778290 0.891002 
564.842712 216.407959 0.806253 
570.724915 234.037003 0.707831 
569.307312 260.475342 0.905425 
510.458649 263.437225 0.838983 
513.366028 319.299408 0.899680 
519.254028 359.024963 0.848202 
544.271362 261.942749 0.822499 
545.783875 313.453796 0.876305 
544.271118 354.545074 0.784356 
538.366760 219.356796 0.921503 
548.709106 219.346359 0.899879 
528.082214 211.964691 0.755858 
558.866821 210.487762 0.433650 
18
545.695618 225.191666 0.939966 
535.484436 216.363998 0.870237 
510.383698 216.437103 0.841127 
481.016510 242.856155 0.859261 
469.251434 272.239899 0.880702 
563.390930 216.322998 0.805437 
572.172791 235.490158 0.739010 
570.652466 261.947906 0.915426 
510.458588 264.951996 0.857040 
513.371887 322.155396 0.914808 
519.257019 359.039581 0.842025 
544.258728 263.445221 0.853529 
547.172607 316.331879 0.879020 
544.226990 353.111542 0.803269 
536.954712 217.816879 0.969593 
548.667114 217.810883 0.955167 
526.578064 206.154144 0.832678 
557.541321 207.563293 0.329133 
18
545.707153 219.367279 0.950117 
535.457947 214.907196 0.837004 
508.943726 216.389221 0.794653 
478.107513 241.418259 0.905399 
470.709137 273.669006 0.880964 
563.333557 214.861710 0.760068 
573.650757 234.011475 0.750695 
570.779358 263.457306 0.924309 
510.465515 266.358765 0.854018 
513.370728 322.180603 0.915901 
519.233643 359.064880 0.819783 
544.262207 264.873413 0.838037 
547.188354 317.817780 0.876242 
544.190796 353.091766 0.781031 
536.941650 216.343826 0.974623 
548.664978 216.295868 0.930515 
525.167480 204.645752 0.850013 
557.488953 204.621246 0.422357 
18
544.221741 217.821747 0.953407 
535.426453 214.923981 0.848218 
508.979462 216.333801 0.812192 
476.635742 239.913635 0.946440 
467.832947 275.113617 0.894644 
561.880859 214.897980 0.742435 
575.145081 232.546005 0.766541 
573.669556 264.878876 0.939030 
510.435059 267.847015 0.847971 
513.373169 322.240845 0.933493 
519.270569 360.475067 0.821439 
544.239197 264.960144 0.828559 
547.192261 320.729675 0.904091 
542.765198 353.109772 0.786573 
535.469299 213.399399 0.908993 
547.202087 211.958084 0.914361 
525.122131 204.574448 0.830457 
556.029724 204.592682 0.488800 
18
539.868835 217.904221 0.912837 
533.975525 216.412338 0.870361 
507.483093 216.433105 0.831220 
475.148468 239.882584 0.943722 
467.805786 273.726379 0.881070 
558.978455 216.410477 0.776972 
576.583069 232.532837 0.751282 
575.103149 266.348480 0.919022 
510.448914 272.234406 0.850560 
513.406128 323.700928 0.911560 
520.687622 361.926971 0.815064 
544.191833 267.853333 0.806277 
547.168701 322.203308 0.929865 
542.773376 351.641235 0.785377 
535.364929 214.871109 0.927839 
547.130981 214.876205 0.970427 
523.665344 204.634613 0.889068 
555.947327 206.050156 0.453096 
18
538.349060 222.278488 0.902054 
533.880920 220.809052 0.843594 
505.994202 220.778870 0.809371 
475.105988 239.854019 0.942121 
469.247528 275.111603 0.884896 
557.540894 222.274353 0.788060 
576.615601 235.514359 0.719939 
573.631592 266.416016 0.866702 
510.395813 275.189880 0.864090 
513.420715 325.200043 0.886537 
520.681091 361.933777 0.800577 
541.317566 273.720612 0.799378 
547.153442 323.668488 0.921646 
542.794495 353.120667 0.770526 
533.955933 216.421188 0.970655 
545.710144 216.445404 1.005486 
522.255798 207.614853 0.902344 
553.047119 211.942139 0.353124 
18
535.434509 229.608719 0.988134 
532.462646 228.178864 0.837721 
506.023438 228.130829 0.820781 
475.071777 239.891708 0.935008 
469.295380 275.134644 0.896816 
557.502625 229.572357 0.811590 
575.123535 239.920761 0.667546 
573.628723 269.287048 0.763209 
510.366211 278.129242 0.854590 
513.342224 328.141907 0.875094 
519.261902 361.947479 0.773881 
541.276367 278.143280 0.777101 
547.116394 323.788757 0.882998 
544.216736 353.127899 0.767360 
532.444885 225.172989 0.869571 
544.211365 226.628326 0.920664 
522.124756 216.419525 0.856999 
548.644592 217.899597 0.342484 
18
535.465698 238.441086 0.971682 
531.002930 232.554062 0.777294 
503.113129 231.064697 0.795999 
470.750885 239.893402 0.895135 
467.790588 275.174072 0.912208 
557.419739 234.035767 0.782007 
572.205872 242.868317 0.632386 
578.028320 267.856598 0.713942 
508.917480 281.064392 0.802664 
510.488678 328.128937 0.869392 
519.245789 360.481201 0.768595 
536.923767 282.543915 0.781734 
547.208069 323.756683 0.875470 
542.795227 351.626862 0.765031 
532.488159 229.651535 0.922170 
544.202698 231.075058 0.928369 
520.746094 222.265793 0.846080 
548.678101 228.053101 0.170462 
18
533.952698 241.320404 1.005012 
528.059631 238.387497 0.789120 
503.059540 235.511078 0.784955 
466.365479 239.883652 0.887505 
466.297363 275.155365 0.935244 
554.505859 238.402985 0.760753 
569.282288 247.228378 0.705497 
572.224304 267.865662 0.787377 
506.006897 284.024109 0.803153 
508.977875 328.120026 0.849151 
519.216064 360.461151 0.791442 
535.469482 283.970825 0.823366 
547.258484 323.728546 0.880509 
544.231873 351.661102 0.779539 
528.073242 235.483307 0.845578 
538.357605 236.978745 0.882234 
520.661133 228.116470 0.815916 
547.146545 229.577942 0.382047 
18
533.944153 241.324219 1.001338 
525.118286 238.384506 0.793053 
500.201660 236.938034 0.801673 
464.874023 239.850189 0.942933 
464.938843 275.120514 0.940903 
548.704346 236.979080 0.742295 
567.762024 241.400543 0.768338 
572.187195 267.859955 0.815797 
503.102509 285.451385 0.805807 
507.509827 328.126862 0.822750 
517.800110 359.030060 0.805380 
535.416626 282.526093 0.818117 
548.631287 323.691193 0.894068 
541.333252 351.631134 0.752874 
526.623840 235.487106 0.850485 
536.949829 236.959824 0.881406 
516.330627 228.144958 0.803949 
545.793762 229.537827 0.194323 
18
532.443848 238.364700 0.902780 
523.600220 235.516937 0.816339 
498.700897 235.471085 0.828157 
464.791534 239.945923 0.982330 
466.295685 273.730682 0.935429 
547.130737 236.953064 0.816084 
567.749146 242.869049 0.805179 
570.775635 266.399536 0.863427 
503.059601 285.451233 0.825822 
504.531586 326.625427 0.850807 
517.763550 359.051147 0.814386 
534.009155 282.539185 0.833642 
548.639099 322.245880 0.909735 
542.778748 351.631378 0.789408 
523.748535 229.612152 0.965382 
535.425537 229.664566 0.965381 
511.985565 223.729706 0.889282 
544.200134 228.116211 0.124751 
18
526.622437 228.179428 0.919248 
522.169250 231.106125 0.870627 
497.195404 231.118301 0.852947 
463.423401 241.363541 0.985307 
466.308929 273.682770 0.948278 
545.714233 231.084045 0.843358 
563.357605 245.762650 0.809346 
570.737122 266.350677 0.890934 
501.597504 282.537750 0.796557 
503.083344 325.186462 0.857986 
517.748779 359.033295 0.806244 
533.986328 278.184448 0.834020 
547.273499 322.163849 0.901791 
542.774902 350.155212 0.808387 
522.264526 223.704315 0.890287 
533.921814 225.181549 0.924978 
511.889038 217.873489 0.977333 
535.518250 222.248703 0.192371 
18
523.752930 220.786530 0.910992 
517.802795 228.206024 0.853941 
491.345245 229.590958 0.889037 
463.382843 241.441315 0.967839 
467.769318 272.240082 0.923991 
544.208862 228.150604 0.822757 
560.390564 244.338531 0.841683 
570.736694 266.386719 0.854347 
501.582794 283.982391 0.811899 
503.092529 325.161011 0.861213 
517.770020 359.063751 0.814428 
533.972961 279.579315 0.839976 
548.626770 320.790771 0.898927 
544.195862 350.157440 0.823519 
522.157471 216.390823 0.960408 
532.482544 217.780762 0.985066 
510.358429 210.504059 0.924438 
535.386230 216.337265 0.111156 
18
523.601563 216.393860 0.986947 
516.294678 228.092377 0.868042 
489.819794 228.119019 0.933602 
461.942474 242.903275 0.920885 
466.385345 272.270416 0.934227 
542.759460 228.069702 0.819979 
559.020142 245.786728 0.831293 
570.735535 266.374817 0.848572 
500.186218 283.992157 0.820594 
503.100616 325.159119 0.856314 
517.773071 359.064423 0.831595 
533.943054 278.171814 0.839562 
548.677063 320.733643 0.879402 
544.241150 348.755280 0.870127 
517.810791 209.054626 0.831026 
526.642517 211.951141 0.868738 
508.920197 206.074646 0.923956 
533.956421 207.589981 0.320325 
