62
1
18
522.200439 156.102249 0.949031 
519.213867 172.260788 0.870857 
486.927246 172.244003 0.931281 
478.097778 225.184875 0.849794 
475.182739 264.885040 0.971391 
547.254700 172.276657 0.889233 
557.424194 225.182648 0.875958 
558.891479 270.759705 0.897046 
500.203888 263.461182 0.800443 
503.103394 320.751923 0.841103 
507.448761 367.810455 0.817293 
536.902527 263.458252 0.803809 
533.938660 320.721191 0.891264 
533.961670 367.775360 0.845972 
513.396545 147.266556 0.926314 
526.619202 147.279572 0.932032 
501.648651 142.828903 0.859943 
534.034424 141.400803 0.490045 
18
523.598816 156.122559 0.955207 
520.662781 172.266144 0.881005 
488.310333 170.876755 0.936604 
478.128662 222.242065 0.844494 
476.634125 264.851715 0.951960 
548.656982 172.306946 0.862702 
557.474426 225.169510 0.889215 
558.897827 272.213257 0.914983 
500.189270 263.434113 0.811158 
504.536896 320.750519 0.830003 
507.474823 367.799652 0.819030 
536.890442 263.450836 0.812682 
533.939880 320.747040 0.890482 
533.987915 367.785187 0.846638 
516.293030 147.289322 0.894092 
529.529297 147.314545 0.935753 
503.062164 142.858383 0.870751 
535.380859 142.889465 0.380872 
18
523.643799 156.109833 0.960029 
520.710938 172.261398 0.896926 
488.343719 170.859695 0.948575 
479.586212 220.767075 0.843152 
478.073822 264.889648 0.921079 
548.709961 172.318512 0.847031 
557.501038 225.201553 0.896188 
558.916992 272.237976 0.914419 
500.212646 263.441589 0.795201 
504.561462 320.775970 0.831437 
507.469971 367.826477 0.816636 
536.902710 263.465668 0.807534 
533.936279 320.751068 0.898520 
533.980835 367.806915 0.850582 
517.778442 147.278229 0.899106 
531.015442 147.306702 0.959107 
503.114136 142.845978 0.852538 
535.438660 144.293884 0.358768 
18
523.682373 156.095551 0.958078 
520.731689 172.268188 0.904835 
488.361206 170.863327 0.954231 
479.580688 220.784103 0.838606 
478.123688 264.906677 0.917778 
550.111633 172.318253 0.841400 
557.529846 225.163086 0.884393 
558.924866 272.228912 0.915626 
501.603851 263.456543 0.777447 
505.989075 320.791321 0.831134 
507.462006 367.834839 0.816319 
536.933228 264.847443 0.795054 
533.952332 320.765106 0.900404 
533.974670 367.799774 0.849993 
519.249817 147.269745 0.909502 
532.455505 147.304199 0.985387 
505.998962 142.847336 0.846816 
535.526001 144.342575 0.414705 
18
523.691162 156.071762 0.949547 
522.126831 172.312775 0.904935 
488.387665 170.877838 0.947363 
481.002533 222.258743 0.830375 
478.138885 264.957245 0.896351 
551.598999 175.186111 0.822335 
558.893555 226.618057 0.897994 
558.950745 272.242615 0.923490 
501.629547 264.861389 0.776096 
506.004578 320.794373 0.836497 
507.476074 367.833954 0.822772 
536.955872 264.903137 0.793669 
533.945007 322.169800 0.903368 
533.973328 367.804321 0.856046 
519.266663 147.248581 0.913413 
532.467346 147.293045 0.988260 
507.458282 142.823135 0.847119 
536.934387 144.347870 0.541026 
18
523.728577 156.087784 0.938766 
522.141296 172.324448 0.901702 
488.391968 172.256943 0.937278 
481.029602 225.190002 0.826277 
478.136627 266.377777 0.864636 
553.054993 173.775696 0.824897 
558.916870 226.642181 0.898573 
558.990906 272.246613 0.907314 
501.641052 263.466461 0.763954 
506.029541 322.158508 0.837843 
507.491119 367.838013 0.820242 
538.351257 264.876038 0.782716 
533.948975 320.785400 0.901705 
533.976624 367.813843 0.857059 
520.690186 147.255127 0.935164 
532.515259 147.303284 1.005383 
507.466187 141.419983 0.850316 
536.959290 144.334946 0.469542 
18
523.749634 156.123764 0.933359 
522.136414 173.740372 0.897144 
488.399841 172.307281 0.921648 
481.033752 225.220123 0.833287 
479.536743 266.414856 0.854352 
551.618286 173.777725 0.822830 
558.908875 225.224777 0.890783 
560.407471 273.724365 0.904104 
501.639832 264.858826 0.768577 
506.019012 322.163239 0.828345 
507.507660 367.822540 0.816725 
538.363831 264.899628 0.777341 
533.943237 320.791534 0.906464 
533.982666 367.823761 0.859284 
520.708740 147.288620 0.944057 
533.879395 147.327087 1.013156 
507.472168 142.868271 0.857751 
536.926392 144.323486 0.393560 
18
525.106140 156.109375 0.930084 
522.124451 173.743179 0.895517 
488.393311 172.307709 0.918835 
479.587769 226.612381 0.835683 
478.122559 266.388611 0.874492 
551.588562 175.198212 0.824098 
558.897461 226.623428 0.899104 
560.460022 273.718445 0.889105 
501.644379 264.870850 0.765103 
506.031982 322.194550 0.846860 
507.491180 367.829224 0.817958 
538.369995 264.894806 0.776616 
533.949341 322.163483 0.904378 
533.984863 367.829163 0.860570 
520.716248 147.280945 0.948162 
533.882690 147.317032 1.016585 
507.458191 142.888184 0.862645 
536.912109 144.347595 0.360485 
18
523.754395 156.065186 0.934071 
520.722717 173.742188 0.886531 
488.350250 172.315918 0.925115 
479.596008 225.206848 0.834136 
478.108215 266.403198 0.876568 
550.110413 173.779709 0.837828 
558.887573 226.650024 0.902673 
561.891785 273.719238 0.876283 
501.643982 264.883392 0.766904 
506.029633 322.236938 0.847699 
507.500000 367.829010 0.811551 
538.346863 264.901428 0.780225 
533.958557 322.161743 0.902126 
533.976257 367.816498 0.855529 
520.708374 147.238358 0.949279 
533.873962 147.280945 1.012795 
506.043030 144.270813 0.864544 
535.504944 144.351700 0.257059 
18
523.744324 154.629883 0.935769 
519.248108 173.758408 0.870345 
486.952667 173.756348 0.906110 
478.123322 226.662109 0.862191 
478.103821 266.416077 0.875623 
548.640808 173.757599 0.869309 
557.511169 226.655640 0.901464 
561.876587 273.710876 0.879913 
501.609863 264.950043 0.763804 
505.995148 322.294922 0.846120 
507.500763 367.834503 0.810692 
536.941650 264.940216 0.782540 
533.950439 322.205109 0.900843 
533.983459 367.819550 0.846527 
520.688904 145.861176 0.945390 
532.490967 147.238983 1.001415 
504.540314 142.845016 0.861970 
535.436829 144.336411 0.141505 
18
523.718384 153.166260 0.934955 
517.751648 175.214859 0.855716 
486.886444 175.236038 0.892321 
476.692535 228.123337 0.929270 
476.668884 267.848480 0.907106 
547.223389 173.781418 0.876484 
557.448669 226.627228 0.903946 
560.451355 273.724792 0.895933 
500.168701 266.393097 0.772609 
504.568359 323.688446 0.846473 
507.501862 367.839905 0.807317 
535.506165 264.955048 0.813691 
533.918457 322.225983 0.897463 
533.979614 367.815033 0.840885 
519.271057 145.830322 0.928963 
532.436523 147.206558 0.983420 
503.088348 139.955399 0.856619 
535.382019 144.277542 0.150006 
18
523.674255 151.693344 0.933465 
514.828308 176.681229 0.867208 
485.435425 176.703323 0.866888 
476.584290 228.164536 0.969453 
476.575348 270.760529 0.925876 
547.154968 176.659912 0.881490 
556.036926 228.080032 0.912844 
558.982239 275.216309 0.956623 
500.089874 267.846436 0.778354 
504.530670 323.708099 0.855913 
507.511444 367.823334 0.807185 
535.452393 266.368042 0.818387 
532.502625 322.244995 0.887481 
533.972534 367.807800 0.830457 
517.788574 145.799911 0.916608 
530.985474 145.832901 0.950018 
501.640350 141.393280 0.879951 
533.955505 141.384048 0.136921 
18
523.609497 150.249939 0.946164 
513.369629 178.157440 0.893442 
483.956482 178.154724 0.837614 
475.103790 228.131958 0.939142 
475.089355 270.774414 0.912708 
545.774658 178.174042 0.879174 
554.507263 228.174728 0.906663 
557.545410 276.604645 0.950412 
498.637329 267.843964 0.786646 
501.655151 323.738800 0.866933 
508.915161 369.224823 0.832716 
533.982056 266.360535 0.830279 
530.987610 322.197174 0.848145 
533.957214 367.792633 0.801935 
516.289673 145.767929 0.928949 
528.098633 145.817337 0.937555 
501.578949 142.844116 0.906769 
533.932434 144.353165 0.189143 
18
522.205322 148.806580 0.950718 
511.969055 181.023041 0.936956 
482.497131 179.622894 0.853386 
472.223419 229.669495 0.890437 
473.675598 273.713898 0.921991 
545.700256 181.065277 0.917879 
550.136475 229.637634 0.920201 
557.428406 276.684662 0.905820 
492.818176 270.755188 0.737103 
498.733673 326.667725 0.877196 
507.474152 369.286560 0.843480 
530.988159 267.840607 0.752461 
529.529419 322.272614 0.847592 
533.958130 367.823059 0.816954 
513.408386 145.730484 0.936723 
526.583679 145.774399 0.921182 
500.157440 144.294357 0.955407 
533.920288 145.770920 0.231604 
18
520.663086 148.808563 0.898089 
511.885132 181.129913 0.964627 
479.548950 181.041550 0.888539 
467.803833 229.611542 0.904948 
466.302032 275.111572 0.918436 
544.228149 182.569260 0.878518 
548.671570 231.139038 0.906815 
548.686523 278.157135 0.894809 
488.438690 267.852173 0.770568 
489.887787 328.099396 0.866797 
500.215790 369.341064 0.865576 
525.164917 267.832794 0.774167 
525.178406 323.668671 0.881352 
533.944702 367.804810 0.826167 
511.871948 145.764801 0.986662 
523.673401 145.791275 0.982895 
498.734833 145.833557 1.000177 
532.489624 145.868240 0.521421 
18
514.881897 150.208847 0.871631 
508.945313 182.565155 0.924859 
475.198639 181.110367 0.981016 
463.433258 229.683533 0.923535 
463.295807 275.211945 0.913195 
538.365051 184.062531 0.842491 
545.781250 236.973419 0.917439 
547.168396 284.013824 0.891822 
483.986481 270.761749 0.751977 
478.100952 329.599792 0.834520 
488.337158 372.202789 0.875737 
522.124512 272.231201 0.790405 
523.662537 323.706512 0.892561 
533.908142 367.835083 0.845200 
510.420349 145.777740 0.992482 
522.207153 145.833054 1.005669 
497.180450 145.843399 0.940506 
523.730103 147.304947 0.196006 
18
510.483215 156.085526 0.949476 
500.222931 184.032730 0.904618 
470.742249 182.509613 0.903055 
456.045654 229.631882 0.899966 
453.074188 276.629425 0.930767 
533.966003 188.464264 0.870578 
538.377930 238.408752 0.880441 
545.684326 281.077789 0.850118 
476.566620 272.216766 0.796382 
466.295258 331.084351 0.859470 
464.891937 378.087189 0.831635 
511.978668 273.681549 0.774723 
522.163086 323.778351 0.896745 
533.874146 367.818054 0.856506 
503.115082 147.250137 0.903166 
516.321533 147.354767 0.916861 
488.467621 147.218307 0.964034 
522.253784 148.805054 0.349944 
18
501.603210 158.993820 0.963423 
494.251160 186.995377 0.825742 
463.351898 184.004730 0.930825 
450.115387 232.559814 0.870164 
442.772675 278.123230 0.874057 
523.688538 191.379929 0.905353 
534.004944 239.881973 0.948370 
539.851318 284.031006 0.838494 
467.809479 275.130768 0.765082 
457.509338 333.977600 0.870506 
451.536713 382.551941 0.889087 
508.920135 275.206421 0.799186 
514.840271 328.111847 0.809162 
533.881836 369.269318 0.840597 
498.587646 151.686691 0.888555 
510.347839 154.598419 0.912452 
485.376831 148.761566 0.890371 
511.968872 154.615387 0.317831 
18
495.706818 162.015778 0.857912 
486.898682 192.858154 0.942235 
453.112671 188.429810 0.881412 
439.868561 239.929657 0.934952 
433.958069 282.565582 0.833092 
517.773804 194.399170 0.831822 
525.181946 242.844070 0.887447 
535.443970 288.401398 0.912547 
454.572418 278.166687 0.755345 
448.689423 339.880859 0.836969 
450.114441 382.527405 0.883129 
497.181274 279.605835 0.777355 
510.464020 332.475525 0.853188 
532.458557 369.223602 0.843489 
488.369354 157.522293 0.979281 
500.137817 157.625900 0.991487 
476.572876 154.645004 0.958914 
508.917206 158.973053 0.468235 
18
488.321075 169.275620 0.959899 
478.055054 194.297623 0.913317 
448.665039 191.333557 0.842898 
431.026947 241.336472 0.913558 
428.017212 286.910187 0.912664 
510.415894 200.188202 0.835356 
522.132263 247.242401 0.867529 
528.095825 291.375641 0.836079 
450.121490 282.540558 0.750532 
442.770416 344.279785 0.885934 
450.100769 382.552399 0.867177 
486.949432 285.431793 0.810678 
500.153687 334.003601 0.845795 
525.106873 369.262421 0.852834 
482.490295 159.050171 0.884128 
494.276428 160.521072 0.914577 
467.782928 157.498169 0.931302 
500.118683 159.061600 0.441333 
18
485.373474 169.312164 0.920830 
475.078857 194.278824 0.937990 
441.297699 188.436798 0.909465 
428.041016 241.415771 0.892773 
417.852325 286.913666 0.901181 
504.552887 200.216629 0.805195 
511.902344 247.274750 0.864489 
522.147888 291.343323 0.880926 
442.778564 284.022156 0.773013 
441.363251 345.796631 0.915720 
448.704803 383.970520 0.859743 
485.371002 285.433167 0.761664 
492.803070 338.399353 0.781886 
511.864960 376.658051 0.849136 
476.609894 159.051819 0.988189 
488.438690 160.545944 0.952116 
463.448669 156.126312 0.989771 
498.587799 159.069427 0.296382 
18
476.695801 166.382797 0.919822 
467.823883 192.857666 0.908548 
438.373108 185.517700 0.886006 
419.290497 239.902390 0.917593 
414.869049 284.000946 0.866110 
500.133820 195.803467 0.896437 
505.998322 245.778397 0.809846 
510.489777 289.907898 0.880443 
441.359924 284.005280 0.789435 
441.362579 345.761658 0.909560 
448.674286 382.573517 0.852757 
482.496033 285.489594 0.748662 
486.845428 339.871582 0.805620 
488.459381 382.481903 0.829384 
473.686218 157.616104 0.963606 
486.837799 159.033646 1.003332 
460.449615 154.649536 0.886372 
489.867432 157.589844 0.358372 
18
476.553558 161.983521 0.937507 
464.883636 192.838593 0.947762 
431.034332 188.435059 0.849103 
416.350861 239.945435 0.951132 
407.560913 282.563171 0.853894 
498.728546 194.384506 0.914175 
500.208466 247.223282 0.839202 
500.174805 292.810822 0.874096 
441.272675 284.028778 0.813339 
441.363739 344.303131 0.893947 
448.668793 382.590729 0.814785 
478.097168 286.942383 0.808715 
475.170074 344.313934 0.852602 
473.683197 394.244415 0.815225 
469.248993 157.486267 0.901045 
482.518066 157.583221 0.934380 
454.567963 153.162338 0.902024 
488.350189 157.557922 0.395681 
18
473.683167 161.966736 0.910050 
464.795990 194.267471 0.966376 
429.583252 191.410309 0.902304 
414.876434 241.332153 0.924228 
406.069489 283.972809 0.899516 
498.645966 195.835144 0.882442 
500.115387 250.163193 0.887611 
498.621307 297.199554 0.883161 
439.890411 285.476990 0.814594 
441.320313 345.740479 0.903366 
445.733215 382.519379 0.775535 
476.686432 288.405701 0.822928 
469.264313 350.201355 0.797815 
460.460358 404.593506 0.834332 
464.892883 157.497437 0.963413 
478.058014 157.554382 0.950394 
453.081787 156.069809 0.973979 
486.854645 157.552765 0.497014 
18
470.725555 162.019562 0.858236 
463.444214 195.817947 0.923998 
429.531250 194.279816 0.953396 
413.386932 245.759598 0.859848 
404.627655 286.867157 0.930456 
498.654053 201.693146 0.863493 
500.194519 251.701508 0.924968 
498.644745 300.130737 0.948840 
439.794098 288.384125 0.793635 
439.914032 347.241516 0.862736 
450.097443 383.977234 0.731493 
476.624359 291.346863 0.806988 
464.916534 354.558502 0.825185 
460.459045 404.530945 0.828697 
463.401581 157.549179 1.004847 
476.573822 157.573166 0.988610 
451.578033 157.570465 0.981225 
483.986450 157.597198 0.451454 
18
466.378815 164.913010 0.888953 
463.434723 198.722092 0.900501 
429.527771 194.370575 0.944114 
414.873444 250.214844 0.901644 
404.619446 288.375549 0.934790 
498.633148 204.533386 0.883861 
501.636200 253.093246 0.905250 
500.140350 300.243530 0.939141 
438.365204 291.350830 0.761912 
438.343140 348.705414 0.804368 
447.223541 382.523285 0.749981 
476.608704 297.224426 0.817886 
467.796875 357.582245 0.837741 
461.886200 404.616730 0.848357 
461.923645 157.613739 0.963136 
475.143555 157.607407 0.988798 
450.127930 159.014389 0.951565 
482.519592 158.973557 0.636184 
18
464.921204 169.269775 0.960785 
463.414917 200.190826 0.893655 
429.504578 195.774277 0.932198 
416.367340 251.579544 0.923015 
406.004822 292.844879 0.895787 
498.597565 204.548355 0.874231 
507.505432 253.221924 0.869637 
508.933533 304.591400 0.855889 
439.800232 294.289734 0.782042 
431.089264 354.604462 0.811455 
444.285370 386.917450 0.701514 
476.655640 298.659973 0.800372 
467.817017 358.987610 0.835737 
461.879791 405.987793 0.834948 
460.429504 159.095474 0.890807 
473.679871 159.071625 0.946410 
447.229218 159.012283 0.940275 
481.011749 158.988907 0.773519 
18
464.821014 169.329697 0.997388 
463.373383 200.183853 0.884847 
428.152252 197.259705 0.908737 
417.795074 251.621490 0.950384 
408.963806 298.632416 0.875838 
497.184875 203.094894 0.843076 
510.399963 254.629578 0.861204 
511.985016 307.514740 0.859293 
441.262878 295.738129 0.776448 
432.530151 355.996338 0.792984 
439.878815 382.546265 0.749742 
479.543243 298.670654 0.750351 
470.732147 358.991302 0.820345 
461.876526 404.592865 0.822561 
456.064362 160.492203 0.870025 
472.176514 159.126480 0.884867 
444.268036 159.069855 0.955889 
478.142792 159.015396 0.795493 
18
463.451843 169.377350 0.992283 
463.393982 200.197632 0.886902 
428.160767 200.206772 0.897542 
419.254333 253.198517 0.907573 
414.885315 300.177002 0.928095 
498.613342 201.639008 0.839344 
511.833435 253.185211 0.914814 
520.731323 308.996124 0.887004 
442.770325 297.223389 0.763096 
441.326477 357.471893 0.886979 
432.493896 394.283295 0.827484 
485.407410 298.703278 0.765062 
473.627808 358.946228 0.834663 
461.890930 404.561066 0.845281 
454.590363 160.552643 0.873147 
469.286011 160.513611 0.869111 
442.780365 159.127213 0.966044 
476.689728 158.997925 0.771640 
18
463.392761 170.841507 0.982681 
464.806793 201.688568 0.903312 
429.591309 203.096283 0.897591 
422.186951 256.087036 0.856338 
417.858704 303.117493 0.858923 
498.673950 201.692276 0.848438 
513.418762 256.056946 0.869381 
523.668579 311.887634 0.921608 
448.673889 297.248688 0.725021 
448.668121 359.068146 0.820100 
438.381042 416.334473 0.795241 
486.919281 298.703369 0.806958 
475.141937 358.966766 0.870400 
463.363190 404.608276 0.860966 
453.136017 166.369278 0.896077 
467.781250 162.009048 0.841873 
441.376038 163.443192 0.916188 
476.650665 159.010086 0.835181 
18
463.354706 172.314072 0.949404 
466.321899 204.610748 0.916959 
432.489288 204.663254 0.895566 
426.654938 260.489349 0.884889 
423.700317 307.559509 0.807578 
500.177826 204.614304 0.868630 
520.727417 257.561127 0.858945 
525.116394 313.455597 0.865852 
451.656250 300.137177 0.787441 
456.066681 364.878632 0.774549 
451.598877 432.500610 0.779536 
489.816132 300.206024 0.752680 
476.564148 363.386810 0.799424 
463.373566 406.085663 0.774800 
453.094055 169.275436 0.945234 
466.338654 166.370163 0.863310 
441.381897 169.275665 0.946873 
476.618622 160.557007 0.877477 
18
464.802094 179.643829 0.984796 
470.720612 207.540436 0.864724 
435.457336 209.045486 0.837412 
428.140228 263.456177 0.948685 
428.076935 311.904968 0.911670 
506.011749 206.151093 0.837752 
522.241028 263.375671 0.935899 
526.580444 319.319489 0.847149 
454.598236 306.081024 0.723003 
464.834412 373.715240 0.787234 
470.706543 447.220673 0.757294 
495.743378 307.541931 0.722855 
475.145935 370.799561 0.668794 
454.575592 404.604645 0.444278 
454.554321 170.853516 0.915916 
469.263367 169.350403 0.884412 
442.814941 172.272552 0.920919 
478.096741 166.359528 0.848998 
18
464.932312 182.589294 0.944042 
473.669708 211.984619 0.855444 
439.778381 216.377472 0.925568 
429.633331 266.415680 0.901098 
429.589142 316.371185 0.872149 
508.942596 209.010788 0.832448 
523.687622 264.887787 0.932990 
528.052368 323.697601 0.881961 
463.335419 311.937592 0.760060 
475.173615 381.064087 0.830103 
476.550873 451.563385 0.842448 
500.180206 311.921509 0.773366 
481.013428 378.110687 0.567933 
456.033447 406.033051 0.745062 
457.523193 179.590790 0.858957 
473.622192 172.310287 0.868627 
448.675323 179.571564 0.855551 
481.052063 169.328720 0.907817 
18
472.174011 185.485748 0.865637 
476.591492 216.301819 0.932127 
441.311005 217.875092 0.907241 
438.347198 273.691986 0.863770 
432.524384 322.157776 0.825153 
511.854034 210.514526 0.846908 
526.624817 266.352570 0.860105 
532.462952 325.187958 0.832126 
464.903900 314.884827 0.733739 
475.108978 382.563538 0.810278 
475.203979 451.578094 0.843502 
510.422485 313.437317 0.774900 
510.373840 372.225189 0.861579 
475.143921 403.052002 0.164026 
463.322693 181.103760 0.954742 
476.541290 178.136215 0.923866 
451.640137 181.118195 0.931713 
486.860657 170.880066 0.930889 
18
476.666473 191.347488 0.933256 
482.463348 216.369141 0.858636 
447.185272 219.370514 0.829053 
441.321014 276.705933 0.914455 
438.349945 323.720856 0.893275 
516.307312 209.015518 0.809455 
533.914734 266.365753 0.892292 
535.501038 325.200439 0.858887 
473.644073 319.292633 0.733415 
476.566986 389.848724 0.758094 
475.199402 451.608398 0.803786 
513.416626 313.426392 0.759843 
523.650940 372.201202 0.868612 
485.464447 403.103912 0.662753 
466.384583 182.598358 0.876763 
482.522614 181.031555 0.876958 
454.605774 182.549622 0.884836 
489.902832 172.257172 0.859320 
18
486.880798 189.925278 0.915873 
488.318420 214.923691 0.896467 
453.037170 217.922867 0.880487 
448.664459 276.654022 0.869977 
439.917755 323.773529 0.887446 
522.242065 207.552216 0.864603 
535.505798 264.904785 0.920783 
545.686035 322.248901 0.908393 
476.686432 313.402802 0.754618 
478.098785 384.028473 0.796212 
475.164825 450.115326 0.814870 
522.242371 310.481537 0.812853 
535.403198 369.282410 0.920538 
501.607452 413.363220 0.754397 
476.562317 182.556580 0.979987 
488.464294 179.641922 0.920426 
464.808197 181.144470 0.932471 
498.716431 170.792770 0.884806 
18
495.711792 189.937546 0.880080 
495.738861 214.901169 0.854052 
460.461578 217.910889 0.862037 
451.674011 276.673737 0.926193 
445.769379 325.162659 0.823706 
531.015442 206.133972 0.826921 
547.142639 263.435028 0.922169 
557.419922 320.723938 0.849937 
486.918396 313.400513 0.797562 
483.935974 382.518433 0.798810 
475.192444 448.650177 0.810423 
531.010498 310.467743 0.760330 
542.767029 369.280731 0.860034 
525.189209 425.120056 0.796795 
486.848572 182.530136 0.978991 
500.086548 181.034027 0.978755 
473.677460 181.077454 0.905057 
510.375916 172.315598 0.778021 
18
503.106262 191.388000 0.887711 
503.096161 216.330566 0.875857 
466.363708 219.331848 0.841897 
457.475830 278.179443 0.833219 
453.095367 331.030518 0.874421 
538.393066 207.555283 0.827462 
558.948547 263.449951 0.933251 
569.289917 320.724457 0.858826 
492.793854 313.444733 0.707690 
485.451965 381.107452 0.858276 
475.170471 445.739166 0.817041 
536.882996 311.940613 0.776121 
545.683594 372.259552 0.851501 
535.364319 429.576874 0.868586 
497.156342 182.590576 0.913656 
510.430450 181.103531 0.996346 
482.499969 181.136383 0.890368 
520.713684 173.769196 0.767416 
18
511.974823 192.853058 0.953699 
511.983002 216.419083 0.897168 
476.647339 217.895935 0.895629 
464.908386 278.133148 0.895574 
463.313141 334.032074 0.888739 
548.632751 214.888596 0.841621 
570.692505 264.949768 0.944112 
582.450073 322.206299 0.894690 
498.723389 311.988953 0.771321 
488.409973 379.546936 0.864790 
476.600067 441.342468 0.885976 
545.671082 312.005249 0.790039 
545.743652 375.150848 0.824694 
533.992981 429.611847 0.883435 
504.573822 184.048965 0.854498 
520.731689 182.582214 0.958037 
489.912140 182.547302 0.909314 
529.537170 179.558121 0.737181 
18
522.159973 192.893875 0.971782 
520.718689 214.901245 0.850474 
485.441010 216.373428 0.892011 
476.552612 273.747955 0.912398 
473.679169 331.076477 0.838902 
555.994019 211.990051 0.791248 
578.061279 263.469666 0.904067 
594.219971 316.345825 0.857405 
503.062073 310.412445 0.724004 
497.169159 370.819977 0.843182 
486.959015 429.573822 0.868104 
547.181641 310.415466 0.786132 
547.142395 370.731293 0.900583 
534.011414 428.141541 0.905707 
511.901428 184.020874 0.958156 
526.591980 182.617661 0.921383 
498.675690 181.094818 0.952116 
535.390015 178.160843 0.528563 
18
525.187256 192.770828 0.883868 
523.684814 207.529526 0.916549 
488.413696 209.046951 0.875348 
486.891571 272.211456 0.869733 
486.830048 322.186676 0.812624 
558.963867 206.032516 0.891048 
582.418152 259.006256 0.900472 
604.458740 310.415649 0.877897 
510.341003 307.511627 0.748707 
503.075745 369.304474 0.824254 
500.153351 414.821503 0.814582 
550.112000 307.529327 0.731290 
545.703003 370.692383 0.921556 
534.019043 428.148956 0.887467 
520.683594 182.575836 0.916461 
533.953674 182.546600 0.993330 
504.527588 175.222870 0.804066 
538.375671 173.765671 0.255556 
18
532.474365 189.890167 0.874586 
530.986938 204.632706 0.863125 
495.713013 206.135681 0.846627 
491.297272 267.848816 0.831104 
498.656494 320.783722 0.870055 
564.853027 203.089462 0.799666 
583.948669 253.172470 0.912850 
606.071838 301.641235 0.880997 
511.959106 304.581390 0.715780 
511.914215 363.388977 0.776545 
517.781982 397.230988 0.733607 
554.542053 303.123535 0.733391 
545.702820 367.801910 0.866473 
535.414734 428.113556 0.832604 
522.255554 181.070129 0.969399 
536.922913 181.043961 0.928082 
508.964569 170.877762 0.885671 
547.134033 170.821854 0.411939 
18
535.497131 189.911530 0.911018 
533.995117 204.604050 0.931842 
500.086029 206.147339 0.894678 
497.219208 266.416718 0.866641 
508.922302 314.867065 0.839894 
569.206177 201.646729 0.838944 
589.842957 251.716934 0.925504 
607.512085 300.149231 0.886833 
520.693665 303.130951 0.670178 
519.252747 360.513336 0.686458 
526.602051 386.956696 0.705818 
557.497498 301.638977 0.799956 
547.154297 367.802948 0.879508 
535.449463 428.044922 0.829111 
528.065063 181.097717 0.893001 
545.652222 181.031937 0.959275 
511.991058 172.321503 0.880370 
551.581238 170.758713 0.436716 
18
544.208435 192.780533 0.902771 
536.946106 204.659943 0.883410 
503.099945 207.547516 0.834398 
500.104279 267.836548 0.891625 
513.393494 317.804626 0.836432 
570.745178 201.681961 0.850874 
592.762756 253.114960 0.961648 
608.928406 298.775574 0.878833 
522.245911 300.192047 0.738612 
523.640259 361.953430 0.764845 
534.000671 386.939453 0.647984 
559.027100 300.179932 0.796789 
557.430237 364.855133 0.828110 
541.279663 422.220245 0.778760 
533.960266 182.601563 0.969645 
547.221863 182.493042 0.980308 
520.699585 179.578110 0.876372 
557.431824 172.255142 0.409945 
18
547.195068 192.841446 0.931726 
544.188477 204.612045 0.892578 
510.432251 206.081253 0.895393 
504.581451 264.900482 0.875000 
520.664917 313.463928 0.798353 
572.225159 203.102982 0.833162 
592.740723 251.699905 0.951385 
606.085815 297.203186 0.849297 
523.699707 298.711945 0.764743 
523.746277 357.569977 0.809584 
535.396484 386.925446 0.692223 
564.818054 297.243347 0.766659 
569.262085 353.108765 0.856360 
548.710388 413.382538 0.776336 
538.398010 184.007492 0.871474 
555.970703 182.568024 0.947505 
523.687866 178.129761 0.885992 
560.415588 170.843750 0.322732 
18
551.623413 189.877747 0.826528 
547.147644 198.764160 0.888319 
511.934357 201.696396 0.870152 
510.471313 257.561188 0.885039 
519.235168 306.080414 0.812389 
580.948303 197.286377 0.848456 
592.741333 250.149979 0.898730 
604.522400 289.882080 0.900640 
530.994690 292.815247 0.719129 
525.175964 350.169464 0.793676 
532.485168 386.935242 0.776755 
569.251099 288.474792 0.835320 
575.147400 342.838806 0.823893 
561.919250 400.166931 0.784544 
545.667236 181.117538 0.935433 
558.883362 181.035019 0.961110 
532.447388 172.244217 0.859534 
566.257751 169.293884 0.343815 
18
557.451843 182.570129 0.937379 
553.077148 192.857971 0.870929 
522.132263 192.839828 0.898830 
511.936829 251.586212 0.918387 
513.416016 297.201538 0.853257 
583.929504 194.279114 0.876384 
592.704468 241.360977 0.921411 
600.125977 281.092194 0.807714 
533.943970 285.450500 0.776540 
531.019165 344.293121 0.808306 
532.468689 386.912445 0.821419 
572.194275 284.012848 0.762128 
579.558411 336.917297 0.870018 
573.679504 385.458984 0.801098 
547.248840 176.664368 0.900521 
561.920166 173.764725 0.838049 
535.461304 169.275177 0.853095 
570.716125 166.383865 0.423431 
18
558.999084 181.136429 0.922778 
557.481140 189.916534 0.887280 
523.649658 186.964554 0.890687 
511.930878 241.442993 0.915310 
511.961304 289.880371 0.871760 
591.254456 192.804749 0.867986 
594.279785 239.896179 0.939261 
600.110901 278.163055 0.822287 
535.426453 278.110748 0.767406 
533.953857 336.915924 0.879209 
532.514954 385.468567 0.829577 
578.072021 276.707458 0.776395 
582.462524 333.977448 0.894070 
581.054138 378.076202 0.869766 
554.545471 172.293350 0.853339 
569.184814 172.288818 0.906001 
544.212585 163.457550 0.783431 
575.115417 162.007874 0.389558 
18
566.309387 181.118271 0.896965 
560.440186 189.930496 0.869297 
529.554688 186.992249 0.821435 
511.919281 239.916077 0.955016 
510.400818 284.030182 0.847695 
594.219849 192.821091 0.924302 
601.558105 241.319916 0.876746 
604.547241 281.072876 0.823772 
539.818359 275.213135 0.746683 
535.383850 334.034698 0.886567 
532.476807 383.987091 0.839199 
581.050903 276.679138 0.832361 
583.915344 332.506927 0.837321 
582.554565 370.777557 0.873569 
558.949524 172.270889 0.947970 
570.796143 173.721283 0.871282 
547.180847 163.453506 0.862291 
581.058533 166.346024 0.349390 
18
569.281982 182.634491 0.915087 
567.731934 192.870438 0.906050 
533.995972 189.928268 0.890545 
513.389404 239.828568 0.884422 
508.944458 281.083130 0.802901 
597.159119 195.803436 0.860903 
606.021423 242.839127 0.887665 
607.448303 285.509033 0.876572 
545.681641 275.186340 0.798857 
535.492981 332.489594 0.852998 
533.901184 382.564941 0.864494 
583.940796 276.686981 0.795757 
583.964844 329.610260 0.818534 
582.554565 370.788025 0.871447 
561.931946 176.697510 0.847536 
578.073730 179.596924 0.880297 
553.067383 167.799973 0.807714 
582.568848 169.322357 0.363025 
18
569.257385 184.083435 0.883217 
569.229492 192.806625 0.902824 
535.421509 186.967377 0.910962 
522.177246 232.584824 0.883014 
508.899597 275.237823 0.857011 
601.574890 195.774078 0.834895 
610.409973 241.444778 0.852883 
616.316589 287.008148 0.884732 
547.137512 273.673126 0.822610 
539.861877 331.026337 0.796170 
536.929626 379.549988 0.832004 
586.865601 275.214966 0.774644 
589.806396 331.033936 0.769038 
583.930115 370.761627 0.841295 
563.390259 179.593979 0.864152 
578.050903 181.129593 0.892995 
557.438232 167.838898 0.820500 
585.406738 172.261490 0.402823 
18
570.654663 184.053680 0.858800 
570.677917 186.999649 0.879747 
535.447998 182.608566 0.948410 
523.700012 229.562912 0.941377 
510.434448 266.413879 0.907367 
604.488953 192.878143 0.920804 
613.370789 241.376770 0.854185 
620.679749 288.364319 0.904131 
547.175903 272.239471 0.800552 
545.739502 331.041534 0.865422 
547.138794 373.681122 0.877038 
585.427673 275.143188 0.778187 
585.403015 329.570465 0.798479 
583.916382 370.748352 0.849734 
566.309692 179.598770 0.829857 
579.486084 181.103409 0.862988 
557.483521 166.380615 0.805168 
588.336121 170.792267 0.462503 
18
569.287537 181.132828 0.915115 
570.695618 184.004333 0.912600 
535.451477 181.142715 0.953219 
525.118347 228.128021 0.931935 
511.847321 263.427460 0.911093 
604.543884 189.925156 0.877518 
614.773132 239.820724 0.874347 
622.148621 286.978729 0.893457 
547.124695 272.236328 0.803349 
547.234802 329.603149 0.869376 
553.064453 370.806427 0.879293 
583.941650 275.144043 0.824584 
582.549072 326.673157 0.825606 
583.929626 370.712860 0.861551 
563.361206 172.288391 0.827044 
578.039185 175.221008 0.802178 
557.423462 160.559036 0.790290 
586.901062 169.237717 0.629745 
18
567.720886 181.101196 0.842848 
569.287048 182.639725 0.913953 
535.390381 181.107269 0.954876 
523.692627 226.663132 0.901611 
511.980804 261.947571 0.879050 
604.451172 189.936981 0.855643 
616.204529 239.843613 0.892474 
620.693665 288.407562 0.904893 
544.255676 270.785828 0.766267 
545.719727 331.029327 0.873682 
548.674072 370.802887 0.884805 
582.471924 275.146118 0.843466 
582.484680 326.653320 0.827129 
583.931763 370.705078 0.860297 
558.986145 170.891693 0.912909 
572.169556 173.787369 0.815508 
554.504333 159.086792 0.654245 
583.959045 167.823715 0.676273 
18
564.840942 179.570328 0.810438 
566.324158 182.634201 0.886743 
533.947083 181.075790 0.928283 
523.646606 225.203751 0.896469 
511.983490 261.933655 0.899380 
595.726563 191.365112 0.836323 
613.360291 238.454178 0.869647 
617.766296 289.872406 0.908370 
541.309509 266.373627 0.767905 
535.491882 323.785522 0.872941 
544.270630 370.783081 0.871781 
580.999329 272.227173 0.833993 
582.438171 325.164459 0.837014 
583.953430 369.342712 0.853104 
558.906921 170.763443 0.935223 
570.734497 170.804306 0.903550 
548.639832 159.083450 0.744058 
582.405518 160.569733 0.641434 
18
558.940125 175.209930 0.811373 
558.971741 182.584518 0.907469 
526.604492 179.644913 0.864507 
522.139954 225.213882 0.895926 
511.924896 263.424500 0.921888 
592.703369 189.925858 0.835375 
605.952637 239.862335 0.932739 
613.311707 288.489014 0.870934 
535.362427 269.301422 0.784423 
526.623718 328.102570 0.814480 
535.367371 370.737671 0.885353 
573.681702 273.681732 0.760736 
580.977600 323.719238 0.855861 
582.558838 370.710022 0.862368 
554.532166 169.294418 0.820353 
567.751099 169.384384 0.857180 
545.726013 158.979431 0.804587 
575.116089 161.957016 0.582566 
18
551.606567 173.715027 0.827343 
554.523865 182.601120 0.895201 
522.203674 181.068359 0.927449 
513.429260 226.628510 0.875835 
507.499573 263.443939 0.903193 
583.928833 189.906601 0.827197 
595.718445 239.841782 0.896326 
604.581177 288.477020 0.894154 
531.015564 266.345612 0.754833 
519.243652 323.741699 0.855168 
522.130676 370.704132 0.836501 
569.294067 267.868805 0.828126 
573.677246 322.245453 0.868011 
582.508606 370.706116 0.901894 
545.776123 169.243835 0.948559 
558.922668 169.284485 0.926407 
535.487061 157.545624 0.791955 
569.270264 159.027405 0.674704 
18
544.247192 172.312347 0.873090 
545.682556 184.012085 0.906889 
511.959961 181.147141 0.919886 
507.507294 228.112595 0.889768 
498.654785 269.316254 0.872898 
573.670471 189.926132 0.805936 
588.352051 239.960770 0.872648 
595.685791 288.502563 0.918104 
522.223206 267.818176 0.790111 
510.446259 323.782745 0.887888 
507.468933 370.781738 0.843092 
560.424927 269.318024 0.798489 
570.737854 322.218597 0.868681 
582.499878 369.308289 0.894906 
535.478882 167.832458 0.943018 
550.112549 169.248810 0.863493 
528.068909 157.483459 0.716648 
559.012085 158.990555 0.706204 
18
533.974854 172.299225 0.913926 
534.018677 186.965958 0.878118 
503.062958 182.601089 0.900578 
497.212555 229.624786 0.919435 
486.941437 273.724945 0.914347 
566.304138 192.781219 0.848167 
578.080811 241.309814 0.901396 
583.930298 288.480591 0.903858 
511.875854 273.689636 0.802881 
500.213989 328.104797 0.856667 
501.633820 372.227631 0.859984 
553.076721 273.713318 0.769156 
567.768799 323.695526 0.852279 
582.473206 370.702515 0.891913 
526.598694 167.827942 0.891805 
542.744202 169.269333 0.894166 
519.241638 157.595032 0.786479 
550.139709 160.513962 0.697404 
18
523.601929 172.268051 0.940510 
523.715515 189.882233 0.875299 
495.747742 184.020157 0.892810 
486.909424 231.093597 0.915410 
475.108246 272.266113 0.869184 
556.002686 192.865036 0.862523 
567.765747 241.352081 0.887821 
573.638794 288.497986 0.876953 
501.657196 275.135529 0.779652 
497.206940 332.510803 0.833899 
500.220123 372.241608 0.879879 
544.255859 275.170685 0.818560 
558.898438 325.185394 0.863315 
581.019531 369.304230 0.884876 
517.762756 167.798019 0.864644 
532.424011 169.249146 0.908690 
508.945435 157.627228 0.817141 
538.407471 160.569626 0.714805 
18
511.947021 170.871918 0.938796 
519.216980 188.431625 0.827338 
486.952057 184.017792 0.945056 
476.612549 231.112549 0.927512 
463.432343 275.193604 0.945138 
547.185120 192.787674 0.855597 
558.933105 241.420166 0.926292 
563.372620 289.905365 0.861673 
495.700226 275.226837 0.760030 
494.236481 334.053314 0.856728 
501.598145 372.233826 0.873327 
535.367004 276.620056 0.838011 
550.112183 328.135071 0.773466 
570.743164 369.237030 0.875371 
508.932343 166.377579 0.878043 
522.115662 167.820435 0.894554 
500.081970 157.598785 0.754790 
532.469055 160.501846 0.840963 
18
508.957916 169.334793 0.947872 
510.500916 184.025101 0.901761 
478.122711 181.145401 0.922394 
466.385071 229.658585 0.899489 
454.620789 275.203857 0.904989 
542.787964 189.916245 0.802591 
551.582703 239.848282 0.879007 
555.954590 286.976532 0.900934 
489.892670 275.130554 0.791525 
492.799622 333.921539 0.834045 
501.606995 372.234375 0.872851 
532.489014 275.148376 0.771431 
538.345215 326.662689 0.797071 
558.894226 370.700867 0.885289 
500.188690 159.121689 0.948295 
513.407349 160.537857 0.884686 
492.784424 156.076996 0.718790 
523.704102 157.574020 0.875311 
