51
1
18
651.544861 132.534729 0.904187 
614.779724 160.492584 0.873135 
620.714966 169.260834 0.850485 
616.229492 222.246353 0.877235 
653.008118 226.656082 0.912980 
604.496826 157.506226 0.845750 
606.021118 206.117233 0.130979 
0.000000 0.000000 0.000000 
614.821777 251.651505 0.774691 
604.590149 308.961121 0.874372 
597.195862 357.566559 0.775680 
597.202942 247.269470 0.692881 
594.288086 301.661987 0.784718 
595.695984 351.648773 0.602129 
648.657166 123.794083 0.931886 
0.000000 0.000000 0.000000 
632.474548 125.229622 0.879394 
0.000000 0.000000 0.000000 
18
651.545776 132.538849 0.910657 
614.801147 159.112534 0.880543 
620.698181 169.270828 0.856743 
616.249207 220.794174 0.893876 
653.021301 226.642181 0.909206 
604.532104 156.110947 0.844879 
606.015625 206.063278 0.119927 
0.000000 0.000000 0.000000 
614.802124 251.643463 0.768615 
604.559937 308.965668 0.865562 
598.643982 357.552460 0.772457 
597.190430 247.264679 0.687790 
594.260742 301.680603 0.811383 
594.203308 348.748962 0.665753 
648.656250 123.802917 0.932096 
0.000000 0.000000 0.000000 
632.466858 125.246658 0.877020 
0.000000 0.000000 0.000000 
18
651.559875 132.529831 0.906429 
614.806702 159.107010 0.888691 
620.715027 169.267746 0.853824 
616.240723 220.789520 0.892401 
653.011475 226.641403 0.913839 
604.529297 156.102341 0.845736 
606.001770 204.624481 0.128630 
0.000000 0.000000 0.000000 
614.811890 251.627304 0.766674 
604.567566 308.980713 0.868797 
598.657654 357.562439 0.774262 
597.197388 247.247513 0.687524 
594.255737 301.698151 0.810478 
592.809631 350.157288 0.662422 
650.045227 123.794868 0.933009 
0.000000 0.000000 0.000000 
632.476379 125.246056 0.879802 
0.000000 0.000000 0.000000 
18
651.551453 132.535736 0.907927 
614.805481 159.104965 0.883672 
620.705566 169.263489 0.852831 
616.235596 220.799026 0.889353 
653.020874 226.641174 0.911903 
604.535339 156.098892 0.842448 
605.990356 206.057739 0.125590 
0.000000 0.000000 0.000000 
614.821716 251.639481 0.773120 
604.565613 308.980713 0.863994 
598.635071 357.565155 0.776522 
597.193237 247.264725 0.689324 
594.259521 301.693939 0.814476 
592.786194 348.739380 0.659591 
650.042725 123.803864 0.925978 
0.000000 0.000000 0.000000 
632.484253 125.252586 0.876139 
0.000000 0.000000 0.000000 
18
651.554016 132.528763 0.904773 
614.807800 159.109512 0.884543 
620.707886 169.271912 0.853275 
616.217651 220.775543 0.893520 
653.020264 226.638077 0.915570 
604.533508 156.102570 0.843816 
606.007202 204.636185 0.125218 
0.000000 0.000000 0.000000 
614.825195 251.639999 0.772183 
604.567139 308.987000 0.869751 
598.638428 357.561829 0.774293 
598.623047 248.700699 0.685522 
594.271851 303.134247 0.806425 
594.198486 350.174042 0.658794 
650.044800 123.798744 0.931637 
0.000000 0.000000 0.000000 
632.486572 125.253456 0.874603 
0.000000 0.000000 0.000000 
18
651.552612 132.526184 0.905647 
614.805298 159.108551 0.888607 
620.707886 169.272003 0.856746 
616.226074 220.766403 0.896468 
653.021606 225.206848 0.906764 
604.530396 156.102478 0.848096 
606.003540 204.625061 0.127870 
0.000000 0.000000 0.000000 
614.807495 251.623306 0.769687 
604.581177 308.954315 0.863682 
598.652710 357.549713 0.769926 
597.186890 247.244446 0.685929 
594.283447 301.695587 0.803094 
592.809509 350.166351 0.667706 
650.044312 123.797211 0.933347 
0.000000 0.000000 0.000000 
632.480652 125.252670 0.876828 
0.000000 0.000000 0.000000 
18
651.546509 132.548111 0.914459 
614.789063 160.482315 0.879188 
620.681580 169.284851 0.869524 
616.234131 220.823013 0.891102 
652.998840 220.813461 0.925635 
604.519836 156.113419 0.839790 
607.456787 204.597229 0.137223 
0.000000 0.000000 0.000000 
614.814392 251.676727 0.767733 
604.571655 308.977417 0.873416 
598.635132 357.574677 0.783564 
598.627075 248.718872 0.678956 
594.301819 303.130920 0.784004 
592.804260 348.735809 0.632862 
648.655151 123.811211 0.929386 
0.000000 0.000000 0.000000 
632.468994 125.240273 0.873358 
0.000000 0.000000 0.000000 
18
651.541504 132.558960 0.906236 
614.785583 160.494492 0.870023 
619.281921 169.280396 0.884245 
616.283813 220.814056 0.893922 
653.057495 217.832199 0.978736 
604.533020 157.503967 0.826476 
608.945251 204.587341 0.146804 
0.000000 0.000000 0.000000 
614.824097 251.634064 0.770076 
604.580200 308.955170 0.868309 
598.635315 357.577515 0.786001 
598.638306 247.246979 0.676442 
594.297241 301.699860 0.780878 
592.783813 348.722565 0.637565 
648.658264 123.820419 0.920802 
0.000000 0.000000 0.000000 
632.479431 125.251961 0.862723 
0.000000 0.000000 0.000000 
18
651.533386 132.536270 0.884263 
614.775208 160.478836 0.870002 
619.225891 169.260956 0.895446 
617.727417 220.767700 0.913509 
655.993103 214.863251 0.911377 
604.551819 157.499924 0.809194 
614.812378 200.215164 0.149537 
0.000000 0.000000 0.000000 
614.834534 250.218277 0.774923 
604.593811 307.514343 0.862992 
598.649170 357.546509 0.775949 
600.131104 245.782440 0.660671 
594.315430 301.647797 0.772547 
592.810059 348.734741 0.657695 
650.041565 123.806152 0.914809 
0.000000 0.000000 0.000000 
632.503723 125.247681 0.854079 
0.000000 0.000000 0.000000 
18
651.517090 132.591629 0.888749 
614.781921 160.482620 0.863373 
617.842102 167.860168 0.901755 
623.642029 217.886017 0.896354 
663.259949 204.645676 1.032991 
605.952087 157.531982 0.796344 
623.638733 182.589905 0.271664 
0.000000 0.000000 0.000000 
614.837036 251.593796 0.781958 
604.592590 306.081451 0.849948 
598.640076 357.530029 0.764179 
601.578491 245.772446 0.667106 
594.308228 300.249542 0.779503 
594.250000 350.181824 0.648333 
650.046997 125.200340 0.910959 
0.000000 0.000000 0.000000 
633.918945 125.266701 0.849868 
0.000000 0.000000 0.000000 
18
651.511230 132.600479 0.871965 
614.788025 159.101868 0.866677 
617.834412 167.850952 0.880115 
628.088745 217.833069 0.990485 
661.873535 195.841965 0.954194 
605.976746 157.514877 0.792911 
625.088501 181.071274 0.248879 
0.000000 0.000000 0.000000 
616.221558 250.146362 0.784169 
604.594604 304.603241 0.837967 
598.638123 357.549286 0.769980 
601.602051 242.824127 0.662877 
594.306702 300.156860 0.808192 
594.214355 350.153412 0.659952 
650.044617 125.220840 0.903322 
0.000000 0.000000 0.000000 
633.915344 126.715202 0.849002 
0.000000 0.000000 0.000000 
18
651.495850 134.063568 0.921792 
614.787415 159.059769 0.849954 
617.780579 166.386856 0.865301 
631.014038 216.378662 0.951491 
663.323853 186.957962 0.906882 
606.018921 157.511246 0.764912 
625.080566 191.376434 0.180180 
0.000000 0.000000 0.000000 
614.830566 248.744247 0.777313 
605.933044 304.595795 0.826042 
598.643433 357.541718 0.775920 
604.465210 242.838791 0.641938 
595.691711 300.148590 0.795606 
592.786255 348.724121 0.666399 
648.658569 126.695816 0.890900 
0.000000 0.000000 0.000000 
632.475769 126.724609 0.859017 
0.000000 0.000000 0.000000 
18
651.530579 134.064728 0.945695 
613.347168 159.043961 0.835549 
616.332520 166.350494 0.855924 
638.340820 214.894058 0.926274 
661.862488 181.111801 0.865711 
606.052368 156.118805 0.756250 
628.039429 185.510681 0.228268 
0.000000 0.000000 0.000000 
614.776917 248.695282 0.768178 
605.953186 303.156006 0.825031 
598.649109 357.509521 0.763591 
604.533386 242.852066 0.619249 
595.760681 300.166840 0.765968 
594.197754 348.694458 0.666631 
650.069946 126.714088 0.904063 
0.000000 0.000000 0.000000 
632.491943 128.155991 0.867013 
0.000000 0.000000 0.000000 
18
651.536682 134.065308 0.933898 
613.322083 159.008987 0.839944 
616.339233 164.889587 0.851656 
639.781189 213.399673 0.913151 
661.812988 178.156357 0.810639 
606.016418 156.080643 0.772829 
629.504944 192.854401 0.205719 
0.000000 0.000000 0.000000 
613.359375 247.262817 0.759318 
604.593262 304.611206 0.818284 
598.638916 357.526703 0.754860 
604.471680 241.429092 0.622407 
595.710083 300.196228 0.768361 
594.211548 348.727722 0.654371 
650.070496 126.720551 0.895556 
0.000000 0.000000 0.000000 
633.907471 128.181534 0.872639 
0.000000 0.000000 0.000000 
18
651.543152 134.029846 0.921603 
613.329651 158.986938 0.846986 
617.695435 164.896271 0.861172 
639.856567 210.523102 0.924735 
660.380920 176.672302 0.767960 
606.026733 156.059067 0.777461 
623.676331 182.572754 0.210673 
0.000000 0.000000 0.000000 
613.359375 247.234360 0.758965 
605.939270 304.575317 0.818590 
598.635986 357.516418 0.760955 
604.464783 241.395798 0.619474 
595.765076 300.187469 0.749999 
592.805542 348.693695 0.658638 
650.078064 126.683022 0.904534 
0.000000 0.000000 0.000000 
633.915344 128.184433 0.869823 
0.000000 0.000000 0.000000 
18
651.549500 134.051331 0.925621 
613.336121 157.626587 0.837670 
616.351379 163.440079 0.856515 
641.249084 210.481857 0.920068 
657.463074 172.249878 0.791247 
606.045044 156.061142 0.777000 
626.597046 176.725433 0.217252 
0.000000 0.000000 0.000000 
613.362793 245.793945 0.752858 
605.936523 303.152039 0.811127 
598.635193 357.513062 0.757534 
604.483398 241.387253 0.621970 
595.704468 300.161163 0.785141 
592.805359 348.688873 0.659644 
650.086792 126.712997 0.901181 
0.000000 0.000000 0.000000 
633.926208 128.184708 0.867700 
0.000000 0.000000 0.000000 
18
651.558350 134.044022 0.901993 
613.333374 157.628448 0.827215 
616.341431 163.434189 0.847654 
641.313110 209.034546 0.929793 
655.964966 170.744659 0.837534 
606.047241 156.063034 0.771208 
628.016113 173.817657 0.205368 
0.000000 0.000000 0.000000 
613.354980 245.788330 0.748414 
604.592529 304.580170 0.811409 
598.650146 357.516449 0.763673 
604.494629 241.399185 0.617396 
595.698853 300.173340 0.782097 
592.772583 347.286163 0.669759 
650.098755 126.711349 0.889838 
0.000000 0.000000 0.000000 
633.951660 128.169617 0.867404 
0.000000 0.000000 0.000000 
18
651.539856 134.080048 0.907923 
613.319641 157.613876 0.817713 
616.320557 162.006638 0.852293 
641.333191 209.015793 0.923379 
654.551453 170.755173 0.867837 
606.039246 156.050858 0.763881 
627.999023 175.238800 0.198610 
0.000000 0.000000 0.000000 
613.334290 245.770828 0.740390 
604.580688 304.583923 0.805772 
598.649475 357.532501 0.761741 
604.511780 241.399399 0.612876 
595.698059 300.196655 0.779999 
592.806274 348.701477 0.658674 
650.081177 128.173309 0.881216 
0.000000 0.000000 0.000000 
633.956909 128.167953 0.865975 
0.000000 0.000000 0.000000 
18
651.543396 135.445984 0.937288 
611.903687 157.613770 0.807389 
616.330261 162.000763 0.852232 
641.334900 207.608643 0.931008 
653.116638 169.351547 0.882472 
606.028748 156.056717 0.761324 
626.582947 175.256287 0.172263 
0.000000 0.000000 0.000000 
613.334961 245.773117 0.754432 
605.942261 303.102631 0.809915 
598.652893 357.532593 0.767257 
603.065552 241.374451 0.629977 
595.714783 298.754974 0.788421 
592.777466 347.280731 0.656253 
650.074219 129.623093 0.904085 
0.000000 0.000000 0.000000 
633.928589 128.147202 0.869532 
0.000000 0.000000 0.000000 
18
651.554932 135.464020 0.938682 
611.897400 157.605270 0.815200 
616.328552 162.004501 0.861033 
641.326965 207.565338 0.947066 
653.083679 169.363174 0.876770 
606.015381 154.650894 0.765574 
627.986267 173.792786 0.200237 
0.000000 0.000000 0.000000 
613.333496 245.767502 0.754992 
604.584045 303.113159 0.811001 
597.195801 357.527466 0.772671 
603.069885 241.375580 0.634025 
595.702332 298.762268 0.804566 
592.770630 347.252777 0.650328 
650.088196 129.645996 0.913399 
0.000000 0.000000 0.000000 
633.933594 128.160706 0.873627 
0.000000 0.000000 0.000000 
18
651.543579 134.107712 0.913557 
611.890564 157.603256 0.820743 
616.324524 161.994934 0.857948 
641.337463 207.544174 0.949797 
653.078796 169.328674 0.851320 
606.014221 154.650681 0.772743 
628.016968 173.752426 0.223388 
0.000000 0.000000 0.000000 
613.329529 245.777542 0.756310 
604.586365 303.135071 0.812115 
597.192200 357.525909 0.774132 
601.604187 241.374481 0.633304 
594.305420 298.752014 0.825249 
592.775146 347.266388 0.661097 
650.075867 129.628738 0.893621 
0.000000 0.000000 0.000000 
633.914307 128.190628 0.878586 
0.000000 0.000000 0.000000 
18
651.515198 134.112137 0.877774 
611.869080 157.598083 0.808081 
616.296814 161.989914 0.847109 
641.365540 206.168839 0.943385 
653.092712 169.313416 0.843012 
606.020691 156.046631 0.765128 
628.011963 173.788391 0.204114 
0.000000 0.000000 0.000000 
613.315369 245.784866 0.750025 
604.589539 303.137451 0.810260 
597.183594 357.529663 0.774557 
601.599854 241.381332 0.621333 
594.301025 298.745728 0.824419 
592.795898 347.263641 0.652650 
650.055603 129.646362 0.861455 
0.000000 0.000000 0.000000 
633.925171 129.623932 0.874234 
0.000000 0.000000 0.000000 
18
651.489319 135.513901 0.875730 
610.436829 157.607361 0.811365 
616.289307 161.998734 0.848784 
642.755371 206.134354 0.939415 
653.049683 170.785446 0.816403 
605.998596 156.047607 0.780727 
625.103333 182.556702 0.198121 
0.000000 0.000000 0.000000 
613.329346 245.781677 0.756124 
604.592896 303.111115 0.813253 
597.177979 357.525787 0.776669 
601.578796 241.372253 0.624040 
594.309814 298.712280 0.830502 
592.790405 347.230804 0.645110 
650.041687 132.515945 0.866026 
0.000000 0.000000 0.000000 
633.925537 129.658188 0.866715 
0.000000 0.000000 0.000000 
18
651.509460 135.557159 0.879156 
610.434937 157.602158 0.810268 
616.278992 162.002579 0.838460 
642.804260 206.063980 0.933880 
653.081299 170.739685 0.825156 
606.001770 156.046844 0.784445 
626.565430 191.380768 0.184069 
0.000000 0.000000 0.000000 
613.315002 244.341751 0.753792 
604.583374 303.110565 0.822726 
598.636902 357.526489 0.771578 
601.594543 241.361374 0.621925 
594.273254 298.685516 0.839323 
592.748413 347.221710 0.673475 
650.045776 132.574890 0.889453 
0.000000 0.000000 0.000000 
633.913147 131.080719 0.873917 
0.000000 0.000000 0.000000 
18
651.495544 135.596054 0.845057 
610.430786 157.606110 0.798892 
616.260620 161.986450 0.824235 
645.676697 206.023529 0.909859 
653.104187 167.846848 0.829042 
605.995605 156.056534 0.778673 
628.031921 194.338242 0.169834 
0.000000 0.000000 0.000000 
611.881470 244.347702 0.741205 
605.937683 303.113495 0.821460 
598.648987 357.517670 0.762094 
601.599365 241.379807 0.609063 
594.280212 298.720795 0.837232 
594.209045 348.686737 0.657128 
648.649231 133.975677 0.891228 
0.000000 0.000000 0.000000 
632.482727 132.519592 0.894176 
0.000000 0.000000 0.000000 
18
650.112610 135.610687 0.815485 
610.427917 157.595306 0.799243 
616.261841 161.993347 0.831700 
647.139221 204.635330 0.904948 
653.030090 166.405136 0.794270 
605.995911 156.050415 0.775951 
628.063049 194.324646 0.179438 
0.000000 0.000000 0.000000 
611.877563 244.337143 0.743527 
605.935852 301.697693 0.829193 
597.211121 357.513184 0.778405 
603.021606 241.369247 0.615341 
594.279236 298.683441 0.833396 
592.799500 347.243164 0.661466 
648.620667 134.006271 0.882775 
0.000000 0.000000 0.000000 
632.493958 132.547989 0.897479 
0.000000 0.000000 0.000000 
18
650.103027 136.961624 0.800712 
610.425537 157.598007 0.792593 
616.251343 161.995010 0.821965 
648.617493 204.616699 0.910798 
653.039978 166.376938 0.800623 
605.994751 156.058014 0.774382 
628.051453 194.324860 0.179665 
0.000000 0.000000 0.000000 
611.859741 244.337509 0.738704 
604.591858 303.113892 0.822798 
598.632690 357.529327 0.779693 
603.045837 241.375626 0.613242 
594.276184 298.712280 0.838040 
592.760742 347.245544 0.664639 
648.610901 134.015884 0.875453 
0.000000 0.000000 0.000000 
632.480347 132.559631 0.898453 
0.000000 0.000000 0.000000 
18
650.087769 137.005005 0.762839 
610.410706 157.589417 0.787295 
616.234985 161.999878 0.823700 
650.073975 204.592819 0.921544 
653.017212 164.901062 0.846719 
605.980835 156.053574 0.770071 
626.552551 192.873657 0.164221 
0.000000 0.000000 0.000000 
611.856995 244.340591 0.737945 
604.592163 303.127747 0.818818 
598.630005 357.524292 0.778746 
603.048035 241.385559 0.608785 
594.296814 298.749786 0.835089 
592.741394 347.256409 0.664956 
648.606140 134.052826 0.862268 
0.000000 0.000000 0.000000 
632.486206 132.573502 0.902814 
0.000000 0.000000 0.000000 
18
650.103455 136.984222 0.781699 
610.405823 157.586365 0.788888 
616.244263 162.003632 0.821488 
651.490295 204.562469 0.938737 
653.026123 163.426422 0.857843 
605.970947 156.050446 0.775491 
625.096680 192.850296 0.153999 
0.000000 0.000000 0.000000 
611.871582 244.338333 0.740740 
604.580872 303.132416 0.816469 
598.622131 357.528198 0.766180 
603.051086 241.381058 0.620486 
594.300537 298.762756 0.835101 
592.799866 348.677979 0.659000 
648.608337 134.037201 0.875299 
0.000000 0.000000 0.000000 
632.479980 132.565125 0.903279 
0.000000 0.000000 0.000000 
18
650.084045 136.977951 0.757146 
610.384460 157.586761 0.782616 
616.228638 161.996338 0.815128 
651.545593 204.544495 0.961736 
653.015625 161.973572 0.861820 
605.963440 156.061371 0.767750 
623.630066 192.855469 0.149025 
0.000000 0.000000 0.000000 
611.851013 244.337769 0.741303 
605.930237 303.109222 0.827088 
598.622986 357.518341 0.764387 
603.037048 241.379913 0.608918 
594.308350 298.748322 0.830481 
594.201477 348.694702 0.669585 
647.183838 134.034637 0.856605 
0.000000 0.000000 0.000000 
632.480713 132.572403 0.905177 
0.000000 0.000000 0.000000 
18
651.505859 135.593079 0.785357 
610.394653 157.595215 0.764576 
614.828552 161.972214 0.798688 
651.570435 204.540054 0.971764 
653.033325 160.557114 0.887486 
606.002380 156.073853 0.742735 
626.567627 194.344894 0.148001 
0.000000 0.000000 0.000000 
610.423401 244.329865 0.743228 
605.946838 301.697479 0.824226 
598.634888 357.525787 0.769754 
604.472046 241.386230 0.603587 
595.701294 298.740814 0.821603 
594.196655 348.682404 0.664175 
648.633484 134.001236 0.868955 
0.000000 0.000000 0.000000 
632.475098 132.561935 0.912222 
0.000000 0.000000 0.000000 
18
651.507324 135.562637 0.794951 
610.393677 157.587982 0.773093 
614.850464 161.975021 0.804290 
651.581421 204.530945 0.965756 
653.041565 160.549454 0.891879 
605.984253 156.064621 0.747564 
622.169006 192.879547 0.138561 
0.000000 0.000000 0.000000 
610.420959 245.761765 0.736640 
604.591431 303.124359 0.810718 
598.655457 357.524139 0.756854 
603.015076 241.400558 0.607058 
594.310791 300.135315 0.835192 
594.204224 348.726044 0.668890 
648.632874 133.973282 0.856879 
0.000000 0.000000 0.000000 
632.483093 132.544540 0.906785 
0.000000 0.000000 0.000000 
18
650.125244 135.565353 0.778078 
610.392334 157.577194 0.780581 
616.216919 161.979401 0.805126 
651.592285 203.172546 0.971929 
653.044250 160.489975 0.904391 
605.982117 156.055817 0.759186 
625.118286 194.312744 0.140398 
0.000000 0.000000 0.000000 
610.430359 244.347504 0.733309 
604.590698 304.585785 0.816073 
598.634949 357.537384 0.768136 
603.061829 241.407043 0.607572 
595.703979 300.200317 0.800622 
594.195618 348.721191 0.665758 
648.617981 133.968582 0.844827 
0.000000 0.000000 0.000000 
632.494141 132.536011 0.906119 
0.000000 0.000000 0.000000 
18
650.127502 135.548050 0.791950 
610.407471 157.572098 0.779077 
616.217896 161.976746 0.802519 
651.619934 203.157425 0.966510 
653.081909 159.108414 0.912960 
606.001221 156.051086 0.751612 
628.041321 194.346512 0.146683 
0.000000 0.000000 0.000000 
610.418762 244.342468 0.736411 
604.589844 303.135803 0.814970 
598.629456 357.537079 0.776143 
603.063171 241.397919 0.605115 
595.698669 300.147339 0.816064 
592.759155 347.264954 0.677897 
648.626282 132.595642 0.851406 
0.000000 0.000000 0.000000 
632.501282 132.528778 0.895432 
0.000000 0.000000 0.000000 
18
650.122559 135.538620 0.817017 
610.412659 157.583328 0.779070 
616.226990 161.982056 0.801810 
651.637695 203.124649 0.958571 
653.099976 159.075485 0.903558 
606.003601 156.064987 0.756818 
628.057373 194.332001 0.156751 
0.000000 0.000000 0.000000 
610.423340 245.764389 0.734196 
604.584778 303.154785 0.818136 
598.643677 357.532196 0.786139 
603.011658 241.398026 0.610718 
594.286560 298.761932 0.840585 
591.318604 347.234192 0.687448 
648.620483 132.580673 0.866655 
0.000000 0.000000 0.000000 
632.496582 132.519196 0.888863 
0.000000 0.000000 0.000000 
18
650.086609 135.548080 0.792625 
610.398560 157.588257 0.780860 
616.225281 161.968353 0.805573 
653.004333 203.103104 0.945375 
653.077087 159.047943 0.898758 
605.993530 156.078812 0.761553 
628.052673 194.314606 0.157532 
0.000000 0.000000 0.000000 
610.422485 245.779037 0.734739 
604.575073 303.155670 0.812494 
598.644165 357.526245 0.782678 
601.563965 241.410828 0.608609 
594.290955 300.128723 0.844732 
592.741333 347.265594 0.679366 
647.181274 132.591248 0.853625 
0.000000 0.000000 0.000000 
632.462036 131.127167 0.893968 
0.000000 0.000000 0.000000 
18
650.108215 135.539322 0.798436 
610.403931 157.577393 0.780564 
616.235474 161.955719 0.814714 
653.015381 203.106476 0.949647 
653.128479 159.028976 0.896929 
605.992737 156.065262 0.752421 
628.061035 194.315460 0.159794 
0.000000 0.000000 0.000000 
610.396667 245.808472 0.730540 
604.570740 306.040649 0.805395 
598.624329 357.542358 0.763981 
603.027527 242.830078 0.597498 
595.724487 300.249817 0.767741 
594.231445 350.169830 0.646504 
648.610168 132.580627 0.850178 
0.000000 0.000000 0.000000 
632.457397 131.124603 0.892844 
0.000000 0.000000 0.000000 
18
651.513184 135.490524 0.829074 
610.424927 157.579544 0.779111 
616.234924 161.965759 0.807564 
653.055603 203.103592 0.951689 
653.126892 158.985214 0.917806 
606.012390 156.064774 0.750615 
628.065247 194.333908 0.156551 
0.000000 0.000000 0.000000 
610.412231 245.802673 0.730743 
604.572021 304.605438 0.813431 
598.645752 357.551300 0.773955 
603.034607 242.819321 0.599600 
594.315857 300.181763 0.810103 
592.767090 348.718445 0.662365 
648.646667 132.529510 0.855872 
0.000000 0.000000 0.000000 
632.486267 131.107956 0.885492 
0.000000 0.000000 0.000000 
18
651.528381 135.487228 0.840623 
611.858398 157.589035 0.782781 
616.230591 161.957779 0.805387 
653.068115 203.110001 0.944229 
654.487122 159.031494 0.917350 
606.037109 156.075226 0.747349 
629.519592 194.350479 0.158173 
0.000000 0.000000 0.000000 
610.418518 245.799759 0.726326 
604.591370 303.153442 0.817595 
598.649414 357.537720 0.764902 
603.054993 242.823151 0.603275 
595.688232 300.169586 0.811290 
592.791260 348.719635 0.658429 
650.048157 132.525162 0.861333 
0.000000 0.000000 0.000000 
633.913147 131.124954 0.882680 
0.000000 0.000000 0.000000 
18
651.517395 135.500519 0.824148 
611.865601 157.586716 0.782773 
616.244080 161.952866 0.814194 
653.080811 203.087540 0.923165 
654.485352 159.038528 0.904881 
606.042297 156.068832 0.742258 
629.518799 194.334549 0.155017 
0.000000 0.000000 0.000000 
610.406799 245.783264 0.728243 
604.590210 303.145813 0.812289 
598.648499 357.537811 0.764495 
603.041931 241.425949 0.600957 
595.686157 300.149170 0.811783 
592.782654 348.704468 0.665084 
648.646851 132.541321 0.857344 
0.000000 0.000000 0.000000 
633.918884 132.509827 0.878397 
0.000000 0.000000 0.000000 
18
651.521057 135.492813 0.819472 
611.876648 157.584396 0.789331 
616.275269 161.960129 0.823892 
653.088745 201.681931 0.916440 
654.504639 159.025955 0.910080 
606.029724 156.059448 0.750454 
629.519592 194.330261 0.156577 
0.000000 0.000000 0.000000 
610.432922 245.792908 0.730368 
604.580872 303.147308 0.816066 
598.646912 357.539276 0.774934 
603.023132 241.425446 0.609924 
594.284790 298.771027 0.842894 
592.722473 347.274536 0.664198 
648.650940 132.541611 0.852709 
0.000000 0.000000 0.000000 
633.938843 132.541550 0.888246 
0.000000 0.000000 0.000000 
18
651.531555 135.475372 0.809159 
611.884705 157.598862 0.795605 
616.285339 161.977066 0.826184 
653.099976 201.682831 0.925519 
654.543213 157.630737 0.925582 
606.025818 156.065445 0.751945 
629.509949 194.344803 0.152503 
0.000000 0.000000 0.000000 
611.849731 245.808609 0.728799 
604.581055 303.156982 0.814974 
598.656006 357.529144 0.774563 
603.031433 242.822052 0.606150 
594.288269 300.140961 0.832635 
592.755127 347.264404 0.668545 
650.050354 131.129135 0.838748 
0.000000 0.000000 0.000000 
633.931030 132.545044 0.896000 
0.000000 0.000000 0.000000 
18
651.539001 135.469086 0.767628 
611.867920 157.598862 0.806078 
616.307312 161.993652 0.827299 
653.109009 201.676025 0.916992 
654.539001 157.625565 0.915466 
605.991882 156.056824 0.769037 
628.046631 194.291107 0.152083 
0.000000 0.000000 0.000000 
611.885620 245.779785 0.731181 
605.939148 303.154419 0.805996 
598.668701 357.530273 0.762510 
603.056396 241.417908 0.618761 
595.696777 300.156799 0.804378 
594.193970 348.711639 0.671589 
650.067017 131.129364 0.813679 
0.000000 0.000000 0.000000 
635.393799 132.546280 0.896035 
0.000000 0.000000 0.000000 
18
651.547180 135.488373 0.738287 
611.889282 157.591721 0.798493 
616.304565 161.970123 0.832400 
653.109192 201.650146 0.895402 
655.988037 159.039444 0.900152 
606.014099 156.057358 0.752176 
628.066040 194.330002 0.149331 
0.000000 0.000000 0.000000 
611.896790 245.775085 0.734966 
605.932617 303.130280 0.812123 
598.649353 357.527740 0.766217 
603.054016 241.414871 0.622279 
594.306030 298.757416 0.821946 
592.787842 347.279907 0.677458 
650.075378 132.525253 0.793406 
0.000000 0.000000 0.000000 
635.393982 132.533768 0.888830 
0.000000 0.000000 0.000000 
18
651.556091 134.079712 0.736072 
613.322876 157.571930 0.809956 
616.339783 161.979904 0.836345 
653.122742 201.661179 0.905702 
655.974609 157.594009 0.939984 
606.011414 154.637711 0.747617 
630.969238 194.344757 0.143475 
0.000000 0.000000 0.000000 
613.335266 244.334717 0.747037 
605.943176 303.111664 0.821701 
598.666077 357.517426 0.758610 
603.018127 241.378021 0.635101 
594.290466 298.722534 0.836360 
592.801880 347.278137 0.683217 
650.079285 129.639145 0.785907 
0.000000 0.000000 0.000000 
636.849121 132.511612 0.887039 
0.000000 0.000000 0.000000 
18
651.565491 134.078720 0.789209 
613.345642 157.566971 0.819291 
617.723694 161.979233 0.836224 
653.093811 203.133820 0.915720 
657.486572 159.033859 0.915298 
606.010803 154.623672 0.761453 
635.370239 194.357269 0.163761 
0.000000 0.000000 0.000000 
613.369141 244.332657 0.753986 
605.945923 303.142395 0.817146 
598.643494 357.532043 0.771089 
603.063049 241.361877 0.646991 
594.301086 298.726685 0.829050 
592.791382 347.261719 0.681033 
650.096680 129.615051 0.805705 
0.000000 0.000000 0.000000 
636.858826 131.072357 0.873217 
0.000000 0.000000 0.000000 
18
651.590759 134.064316 0.902396 
613.356018 157.556412 0.834516 
617.754822 160.554459 0.847332 
651.517883 204.671829 0.927035 
661.863098 163.429352 0.859056 
606.000061 154.602112 0.779734 
626.575989 192.858322 0.164563 
0.000000 0.000000 0.000000 
614.817017 244.325897 0.781246 
605.945435 303.151306 0.807603 
598.656921 357.535156 0.785889 
601.596436 241.330231 0.668973 
594.284668 298.676178 0.834737 
592.740662 347.201080 0.684313 
650.135498 128.162766 0.883093 
0.000000 0.000000 0.000000 
636.850159 128.191574 0.851965 
0.000000 0.000000 0.000000 
18
651.626831 134.012680 0.900486 
614.787598 157.581314 0.866074 
617.824463 161.975082 0.838057 
644.210815 207.604111 0.878121 
664.770508 170.870499 0.900432 
606.023071 154.596268 0.801056 
629.498901 176.708725 0.206442 
0.000000 0.000000 0.000000 
614.834595 245.792633 0.779599 
605.963684 304.609467 0.810920 
598.659302 357.546814 0.782961 
598.654724 241.325302 0.693173 
594.262939 298.665863 0.834669 
592.766479 347.205750 0.685059 
651.513855 125.278023 0.899737 
0.000000 0.000000 0.000000 
636.867371 126.701721 0.864498 
0.000000 0.000000 0.000000 
18
651.605347 132.593323 0.894898 
616.218689 157.621643 0.911562 
619.252441 162.004913 0.843385 
639.786255 216.299438 0.960169 
664.888977 186.955795 0.836625 
606.037537 154.644867 0.813486 
629.545593 179.632858 0.334013 
0.000000 0.000000 0.000000 
616.310669 247.243378 0.786528 
605.988037 304.594269 0.818616 
600.091675 357.539520 0.780524 
603.035522 241.337234 0.701180 
594.305908 298.695007 0.823813 
594.228516 347.272125 0.666750 
650.132385 125.209045 0.917942 
0.000000 0.000000 0.000000 
636.839294 126.667831 0.852983 
0.000000 0.000000 0.000000 
18
651.605835 132.558838 0.902273 
616.249268 159.017349 0.917872 
620.715454 166.374390 0.824615 
631.030151 216.426605 0.968997 
664.879578 206.132629 0.958629 
606.034241 154.648773 0.810070 
626.607056 181.100952 0.313853 
0.000000 0.000000 0.000000 
617.733398 248.698471 0.785108 
605.987305 306.056030 0.835442 
598.670532 357.512665 0.769153 
603.036743 241.369537 0.729308 
594.281555 298.669281 0.821421 
594.236084 347.259064 0.658378 
650.123169 123.825409 0.930067 
0.000000 0.000000 0.000000 
635.413635 125.234901 0.856758 
0.000000 0.000000 0.000000 
18
651.587830 132.581665 0.918845 
616.268555 159.040558 0.888079 
619.291687 166.372375 0.851848 
628.096375 217.892593 0.925026 
663.312134 228.119308 0.981554 
606.055054 156.067261 0.769203 
628.075378 176.710144 0.205182 
0.000000 0.000000 0.000000 
616.317566 248.709274 0.789096 
606.006958 306.071594 0.838880 
598.660400 357.520813 0.771021 
603.075378 242.823853 0.700331 
594.308044 298.710175 0.822890 
594.219421 347.280579 0.672324 
650.114746 123.832405 0.936679 
0.000000 0.000000 0.000000 
635.397949 125.221939 0.867767 
0.000000 0.000000 0.000000 
