33
1
18
523.744751 154.637329 0.928635 
522.234802 182.593826 0.958235 
498.709625 182.544067 0.946800 
489.833374 226.691681 0.858663 
489.821136 256.107544 0.873899 
545.765503 184.009918 0.902399 
548.666321 226.618347 0.876273 
545.784485 257.527740 0.900541 
507.474701 253.090027 0.830311 
504.549683 298.721405 0.896730 
500.164246 339.874634 0.848816 
533.935608 253.087082 0.844044 
526.610107 298.743011 0.835546 
525.129883 341.371155 0.855256 
522.113647 147.309296 0.944967 
532.475464 147.333359 0.937291 
511.866913 150.190933 0.840265 
536.900574 150.213150 0.709005 
18
523.717102 156.052002 0.940248 
522.199036 182.595184 0.951406 
498.663116 182.513336 0.943007 
488.448364 226.667297 0.861683 
488.441803 256.077393 0.880101 
545.729675 184.046082 0.881319 
548.635986 226.632751 0.893537 
545.774780 257.549896 0.900073 
506.028351 251.711578 0.823460 
504.530090 298.701904 0.888230 
500.178497 339.860870 0.839760 
533.926514 251.715912 0.842146 
526.594299 300.125977 0.836921 
525.117615 341.368011 0.852751 
520.721191 147.322830 0.927915 
532.445679 147.353165 0.923009 
510.466370 148.790329 0.837210 
536.882813 150.222656 0.693061 
18
523.695923 156.055588 0.945198 
522.174988 182.581757 0.942787 
498.646240 181.139709 0.938116 
488.412720 226.647263 0.869609 
488.443451 256.066681 0.883570 
545.697754 184.053665 0.868981 
547.264099 226.616287 0.896261 
545.759216 257.538452 0.905903 
504.556152 251.711868 0.818003 
504.526154 298.716400 0.895628 
500.175507 339.861511 0.845990 
533.892212 251.717743 0.833240 
526.584412 298.767365 0.846593 
525.127930 341.359100 0.854922 
520.706238 147.321518 0.922788 
532.423767 147.361694 0.910281 
510.450348 148.771423 0.839453 
535.503662 150.230499 0.704173 
18
523.664429 156.048447 0.952471 
522.156433 182.602875 0.932781 
498.636383 181.155685 0.937494 
488.393372 226.633224 0.874458 
488.430237 256.074005 0.890615 
545.666443 185.475189 0.844168 
547.242249 226.640884 0.907573 
545.745972 257.532013 0.902656 
504.539398 251.711029 0.815424 
504.531342 298.717438 0.897390 
500.179565 339.863647 0.843906 
533.889038 253.081665 0.833534 
526.581360 298.760712 0.839574 
525.128174 341.337555 0.850351 
520.675415 147.309601 0.917334 
531.012817 147.360291 0.909097 
510.421814 148.762329 0.836357 
535.469055 150.247726 0.700674 
18
523.645935 156.052536 0.951620 
522.151184 182.595474 0.931266 
498.612854 181.158875 0.932202 
488.398834 226.635468 0.866679 
488.424316 256.063019 0.891076 
545.678528 184.058777 0.863505 
547.250793 226.633026 0.905623 
545.750183 257.544159 0.903508 
504.558350 251.715439 0.816405 
504.529510 298.731018 0.899915 
500.182251 339.886780 0.840732 
533.910950 253.081451 0.845427 
525.181763 300.136963 0.844183 
525.124329 341.364746 0.853550 
519.262939 147.315201 0.906646 
530.978821 147.355377 0.901054 
510.389038 148.762756 0.842091 
535.449402 150.225800 0.723618 
18
523.623352 156.050339 0.949337 
522.141052 182.608902 0.926285 
498.607941 182.503647 0.931631 
488.416809 226.625748 0.863719 
488.427429 256.050079 0.894121 
545.663513 184.081940 0.852402 
547.231567 226.648209 0.913430 
545.734924 257.545563 0.907910 
504.558228 251.719818 0.817102 
504.526154 298.730164 0.903264 
500.172607 339.874634 0.848854 
533.902344 253.086807 0.845957 
525.187012 300.138275 0.843068 
525.129883 341.370300 0.855760 
519.229431 147.309906 0.899084 
529.551514 147.355942 0.897120 
510.369659 148.764465 0.838651 
535.438049 150.244659 0.763628 
18
522.242065 154.647964 0.937382 
522.144348 182.587753 0.933494 
498.622345 181.148636 0.932205 
488.411163 226.642166 0.870346 
488.444672 256.081451 0.901509 
545.660767 184.054230 0.855008 
547.194824 226.635452 0.916597 
545.721680 257.521698 0.899125 
503.101044 253.149826 0.812845 
503.060852 300.124939 0.915002 
500.171356 339.904663 0.853404 
532.485352 253.156769 0.811933 
525.187073 300.149780 0.859443 
525.112427 341.363495 0.861057 
517.759705 147.290848 0.897704 
528.074646 147.340332 0.898877 
510.348419 147.353683 0.824210 
535.398438 150.205658 0.788988 
18
522.170166 154.595474 0.917888 
522.136963 182.563797 0.941522 
498.605255 182.510941 0.924034 
488.375488 225.197479 0.885433 
489.897278 254.651611 0.874443 
545.671265 182.622543 0.888214 
547.237305 225.155762 0.895889 
545.673950 254.608795 0.937892 
503.080566 253.124115 0.816953 
503.072266 298.756256 0.899213 
500.176056 339.891876 0.852094 
532.472473 253.110626 0.812388 
525.191284 300.144287 0.847185 
525.109863 341.353790 0.862841 
514.838379 147.261658 0.918994 
525.188965 147.301071 0.926080 
508.942535 147.346802 0.812950 
533.994019 150.189499 0.814470 
18
522.153748 151.688538 0.913649 
522.104797 182.569916 0.929393 
497.179352 182.559784 0.902497 
486.914948 219.358887 0.904308 
495.701141 248.723923 0.849848 
545.661072 182.604721 0.904144 
550.133911 220.798615 0.859590 
539.851440 251.616592 0.882928 
503.070679 251.705231 0.818277 
503.080566 298.689423 0.887002 
500.180328 339.853851 0.856055 
532.460754 251.701904 0.809140 
525.161682 298.691437 0.848235 
525.113281 341.367950 0.869688 
513.430725 147.207855 0.927280 
525.172852 147.237762 0.948504 
508.910248 147.337540 0.826183 
533.977661 148.787109 0.839317 
18
522.157227 148.806351 0.927292 
522.102722 182.505020 0.945837 
497.195160 181.140182 0.919512 
486.872314 216.300674 0.871715 
498.728333 234.048492 0.820850 
544.273315 182.535004 0.912387 
551.585144 217.819489 0.945459 
536.872498 239.856476 0.873249 
501.651398 251.659393 0.851694 
503.091888 298.667603 0.896356 
500.189117 339.891418 0.865330 
532.446228 251.651993 0.811601 
525.155334 298.656311 0.864976 
525.107361 341.340027 0.875292 
513.420044 145.821854 0.921109 
525.147522 145.832642 0.950467 
508.900085 147.302063 0.848161 
533.962952 147.334854 0.856442 
18
522.166626 148.788147 0.932139 
520.748840 181.143509 0.948256 
497.181915 181.106003 0.908138 
485.423004 216.360291 0.865575 
508.917267 228.109604 0.871493 
544.243713 182.529556 0.895118 
550.131775 217.793610 0.939525 
533.929016 229.634735 0.877809 
501.637665 250.222855 0.846247 
503.104919 298.661621 0.873540 
500.194611 339.897217 0.853523 
532.487305 251.639450 0.828565 
525.164490 298.677002 0.881374 
525.124268 341.358856 0.857345 
513.414612 145.812363 0.923931 
525.154541 145.815216 0.944168 
507.506958 147.310135 0.839510 
533.972046 147.323013 0.851966 
18
522.170105 148.790421 0.922470 
520.738281 181.149231 0.951899 
497.190460 181.110733 0.913626 
486.917847 216.405396 0.906275 
507.510529 222.242249 0.767300 
544.224609 182.528214 0.891280 
547.241821 219.300385 0.942888 
529.516663 222.284531 0.742237 
500.210266 251.589264 0.868844 
503.087402 298.641083 0.883096 
500.195801 339.890808 0.852677 
531.036804 251.628143 0.823368 
525.162048 298.655304 0.883294 
525.104126 341.332642 0.860612 
513.410950 145.816101 0.926683 
525.154663 145.812241 0.939507 
507.484894 147.286163 0.839995 
533.970032 147.305527 0.834433 
18
522.141663 150.195313 0.910626 
520.718384 181.151108 0.945401 
497.173645 181.141205 0.897299 
486.951691 217.908691 0.897524 
510.389160 219.312424 0.728980 
544.203552 182.496841 0.897475 
547.178040 219.357376 0.952663 
523.622498 217.780533 0.737369 
500.177460 250.202682 0.874933 
503.094269 297.252380 0.880202 
500.173126 341.350250 0.856066 
531.012695 250.211746 0.802650 
525.125183 297.266174 0.891930 
525.109924 341.376007 0.874859 
513.390076 145.832382 0.932944 
525.131287 145.835251 0.944155 
507.475708 147.294861 0.852871 
533.952271 147.332794 0.856870 
18
522.120544 150.195999 0.907766 
520.714844 181.140915 0.940674 
497.166382 182.525284 0.887686 
488.373505 219.313766 0.879240 
507.500610 217.821030 0.750223 
544.205750 181.110764 0.879255 
548.634094 219.342926 0.905411 
522.246948 213.437805 0.808264 
500.189636 250.186844 0.856887 
501.669769 297.247833 0.884254 
500.187683 341.320557 0.853934 
530.985718 250.191513 0.795732 
525.107422 297.241241 0.890108 
525.102051 341.360687 0.871560 
513.370605 145.834732 0.940022 
525.105835 145.838058 0.951690 
507.459930 147.300705 0.845814 
533.925781 147.341431 0.846636 
18
522.102905 150.215256 0.897775 
520.708435 181.105087 0.946093 
497.166687 181.145340 0.896050 
488.398987 219.308365 0.876562 
510.397034 213.447617 0.741811 
544.190613 181.079529 0.864803 
548.683472 219.312424 0.888570 
525.153931 210.506531 0.757943 
500.203033 248.733063 0.826926 
503.055817 297.231354 0.877186 
500.183594 341.339264 0.854443 
530.989563 250.142456 0.782498 
525.128052 297.194794 0.870553 
525.106995 341.370331 0.868076 
513.355469 145.851166 0.942896 
523.728455 145.850235 0.960164 
507.461334 147.318954 0.842864 
533.902954 147.345627 0.843434 
18
520.726074 150.228622 0.888819 
520.720459 181.076401 0.938763 
497.164825 181.073456 0.898449 
488.309387 217.879990 0.908142 
511.859711 214.856842 0.773668 
544.204529 181.076981 0.867750 
547.183228 219.355667 0.917088 
528.049805 213.413910 0.767784 
500.171753 248.706024 0.831897 
503.070984 297.232544 0.877166 
500.173645 341.364502 0.858612 
530.978394 248.741013 0.787292 
525.113220 297.199554 0.871569 
525.117981 341.374451 0.868691 
511.981842 145.865860 0.954512 
523.694458 145.855591 0.970451 
507.477325 147.341949 0.840707 
533.884705 147.336975 0.874823 
18
520.703003 150.221252 0.889928 
520.709900 181.081345 0.943045 
497.150116 181.078217 0.900641 
486.903931 217.909500 0.905958 
510.389069 214.853516 0.765267 
544.201965 181.096786 0.867519 
547.120117 219.370224 0.928350 
525.113159 211.956863 0.764215 
500.161774 248.722321 0.843261 
503.074219 297.249390 0.884741 
500.176453 341.365143 0.854731 
530.979126 250.142456 0.787430 
525.116028 297.222992 0.872087 
525.117188 341.376831 0.864955 
511.967407 145.860886 0.967733 
523.680359 145.855530 0.972830 
507.466705 147.322311 0.843265 
533.871277 147.332443 0.868966 
18
520.700256 150.209015 0.893527 
520.675781 181.079453 0.936283 
495.732910 181.082138 0.889770 
486.906952 217.881729 0.909466 
504.535217 213.436356 0.661132 
542.782776 181.098862 0.860351 
547.206604 219.334503 0.930991 
523.648804 210.509537 0.824891 
500.175171 250.176270 0.846535 
503.065155 297.255829 0.887818 
500.192963 341.346497 0.855543 
529.551453 250.188690 0.785265 
525.106506 297.245972 0.880382 
525.114319 342.783295 0.871229 
511.966675 145.853439 0.963512 
523.681824 145.849762 0.972113 
507.450287 147.326920 0.834142 
533.873169 147.339233 0.858494 
18
520.700684 150.193787 0.892686 
520.660278 181.078979 0.936664 
495.712372 181.053909 0.878626 
486.890594 217.807083 0.909258 
507.458496 214.857529 0.714030 
542.752075 181.118195 0.849940 
547.216736 219.326752 0.928990 
523.737305 213.418274 0.796921 
500.157623 250.176178 0.854216 
503.064453 297.242920 0.885894 
500.191284 339.893829 0.852365 
529.541931 250.193176 0.791388 
523.748657 297.246490 0.883375 
525.117249 341.356689 0.867997 
511.969116 145.837006 0.961547 
523.694885 145.838425 0.969207 
507.456665 147.304214 0.832364 
533.897156 147.343918 0.887692 
18
520.711731 148.803116 0.899624 
520.663147 181.070236 0.934043 
495.720856 181.041214 0.878161 
485.456970 216.441650 0.901557 
508.968262 213.442276 0.782044 
542.762451 181.114182 0.857248 
547.131165 219.347916 0.933941 
525.178101 213.450836 0.772686 
500.134735 248.737518 0.853224 
501.665344 297.209991 0.880202 
500.187683 339.870087 0.857279 
529.526489 250.185898 0.797615 
523.743408 297.232788 0.883269 
525.120483 341.339386 0.861902 
511.972015 145.827011 0.956928 
523.699158 145.828400 0.969014 
506.039429 147.297073 0.838689 
533.895203 147.327240 0.875630 
18
520.720642 148.786789 0.905984 
519.272644 181.072342 0.932783 
495.702698 181.047455 0.868099 
485.411743 216.418091 0.884710 
504.576080 214.895523 0.783641 
542.758362 181.120071 0.855768 
547.134705 219.365082 0.938585 
525.119385 213.443039 0.804253 
500.129425 248.747559 0.852789 
503.056976 297.228394 0.882486 
500.186615 339.867004 0.854023 
528.071838 250.199356 0.801056 
523.733887 297.250610 0.891233 
525.133972 341.362427 0.861516 
511.981293 145.818878 0.950562 
523.705688 145.817993 0.964292 
507.457031 147.285965 0.849193 
533.901001 147.321747 0.887320 
18
520.713501 148.800369 0.901198 
519.236877 181.077896 0.929267 
494.274231 181.046936 0.870815 
486.857513 217.827805 0.895571 
504.559540 214.909470 0.726390 
541.302185 181.122849 0.849382 
547.215759 219.337784 0.926042 
523.690063 213.407028 0.814774 
500.121826 250.161240 0.842023 
501.651123 297.235077 0.884757 
500.190521 339.885559 0.851536 
526.642517 250.206146 0.799094 
523.725281 297.247131 0.897881 
525.116516 342.784241 0.871778 
511.975677 145.827560 0.956199 
523.698608 145.828659 0.967926 
506.035767 147.291000 0.843017 
533.882263 147.330414 0.856250 
18
520.677856 150.204056 0.889908 
519.239624 181.103394 0.928223 
494.277069 181.055817 0.875690 
486.840820 216.430450 0.886012 
506.043243 214.904709 0.777082 
541.298279 181.159378 0.847458 
547.196472 219.346252 0.934286 
523.733582 213.464355 0.813854 
500.105103 248.728485 0.843181 
501.653687 297.225891 0.885093 
500.190033 339.886688 0.856500 
526.621277 250.171906 0.801450 
523.716370 297.240417 0.899970 
525.115662 341.375366 0.876774 
511.950745 145.843948 0.963976 
523.672546 145.850418 0.973015 
506.020935 147.334320 0.832400 
532.509460 147.359787 0.851035 
18
519.278137 150.226807 0.876864 
519.236816 181.116684 0.925596 
494.273682 181.080826 0.879380 
486.848480 217.800430 0.900368 
508.950745 216.298645 0.833815 
541.292053 181.159195 0.856007 
547.141174 219.305954 0.949291 
526.634216 216.302063 0.815105 
500.121185 248.693390 0.837987 
501.654755 297.198151 0.870522 
500.190033 339.891174 0.853388 
526.629578 250.146957 0.799064 
523.725281 297.219269 0.893759 
525.117432 341.370056 0.873901 
511.933624 145.866653 0.969772 
523.644409 145.862411 0.973590 
506.014313 147.362167 0.817213 
532.473999 147.351929 0.833508 
18
519.255615 150.216888 0.877094 
519.217285 181.102783 0.922861 
494.268372 181.084763 0.876459 
485.459656 217.853973 0.859230 
500.186249 216.391251 0.839561 
541.277954 181.143356 0.849309 
547.140137 219.331177 0.946091 
523.631653 213.434952 0.827399 
500.105194 248.691101 0.841817 
501.631104 297.190857 0.880635 
500.180695 339.888031 0.859897 
526.604248 250.156204 0.793469 
523.703796 297.221985 0.904629 
525.103577 341.348145 0.879995 
511.920624 145.860535 0.970531 
523.634949 145.854446 0.973613 
505.997925 147.353622 0.812545 
532.476074 147.348083 0.848495 
18
519.230469 151.667404 0.859675 
517.782898 181.151306 0.924046 
492.809814 181.125259 0.879641 
486.882996 219.298248 0.859916 
501.586426 216.373474 0.785864 
539.846680 182.524872 0.849316 
547.139832 219.339523 0.946782 
522.195801 211.979782 0.787918 
500.094482 250.166626 0.844258 
501.624329 297.228729 0.889428 
500.181976 341.328064 0.859307 
526.592957 250.215134 0.803993 
523.716675 297.248322 0.900919 
525.104187 341.364258 0.880863 
511.900635 147.215744 0.978981 
523.618591 147.214722 0.970321 
504.563019 148.729050 0.803694 
532.460266 148.722382 0.829609 
18
517.776428 150.247452 0.860731 
516.326294 181.119049 0.921067 
491.351563 181.064697 0.888085 
485.416687 217.784302 0.877759 
506.020752 214.928757 0.798199 
539.824646 182.508072 0.848490 
547.141296 219.305725 0.936907 
526.613281 214.924652 0.807281 
500.085510 250.157303 0.851902 
501.634338 297.231323 0.884251 
500.198608 339.881042 0.851644 
526.583496 250.192841 0.808088 
523.713745 297.252228 0.900733 
525.109558 341.356293 0.878230 
511.870392 147.209152 0.983815 
522.249512 147.210098 0.970534 
504.533905 148.730972 0.810447 
531.017456 148.726639 0.813723 
18
516.340088 151.717606 0.855652 
514.866821 181.153198 0.926738 
491.323334 181.112701 0.894709 
483.963287 217.785004 0.861221 
507.456116 214.887436 0.792082 
538.373169 182.528473 0.857236 
545.751709 217.923325 0.945773 
526.578430 214.908890 0.779091 
500.104126 250.183273 0.865874 
501.643738 297.254120 0.891229 
500.198669 339.891357 0.852239 
526.604126 250.206741 0.808360 
523.726929 297.256256 0.901886 
523.759521 341.348053 0.887049 
511.853851 147.249039 0.985719 
522.223694 147.245651 0.964113 
503.107483 148.755875 0.806591 
529.557190 148.730591 0.760336 
18
514.858887 153.173279 0.874446 
516.293762 181.135391 0.925544 
491.319855 181.112274 0.904234 
483.927979 217.838165 0.857955 
500.201050 216.307022 0.822591 
538.396423 182.501266 0.844339 
545.773743 219.350967 0.944951 
522.217896 210.495743 0.778647 
500.086029 250.184891 0.861072 
501.634216 297.257690 0.895924 
500.192871 339.869904 0.854719 
526.588684 250.205917 0.811917 
523.712524 297.230957 0.900032 
523.749695 339.909943 0.891432 
510.476013 147.271561 0.990990 
522.181274 147.262390 0.967710 
503.067841 148.756653 0.778449 
529.547424 148.736664 0.787236 
18
513.413086 154.644272 0.903286 
514.852661 181.158325 0.928692 
489.880768 181.100174 0.923838 
482.506897 217.862167 0.861135 
501.638397 214.872894 0.759665 
538.382507 182.561890 0.836944 
545.771851 219.374680 0.930137 
522.179260 210.485825 0.760611 
498.733948 250.195679 0.863947 
501.621155 297.270294 0.902538 
500.191010 339.900635 0.859677 
525.191162 251.593338 0.818481 
523.710815 297.249115 0.903658 
523.756592 341.343567 0.893110 
510.434235 147.312057 0.982145 
522.140137 147.310333 0.952579 
501.643311 148.776352 0.759468 
529.511475 148.772614 0.775337 
18
513.389893 156.049179 0.912480 
514.839050 181.143036 0.933257 
489.898163 181.081635 0.920960 
482.467346 217.830399 0.869743 
504.541595 213.414505 0.767157 
536.943115 182.546982 0.849292 
547.116760 219.343735 0.936104 
523.691956 213.465652 0.779025 
500.091370 251.597565 0.875463 
501.601227 298.664551 0.917479 
500.188904 339.899353 0.856701 
525.188904 251.626480 0.828479 
523.703735 298.670990 0.921772 
525.118713 342.814423 0.887653 
510.415955 147.336990 0.967120 
522.114319 147.331177 0.930472 
501.630707 150.194870 0.731827 
528.084290 148.797485 0.783111 
18
513.387695 156.044296 0.910419 
514.837280 181.151154 0.930031 
489.894775 181.095230 0.918492 
481.022308 217.854813 0.859326 
503.075256 213.445068 0.754350 
538.343689 182.556931 0.835845 
545.744934 219.358902 0.926645 
523.671387 213.462875 0.796348 
498.729034 251.596512 0.871264 
501.598267 298.649719 0.909505 
500.185760 339.906891 0.856775 
525.172729 251.624802 0.829047 
523.691528 298.644867 0.914913 
525.116028 342.797150 0.885627 
510.412628 147.331299 0.964451 
522.116150 147.330231 0.930080 
501.624054 150.195908 0.738025 
528.084290 148.803879 0.775665 
18
513.385925 154.648819 0.909744 
513.430908 181.150879 0.938684 
489.883026 181.102066 0.922551 
482.517395 217.887192 0.845795 
500.148346 214.918915 0.799062 
536.907227 182.559799 0.853015 
545.733459 220.795044 0.923519 
522.139893 210.509888 0.765166 
498.728638 250.210403 0.862979 
500.222290 298.645935 0.917644 
500.180969 339.903839 0.861300 
525.169067 251.619965 0.828694 
523.675781 298.653259 0.922070 
525.105103 341.371643 0.880385 
510.412903 147.324493 0.966563 
522.115051 147.320358 0.936137 
501.618103 148.805908 0.741960 
528.067871 148.795776 0.765701 
18
513.374390 156.075592 0.922326 
513.421753 182.519165 0.940462 
489.846771 181.141693 0.932185 
482.483246 217.891846 0.848474 
500.196045 214.915176 0.798184 
536.935608 182.606659 0.836917 
545.748474 222.238220 0.924600 
522.180298 213.440643 0.773660 
498.704285 251.607101 0.874345 
501.581787 298.667999 0.919409 
500.203644 339.887878 0.855388 
525.158264 251.638901 0.834639 
523.674377 298.673187 0.923925 
525.109070 342.784271 0.880981 
510.391479 147.363144 0.938572 
520.748779 147.344772 0.927717 
501.596222 150.242081 0.705679 
528.065918 150.191193 0.760241 
