45
1
18
495.692841 159.069138 0.930090 
489.889069 192.813339 0.934833 
464.874512 192.795746 0.944601 
461.892487 232.545822 0.862944 
461.911865 264.959167 0.905916 
516.309570 192.828613 0.868037 
525.148926 228.207870 0.903299 
501.662109 228.179138 0.898526 
476.567444 263.385162 0.885020 
478.114868 310.413116 0.909207 
478.076782 354.551514 0.848435 
507.466064 261.950958 0.803942 
503.056854 308.969757 0.847167 
503.071228 353.109314 0.851111 
488.358734 156.060806 0.940670 
500.101624 156.090622 0.943530 
478.118805 157.512070 0.882499 
508.929962 157.599609 0.767851 
18
495.732758 159.074371 0.939079 
489.898560 192.815262 0.934538 
464.877655 192.776382 0.934058 
461.892181 231.135223 0.866092 
461.896851 264.942444 0.902530 
516.332092 192.849258 0.869831 
525.162537 229.576431 0.904893 
501.650726 229.561905 0.918230 
476.554810 263.402740 0.885796 
478.113800 310.448181 0.917892 
478.062805 354.555145 0.853319 
506.031433 263.363708 0.802630 
501.665009 309.002869 0.862998 
503.102539 353.119751 0.848409 
488.384033 156.074738 0.938716 
500.120850 156.096954 0.943430 
478.136749 157.531433 0.898659 
508.940491 157.607559 0.764783 
18
495.735291 159.092743 0.933433 
489.904510 192.830093 0.939042 
464.877045 192.770309 0.932501 
461.868744 231.112747 0.858227 
460.450470 264.943848 0.889621 
517.754639 192.869110 0.870075 
525.129700 229.597321 0.908371 
501.631714 229.569809 0.905422 
475.200684 263.401367 0.894875 
478.093597 310.438751 0.924629 
478.073730 354.557556 0.855238 
506.027313 263.367065 0.805456 
501.648285 308.956451 0.861490 
503.117584 353.122803 0.850697 
488.389984 156.090607 0.942818 
500.133026 156.119736 0.947492 
479.530182 157.527451 0.881810 
508.971252 157.623337 0.791011 
18
495.706085 159.107559 0.924164 
489.901306 192.840271 0.946207 
464.870911 191.410706 0.937090 
461.858612 231.110504 0.853613 
460.407196 264.930542 0.887351 
516.340271 192.888672 0.870430 
523.725830 229.593216 0.920639 
501.607391 229.598984 0.883633 
475.157898 263.384857 0.890484 
478.071838 310.433594 0.916447 
478.071533 354.584442 0.855743 
504.565735 261.968719 0.800078 
501.615631 307.515869 0.873733 
503.110046 353.123016 0.859919 
488.382446 156.100204 0.949246 
500.125092 157.497940 0.958452 
479.530273 157.532074 0.878435 
508.962463 159.001221 0.808230 
18
494.250092 160.489517 0.910306 
489.902527 192.858063 0.955034 
464.872101 192.773514 0.942489 
461.861755 231.117859 0.848457 
458.971100 264.952271 0.879202 
516.342712 192.907761 0.867234 
523.697449 229.606567 0.921239 
500.186340 229.600449 0.883968 
475.139709 263.400330 0.892478 
478.058350 310.481049 0.926509 
478.086670 354.553650 0.845585 
504.538696 261.978668 0.803042 
501.586731 308.953766 0.895064 
503.111389 354.546967 0.857343 
488.349426 157.488251 0.969821 
500.093567 157.527237 0.968030 
478.135284 157.551102 0.862596 
508.943604 159.016006 0.814504 
18
492.800690 160.510101 0.908461 
489.898041 192.864990 0.956460 
464.876984 191.413788 0.938916 
460.463043 231.123627 0.843109 
457.507019 266.350220 0.867777 
516.338989 192.916702 0.863038 
523.692383 229.619370 0.916971 
500.152771 229.555283 0.886167 
475.124756 263.391785 0.893545 
476.689575 310.443481 0.930394 
478.074860 354.547516 0.848438 
503.108093 263.359772 0.811127 
500.228363 307.550262 0.902549 
503.111664 353.126526 0.860144 
488.323090 157.506638 0.982330 
500.069580 157.542526 0.972324 
478.107971 157.567200 0.870460 
508.921875 159.024887 0.810894 
18
491.325958 160.531616 0.911053 
489.862488 192.852768 0.956510 
464.854340 192.788132 0.949176 
460.433838 232.529556 0.841932 
457.483093 266.351379 0.873142 
514.874878 192.898438 0.866485 
523.725342 229.650757 0.905825 
500.205505 228.153229 0.886750 
475.164764 263.426331 0.903909 
478.067780 310.504272 0.934251 
478.083832 354.589172 0.849790 
504.526825 263.399597 0.821526 
500.221710 310.411591 0.919425 
503.109680 354.589539 0.861941 
486.950256 157.530243 0.985977 
498.686768 157.561752 0.974433 
478.080902 157.588150 0.855406 
507.485504 159.018341 0.800560 
18
491.295624 160.558075 0.904612 
488.464142 192.852600 0.961710 
464.809875 192.825760 0.958147 
460.415741 232.557053 0.837342 
457.482574 266.376587 0.865765 
513.424194 192.872040 0.876069 
523.715210 231.066071 0.902228 
501.593658 226.674271 0.858874 
475.154846 263.424316 0.899717 
476.701141 310.495239 0.935481 
478.074127 354.593231 0.849812 
503.106750 263.394714 0.817433 
500.229401 310.403107 0.906250 
503.087280 354.560181 0.862241 
486.924652 157.553223 0.984211 
498.656921 157.581543 0.968478 
476.688446 157.614197 0.884018 
506.020203 159.028015 0.766976 
18
489.882263 161.960037 0.909686 
488.402222 192.777283 0.966647 
463.443939 191.410248 0.950737 
458.997833 232.527649 0.843080 
456.049927 266.381897 0.874030 
513.352173 192.799255 0.880395 
523.699890 231.056839 0.895118 
503.063690 220.799622 0.836945 
475.128784 263.377594 0.885378 
476.693329 310.475739 0.929860 
478.074249 354.604706 0.852254 
503.087891 263.370117 0.815134 
500.221130 309.029785 0.901621 
503.086670 354.569641 0.860095 
486.895264 157.572784 0.975751 
498.623993 157.607254 0.970484 
476.643280 157.628662 0.899230 
503.100159 159.044601 0.700144 
18
489.848602 163.440033 0.908674 
488.372498 192.790115 0.972095 
463.388641 192.818237 0.966508 
460.424652 234.030136 0.830952 
454.604248 267.810669 0.853558 
513.348572 191.390717 0.878860 
523.734009 229.691528 0.885759 
504.577545 217.786240 0.836419 
475.120972 261.969696 0.861698 
476.686005 310.462799 0.937293 
478.078491 354.569031 0.846028 
503.101868 261.931854 0.801246 
500.214081 309.006134 0.902585 
503.091980 354.557831 0.860038 
486.874695 157.616180 0.974199 
498.595825 158.987488 0.961578 
476.616913 158.982742 0.890414 
501.658875 159.077667 0.640233 
18
489.829102 164.914108 0.920372 
488.338104 192.771667 0.954819 
463.369354 192.864349 0.952702 
460.426025 235.468552 0.832589 
454.541809 267.809784 0.857245 
511.964478 191.354752 0.866952 
523.698181 229.590225 0.939043 
503.103607 209.032547 0.845164 
475.107178 261.959137 0.844218 
476.689880 310.429932 0.925894 
478.068237 354.586060 0.848062 
503.070129 260.499176 0.784831 
500.212372 308.999481 0.902761 
503.093323 354.561005 0.858190 
486.834473 158.977829 0.956920 
497.212738 159.011673 0.961710 
476.554718 159.003052 0.889664 
503.053467 159.068924 0.644002 
18
489.824341 166.372528 0.931055 
488.313965 191.328552 0.914296 
463.351654 192.826706 0.921351 
458.990967 234.022003 0.828181 
453.173462 266.417603 0.869396 
511.946350 189.888596 0.857257 
523.665771 228.164322 0.969180 
501.608002 204.651443 0.877971 
475.125824 263.357544 0.846612 
476.682251 310.460205 0.934642 
478.076691 354.581207 0.844356 
503.071350 260.510071 0.786114 
500.206757 309.010468 0.906944 
503.105133 354.576508 0.853962 
486.831177 159.017212 0.952796 
497.206329 159.057159 0.967923 
475.193481 159.034149 0.881165 
501.639832 160.491577 0.574963 
18
488.447083 167.808243 0.945033 
486.968018 189.920532 0.894198 
463.340790 192.841980 0.925662 
458.959564 234.034897 0.832603 
453.153381 267.818085 0.866521 
511.930573 186.984833 0.870046 
522.245667 228.079193 0.984571 
500.207031 198.714310 0.830485 
475.131714 263.360870 0.861673 
476.699707 310.466797 0.926820 
478.070435 354.586151 0.848936 
503.059082 260.504272 0.787506 
500.214783 309.020203 0.897131 
503.106628 353.138275 0.849527 
485.447479 159.075302 0.936871 
497.154114 159.078995 0.953293 
475.179718 159.083115 0.895398 
500.216034 159.106018 0.682149 
18
488.419189 167.829590 0.959380 
486.953247 191.341660 0.900002 
463.318756 192.903946 0.915451 
458.971863 235.501938 0.832022 
453.152924 267.859375 0.863570 
511.931854 186.960785 0.866760 
522.210876 226.653061 0.966455 
500.198029 194.395798 0.842887 
475.139893 263.408142 0.871498 
476.699707 310.494995 0.925422 
478.064575 355.999390 0.848355 
501.658752 261.942078 0.798424 
500.200317 310.411682 0.904822 
503.108429 354.585327 0.851412 
485.401794 159.079330 0.920744 
495.745575 159.080353 0.950301 
475.102417 159.095215 0.871478 
500.210663 159.107498 0.654915 
18
488.412903 167.838898 0.957834 
486.936249 191.375000 0.904305 
461.926300 194.277924 0.906963 
457.514191 236.938599 0.826561 
453.144470 269.280457 0.864076 
511.932892 186.962280 0.868225 
522.215881 226.616776 0.960445 
501.592651 195.786072 0.817369 
475.136505 263.426208 0.873162 
476.688843 310.496185 0.926656 
478.064331 354.590088 0.846986 
501.667480 261.956726 0.799233 
500.197754 309.019012 0.899506 
503.107300 354.549774 0.851740 
485.375366 159.091949 0.909321 
495.734711 159.079681 0.947430 
475.061127 160.490814 0.869711 
500.190735 159.096954 0.628538 
18
488.398041 167.811844 0.956761 
486.924316 191.402512 0.914350 
461.894287 194.312134 0.900413 
457.479187 236.962921 0.836338 
453.140594 269.285431 0.866999 
511.925629 186.962204 0.871543 
522.234680 226.606323 0.959329 
501.602539 195.771408 0.817648 
475.129150 263.438232 0.874074 
476.671509 310.451233 0.918924 
478.075928 354.548615 0.840409 
503.057922 261.967560 0.801309 
500.189392 309.021790 0.902884 
503.095032 353.127014 0.849685 
483.960571 159.082626 0.908222 
495.706177 159.051895 0.942634 
473.676361 160.513351 0.867210 
500.167938 159.075897 0.642883 
18
488.398407 166.410904 0.947738 
486.925262 192.787125 0.930352 
461.902313 194.342102 0.906105 
457.487000 238.380463 0.838882 
453.138000 269.315369 0.865847 
511.924957 186.988617 0.876927 
522.209106 225.204514 0.958291 
500.203156 194.352081 0.849594 
475.129639 263.452515 0.877898 
476.670288 310.481384 0.920675 
478.070404 354.557404 0.841932 
503.058197 261.982300 0.805888 
500.184998 310.430695 0.910179 
503.113464 354.563019 0.839859 
483.949463 159.071304 0.909244 
495.690033 159.030945 0.939330 
473.653992 160.494629 0.881129 
500.153412 159.043839 0.598137 
18
488.367523 166.396637 0.945456 
486.915802 191.407639 0.914255 
461.892242 194.306213 0.906606 
457.478882 236.951370 0.840893 
453.122589 269.285004 0.867177 
511.915436 186.980194 0.869868 
522.207825 225.160568 0.950475 
501.609924 194.379089 0.836652 
475.116547 263.447144 0.878424 
476.660797 310.479858 0.929247 
478.089813 353.115814 0.838814 
501.661926 261.971466 0.808956 
500.183350 310.420013 0.906040 
503.087769 353.114044 0.842911 
482.488647 159.063477 0.902937 
494.244781 159.027191 0.928499 
473.622559 160.516830 0.868085 
500.130280 159.056839 0.614049 
18
488.359436 166.353775 0.931087 
486.919434 192.823090 0.934050 
461.897217 194.364059 0.907238 
456.043304 236.972168 0.841275 
453.113342 269.289795 0.869912 
511.915558 188.447525 0.853434 
522.236755 223.701202 0.937242 
500.186340 194.270248 0.877172 
475.118042 263.460846 0.877223 
476.677063 310.482422 0.921895 
478.079437 354.559021 0.838919 
501.655426 263.354706 0.807325 
500.169067 310.412506 0.909429 
503.092743 354.578644 0.847084 
481.040497 159.033112 0.899975 
494.245728 158.988876 0.927205 
472.202484 160.546600 0.830060 
500.136536 159.081924 0.600995 
18
488.340149 164.932861 0.933073 
486.925751 192.830704 0.934093 
461.886078 194.381561 0.901093 
456.037476 238.376511 0.841949 
453.100952 267.858185 0.882796 
511.942871 188.438110 0.836056 
523.646973 220.778000 0.930257 
500.172424 192.845016 0.825226 
475.119507 263.484314 0.878664 
476.668182 310.520630 0.928835 
478.076691 354.570190 0.843511 
501.659912 263.384155 0.815366 
500.171967 310.450043 0.909557 
503.101807 354.600220 0.845964 
479.591278 159.019455 0.910571 
492.806946 157.627609 0.927063 
470.754303 160.535095 0.816310 
500.118805 159.036942 0.578438 
18
488.315979 163.467545 0.917722 
486.932037 192.841156 0.943222 
461.889679 194.392166 0.903819 
456.043213 238.391388 0.841955 
453.092957 269.280060 0.881589 
511.946228 188.427231 0.834825 
523.709290 219.357712 0.931294 
500.187500 192.820541 0.822583 
475.106415 264.847290 0.878317 
476.658478 310.529327 0.926222 
478.074493 354.563934 0.838834 
501.647522 263.401855 0.823779 
500.168610 310.470978 0.912562 
503.121735 354.606659 0.843006 
479.559875 158.987015 0.913638 
492.781067 157.602493 0.928050 
470.759735 160.543121 0.807289 
500.106873 159.067917 0.648439 
18
486.947571 162.021149 0.923015 
486.912994 192.817917 0.933763 
461.893097 194.364655 0.907601 
456.039215 236.975937 0.836182 
453.088043 267.865997 0.885256 
511.909210 187.001923 0.828970 
523.718201 219.303391 0.940527 
500.184601 192.788040 0.822543 
475.104370 264.841949 0.874204 
476.655762 310.495361 0.927922 
478.080902 354.545990 0.837337 
501.631439 263.394409 0.826225 
500.161011 310.437622 0.914503 
503.107605 354.586731 0.844305 
478.144348 157.632172 0.926942 
491.319885 157.588623 0.941647 
470.742065 160.506638 0.808813 
498.719910 159.062180 0.675891 
18
486.926086 160.571686 0.934878 
486.917145 192.820724 0.938134 
461.890839 194.373779 0.910522 
456.036682 238.383301 0.840901 
453.084961 267.865265 0.888978 
511.909821 186.992767 0.819854 
523.724670 217.900284 0.933638 
500.206024 191.409637 0.827389 
475.087769 264.864014 0.863217 
476.657928 310.517944 0.926411 
478.077393 354.573059 0.839152 
501.609161 263.412872 0.830523 
500.169464 310.468811 0.908938 
503.110626 354.587433 0.843798 
478.109161 157.586853 0.941218 
489.908142 157.538208 0.941060 
469.268463 159.098587 0.831183 
498.697693 159.028885 0.635303 
18
486.923279 161.956696 0.935032 
486.905609 192.823608 0.934403 
461.874054 194.373901 0.903235 
456.012268 238.390625 0.847662 
453.083282 267.871094 0.896088 
511.904999 186.996719 0.805877 
525.110413 217.871872 0.931362 
503.103668 192.780380 0.807362 
475.074371 264.884003 0.862066 
476.649628 310.533813 0.925600 
478.069061 354.570648 0.838191 
501.610229 263.424316 0.832612 
500.167847 310.473053 0.908822 
503.104919 354.578796 0.847602 
478.104492 157.583115 0.948647 
491.292664 157.544586 0.947608 
467.830475 159.083450 0.842955 
498.689362 159.035706 0.588607 
18
486.925995 160.566162 0.934692 
486.876434 192.814713 0.922683 
461.866394 194.363449 0.892421 
456.034729 236.980743 0.838529 
453.081421 267.862000 0.894235 
511.863434 186.995331 0.804449 
525.177124 217.830246 0.926072 
503.106934 191.403412 0.818421 
475.082642 264.854523 0.859027 
476.651764 311.889740 0.930510 
478.072052 354.574646 0.839170 
501.616486 263.382904 0.821930 
500.179352 310.488098 0.901217 
504.540436 356.025055 0.855047 
478.107635 157.581238 0.948885 
489.900787 157.537125 0.948529 
467.824463 159.094727 0.832237 
498.677765 159.026627 0.542685 
18
486.908508 160.528656 0.933896 
486.831238 192.792084 0.908705 
460.461578 194.355118 0.900590 
456.005157 236.982849 0.848976 
453.078339 267.864014 0.896019 
510.442322 185.543320 0.804288 
525.198853 216.421951 0.921284 
501.657196 189.878738 0.807723 
475.071442 264.863922 0.860628 
476.644623 311.906860 0.926492 
478.067963 354.592224 0.844202 
501.608887 263.376831 0.825596 
500.176453 310.487488 0.915401 
504.527313 356.021606 0.857832 
478.103882 157.554382 0.945718 
489.876190 157.520111 0.950167 
467.798981 159.080978 0.845779 
498.670532 159.035049 0.553082 
18
486.926300 160.521698 0.925182 
485.453003 192.789154 0.898340 
460.439911 194.341812 0.903421 
454.592560 236.959579 0.855619 
453.071655 267.848999 0.899020 
510.420532 186.951889 0.792966 
526.590881 216.399094 0.907762 
501.588409 185.538971 0.826383 
475.068085 264.859528 0.857570 
476.650757 311.885315 0.922116 
478.067200 354.589233 0.843208 
501.603271 263.367096 0.826874 
500.169647 310.468414 0.909538 
503.116364 356.016083 0.855752 
478.119995 157.547089 0.935181 
489.890930 157.509689 0.938419 
467.782257 159.075806 0.850255 
498.687256 159.003387 0.517990 
18
486.901703 160.507660 0.932183 
485.439392 191.409500 0.894341 
460.429413 194.316895 0.910709 
454.578278 236.951965 0.857320 
453.063995 267.841431 0.900738 
510.404816 185.537155 0.783503 
526.582520 216.374420 0.891357 
501.612091 185.497849 0.844905 
475.059631 264.858215 0.845119 
476.641174 311.894379 0.921260 
478.064819 354.592255 0.845002 
501.594543 263.366394 0.825158 
500.164978 310.477295 0.908728 
504.532257 356.009888 0.851698 
478.093719 157.532074 0.945247 
489.873505 157.498642 0.943528 
467.778381 159.043411 0.863976 
498.686584 158.992203 0.562713 
18
486.930786 160.500687 0.938861 
485.432190 192.772507 0.879069 
460.435059 194.325378 0.898351 
454.578369 236.936417 0.849281 
453.043732 267.826416 0.911489 
510.362366 186.961319 0.760361 
526.587280 216.328186 0.879655 
501.640961 184.054504 0.862337 
475.061523 264.874115 0.837393 
476.630432 311.928497 0.914940 
478.057495 356.007629 0.848993 
501.583954 263.369202 0.822159 
500.166260 310.490265 0.907764 
504.536041 356.016296 0.857022 
478.110962 157.535339 0.940927 
489.880463 157.479797 0.933750 
467.770538 159.050995 0.858311 
498.689453 157.610458 0.446567 
18
486.939148 160.512848 0.931593 
485.434143 192.813950 0.893745 
460.443237 194.333344 0.897564 
454.571411 235.506989 0.847340 
453.041443 266.409180 0.916682 
508.964386 188.462662 0.756828 
526.595032 216.306244 0.872311 
501.659393 184.042435 0.858745 
473.694916 264.868347 0.828397 
476.629547 311.895935 0.917929 
478.056244 354.576355 0.841081 
500.208008 263.368713 0.829230 
500.150452 310.479187 0.916448 
504.530945 356.005432 0.849447 
478.119781 157.548615 0.939448 
489.898041 157.492828 0.937139 
467.790985 159.072205 0.856841 
498.706390 157.633972 0.495915 
18
486.913147 160.503922 0.932566 
485.444641 192.837479 0.902765 
460.443451 194.352295 0.896933 
454.535278 236.952698 0.860938 
453.034027 266.422363 0.915359 
508.965790 189.895721 0.759233 
528.047546 216.309845 0.852305 
503.062561 182.638138 0.873988 
473.684418 264.901215 0.819246 
476.621307 310.537201 0.916454 
478.067932 354.574615 0.833731 
500.211060 263.397247 0.831554 
500.153137 310.484955 0.914378 
503.112793 356.007660 0.860095 
478.098663 157.538910 0.948954 
489.882751 157.485443 0.937702 
467.807556 159.064407 0.857882 
498.707733 157.634705 0.562762 
18
486.901581 160.508163 0.921499 
485.426056 192.850342 0.896714 
460.433136 194.353729 0.887941 
453.162598 236.951706 0.860834 
453.020752 266.422363 0.919704 
508.924225 189.933411 0.752616 
528.059143 214.901382 0.845226 
503.061432 182.602600 0.874105 
473.689819 264.887726 0.822800 
476.616028 310.534241 0.914061 
478.085022 354.553009 0.827017 
500.207062 263.386139 0.824981 
500.141632 310.455994 0.920879 
504.531708 356.011597 0.852189 
478.088684 157.537857 0.951660 
489.878754 157.493469 0.931767 
467.791840 159.055679 0.858835 
498.705139 158.982147 0.534496 
18
486.920868 160.498367 0.925708 
485.407318 192.822388 0.885213 
460.419647 194.334854 0.887351 
453.161682 236.953079 0.859463 
451.680328 266.404541 0.926044 
507.512024 189.896164 0.743944 
528.073242 214.860504 0.834269 
503.055511 182.579819 0.878266 
473.679169 264.864136 0.820776 
476.616364 310.522766 0.914642 
478.073151 354.556641 0.829368 
500.183350 263.353027 0.823430 
500.136749 310.438110 0.905773 
503.104065 354.592743 0.851383 
478.101624 157.530060 0.944547 
489.896027 157.482285 0.921756 
467.778076 159.045456 0.863875 
498.717957 157.634308 0.501851 
18
486.908966 160.502090 0.916913 
485.393341 192.796371 0.871796 
460.414490 194.319962 0.883569 
453.143799 236.938110 0.861501 
451.683228 266.408356 0.922686 
507.508209 188.445068 0.745611 
528.084412 214.851807 0.829810 
501.633148 182.528412 0.894504 
473.686310 264.859192 0.818523 
476.626221 311.893402 0.905146 
478.081726 354.548553 0.823714 
500.183594 261.975372 0.819773 
500.141327 310.452179 0.905340 
504.533630 356.018768 0.852572 
478.090271 157.539169 0.949671 
489.871429 157.481949 0.925882 
466.388580 159.047211 0.868453 
498.710785 157.594818 0.536836 
18
486.884918 160.497635 0.919363 
485.382690 192.793182 0.872458 
458.981171 194.303696 0.890033 
453.132538 235.516403 0.865164 
451.671631 266.390839 0.931126 
507.509369 188.465225 0.760479 
528.067627 213.458313 0.825664 
501.638184 181.151520 0.874523 
473.663330 264.854614 0.815465 
476.620605 311.895386 0.904509 
478.080994 354.586151 0.827307 
500.179474 261.969757 0.822518 
500.141876 310.459473 0.899109 
504.531586 356.031616 0.854602 
478.068787 157.526840 0.957815 
489.849670 157.483337 0.926961 
466.370941 159.029694 0.876766 
498.698029 157.626373 0.525420 
18
486.894928 160.489410 0.925614 
483.947479 192.827042 0.876041 
457.526123 194.334015 0.884335 
453.118958 236.936996 0.873649 
451.665985 266.384247 0.933096 
507.465576 189.909576 0.765702 
528.068237 213.457977 0.825067 
503.060211 182.526443 0.863322 
473.665619 264.888519 0.814328 
476.623779 311.900055 0.904144 
478.084320 354.588989 0.829484 
500.178131 263.368835 0.829964 
500.141510 310.453094 0.896894 
503.118347 356.005005 0.850089 
478.071960 157.521530 0.955123 
489.852051 156.110718 0.922932 
466.349762 159.033432 0.883526 
498.695526 157.611115 0.464884 
18
486.892914 159.126022 0.923420 
483.958710 192.826614 0.875841 
458.946228 194.331070 0.883976 
453.116547 236.946823 0.876594 
451.661072 267.823212 0.922776 
507.460083 189.918396 0.763097 
528.052979 213.460480 0.832592 
503.058167 181.151245 0.860941 
473.657684 264.849335 0.815440 
476.608643 311.889832 0.914357 
478.087799 354.553375 0.826218 
500.172058 261.967224 0.822973 
500.129517 309.030670 0.879002 
503.089874 354.568634 0.852071 
478.066498 157.524139 0.950776 
489.836670 156.097076 0.913656 
466.352631 159.063278 0.872022 
498.688599 157.606522 0.444119 
18
486.872437 160.482407 0.916989 
483.943268 192.822861 0.875735 
457.526611 194.335236 0.883266 
453.106018 236.935196 0.878734 
451.665833 267.815887 0.924096 
506.042084 189.916443 0.762149 
528.064697 214.850525 0.831915 
501.652252 181.143738 0.872009 
473.640198 264.868347 0.809402 
476.605408 311.901764 0.916618 
478.070801 354.572205 0.833425 
500.157227 261.981232 0.827423 
500.135956 310.412476 0.889316 
503.096069 354.603882 0.855591 
478.056976 157.513641 0.954018 
489.828247 156.109985 0.915499 
466.346527 159.033615 0.877882 
498.685333 157.631042 0.458783 
18
486.879700 159.118057 0.920247 
482.508636 192.827652 0.872386 
457.527222 194.348526 0.882320 
453.105957 236.956680 0.883647 
451.656067 267.827271 0.918517 
506.002289 189.906403 0.758791 
528.065552 214.875076 0.842331 
501.618042 181.136688 0.890244 
473.640900 264.857574 0.810883 
476.605408 311.880280 0.907778 
478.076050 353.135895 0.828807 
500.156097 261.967255 0.828543 
500.127869 310.404388 0.886163 
503.102142 354.603851 0.854079 
476.707764 157.510757 0.953556 
489.823029 156.099426 0.912832 
466.322662 159.062088 0.886202 
498.682098 157.636322 0.413645 
18
486.901581 159.111343 0.947497 
483.941345 192.800323 0.866114 
457.521729 194.353027 0.882926 
453.097748 236.966263 0.887288 
451.650177 267.835693 0.914014 
507.463196 188.426224 0.745833 
528.080017 216.291718 0.852128 
503.060760 182.621765 0.861809 
473.639252 264.854523 0.810734 
476.609802 310.513153 0.913538 
478.076599 353.136230 0.825994 
500.166840 261.951477 0.826820 
500.129822 309.026978 0.886226 
503.097900 354.600708 0.852975 
478.069916 157.502853 0.950405 
489.849091 156.096298 0.929969 
466.330841 159.062897 0.897609 
498.683746 158.967499 0.434047 
18
486.869659 159.111694 0.943644 
483.957825 192.820724 0.877525 
457.515320 194.369812 0.884668 
453.075104 236.972900 0.895960 
451.638733 267.843262 0.909914 
508.909424 188.447906 0.756471 
526.602051 216.351685 0.876603 
501.641693 184.093948 0.821360 
473.613159 264.858582 0.808177 
476.614258 310.522003 0.907311 
478.079926 354.584930 0.828137 
500.155212 261.962860 0.835345 
500.118866 310.398895 0.891406 
503.107941 354.596161 0.850007 
476.701630 157.498779 0.951231 
489.828552 156.110611 0.937188 
466.325806 159.071762 0.898816 
498.666260 159.010025 0.506088 
18
486.880249 159.118469 0.952875 
485.382141 192.794418 0.883687 
458.942078 194.349182 0.886559 
453.079132 236.941681 0.892029 
451.640167 267.837402 0.912140 
508.980835 186.993378 0.782513 
525.163452 216.433990 0.913289 
503.070007 188.447632 0.810713 
473.614655 264.847565 0.808793 
476.602173 310.534149 0.908628 
478.094269 354.579498 0.822856 
500.162598 261.952759 0.835590 
500.123627 310.410492 0.894524 
503.092560 354.601349 0.852879 
478.057587 157.505112 0.948265 
489.841278 156.117874 0.940996 
466.336853 159.072098 0.888676 
498.663849 159.037918 0.505795 
18
486.903809 159.119965 0.970887 
483.960144 192.798584 0.879552 
457.508453 194.340225 0.884626 
453.069855 236.937851 0.893000 
451.624573 266.425720 0.908277 
508.920258 188.440140 0.771157 
525.133667 217.837067 0.932890 
501.645508 191.338699 0.863017 
473.643219 264.848450 0.816314 
476.587128 310.527191 0.911057 
478.085876 354.545624 0.821089 
500.183289 261.962921 0.831424 
500.119812 310.414398 0.896109 
503.079315 354.602631 0.859176 
478.074921 157.505829 0.944175 
489.865204 156.119370 0.939255 
466.348816 159.082016 0.873577 
498.676910 159.051498 0.451419 
18
486.905853 160.495346 0.960110 
485.389740 192.799118 0.885323 
457.502655 194.326263 0.878057 
453.055847 236.958145 0.894851 
451.618378 266.396027 0.908600 
510.365234 189.880051 0.781749 
523.733643 217.928375 0.922383 
501.605957 191.326050 0.835301 
472.224030 264.845825 0.794444 
476.579803 310.512482 0.902555 
478.076111 354.549622 0.819358 
500.159393 261.960266 0.823645 
500.111816 310.399445 0.883102 
503.093689 354.599792 0.853586 
478.070038 157.526566 0.946847 
489.891327 157.482529 0.937279 
466.383575 159.088257 0.866844 
498.705322 159.022705 0.606617 
18
486.893829 160.525925 0.945477 
485.406036 192.790756 0.892562 
457.480957 194.333908 0.882308 
453.029083 236.966766 0.901588 
451.609406 266.414215 0.894520 
510.418182 188.428223 0.807456 
523.713745 219.331650 0.924995 
500.158661 189.920959 0.878544 
472.205719 264.859650 0.795675 
476.588593 310.530121 0.906074 
478.071564 353.137573 0.819996 
500.159454 261.975433 0.828125 
500.121857 310.422302 0.887906 
503.082458 354.600098 0.859938 
478.068909 157.550888 0.950276 
489.879395 157.514359 0.957263 
466.382874 159.099335 0.867431 
498.680298 159.056778 0.628224 
18
486.892822 160.561844 0.930195 
483.978760 192.774841 0.872645 
456.062378 194.328598 0.878355 
451.660339 236.960449 0.906465 
451.591766 266.415253 0.878763 
510.377045 188.434555 0.791371 
523.705017 220.815643 0.924134 
500.148163 191.359467 0.898301 
472.193268 264.846771 0.793595 
476.579132 310.533295 0.906966 
478.069580 353.125092 0.818847 
500.156769 261.947479 0.827735 
500.124756 309.027100 0.873732 
503.080505 354.581482 0.855625 
478.084015 157.571045 0.949568 
489.874023 157.548035 0.955978 
466.385010 159.079468 0.868725 
498.671631 159.067001 0.575707 
