38
1
18
472.224365 213.431747 0.606336 
453.129333 241.350449 0.924088 
447.208984 248.695953 0.838846 
450.153259 288.435059 0.892971 
478.064697 273.691254 0.865119 
463.322937 238.393997 0.765782 
475.137848 260.465088 0.617346 
488.332001 261.922424 0.576291 
463.377228 300.204041 0.687405 
513.383972 307.533783 0.785083 
501.591492 348.754486 0.769747 
475.180817 291.351959 0.661029 
517.807983 304.614044 0.641298 
535.490417 354.559692 0.801022 
466.344147 209.024368 0.602719 
0.000000 0.000000 0.000000 
456.013458 216.299271 0.694086 
0.000000 0.000000 0.000000 
18
475.061035 211.992523 0.747224 
453.133209 241.351410 0.925846 
448.655121 247.233627 0.854457 
450.167145 288.425903 0.910984 
478.103119 273.730438 0.878546 
461.924500 238.412033 0.769804 
475.155060 261.916779 0.624407 
488.386444 261.949341 0.588631 
464.809906 300.170654 0.682736 
513.385559 307.541534 0.779160 
501.581482 348.754639 0.780226 
476.602692 289.914856 0.642808 
519.260620 306.081512 0.640457 
535.467285 354.544922 0.834895 
467.819916 207.557922 0.705149 
0.000000 0.000000 0.000000 
456.047607 213.434311 0.733263 
0.000000 0.000000 0.000000 
18
475.123169 213.403305 0.846556 
454.535828 241.351044 0.905158 
450.130432 245.774109 0.873173 
451.556519 288.453857 0.903543 
478.115265 273.717407 0.880377 
461.924835 238.439957 0.776769 
475.110626 261.916870 0.582892 
488.374359 261.975098 0.560294 
466.312317 300.181854 0.674273 
513.392822 308.967133 0.774745 
501.598846 348.740601 0.771444 
478.066681 289.919739 0.627564 
520.683655 307.536377 0.659328 
535.453552 353.130493 0.844940 
470.717041 207.543900 0.782531 
0.000000 0.000000 0.000000 
458.958344 211.978867 0.729714 
0.000000 0.000000 0.000000 
18
475.140961 213.432037 0.831371 
453.166260 241.344040 0.909212 
450.114929 245.762146 0.868309 
451.588226 288.452454 0.913841 
478.095978 273.737244 0.888052 
461.930450 238.423828 0.784859 
475.108643 260.496002 0.659885 
488.361389 261.924255 0.611972 
464.862030 300.205475 0.683536 
513.390869 308.958801 0.780115 
501.620300 348.724182 0.772432 
476.610840 291.377228 0.648914 
519.235291 306.078888 0.640849 
535.461426 353.121429 0.827929 
470.757751 207.559372 0.773630 
0.000000 0.000000 0.000000 
460.407288 211.971878 0.738094 
0.000000 0.000000 0.000000 
18
475.172455 214.859039 0.827644 
454.531647 241.373886 0.914154 
450.098846 245.809937 0.857765 
451.580017 288.456177 0.917371 
478.110504 273.731842 0.884368 
463.316254 238.454895 0.794430 
475.113464 261.904022 0.641328 
488.362823 261.958405 0.620499 
464.897430 300.220734 0.682209 
516.309082 308.966705 0.796813 
536.931885 356.021637 0.447803 
476.628357 292.836243 0.653298 
519.233643 306.078674 0.635599 
534.021240 354.549347 0.493783 
472.203827 207.593796 0.757758 
0.000000 0.000000 0.000000 
460.441559 213.452545 0.742314 
0.000000 0.000000 0.000000 
18
475.166565 214.846603 0.893726 
453.166046 241.360184 0.920847 
450.087799 245.815002 0.849565 
450.157440 288.477600 0.899396 
478.080322 273.725800 0.871309 
463.325012 238.426270 0.794155 
473.692261 260.460388 0.611024 
488.327332 261.954956 0.636890 
466.320374 300.198761 0.684692 
516.328613 308.975098 0.793465 
536.886597 356.043091 0.800888 
476.626526 292.815643 0.648965 
516.328491 307.514984 0.598045 
501.639191 347.304077 0.752894 
472.176819 207.577133 0.821393 
0.000000 0.000000 0.000000 
458.947479 211.989044 0.740016 
0.000000 0.000000 0.000000 
18
475.150177 213.443710 0.884295 
453.138306 239.957153 0.936143 
448.662170 245.811172 0.841053 
450.173737 288.473114 0.902808 
478.090942 273.699554 0.848009 
463.317780 235.506378 0.772434 
473.622559 258.987305 0.687929 
488.350372 260.474762 0.725470 
463.407806 300.212769 0.686370 
513.416931 310.424469 0.839326 
500.205231 348.733490 0.618613 
475.169403 291.357391 0.666896 
517.776978 309.010071 0.655224 
535.450378 356.018433 0.611630 
470.754578 207.581223 0.808871 
0.000000 0.000000 0.000000 
457.517151 211.992523 0.743364 
0.000000 0.000000 0.000000 
18
475.181976 213.452026 0.901682 
453.126770 241.317795 0.924930 
448.641083 245.805710 0.841103 
451.553192 288.480530 0.889222 
478.080231 273.679108 0.837852 
461.934479 236.949554 0.764497 
472.216553 259.019684 0.595372 
486.928223 261.969391 0.573751 
463.385101 300.209625 0.683825 
513.354736 310.425873 0.823685 
500.212402 348.736053 0.796002 
475.178680 291.346558 0.668402 
519.223511 309.028046 0.666010 
536.874756 356.031067 0.842082 
472.195343 207.574478 0.832685 
0.000000 0.000000 0.000000 
458.953888 211.991684 0.743936 
0.000000 0.000000 0.000000 
18
475.193268 214.862274 0.883059 
453.118744 239.955917 0.927114 
448.635925 245.798767 0.846062 
451.587341 288.490112 0.891297 
478.139313 272.217560 0.825224 
461.935089 235.516068 0.752415 
472.199036 260.455750 0.574424 
486.937225 261.928741 0.565441 
463.403046 300.190002 0.677263 
513.369446 310.429626 0.835320 
500.198090 348.758087 0.788370 
476.586761 289.917816 0.686097 
517.787781 309.007599 0.675703 
535.502930 356.004608 0.810036 
472.219238 207.595322 0.810323 
0.000000 0.000000 0.000000 
460.409637 213.416229 0.741452 
0.000000 0.000000 0.000000 
18
475.176758 214.854843 0.838968 
453.134766 241.311386 0.922410 
448.679382 247.242065 0.855792 
451.680603 288.471558 0.880642 
478.110596 272.231018 0.864628 
461.934082 235.510254 0.753089 
473.640320 257.571716 0.540487 
486.912903 261.909576 0.502636 
463.430908 300.177185 0.675026 
513.371338 310.432739 0.844981 
500.204193 348.735046 0.755262 
476.599426 289.914795 0.673277 
516.333923 309.021301 0.675787 
535.495850 354.606201 0.744979 
472.194885 207.603607 0.769398 
0.000000 0.000000 0.000000 
458.988037 214.854614 0.741854 
0.000000 0.000000 0.000000 
18
475.156006 214.873642 0.830397 
453.126160 241.338242 0.933126 
448.666077 247.249283 0.854101 
453.034180 288.458710 0.889229 
479.551788 270.771729 0.842029 
461.914551 236.977814 0.760176 
473.675018 259.038177 0.613370 
488.343170 257.565948 0.570273 
464.830475 300.188080 0.686406 
513.392090 310.420105 0.842578 
500.200043 348.735626 0.718716 
476.623322 289.932281 0.676054 
517.754272 309.007080 0.672557 
535.467773 354.596893 0.713802 
472.180145 209.007477 0.750084 
0.000000 0.000000 0.000000 
460.418121 214.873871 0.743826 
0.000000 0.000000 0.000000 
18
475.138977 214.884109 0.845449 
453.126373 241.374222 0.923965 
448.658112 248.703293 0.855760 
451.660553 288.467651 0.900892 
479.555511 272.214874 0.839332 
461.902130 238.428543 0.755141 
473.679260 259.033997 0.649183 
488.371735 259.005585 0.633801 
464.821350 300.199463 0.681450 
514.839478 308.992889 0.815031 
536.885193 355.998901 0.802874 
476.572784 291.368164 0.644867 
513.396179 308.975647 0.630437 
501.632965 348.716614 0.777775 
470.748535 209.023544 0.761383 
0.000000 0.000000 0.000000 
458.982208 214.921082 0.751149 
0.000000 0.000000 0.000000 
18
475.148560 214.903854 0.834293 
454.535431 241.397552 0.925295 
448.662964 250.151108 0.858247 
451.651306 289.876312 0.893060 
478.143768 270.790680 0.858957 
463.361176 238.419876 0.800070 
475.109283 259.033661 0.567445 
488.378265 260.463287 0.523412 
464.882019 300.202667 0.695798 
516.290955 308.979095 0.796734 
536.868774 355.998871 0.815651 
476.657288 291.349731 0.669397 
514.819092 308.966888 0.619380 
501.641632 348.737457 0.783157 
470.757904 209.051804 0.740789 
0.000000 0.000000 0.000000 
458.977753 216.313522 0.754124 
0.000000 0.000000 0.000000 
18
475.172485 216.310104 0.858905 
454.534210 241.389053 0.914410 
448.698425 248.745972 0.867715 
451.636505 289.891388 0.876464 
478.129364 272.241516 0.879260 
463.348755 238.421127 0.782996 
475.129150 260.451294 0.583837 
488.396606 260.481171 0.526765 
464.846558 300.216919 0.680715 
516.295837 309.014099 0.792032 
536.873474 356.007568 0.800202 
476.628326 291.374695 0.654540 
514.863525 308.974945 0.634225 
501.651611 348.682434 0.769717 
472.200256 210.489548 0.749944 
0.000000 0.000000 0.000000 
458.974304 216.314636 0.746312 
0.000000 0.000000 0.000000 
18
475.209290 214.881592 0.844036 
454.535980 241.377060 0.912433 
450.090729 248.731812 0.862100 
451.641602 289.908813 0.868146 
479.543518 272.227417 0.864134 
463.333557 238.409073 0.767897 
475.109131 259.009216 0.646912 
488.418091 260.465332 0.581993 
464.834137 300.220032 0.670513 
516.291443 308.993011 0.801212 
536.873535 356.002991 0.810958 
476.607086 291.369171 0.641136 
513.432190 308.966614 0.612869 
501.663971 348.703674 0.774170 
473.618866 209.021317 0.757384 
0.000000 0.000000 0.000000 
460.446594 216.306351 0.749245 
0.000000 0.000000 0.000000 
18
476.593628 213.416916 0.826729 
454.532318 241.360687 0.898846 
450.145447 247.263336 0.870713 
451.643219 289.871307 0.888685 
479.570435 272.212616 0.840887 
461.920258 238.414383 0.751691 
473.677002 260.459473 0.599575 
488.347748 260.495789 0.582323 
463.428650 301.640320 0.657827 
513.372314 310.419586 0.816151 
501.628815 348.702942 0.781857 
476.590179 292.813385 0.646535 
519.231079 309.007172 0.668497 
535.498962 354.604889 0.838591 
473.680695 207.556732 0.784200 
0.000000 0.000000 0.000000 
461.906982 214.857986 0.754733 
0.000000 0.000000 0.000000 
18
476.617767 213.403503 0.780058 
453.163849 241.365982 0.886765 
450.171448 247.241547 0.868394 
451.680389 288.480316 0.895775 
479.578247 272.256439 0.838148 
461.888275 238.424576 0.739433 
473.652191 260.464386 0.550754 
486.955597 261.923462 0.542109 
464.848602 300.228760 0.661147 
513.375977 310.423523 0.811412 
501.625824 348.713074 0.784125 
476.621307 291.380432 0.646015 
519.237671 309.017639 0.682610 
535.488220 354.604126 0.850578 
475.084564 207.536758 0.766535 
0.000000 0.000000 0.000000 
463.342041 213.423706 0.763325 
0.000000 0.000000 0.000000 
18
476.602173 213.397476 0.873860 
454.553986 241.397369 0.879832 
451.527832 247.246994 0.891918 
453.040985 289.864105 0.877928 
479.583862 273.658051 0.886801 
461.914520 239.874268 0.748858 
475.185669 260.491821 0.575594 
491.318359 256.054718 0.466273 
464.865753 301.667816 0.645022 
516.307861 309.022308 0.816582 
536.878296 356.009277 0.801550 
475.195282 295.758820 0.617165 
514.836914 308.989471 0.617885 
501.659912 348.723389 0.749859 
473.701019 206.149750 0.853642 
0.000000 0.000000 0.000000 
461.929565 211.943665 0.769781 
0.000000 0.000000 0.000000 
18
476.554993 210.518967 0.906906 
454.597107 241.413910 0.839238 
451.625610 247.278427 0.916185 
453.069122 288.496521 0.895142 
481.008209 272.241150 0.870256 
461.932251 239.893402 0.729522 
475.164734 261.936096 0.460605 
488.379425 260.462616 0.428658 
464.880951 301.640686 0.630334 
516.314148 309.020386 0.830944 
536.893677 356.049103 0.824374 
475.172180 295.735016 0.576598 
513.417664 309.016174 0.578425 
501.624908 348.747284 0.778535 
473.625458 206.108902 0.872514 
0.000000 0.000000 0.000000 
460.437439 211.938522 0.745726 
0.000000 0.000000 0.000000 
18
476.576447 209.014740 0.896417 
456.053558 241.369980 0.823217 
451.692200 247.256454 0.898149 
453.034027 288.471832 0.917154 
481.020386 272.264648 0.874219 
463.385223 238.444611 0.752630 
475.114075 261.958221 0.360499 
488.324219 263.389008 0.377499 
464.854034 300.223663 0.640962 
516.304688 310.395752 0.811347 
536.906372 356.055908 0.813040 
475.144897 294.271545 0.584482 
513.411987 309.028564 0.589661 
501.645233 348.714661 0.766627 
473.634888 206.049194 0.876162 
0.000000 0.000000 0.000000 
460.435883 210.475464 0.767601 
0.000000 0.000000 0.000000 
18
476.622223 206.116974 0.912135 
458.976501 239.961441 0.818070 
453.066071 245.800735 0.898149 
451.638123 289.880035 0.886224 
481.032196 273.721161 0.930239 
464.863464 238.383942 0.754284 
479.566711 259.023010 0.459805 
492.791260 247.271820 0.420044 
463.406158 301.671570 0.637710 
516.310608 309.004456 0.816380 
536.901855 356.046173 0.803534 
475.124969 295.763184 0.604836 
514.845459 308.989502 0.604391 
501.635925 348.725555 0.762896 
473.675110 204.598251 0.882528 
0.000000 0.000000 0.000000 
461.920013 210.479477 0.788481 
0.000000 0.000000 0.000000 
18
476.639282 204.659775 0.928808 
458.961304 239.911499 0.810758 
453.119049 244.312973 0.884712 
453.121124 288.407501 0.896608 
486.892242 275.157776 0.915710 
464.810394 236.962204 0.725924 
476.584503 260.462372 0.491637 
486.914703 250.191467 0.568313 
464.849274 300.203613 0.603724 
516.299561 309.025116 0.819092 
538.369446 357.469299 0.537508 
475.184998 292.810730 0.572741 
517.802795 309.006287 0.632013 
534.026001 354.559631 0.388754 
473.684113 203.158768 0.881484 
0.000000 0.000000 0.000000 
461.935089 209.052353 0.800617 
0.000000 0.000000 0.000000 
18
476.666595 204.648132 0.953610 
457.505798 239.873245 0.820522 
453.122284 242.858047 0.911206 
457.533112 288.368103 0.855518 
491.335297 278.103638 0.913295 
463.335754 235.478073 0.688988 
478.074097 263.367676 0.724119 
486.823059 241.349075 0.734259 
463.416931 300.160889 0.605734 
513.404175 310.403503 0.775747 
501.603851 348.673706 0.783779 
475.145569 288.474915 0.550355 
519.217407 308.984955 0.668086 
535.511780 356.002533 0.785098 
473.685669 203.164963 0.909175 
476.600677 195.870590 0.190911 
461.939362 210.489838 0.836738 
0.000000 0.000000 0.000000 
18
476.673523 204.574738 0.966376 
461.930695 239.844757 0.864521 
453.134583 244.336197 0.878766 
461.914337 288.367981 0.910755 
495.753906 283.986481 0.936510 
473.634308 229.678680 0.775545 
482.465424 264.856140 0.819346 
486.897980 241.343536 0.304503 
460.420197 298.699066 0.617543 
513.362610 308.997467 0.810176 
501.608948 347.296021 0.774068 
475.152863 288.410339 0.632418 
517.788696 307.514099 0.621284 
535.492065 354.599182 0.781665 
473.655060 203.103394 0.904787 
476.577972 195.829926 0.241138 
461.901886 209.052826 0.818987 
0.000000 0.000000 0.000000 
18
478.074524 204.654327 0.888483 
461.941437 238.454132 0.838898 
453.128937 244.318741 0.843410 
463.424683 288.361786 0.919606 
498.590179 288.366486 1.060590 
473.625854 229.664246 0.782097 
483.968628 264.874817 0.877586 
485.460724 236.945633 0.501391 
456.057648 297.265594 0.631917 
514.826050 307.540588 0.764801 
536.886902 356.021667 0.821744 
475.092407 288.379944 0.592848 
513.389038 304.593414 0.647429 
501.628326 347.304840 0.794071 
475.063629 204.554413 0.873085 
476.707001 198.728546 0.269558 
463.315674 211.940292 0.819637 
0.000000 0.000000 0.000000 
18
478.067261 206.063004 0.804534 
461.865417 238.383881 0.793572 
453.130829 242.860291 0.792551 
464.889832 286.992981 0.871004 
500.109161 289.859314 1.014090 
469.245941 229.640823 0.736955 
485.373444 263.479156 0.882125 
485.398651 229.639069 0.659207 
453.153564 297.259552 0.669828 
513.383728 306.068634 0.808699 
536.901001 356.019867 0.815739 
469.266296 288.381348 0.586131 
511.950867 303.126556 0.636046 
501.645355 347.273712 0.800496 
475.087769 204.627243 0.842951 
478.140320 201.672791 0.224008 
463.348663 210.517303 0.818872 
0.000000 0.000000 0.000000 
18
478.073639 206.035690 0.740588 
461.909790 236.955200 0.780588 
453.156799 242.840363 0.788378 
466.303101 286.918457 0.897378 
500.066315 288.499512 1.002606 
469.273804 229.585205 0.721576 
485.415649 263.362030 0.890341 
485.397430 228.111069 0.681189 
454.612335 297.219574 0.638847 
513.386414 304.614410 0.824712 
536.900452 356.020660 0.827698 
472.210968 286.980743 0.574948 
511.980072 304.573700 0.614594 
501.662720 347.285461 0.795512 
475.094910 204.598206 0.789884 
479.570068 201.662933 0.201966 
463.344788 210.515121 0.796111 
0.000000 0.000000 0.000000 
18
478.083435 206.121002 0.770108 
461.927368 236.960526 0.786970 
454.536957 242.862625 0.766592 
466.337830 286.885071 0.857259 
500.206177 289.901367 0.947987 
469.283234 229.575043 0.722761 
486.818817 260.496796 0.904373 
483.959198 226.654114 0.709750 
453.146881 297.216614 0.695149 
513.390442 306.069702 0.810909 
536.883179 356.007751 0.821626 
467.825409 286.981842 0.616002 
511.947876 303.132721 0.663767 
503.055939 347.305298 0.801110 
475.096039 206.029877 0.845085 
478.135986 203.105057 0.310248 
463.349457 213.452347 0.818725 
0.000000 0.000000 0.000000 
18
478.128662 206.122986 0.653336 
460.469116 235.484390 0.772739 
453.139893 241.390106 0.772089 
467.814911 285.475708 0.796781 
500.092743 289.887177 0.929982 
466.341949 228.164124 0.674354 
486.848663 257.538696 0.905783 
483.989777 228.073868 0.817485 
453.158722 297.263550 0.710210 
513.418762 306.064087 0.785471 
535.505676 354.605469 0.813366 
467.783203 288.386505 0.608135 
511.986237 303.120422 0.696364 
501.667053 348.677734 0.788062 
475.171783 206.029221 0.776790 
0.000000 0.000000 0.000000 
464.791931 213.425766 0.812211 
0.000000 0.000000 0.000000 
18
478.123077 207.539810 0.471282 
461.880951 238.377350 0.781000 
454.599854 241.407166 0.760046 
470.726837 285.480927 0.790979 
500.094208 288.505981 0.962449 
466.305389 229.623596 0.678046 
486.856171 257.516602 0.883157 
485.373657 228.081314 0.811967 
454.552887 298.681854 0.724663 
514.826416 306.063599 0.777504 
536.878601 354.608368 0.814599 
467.803070 288.434814 0.585389 
513.353760 301.673828 0.714276 
501.647400 347.295319 0.800774 
476.557953 206.067413 0.606551 
0.000000 0.000000 0.000000 
464.870117 211.983017 0.743794 
0.000000 0.000000 0.000000 
18
479.562439 210.519958 0.493121 
461.907562 238.401413 0.758750 
458.973572 242.841492 0.732939 
470.745178 285.504791 0.790249 
500.081787 288.485260 0.978618 
464.823700 229.629654 0.642449 
486.888550 254.630966 0.864486 
485.414307 228.092422 0.786124 
456.042908 298.670288 0.689407 
514.869751 304.624359 0.783424 
535.488831 354.572601 0.817230 
467.775818 288.432068 0.566838 
511.984711 303.111511 0.691713 
501.651123 348.680450 0.784601 
476.591644 207.550705 0.630572 
0.000000 0.000000 0.000000 
464.891174 214.873611 0.742931 
0.000000 0.000000 0.000000 
18
479.600952 207.596802 0.561859 
463.338623 238.388199 0.791346 
460.416809 241.376495 0.781904 
472.166809 286.874878 0.804027 
500.110687 288.463928 0.983802 
464.905487 229.678253 0.676352 
486.908752 254.654449 0.841834 
485.439209 226.664444 0.768044 
457.516968 298.688232 0.683087 
514.879395 306.043610 0.780424 
535.493225 354.566589 0.805566 
469.261047 288.465271 0.586718 
513.400208 303.111786 0.727241 
501.633728 348.679199 0.791062 
476.608826 206.104721 0.704159 
0.000000 0.000000 0.000000 
464.893524 213.411057 0.758170 
0.000000 0.000000 0.000000 
18
482.478546 210.501236 0.553711 
463.375153 238.406143 0.784050 
460.431824 241.400986 0.762529 
472.195770 286.872772 0.796969 
500.079895 288.435059 0.979118 
466.353180 229.674362 0.664332 
486.944336 254.649704 0.847139 
485.445892 226.691223 0.745522 
458.973267 298.690125 0.684316 
516.289734 304.600342 0.789063 
535.505249 354.581696 0.814137 
472.177582 288.451477 0.570266 
513.375427 303.114624 0.674968 
501.615540 347.290070 0.805485 
476.635895 206.157959 0.692436 
0.000000 0.000000 0.000000 
464.908630 213.456451 0.760298 
0.000000 0.000000 0.000000 
18
482.487732 210.515167 0.568823 
463.376862 238.388824 0.774296 
460.455475 241.371109 0.757337 
473.614868 285.442871 0.784472 
500.092896 288.429230 0.976229 
466.326263 229.665802 0.665301 
486.951233 254.659210 0.848829 
486.813995 228.143295 0.791753 
460.461700 297.266632 0.674067 
516.331848 303.157074 0.811768 
535.507141 354.582245 0.824917 
472.184235 288.432953 0.568251 
513.357910 301.664551 0.652347 
501.628662 347.291138 0.801413 
476.669830 206.168976 0.710797 
0.000000 0.000000 0.000000 
466.316772 213.425522 0.759850 
0.000000 0.000000 0.000000 
18
482.497864 207.594376 0.648632 
463.347565 236.938232 0.757866 
460.450745 241.400711 0.743078 
473.625610 284.022644 0.754626 
500.089935 288.407288 0.954198 
464.893982 229.565247 0.664101 
486.942566 254.598557 0.849640 
486.806946 226.676041 0.740842 
460.422760 297.231293 0.663143 
517.757141 304.575470 0.797738 
536.865784 354.556091 0.804024 
470.727966 288.390350 0.564175 
513.405396 301.645477 0.673376 
501.603210 347.265167 0.818523 
476.681488 206.096100 0.792155 
0.000000 0.000000 0.000000 
466.337524 213.419586 0.781548 
0.000000 0.000000 0.000000 
18
483.927704 211.953888 0.571092 
463.298370 235.508514 0.725520 
460.446594 241.400986 0.727037 
473.629547 283.969116 0.732661 
498.703918 288.384491 0.965301 
463.411011 228.157394 0.627288 
486.924316 254.601273 0.825729 
485.444427 226.674744 0.715249 
460.436890 297.205933 0.655806 
516.336609 304.609955 0.797736 
536.875000 354.588318 0.790048 
470.718506 286.983337 0.548533 
514.821716 301.662109 0.688520 
501.593079 347.244293 0.804840 
476.684937 206.166412 0.703748 
0.000000 0.000000 0.000000 
466.335876 213.457870 0.735343 
0.000000 0.000000 0.000000 
18
481.040863 210.522995 0.614207 
461.905670 236.941559 0.728324 
460.462433 241.421967 0.710669 
473.646271 283.994751 0.715189 
498.663727 288.361115 0.957779 
463.360291 228.177780 0.607450 
486.914948 253.209976 0.819663 
485.414185 226.657639 0.724729 
461.882446 295.764191 0.639734 
513.425354 304.605469 0.829241 
500.194305 348.687592 0.704584 
470.709930 286.962219 0.542782 
514.835571 301.660736 0.685840 
535.422729 353.125153 0.620409 
476.629578 207.548065 0.750542 
0.000000 0.000000 0.000000 
464.899231 214.898788 0.749644 
0.000000 0.000000 0.000000 
18
481.022583 209.039154 0.614431 
461.880646 235.502014 0.731967 
460.398132 242.824234 0.677978 
473.654572 285.428558 0.711596 
498.691895 287.014679 0.972091 
463.352325 228.147629 0.621536 
486.877594 254.614487 0.861484 
485.403046 228.079315 0.789317 
460.434753 295.771637 0.643257 
514.819763 304.599976 0.817429 
500.186066 348.694733 0.775610 
469.276184 286.957397 0.549569 
514.863953 301.640839 0.702541 
535.460632 353.133118 0.714769 
476.624420 206.148956 0.763590 
0.000000 0.000000 0.000000 
464.897797 214.865646 0.762104 
0.000000 0.000000 0.000000 
18
479.595398 214.909958 0.507672 
461.873810 239.860825 0.725127 
457.526123 247.257477 0.690463 
473.662903 285.473785 0.740985 
498.725189 288.359161 0.980394 
463.383331 229.606781 0.573287 
486.877563 254.646317 0.870266 
483.971527 228.103714 0.734246 
460.435455 297.232971 0.644299 
514.850891 304.576752 0.806582 
536.918396 354.612061 0.523460 
470.735504 286.989777 0.555384 
514.824402 301.644501 0.715774 
534.006836 353.109924 0.399542 
476.629883 210.484604 0.607231 
0.000000 0.000000 0.000000 
464.920563 216.389313 0.723748 
0.000000 0.000000 0.000000 
