74
1
18
535.499817 216.328049 0.942043 
535.488098 229.670303 0.912235 
510.477173 228.209030 0.927472 
488.376251 263.433258 0.994544 
501.617554 278.156311 0.862390 
561.925842 232.593124 0.834128 
583.972229 270.796234 0.884740 
557.537903 284.029907 0.912580 
511.966675 289.886414 0.882087 
494.254181 331.056274 0.847717 
503.104706 375.195984 0.827928 
547.264771 292.834473 0.765671 
557.525574 333.994934 0.958096 
558.896729 381.102234 0.905312 
533.898438 207.587708 0.899605 
544.204529 209.011673 0.855476 
523.742188 206.095398 0.806080 
550.146362 206.162140 0.878175 
18
536.869934 216.318817 0.934036 
535.502380 229.677414 0.903341 
510.483429 229.547302 0.920812 
488.366364 263.436798 0.990548 
503.066589 279.573120 0.847445 
563.354736 234.014297 0.831801 
583.982483 272.207306 0.884896 
557.502563 285.444214 0.904718 
511.978851 289.930115 0.856998 
492.813446 332.470093 0.858202 
504.532928 375.164581 0.821639 
548.628479 294.295197 0.760148 
557.532349 334.002350 0.958237 
557.541199 382.465546 0.916035 
533.916870 207.580917 0.910722 
544.225769 207.616486 0.864344 
525.109314 206.112030 0.811605 
550.158752 206.166656 0.884595 
18
536.873657 216.310898 0.930162 
536.866760 229.690765 0.898614 
510.490082 229.560059 0.923776 
488.380554 263.423431 0.984609 
503.071503 279.595551 0.845488 
563.378479 234.018585 0.829155 
585.394409 272.213715 0.875532 
557.471863 285.436096 0.891284 
511.967529 289.923004 0.859059 
494.230225 332.476807 0.860504 
504.525421 375.151489 0.824685 
547.259277 294.294220 0.758999 
557.532227 334.014740 0.955231 
557.533508 382.459625 0.915192 
533.922791 207.572205 0.915529 
544.226074 207.608124 0.862005 
525.127563 206.112091 0.793644 
550.164429 206.165543 0.882394 
18
536.882141 216.305893 0.926505 
536.880066 229.697433 0.891631 
511.835876 229.567001 0.925250 
488.380859 263.434570 0.989397 
503.060699 279.604919 0.848704 
563.391052 234.022720 0.825833 
585.406494 272.212769 0.875048 
557.441040 285.427856 0.887421 
511.978729 289.931732 0.856888 
494.246399 332.470001 0.856075 
503.120575 373.732452 0.826482 
548.634766 294.294373 0.757097 
557.537842 334.006927 0.953520 
558.887451 382.462769 0.917494 
533.935242 207.566193 0.921425 
544.233704 207.609009 0.861830 
525.152649 206.105804 0.782941 
551.570374 206.169540 0.879317 
18
536.880615 216.305786 0.925971 
536.877014 229.697144 0.892548 
510.498047 229.569717 0.924813 
488.389069 263.427429 0.988893 
503.053741 279.580841 0.848038 
564.800903 234.023621 0.827514 
585.393982 272.225830 0.877173 
557.431152 284.033752 0.876902 
511.970917 289.924530 0.867047 
494.241882 332.484680 0.863620 
503.108246 373.720642 0.834815 
548.637451 294.297028 0.756578 
557.547241 333.973267 0.946605 
557.540894 381.092377 0.926511 
533.933472 207.565674 0.920358 
544.232849 207.609100 0.862973 
525.145386 206.107010 0.788775 
550.160645 207.532623 0.882352 
18
535.509888 216.321945 0.934340 
535.508545 229.688019 0.902307 
510.489655 229.575745 0.931374 
488.375519 263.441376 0.990064 
504.534088 278.142334 0.865134 
563.370972 233.995361 0.832400 
583.982727 272.212006 0.880178 
557.414490 282.558228 0.854248 
511.962646 289.899689 0.877432 
494.263580 331.080383 0.855601 
503.099762 373.732086 0.836341 
547.258301 292.839905 0.753373 
558.912231 333.977600 0.949276 
557.544189 381.091675 0.921190 
533.906433 207.587173 0.904166 
544.205078 207.614731 0.852640 
525.113464 206.103043 0.790207 
550.154053 206.143829 0.900039 
18
535.405640 216.367157 0.962166 
536.871094 229.693161 0.899495 
511.856171 229.577499 0.928598 
488.348755 263.447632 0.998846 
507.487396 276.713257 0.914179 
563.357239 234.007736 0.831875 
584.004028 270.803558 0.873803 
555.990417 278.170258 0.884975 
513.352600 289.880157 0.879114 
495.698822 331.074493 0.859073 
503.118469 375.173645 0.825978 
547.263794 292.850067 0.755558 
558.944763 333.971497 0.939619 
558.888794 381.103546 0.916922 
532.454529 209.016800 0.874296 
541.283142 209.055389 0.829912 
523.680176 206.028763 0.562245 
550.121277 206.133575 0.900038 
18
533.936462 216.414246 0.968450 
535.503845 229.660278 0.914445 
510.485352 229.550781 0.937804 
486.961975 263.414093 1.020023 
503.074738 272.224121 0.890063 
563.348083 232.573181 0.826644 
585.429077 267.850952 0.883966 
559.021301 275.119812 0.921152 
513.384399 289.926331 0.893818 
494.258392 331.033325 0.865725 
504.544525 376.618103 0.825247 
548.666321 295.738098 0.792842 
558.959473 334.017639 0.957136 
558.925171 382.462372 0.903292 
528.103882 210.489761 0.875667 
536.938538 211.973679 0.861862 
523.596375 206.040253 0.432479 
548.659180 207.577087 0.904724 
18
532.424194 217.899414 0.886515 
535.509216 229.608780 0.923800 
511.837708 228.185760 0.924165 
486.964539 259.003448 0.900052 
500.137726 263.437469 0.936991 
561.870728 231.054688 0.853883 
586.888916 264.942810 0.908423 
569.205139 263.408600 0.849610 
513.357483 289.927399 0.867330 
494.270172 331.068512 0.869313 
504.529602 375.163361 0.825170 
547.261658 294.279480 0.785927 
558.956909 334.012146 0.956150 
558.929077 381.085327 0.908375 
525.163452 214.916199 0.935919 
535.446472 216.307510 0.931636 
523.641724 204.673141 0.115939 
547.246338 209.047287 0.869222 
18
528.077820 222.265411 0.797996 
535.458984 229.574234 0.920109 
511.863068 228.120621 0.903993 
485.436188 254.585754 0.794769 
476.619507 256.051056 0.526550 
560.434265 229.670410 0.873990 
592.697693 263.428284 0.736817 
583.921631 248.730270 0.550045 
513.397583 288.482208 0.859125 
495.726807 332.502808 0.853112 
503.100647 375.172211 0.822011 
547.259338 289.939148 0.796938 
558.982056 334.013641 0.951612 
558.909058 381.074829 0.896880 
523.710571 217.796722 0.899934 
533.996460 217.836105 0.896645 
522.245300 206.155396 0.081227 
547.120056 213.448868 0.887819 
18
525.172119 228.053635 0.836163 
535.438110 229.546448 0.902767 
510.440216 228.084290 0.867589 
476.666595 250.184418 0.781312 
476.594940 250.150925 0.300924 
561.869812 229.638397 0.847844 
591.295898 254.584488 0.794634 
592.792419 251.644623 0.215683 
513.348328 288.497772 0.882587 
495.741577 332.546661 0.851536 
503.111938 376.609589 0.813147 
547.251587 291.393921 0.781555 
558.999756 334.040436 0.943666 
558.898254 381.082825 0.904959 
523.630676 219.312805 0.794694 
533.907532 220.813782 0.809081 
0.000000 0.000000 0.000000 
545.703735 217.824066 0.837917 
18
525.107239 229.693878 0.733042 
535.415039 228.093994 0.936290 
510.400909 226.675659 0.927596 
476.574371 239.867142 0.909263 
488.348114 216.419815 0.769701 
560.435791 228.177094 0.914616 
594.220459 241.438507 0.966935 
578.051086 211.940292 0.799366 
513.379456 289.888275 0.847082 
495.724030 332.551849 0.852485 
504.530914 375.184082 0.810080 
547.243774 292.809296 0.789517 
558.994446 334.010834 0.937270 
558.903992 381.090179 0.898680 
523.617065 228.107697 0.600286 
532.495361 228.189453 0.698592 
522.177185 216.387115 0.090011 
544.231201 222.262375 0.629427 
18
522.203796 231.118256 0.764018 
535.394104 226.620239 0.916288 
510.385529 223.700546 0.902531 
476.566681 229.576080 0.985284 
500.168518 203.161774 0.918317 
560.442810 228.119934 0.890157 
595.692261 229.600967 0.972611 
570.782104 201.637360 0.822705 
514.820251 289.877441 0.837155 
495.715759 332.539368 0.849156 
504.529877 376.612823 0.813411 
547.272278 292.814636 0.783512 
558.979614 334.023834 0.944795 
558.908142 381.031067 0.891711 
520.723328 226.668579 0.581616 
529.524902 229.569946 0.740227 
0.000000 0.000000 0.000000 
542.765198 223.742905 0.724710 
18
523.622009 229.634872 0.747436 
535.388550 226.628265 0.921390 
510.434052 223.724289 0.889455 
476.612793 222.262238 0.931677 
501.653870 194.335983 0.904250 
558.995361 226.674591 0.897771 
594.234741 217.868866 0.991053 
569.194580 194.366867 0.942944 
514.822998 289.906982 0.811176 
495.704254 332.545135 0.845464 
504.525879 376.617798 0.812016 
547.257324 292.846741 0.768414 
558.962769 333.984192 0.939155 
558.926636 381.043701 0.891662 
522.178894 226.700119 0.587168 
530.998047 228.168076 0.718268 
0.000000 0.000000 0.000000 
542.767212 225.155579 0.688506 
18
523.709717 229.687531 0.715938 
535.408386 225.218491 0.904190 
510.469788 223.744095 0.860751 
476.664490 217.823669 0.950089 
508.904449 191.394379 0.907357 
559.007507 225.199173 0.880239 
592.786987 213.426239 0.922037 
566.262573 194.260696 0.923887 
513.426941 289.933563 0.815753 
495.720886 332.516571 0.839012 
504.531128 376.620209 0.805178 
547.248718 292.830963 0.769465 
558.967346 333.996674 0.938429 
558.928223 381.065521 0.884580 
523.614502 228.142426 0.671715 
532.471802 228.202408 0.708081 
522.138550 210.501282 0.103846 
542.755310 223.695663 0.601023 
18
525.140991 232.574509 0.721470 
535.422058 226.607574 0.911350 
511.864288 225.183411 0.875661 
478.108948 214.882111 0.893965 
510.405487 191.363892 0.858869 
559.003174 223.745224 0.867454 
594.179138 206.113846 0.961544 
560.411926 194.280685 0.957625 
513.390625 291.369385 0.829198 
495.711121 332.519257 0.842266 
504.529968 376.609497 0.805141 
547.247620 294.284882 0.766365 
558.978455 334.002777 0.936207 
558.922119 381.068207 0.889177 
523.648560 229.551041 0.706829 
533.871948 229.621521 0.757550 
522.165527 211.988815 0.113852 
542.782410 223.691910 0.608253 
18
523.644165 229.604767 0.731858 
535.397278 225.173615 0.901926 
511.836914 223.746826 0.884155 
479.578400 209.069168 0.867121 
510.475433 192.778625 0.824311 
558.988159 223.714478 0.867513 
594.220642 206.080414 0.938171 
558.961670 195.783646 0.911218 
513.396484 291.342957 0.821377 
495.707977 332.521027 0.842250 
503.110138 375.191467 0.810900 
548.633911 292.829529 0.759038 
559.028809 334.037872 0.915714 
558.923096 381.067810 0.887572 
522.207336 226.694397 0.629588 
530.976257 228.103149 0.680786 
522.096313 206.097397 0.128959 
538.381653 219.363220 0.603739 
18
522.193359 228.098816 0.686748 
534.014648 225.172699 0.907987 
510.466797 223.706970 0.898653 
481.007385 207.545715 0.901269 
511.886963 192.767960 0.871524 
558.973450 225.194580 0.893093 
594.301331 207.548019 0.865873 
557.498352 203.123901 0.873536 
513.396423 291.352173 0.815842 
495.724976 332.528290 0.845098 
504.523438 375.193329 0.809016 
547.255676 292.827332 0.776427 
560.392761 334.024994 0.918218 
558.914429 381.058563 0.886642 
522.172058 225.164185 0.492633 
525.143555 222.292343 0.614711 
0.000000 0.000000 0.000000 
536.875854 217.885300 0.595324 
18
523.638306 228.131073 0.752460 
535.370361 223.704605 0.906961 
510.430237 220.798691 0.911870 
479.542145 206.167572 0.931120 
510.483612 192.869812 0.892625 
559.004211 225.171326 0.882792 
594.272278 213.407669 0.889314 
560.443176 198.742783 0.875205 
513.391602 289.945068 0.822816 
495.753876 332.542694 0.850524 
504.547302 375.159790 0.812625 
547.257446 292.827332 0.775572 
560.410217 334.020782 0.921902 
558.916870 381.011658 0.875629 
522.195984 223.746460 0.617962 
530.998474 226.620010 0.661823 
0.000000 0.000000 0.000000 
539.822021 217.851624 0.594491 
18
523.666992 226.688614 0.797437 
533.996155 223.703156 0.897986 
510.434357 220.768951 0.906766 
479.559662 206.138123 0.930083 
510.432739 194.353027 0.857897 
558.951050 225.182068 0.901318 
594.321655 214.866394 0.913366 
567.770142 194.258408 0.983141 
513.404175 291.341248 0.808096 
497.143158 332.552216 0.856346 
503.111206 375.146881 0.818525 
547.251709 292.851074 0.769358 
560.428955 334.031464 0.921158 
558.907166 381.024200 0.887377 
522.194946 219.360367 0.714320 
532.432861 223.725327 0.725860 
522.083679 204.644714 0.154590 
541.293579 217.862122 0.627104 
18
523.670288 226.698456 0.803461 
533.998657 223.705368 0.909305 
510.431549 220.764771 0.902283 
479.563049 206.112045 0.947931 
510.372986 197.282227 0.844091 
558.945557 225.186050 0.909388 
595.706970 213.456024 0.902799 
567.741150 192.846207 0.988275 
513.404724 291.343658 0.808827 
497.147583 332.540131 0.855583 
503.118317 375.163574 0.811137 
547.266663 294.278717 0.765652 
560.448608 334.033875 0.918054 
558.915649 381.042969 0.889437 
522.202942 220.765442 0.692359 
532.427063 223.707260 0.708027 
0.000000 0.000000 0.000000 
541.313538 217.877106 0.643682 
18
523.612610 226.635040 0.787423 
534.008301 223.696014 0.919385 
510.417114 219.372498 0.883269 
479.592224 206.127945 0.934620 
510.406097 200.198227 0.780252 
558.969971 225.210419 0.899497 
595.698975 214.891586 0.914656 
567.744507 194.294708 0.968717 
513.426575 291.340118 0.804646 
497.138733 332.547729 0.851703 
504.536224 375.157227 0.813386 
548.632263 294.285736 0.762363 
560.448608 334.033173 0.919902 
558.913513 381.007111 0.880919 
522.147217 219.301636 0.643453 
529.532410 220.800598 0.697327 
0.000000 0.000000 0.000000 
541.314941 217.845886 0.643194 
18
523.672852 226.690155 0.715590 
535.386902 222.279373 0.911085 
510.469604 220.805832 0.891062 
479.590576 207.587189 0.888168 
510.370300 198.735596 0.808798 
558.999268 225.169830 0.880633 
597.158508 216.399582 0.922195 
567.739075 200.221924 0.845869 
514.858337 289.914612 0.812362 
497.140503 332.532776 0.852762 
504.523956 375.175690 0.810742 
548.656189 292.832489 0.755184 
560.419373 334.030396 0.924499 
558.921753 381.033936 0.879772 
522.187988 220.781479 0.613535 
531.024109 223.701508 0.621582 
0.000000 0.000000 0.000000 
539.864380 217.825378 0.581568 
18
523.680115 226.681274 0.799827 
535.368774 223.696869 0.929888 
510.460846 220.800095 0.909896 
479.548431 209.057175 0.876489 
508.932251 197.280518 0.844276 
558.971619 226.625992 0.907410 
598.648499 217.872314 0.909480 
563.367004 204.624222 0.909943 
514.842102 289.919617 0.818810 
495.731384 332.547028 0.851171 
504.529968 375.180084 0.819360 
548.652283 292.848572 0.758355 
560.416199 335.412964 0.919999 
558.923157 381.055725 0.887613 
522.179382 219.362946 0.755080 
532.437683 223.701324 0.724743 
520.694946 206.032745 0.159683 
541.329834 216.401901 0.624712 
18
522.232544 226.618668 0.830632 
535.381165 223.733185 0.943813 
510.492432 220.791718 0.913592 
479.547607 210.477158 0.872306 
508.986755 197.256729 0.888687 
558.977478 226.668716 0.922205 
600.120239 220.771759 0.851654 
566.288940 206.119797 0.896400 
513.425476 289.908173 0.826224 
495.724609 332.528625 0.851317 
504.533875 378.079193 0.815604 
547.265930 292.835144 0.767872 
560.394958 333.996490 0.933945 
558.920410 381.042480 0.900205 
522.142822 219.308716 0.682839 
528.067993 220.780212 0.754656 
0.000000 0.000000 0.000000 
541.284363 216.408340 0.726599 
18
523.641602 226.697433 0.831575 
535.381226 223.724869 0.940376 
510.477905 220.776917 0.920651 
479.561707 207.605942 0.885184 
508.982513 195.848053 0.864299 
558.988403 226.679123 0.912906 
598.649719 222.232529 0.866319 
566.320251 204.653732 0.915802 
513.401611 289.929718 0.831964 
495.691803 332.511078 0.842129 
504.535919 376.642914 0.811889 
547.252930 294.285675 0.774740 
560.409912 334.042755 0.922510 
558.922607 381.068878 0.892892 
522.152344 219.365814 0.759675 
531.013794 223.720337 0.747309 
0.000000 0.000000 0.000000 
542.761963 216.435364 0.694272 
18
523.606750 226.628845 0.787033 
535.411987 223.711411 0.939866 
510.473907 219.351440 0.905733 
479.555023 207.531113 0.901783 
510.416168 195.845062 0.846365 
560.440735 226.638794 0.873960 
598.643311 220.771515 0.876763 
569.166077 203.175232 0.873419 
513.398438 289.910370 0.825630 
495.693329 332.499786 0.843879 
504.546509 376.611633 0.807917 
547.255615 292.834747 0.767324 
559.031311 334.035492 0.921065 
558.918396 381.042786 0.882828 
522.158142 219.314316 0.614230 
528.092407 220.797653 0.688189 
0.000000 0.000000 0.000000 
542.762268 217.799744 0.666908 
18
523.706665 228.082794 0.781448 
535.404480 222.275970 0.927635 
510.444977 219.352188 0.897593 
479.541321 206.168732 0.906515 
510.449677 195.840393 0.848809 
560.419922 226.621155 0.870999 
598.638672 219.363312 0.881432 
569.213623 203.149063 0.864096 
513.402405 289.885376 0.829411 
494.275085 332.492462 0.837890 
504.540680 375.184631 0.815947 
547.260742 291.394836 0.761990 
559.000977 334.010620 0.929096 
558.912964 381.061462 0.882439 
522.226563 220.785980 0.673969 
532.480469 225.177872 0.717369 
522.113770 206.070602 0.128805 
544.201477 217.842072 0.686721 
18
523.716797 228.058807 0.781695 
535.393555 222.287048 0.925842 
510.457977 219.362473 0.910805 
479.534454 207.562866 0.895876 
510.394073 194.333496 0.874870 
560.390808 226.652222 0.885584 
598.653625 219.343918 0.880700 
567.755615 204.550858 0.867604 
513.417969 289.891602 0.832200 
494.282410 332.509155 0.843211 
504.536163 375.174408 0.813546 
548.629700 292.813538 0.763671 
558.986816 334.013794 0.936637 
558.909119 381.061340 0.888768 
522.228821 220.784378 0.714025 
532.454895 222.283051 0.705818 
520.759216 206.148621 0.130094 
542.776245 216.421234 0.678672 
18
523.689758 226.690247 0.800157 
535.386230 223.701874 0.932274 
510.487152 220.773972 0.912030 
479.540344 207.595139 0.883660 
510.392426 192.906387 0.890530 
559.007935 226.650558 0.881499 
600.096130 222.251770 0.853972 
560.391602 206.095108 0.899140 
513.423035 289.913788 0.833619 
494.256653 332.494263 0.839151 
504.543365 375.182983 0.815526 
547.262756 292.840668 0.769175 
558.993103 334.041229 0.926682 
558.913086 381.069885 0.883193 
522.213623 220.799225 0.745331 
532.430908 222.261810 0.720958 
520.746643 206.024536 0.113658 
542.777710 216.348679 0.687904 
18
525.158813 226.691254 0.807948 
535.384888 223.715546 0.925532 
510.489777 220.770020 0.920254 
479.554138 209.004776 0.893516 
511.856537 192.867279 0.893878 
559.010437 228.064041 0.887944 
598.630127 226.652817 0.875291 
558.993896 209.039917 0.836627 
513.424255 289.932709 0.832206 
494.260590 332.519775 0.837265 
504.556610 375.191254 0.811404 
548.632690 294.284454 0.769353 
559.023254 335.431427 0.927758 
558.923401 381.095581 0.878071 
523.621704 220.825058 0.801488 
533.879089 220.823273 0.756972 
522.115662 206.191681 0.186935 
544.224243 214.889572 0.720610 
18
528.080688 226.691589 0.824868 
535.370300 223.732269 0.933180 
511.837158 220.808212 0.931774 
479.554626 209.003067 0.879534 
510.386688 192.920029 0.862687 
558.984924 228.108734 0.918312 
597.172241 228.150223 0.908124 
561.904663 210.516586 0.824899 
514.818237 289.936157 0.834532 
494.234039 332.483459 0.833422 
504.523895 375.186737 0.813126 
547.255676 294.311096 0.778309 
559.002991 335.420959 0.932369 
558.924500 381.062103 0.885429 
523.667480 220.811874 0.883274 
533.964417 219.378113 0.829714 
517.762573 211.956223 0.325757 
544.243713 211.969116 0.756761 
18
528.057739 228.057190 0.823097 
533.999207 223.703064 0.937369 
510.461334 220.814392 0.922993 
479.567108 207.604874 0.899516 
508.986725 194.350708 0.874622 
558.972534 226.645798 0.892308 
600.113098 229.601303 0.916461 
569.170837 214.868515 0.830308 
513.402161 289.931671 0.843624 
494.239044 332.501740 0.835030 
503.119232 375.178406 0.813349 
547.247559 294.295715 0.780374 
558.998047 335.437012 0.939903 
558.933838 381.075195 0.881101 
523.654053 222.243393 0.843755 
533.933044 220.788147 0.804542 
516.331055 213.406158 0.302810 
544.196899 213.443848 0.738807 
18
529.557495 226.685669 0.840340 
535.379089 223.742264 0.938323 
510.492920 220.823624 0.912300 
479.571350 207.618439 0.897112 
508.960846 195.778381 0.867846 
559.013489 228.077393 0.900073 
601.595337 232.527084 0.840549 
567.723999 216.313019 0.840160 
513.415527 289.920349 0.846282 
494.235046 332.490509 0.834432 
503.108826 375.195251 0.814308 
547.239136 294.275085 0.771053 
558.986633 334.057739 0.947332 
558.943542 381.084381 0.885993 
523.680725 220.810974 0.883986 
533.997559 219.334259 0.852324 
516.325439 214.837723 0.345302 
544.268127 209.057556 0.800129 
18
533.891113 226.615158 0.903006 
535.365051 223.751175 0.892328 
510.473785 222.242310 0.879040 
479.585968 209.013199 0.885572 
508.934296 195.768051 0.816335 
558.976135 226.691635 0.839950 
603.047180 235.510269 0.828128 
564.844177 217.893097 0.810838 
513.429260 289.941956 0.830830 
494.234863 332.505005 0.838261 
503.112823 375.186005 0.817401 
547.243958 294.293304 0.772954 
558.989685 334.037628 0.946324 
558.921753 381.058655 0.886892 
525.109802 219.334839 0.972483 
536.870972 217.837570 0.865944 
517.775940 214.894089 0.571793 
545.684204 206.135986 0.813370 
18
532.495972 226.618011 0.855770 
535.386047 223.732742 0.891463 
510.470184 220.814301 0.867204 
479.587250 207.573212 0.911938 
508.959717 194.316971 0.885392 
559.016052 226.636047 0.805052 
600.130554 232.528671 0.792597 
558.954895 219.360809 0.736318 
513.408386 289.929993 0.832939 
494.247253 332.499969 0.837273 
504.529236 376.608856 0.812405 
547.236328 294.280884 0.769273 
559.001892 334.019653 0.946873 
558.926086 381.059723 0.886250 
523.722656 219.343918 0.954874 
535.471191 217.853317 0.852427 
519.217896 214.882233 0.493373 
545.655823 206.081848 0.952609 
18
526.634216 225.223831 0.809125 
533.995972 223.742889 0.899640 
510.462402 220.760696 0.904837 
481.034882 207.546616 0.913630 
508.922729 192.894104 0.885936 
558.970825 228.074539 0.811284 
600.092712 229.668854 0.849204 
557.472229 219.289536 0.802126 
513.411682 289.928162 0.822738 
494.243347 332.512726 0.839217 
504.537109 376.615875 0.810088 
547.226807 292.845825 0.769941 
559.019775 335.413116 0.933911 
558.916504 381.072449 0.893167 
523.620361 219.340240 0.880797 
533.953552 217.886322 0.811757 
516.322205 213.448669 0.372146 
542.782410 209.019409 0.728783 
18
529.539124 226.633102 0.755409 
534.013611 225.159561 0.904250 
510.472778 219.371155 0.909517 
481.010895 206.104630 0.934371 
508.937836 192.771912 0.864115 
558.964722 226.692825 0.799956 
598.648743 229.572327 0.855316 
557.524231 217.847504 0.894873 
513.423279 289.939850 0.814427 
494.237244 332.513885 0.837660 
504.551178 375.183289 0.810549 
547.246887 294.287994 0.770777 
559.013855 334.046509 0.924816 
558.924011 381.055847 0.886615 
523.683960 220.761871 0.806488 
534.002319 219.290359 0.729746 
517.783142 214.896515 0.380222 
544.189758 211.936050 0.566598 
18
529.560486 226.682083 0.841579 
535.424072 223.729050 0.901182 
510.487335 219.368027 0.888524 
479.554749 204.687515 0.950605 
510.422485 191.373215 0.882629 
560.440491 228.069077 0.837512 
598.625732 228.168610 0.849596 
557.459473 214.897705 0.854720 
513.424438 289.941467 0.824808 
494.235382 332.498566 0.834349 
504.550537 375.190948 0.813157 
547.255127 294.313141 0.775227 
559.012085 334.039215 0.932524 
558.917847 381.063751 0.892136 
523.702148 222.238571 0.856571 
534.004395 219.329697 0.844692 
519.268066 210.539841 0.265131 
544.261841 207.588379 0.781841 
18
528.078186 228.052338 0.827323 
535.420959 223.741943 0.917228 
511.846954 220.792709 0.889197 
479.586426 204.675049 0.952298 
510.382843 191.381866 0.855328 
560.413635 228.114410 0.886661 
597.188232 228.087357 0.866564 
556.040100 209.035797 0.848151 
513.426758 289.935120 0.830380 
494.240295 332.519684 0.837808 
504.551727 375.175171 0.810529 
547.251587 294.294708 0.780185 
558.994141 334.047760 0.937957 
558.919006 381.062012 0.882574 
523.678040 222.282425 0.848589 
533.953064 220.761642 0.820717 
519.217102 210.507263 0.239321 
544.227417 209.007843 0.814125 
18
526.634094 226.693054 0.848602 
535.430786 225.159714 0.908735 
511.864532 222.230515 0.874099 
479.565735 204.688004 0.961944 
511.846527 191.403336 0.896897 
560.435791 228.125916 0.876500 
598.642883 226.657944 0.874411 
557.446289 209.031876 0.914377 
513.427612 289.926727 0.830667 
492.815338 332.510956 0.830570 
504.552246 375.168304 0.810893 
547.255127 294.295135 0.777135 
558.964844 334.041840 0.944000 
558.924072 381.087372 0.877889 
523.649475 222.256012 0.872810 
533.928772 219.370850 0.850560 
520.684937 207.628723 0.224162 
544.246521 210.489120 0.779816 
18
528.050415 228.057556 0.855947 
535.418823 223.725800 0.907786 
511.852509 220.814865 0.874509 
479.556946 206.014572 0.960829 
511.855438 192.764069 0.926430 
560.436890 228.082626 0.893583 
600.104797 225.203720 0.872328 
559.016235 209.045639 0.879609 
514.829956 289.945068 0.827873 
492.785828 332.504456 0.836755 
504.531677 375.168457 0.813304 
547.253174 294.314514 0.781728 
558.963318 334.063629 0.943646 
558.920471 381.096283 0.882433 
523.665039 222.267792 0.889153 
533.940002 219.379211 0.868126 
516.309753 213.416870 0.244574 
544.218689 210.507019 0.781341 
18
525.169373 228.063370 0.854786 
535.444519 223.747971 0.916892 
511.856293 222.246826 0.870290 
479.586700 206.051590 0.953255 
510.460785 192.759964 0.869669 
560.464966 228.063126 0.876056 
600.121460 223.709305 0.848122 
558.995361 207.535629 0.909279 
513.412659 289.939331 0.831540 
492.798004 332.527740 0.842021 
503.116089 375.174194 0.814242 
547.256409 294.319305 0.767296 
558.957825 335.427460 0.942335 
558.937561 381.056091 0.881583 
523.614807 222.246124 0.855282 
533.891418 220.802078 0.815734 
520.708557 206.191925 0.176700 
544.227600 211.965195 0.752714 
18
523.720947 226.698502 0.864570 
535.409363 223.716904 0.928766 
510.490417 220.793671 0.883022 
479.550629 206.077469 0.961660 
511.850922 192.780792 0.879720 
560.410522 226.684753 0.892325 
601.559814 223.712875 0.847523 
561.902283 207.558792 0.859778 
513.411743 289.939880 0.832792 
492.783356 332.518921 0.842636 
503.109650 375.160370 0.817437 
547.246033 294.321899 0.769673 
558.952332 335.442810 0.946083 
558.933655 381.079956 0.883895 
522.219360 220.809387 0.829791 
532.473877 220.802109 0.789606 
0.000000 0.000000 0.000000 
544.209229 211.984283 0.768882 
18
523.725403 226.684174 0.866915 
535.397522 225.171890 0.932807 
511.839325 220.790222 0.896652 
479.577209 206.103241 0.956008 
513.373779 191.379303 0.836896 
560.394226 228.128296 0.909060 
601.566345 225.161972 0.842809 
560.469299 207.565826 0.856016 
513.407715 291.339874 0.834402 
492.792847 332.513885 0.840466 
504.533386 375.167175 0.817518 
547.249146 295.738373 0.775446 
558.966980 335.418976 0.947361 
558.937744 381.068970 0.885451 
522.213196 220.783188 0.841326 
532.481689 220.771378 0.796556 
0.000000 0.000000 0.000000 
544.227356 211.981781 0.770510 
18
523.680115 226.699875 0.880375 
535.406311 225.206802 0.932386 
511.857391 222.230591 0.885372 
479.565033 206.103424 0.957670 
513.417725 191.367233 0.838094 
560.393188 228.139481 0.921154 
600.116028 225.217453 0.855730 
566.298401 207.591187 0.894028 
513.414429 291.348541 0.832143 
492.779694 332.524994 0.842460 
504.538147 375.163788 0.817158 
547.244446 295.746307 0.778985 
558.981079 334.050446 0.948480 
558.919250 381.045135 0.894474 
522.194336 220.789368 0.801340 
531.037170 220.790985 0.787107 
0.000000 0.000000 0.000000 
544.210205 211.981918 0.811440 
18
523.644348 226.679184 0.906373 
535.374023 223.731079 0.914253 
510.471069 219.359238 0.890526 
479.564636 206.093445 0.961091 
513.375488 191.393600 0.853803 
559.003357 228.086731 0.920470 
598.677368 225.204712 0.872670 
567.790466 206.037521 0.949457 
513.394531 291.364441 0.833597 
492.784546 332.521912 0.839907 
504.530731 375.161285 0.815439 
547.237671 295.767334 0.793987 
559.011963 335.441925 0.928033 
558.926025 381.069946 0.890542 
522.146729 219.352859 0.831047 
531.038574 220.772537 0.804631 
0.000000 0.000000 0.000000 
544.196472 214.852371 0.776044 
18
523.654053 226.638367 0.910937 
535.363403 223.721573 0.923349 
510.467041 219.325546 0.908314 
479.555420 206.099091 0.962961 
514.821655 191.339874 0.841963 
558.993103 228.088852 0.937897 
598.678162 226.663101 0.899366 
570.667603 206.126129 0.921417 
513.388733 291.366791 0.839251 
492.816467 332.516632 0.838864 
504.530365 375.177460 0.815221 
547.247375 295.768707 0.797186 
559.029968 335.440308 0.925503 
558.917236 381.056580 0.890024 
522.158081 219.301819 0.869501 
532.438721 219.354660 0.841485 
0.000000 0.000000 0.000000 
544.194580 213.449356 0.767225 
18
523.645264 225.201508 0.869069 
535.386047 225.178024 0.941229 
511.838898 220.777832 0.893696 
479.578491 206.136642 0.928479 
510.401428 192.842010 0.855999 
559.007568 228.134216 0.927076 
597.174988 228.137222 0.913206 
566.303162 207.581894 0.901185 
514.839783 291.357361 0.824338 
492.803894 332.509766 0.845593 
504.528870 375.158936 0.816061 
548.630676 295.749664 0.785494 
559.026062 335.422852 0.933118 
558.929443 381.079102 0.889569 
522.174683 217.905640 0.827130 
531.010010 219.312317 0.795945 
0.000000 0.000000 0.000000 
544.216614 213.449142 0.778055 
18
526.621460 225.216415 0.863566 
534.015015 223.749939 0.943803 
510.463928 219.373886 0.922493 
479.572601 206.148849 0.944005 
510.426788 195.790649 0.857935 
558.944397 228.107025 0.933944 
594.315369 231.077637 0.969359 
570.679077 209.042145 0.919764 
514.836731 291.343781 0.826432 
492.798096 332.490387 0.835878 
504.539673 375.171753 0.814854 
547.266052 295.735016 0.791130 
559.020447 335.416931 0.930645 
558.928894 381.064087 0.885729 
523.647888 217.919968 0.944816 
533.970581 217.943970 0.888111 
520.682434 207.556412 0.313192 
544.253723 213.457962 0.725503 
18
531.031067 222.241150 0.840264 
533.960510 223.747025 0.920019 
510.431000 220.806503 0.912311 
479.567291 209.013947 0.896478 
510.393494 198.716507 0.778601 
557.533508 228.065216 0.929157 
592.749390 239.827652 0.933796 
572.156555 207.599701 0.892985 
514.832520 289.946381 0.828793 
492.807556 332.512573 0.839823 
504.544983 375.162598 0.815410 
547.250610 294.308289 0.791810 
560.396362 335.409088 0.921776 
558.922241 381.020142 0.875752 
525.112427 217.811020 0.950824 
535.434631 217.794266 0.865048 
520.678589 210.498047 0.562534 
545.656494 213.440750 0.636253 
18
533.896240 219.365768 0.929216 
533.963013 225.166550 0.901165 
510.447266 222.238525 0.917355 
478.100159 213.430328 0.888020 
510.377838 200.221527 0.758079 
557.527893 226.688889 0.909970 
591.280945 241.368408 0.914785 
570.663513 206.146866 1.000265 
514.839966 289.912842 0.831968 
494.244080 332.515656 0.845017 
504.535858 375.164612 0.816811 
547.249756 292.824951 0.778816 
560.402222 335.409515 0.928608 
558.926392 381.050964 0.888777 
526.585388 216.363052 0.952974 
536.927490 216.392273 0.886732 
520.741516 207.605011 0.729698 
545.777710 213.419205 0.602941 
18
535.391602 217.884521 0.959156 
533.958435 223.733795 0.897027 
510.397705 220.805511 0.932070 
476.660187 214.896606 0.916278 
507.497437 201.648483 0.804070 
558.913818 226.665710 0.882639 
592.714478 245.805862 0.865089 
569.172241 214.923981 0.873052 
514.823792 289.895813 0.834059 
494.246490 332.488525 0.841804 
504.523529 375.173309 0.815144 
547.258484 291.391327 0.763255 
559.033264 334.050507 0.929697 
558.930298 381.060028 0.890468 
531.021240 214.863968 0.863210 
542.760498 216.301819 0.859240 
522.145813 206.113617 0.824722 
547.223999 210.521744 0.418173 
18
542.747314 216.383850 0.814376 
533.990723 225.161652 0.877412 
510.431976 220.783157 0.907483 
476.621399 216.330124 0.951905 
508.908569 201.677597 0.928701 
558.920227 228.074387 0.843807 
591.308167 247.225433 0.834766 
566.313354 219.297958 0.799320 
513.398376 289.872070 0.826938 
494.241302 332.510590 0.845774 
503.111328 375.164368 0.819742 
547.265015 291.387146 0.750168 
559.029846 334.057709 0.926688 
558.930298 381.039734 0.885821 
535.473572 209.014145 0.792761 
545.770569 213.405670 0.786043 
526.635193 204.637344 0.734682 
551.583801 207.582077 0.207393 
18
544.210083 216.435547 0.905338 
533.972229 226.665573 0.873291 
510.460297 220.806107 0.895062 
476.550140 216.432785 0.993602 
506.017242 198.727768 0.932918 
557.496338 228.193558 0.828280 
588.340149 250.183136 0.819405 
561.907227 226.660828 0.740541 
513.404358 288.494232 0.819277 
494.253998 332.483978 0.829236 
503.114075 376.613159 0.816231 
547.236389 291.341125 0.756563 
559.018799 334.026947 0.931515 
558.942505 381.054108 0.872093 
536.875916 207.616440 0.877053 
547.212524 214.867981 0.882951 
528.063232 204.613602 0.835827 
553.079895 211.962936 0.134665 
18
544.210266 216.404541 0.876416 
533.993042 228.055832 0.881242 
510.435486 220.807266 0.900741 
476.551575 217.865738 0.986278 
503.104919 197.300583 0.919771 
558.898499 229.619888 0.811369 
582.554504 248.710373 0.787768 
558.905579 226.686371 0.748965 
513.409851 289.870270 0.809952 
492.816650 332.481171 0.832360 
504.524384 375.162140 0.823535 
547.244446 291.366028 0.746439 
559.009460 334.017731 0.935273 
558.952087 381.050293 0.868205 
536.939514 207.595779 0.840496 
547.241760 214.892593 0.874802 
530.999329 203.142365 0.851908 
557.454956 209.081436 0.277206 
18
545.724792 214.897034 0.740473 
535.381653 226.676895 0.900590 
511.872925 220.762024 0.901693 
476.646301 220.778061 0.953051 
503.099030 200.214951 0.897904 
558.927734 229.616760 0.831301 
582.502014 247.243591 0.797619 
555.976257 220.765976 0.765892 
514.817261 288.482941 0.812738 
492.790863 331.080475 0.831856 
503.113403 375.153778 0.821511 
547.251343 291.370361 0.750679 
558.993896 334.009888 0.939907 
558.936829 381.054413 0.871682 
541.310608 206.133072 0.705084 
550.111633 210.527618 0.689446 
532.482178 203.155594 0.754412 
557.420410 209.003677 0.345153 
18
542.788757 213.450058 0.581679 
536.878784 226.694107 0.898282 
513.357483 220.772446 0.857028 
476.662323 225.217682 0.952586 
503.068604 203.091888 0.898482 
560.439941 229.653412 0.827573 
582.455688 245.806610 0.782181 
554.531250 219.304901 0.801057 
514.832520 288.496948 0.814182 
491.345734 332.481720 0.840876 
503.111603 375.153412 0.818035 
547.271912 291.393433 0.737290 
558.973877 334.043030 0.943183 
558.933105 381.055603 0.881669 
538.361145 206.072937 0.585322 
547.225342 210.477478 0.608179 
533.927856 201.650757 0.525452 
555.997864 207.577652 0.553613 
18
544.255859 213.444656 0.417055 
536.918884 228.061050 0.890020 
513.372925 220.770813 0.867207 
476.693298 228.120453 0.976662 
501.622406 203.129105 0.879310 
561.905334 229.671875 0.804217 
582.453125 244.353409 0.750009 
554.546753 217.924469 0.835954 
514.828613 289.866211 0.819356 
492.763550 332.480316 0.839430 
503.106842 375.161133 0.814278 
548.642517 292.838287 0.735598 
558.967651 334.050171 0.947995 
558.929260 381.073944 0.880446 
542.749084 206.076797 0.405381 
548.650452 210.477814 0.441465 
533.992004 203.164246 0.477449 
556.008301 207.546066 0.467314 
18
545.745422 214.858963 0.356296 
536.911255 225.213211 0.836892 
511.973785 219.323898 0.878493 
476.668518 229.558472 0.976132 
508.953064 204.542160 0.898414 
561.918030 229.591583 0.797321 
581.005676 244.299179 0.774590 
551.608887 217.922653 0.845367 
513.428772 289.894653 0.806109 
491.308777 332.527954 0.850463 
503.121002 373.729614 0.819910 
547.261414 294.285278 0.747449 
558.962952 335.433228 0.942590 
558.931519 381.079285 0.881621 
544.262207 206.062485 0.325327 
550.134033 209.059860 0.389436 
535.419861 204.534149 0.327065 
557.472900 207.611771 0.511488 
18
547.165466 216.404190 0.469711 
535.488586 225.177765 0.843416 
511.950378 219.364456 0.853024 
476.673584 229.672043 0.921639 
510.401917 206.146347 0.953654 
560.444092 228.164413 0.782635 
580.961243 242.875641 0.799478 
550.160889 219.348587 0.832577 
513.421692 289.922424 0.804186 
491.311096 332.481415 0.843714 
503.110657 375.178925 0.813618 
547.249451 294.304413 0.756536 
558.952515 335.478729 0.935379 
558.937561 382.484863 0.879616 
545.671814 210.506638 0.415232 
551.612915 214.904572 0.448906 
535.382874 204.619308 0.525417 
557.434875 207.586960 0.282522 
18
545.764771 216.416855 0.715363 
535.501465 228.153198 0.893549 
513.387268 226.613998 0.853571 
478.077301 232.577881 0.874638 
510.359985 211.963272 0.879202 
560.429565 229.674118 0.767516 
580.993896 242.832550 0.796980 
548.662415 219.378830 0.776186 
513.401794 291.343353 0.815577 
491.307526 332.498199 0.851884 
503.097565 375.156708 0.818824 
547.253296 295.766754 0.770798 
558.968628 335.446838 0.950141 
558.923401 381.095703 0.882448 
544.228882 211.944595 0.673574 
550.166443 216.282135 0.723760 
533.897400 204.627487 0.841395 
554.537231 213.434372 0.186267 
18
545.659729 216.362762 0.651458 
536.895691 228.155701 0.866699 
513.360657 225.219086 0.797720 
476.635834 233.997971 0.872052 
511.881958 214.939240 0.923699 
561.892761 231.074112 0.755954 
580.975159 242.837784 0.801748 
547.244324 220.829727 0.875566 
513.393616 291.354401 0.816874 
491.323517 332.519043 0.850558 
503.103882 373.733521 0.814756 
547.268372 295.785889 0.769566 
558.964844 335.449768 0.950163 
558.924316 382.467957 0.876842 
538.405945 207.571869 0.646975 
548.660400 214.901947 0.704365 
533.901001 204.599182 0.691387 
557.435120 213.455734 0.402286 
18
550.150330 217.801529 0.632758 
535.498352 228.145004 0.892788 
513.364258 226.624100 0.827043 
478.104980 234.013763 0.860606 
511.915558 214.898605 0.881330 
560.394958 229.678543 0.812320 
581.030701 242.878769 0.822257 
554.514404 219.371887 0.763453 
513.400635 291.382751 0.815075 
491.338379 332.509491 0.854018 
503.110321 373.734283 0.816266 
547.261169 295.777863 0.781297 
558.975037 335.436768 0.946761 
558.937439 381.094452 0.879538 
547.195251 213.407593 0.627321 
556.020935 216.289566 0.574855 
534.006470 206.072037 0.737708 
550.117920 210.466125 0.065758 
18
547.221375 216.375290 0.369638 
536.876404 226.687424 0.852449 
513.395203 222.233398 0.794528 
479.565552 231.136658 0.864487 
511.949036 209.047241 0.856104 
560.442566 229.638107 0.796462 
581.040771 242.863571 0.824947 
553.083862 217.854233 0.863821 
513.407410 291.371460 0.806828 
491.340271 332.496887 0.851943 
503.114838 373.723816 0.815497 
547.256653 295.778137 0.777642 
558.989868 335.427155 0.944246 
558.931763 381.083710 0.879850 
545.730713 209.020844 0.328617 
551.602417 214.911804 0.354767 
535.451294 204.629257 0.474288 
554.532532 207.533142 0.239722 
18
547.193237 210.504440 0.168921 
535.509705 225.199051 0.839314 
513.407166 219.300644 0.827286 
479.587555 231.059235 0.872717 
511.925751 206.100204 0.960354 
559.015503 228.186142 0.805882 
580.957642 241.362213 0.845821 
553.077026 216.408981 0.912224 
513.409119 291.352783 0.801495 
491.350922 332.511963 0.845441 
503.106812 375.154480 0.818136 
547.240540 295.735260 0.768075 
558.983948 335.415985 0.942107 
558.921936 381.066071 0.876871 
545.713257 204.602554 0.172774 
0.000000 0.000000 0.000000 
539.823547 203.105820 0.354016 
547.206726 204.664917 0.305922 
18
544.224426 207.558929 0.277981 
536.880493 225.201096 0.842478 
514.828796 217.919815 0.828772 
482.466827 229.681259 0.888157 
511.916412 206.088058 0.956789 
559.012634 229.554428 0.804982 
579.551208 239.940735 0.833795 
553.077759 216.387939 0.916322 
513.421021 289.928131 0.803258 
491.351868 332.523102 0.848997 
504.540802 375.178650 0.814590 
547.244141 294.280212 0.756959 
558.983337 334.026764 0.942958 
558.928589 381.024506 0.869268 
541.304626 201.695511 0.270851 
545.748596 204.644440 0.332019 
535.442810 201.653473 0.312130 
550.109741 206.019730 0.426725 
18
545.705200 216.327789 0.373649 
536.922546 225.203415 0.837133 
514.850342 217.893906 0.827982 
479.592316 231.099457 0.865539 
511.942139 206.171600 0.896894 
560.439636 229.584930 0.782204 
578.086548 239.878128 0.810237 
553.038696 216.420654 0.907215 
514.816162 289.943756 0.794245 
491.333374 332.510925 0.855649 
503.114563 375.169037 0.818750 
547.251953 294.320770 0.764508 
558.991028 334.041962 0.942785 
558.939209 381.055420 0.873107 
542.803284 206.117386 0.329212 
548.663086 213.461075 0.393978 
535.411011 203.166092 0.414091 
554.546143 206.144028 0.354083 
18
538.367859 209.048813 0.204773 
536.908691 226.647461 0.860298 
513.422363 219.360794 0.773672 
479.537323 232.542130 0.849670 
514.855225 213.432159 0.785514 
560.419128 229.609055 0.784146 
579.508545 239.902328 0.806182 
551.582764 216.384872 0.945243 
513.418457 291.337555 0.797121 
491.334076 332.513733 0.853559 
503.118622 375.154694 0.820185 
547.266541 294.321960 0.754977 
558.996521 334.046448 0.940561 
558.934998 381.062836 0.870954 
536.919495 204.550598 0.206564 
545.746094 206.130066 0.275249 
535.396851 203.126343 0.176015 
553.069214 206.172043 0.420020 
18
545.702454 214.882523 0.152134 
536.922180 226.663757 0.850147 
513.417419 220.808411 0.762944 
479.534180 232.571548 0.846557 
516.308777 214.904465 0.799975 
560.467224 229.583801 0.771238 
579.547180 239.838501 0.793216 
551.593628 216.400528 0.943501 
514.822571 291.357574 0.797623 
492.768616 332.514465 0.853621 
503.102936 375.161072 0.823924 
548.633728 294.319519 0.759875 
558.987854 334.056885 0.940001 
558.934387 381.078522 0.878638 
544.228638 204.650040 0.144228 
548.672607 213.413773 0.178292 
535.445801 204.638672 0.224115 
555.961975 207.560669 0.299202 
18
536.909668 207.547607 0.287677 
536.885010 228.060074 0.878825 
513.395569 222.263107 0.760806 
479.534943 232.575119 0.854575 
514.868286 214.868042 0.818643 
560.409912 229.615417 0.774651 
579.538635 238.431595 0.805450 
551.578369 216.369507 0.961977 
514.822815 291.369324 0.799071 
491.346588 332.508972 0.853662 
503.105469 375.159760 0.820149 
547.267212 294.325043 0.764512 
558.981018 334.061951 0.947765 
558.932983 381.065460 0.882480 
536.868774 203.117630 0.273468 
545.696533 206.053345 0.367817 
533.979492 204.569443 0.122024 
554.541931 207.606491 0.484711 
18
536.912537 204.632385 0.266243 
535.494263 226.631531 0.867782 
513.383423 220.811066 0.778818 
478.132813 234.023499 0.848793 
513.416687 213.423767 0.785733 
558.973206 228.171387 0.811988 
579.534668 238.411316 0.820815 
550.155762 214.895630 0.905094 
513.418701 291.354340 0.806557 
491.320618 332.512299 0.857115 
503.107849 375.146362 0.823009 
547.253845 294.302399 0.769149 
558.968323 334.028381 0.949777 
558.927063 381.053467 0.879943 
535.481079 197.284897 0.263342 
545.641113 203.153915 0.337759 
533.924866 201.674728 0.135564 
550.146179 206.118652 0.473740 
18
538.398193 206.082916 0.275554 
535.495239 226.659760 0.854498 
513.382141 222.236069 0.768513 
479.536621 232.549194 0.848988 
517.775635 210.508591 0.810587 
558.961914 228.196472 0.813406 
580.965637 238.446533 0.852260 
554.526794 216.316925 0.910087 
513.403198 291.364075 0.809286 
491.312347 332.514191 0.857158 
503.115173 375.165710 0.812340 
547.250244 294.310822 0.773147 
558.963684 334.002594 0.954549 
558.934021 381.066742 0.887044 
536.875671 198.760361 0.298149 
545.712708 204.609222 0.343311 
532.459717 203.114868 0.275431 
550.115356 206.101425 0.356781 
18
535.416626 203.139069 0.438151 
535.502136 226.677460 0.857294 
513.415894 222.272827 0.760695 
478.136414 232.576904 0.844489 
514.851196 213.427246 0.801830 
558.937683 229.564880 0.807962 
581.020325 239.831421 0.880545 
554.505188 216.354919 0.891687 
513.418457 291.344452 0.801013 
491.313995 332.521545 0.857595 
503.120148 375.151733 0.813358 
547.245483 294.301025 0.766471 
558.962952 334.020416 0.951264 
558.936829 381.068024 0.883489 
535.367615 195.800827 0.450740 
541.314758 201.640961 0.477176 
532.417480 201.662308 0.105658 
548.666992 206.066513 0.549540 
18
551.591797 216.376419 0.353651 
536.892822 226.647018 0.845334 
513.403015 220.776352 0.772675 
478.097931 235.466568 0.831958 
513.394775 216.387604 0.878435 
560.412231 229.618881 0.788145 
582.493652 241.333588 0.895222 
555.965027 217.852463 0.889614 
513.402893 291.340515 0.799125 
491.314362 332.522430 0.857916 
504.536896 375.147217 0.809137 
548.629517 294.307678 0.752559 
558.969666 334.043030 0.942484 
558.936707 381.064270 0.880325 
547.222595 207.597229 0.325385 
555.972717 214.910126 0.282339 
536.902283 204.657410 0.523740 
548.684875 207.545547 0.132810 
