89
1
18
628.079163 133.975555 0.940576 
592.762573 157.607468 0.943311 
604.457397 162.000717 0.881131 
600.126038 216.406189 0.855524 
629.519409 228.119080 0.982278 
581.026978 153.183533 0.828929 
595.690247 204.645462 0.228742 
0.000000 0.000000 0.000000 
598.625549 245.774734 0.741903 
592.805847 300.234344 0.956236 
588.360229 356.040771 0.812520 
582.443970 241.363922 0.752505 
578.072449 295.741974 0.780164 
575.144470 344.306793 0.652556 
627.983215 125.215164 0.940626 
0.000000 0.000000 0.000000 
613.372192 123.823723 0.870693 
0.000000 0.000000 0.000000 
18
628.073608 133.976288 0.945085 
592.758118 157.601700 0.941835 
603.070496 161.971191 0.879361 
601.567078 216.403503 0.849960 
629.516907 228.109329 0.981969 
581.044617 154.603897 0.827588 
592.768982 204.607376 0.238094 
617.706238 206.098114 0.308802 
597.155701 242.840454 0.765703 
592.794373 300.170776 0.955889 
586.871948 356.000549 0.801841 
582.434998 239.916519 0.766255 
579.503357 292.813843 0.787860 
575.139648 341.362610 0.677809 
627.975708 125.216003 0.938596 
0.000000 0.000000 0.000000 
613.336304 123.829239 0.871341 
0.000000 0.000000 0.000000 
18
628.064270 133.975403 0.936700 
592.745483 157.618820 0.940839 
603.064819 161.988998 0.873606 
601.574890 216.414719 0.849261 
629.502136 228.119797 0.984081 
581.025696 154.634033 0.837274 
588.343262 204.616547 0.231734 
616.332764 209.035126 0.228798 
597.161682 242.832367 0.765606 
592.780090 300.136200 0.957073 
586.874512 356.019470 0.805062 
582.417053 239.913300 0.769991 
578.086060 291.341583 0.781469 
575.114014 339.876862 0.687895 
626.607361 125.217064 0.925938 
0.000000 0.000000 0.000000 
611.869873 123.837563 0.872082 
0.000000 0.000000 0.000000 
18
628.051086 133.962097 0.924711 
592.761230 157.609940 0.950488 
603.071167 161.985107 0.878633 
601.593323 216.389450 0.849701 
629.483215 228.070663 0.947504 
581.045227 154.618240 0.833091 
592.762390 204.584198 0.246638 
617.760376 206.084183 0.411114 
595.758118 242.822266 0.766099 
592.773315 300.154510 0.953126 
586.892090 356.015472 0.810293 
582.418274 239.901398 0.770162 
578.049011 291.374054 0.784426 
573.645386 338.439575 0.698623 
626.595032 125.211571 0.914454 
0.000000 0.000000 0.000000 
611.857056 123.836639 0.871105 
0.000000 0.000000 0.000000 
18
628.044739 133.961914 0.916845 
592.771179 157.608154 0.955943 
603.088806 161.981354 0.887368 
603.002625 216.378174 0.852134 
629.487183 226.670624 0.924407 
581.049866 154.610474 0.832823 
595.687439 204.570221 0.262786 
617.776123 204.637421 0.532382 
595.741211 241.417725 0.770530 
592.782593 300.142883 0.946586 
586.856934 356.054169 0.825515 
581.027954 239.865280 0.775873 
578.038086 291.343445 0.798867 
572.212646 338.438110 0.717008 
626.593506 125.214020 0.909876 
0.000000 0.000000 0.000000 
611.871826 123.829224 0.869440 
0.000000 0.000000 0.000000 
18
628.029419 133.965469 0.917179 
592.785461 157.591171 0.964986 
603.080017 161.953339 0.879439 
604.477478 216.372177 0.891512 
632.445129 228.085159 0.920545 
582.436829 154.595322 0.825711 
601.563721 201.635300 0.280167 
619.225159 201.682068 0.672704 
595.710754 241.404785 0.779126 
592.802795 300.152069 0.943050 
586.856812 356.052917 0.824701 
581.045105 239.835602 0.765366 
576.616943 289.921661 0.810553 
572.209839 338.422272 0.704526 
626.584106 125.220612 0.904936 
0.000000 0.000000 0.000000 
611.859924 123.823906 0.868630 
0.000000 0.000000 0.000000 
18
628.022156 132.601563 0.921140 
592.763428 157.591431 0.952193 
604.458435 161.979904 0.886573 
606.083923 216.402069 0.928059 
638.330811 219.361099 0.885921 
581.031555 154.594574 0.827994 
589.817749 201.684174 0.165608 
627.971680 204.612320 0.367055 
595.722168 241.364319 0.786738 
592.776123 298.720093 0.929448 
585.447327 356.074127 0.836270 
580.968140 236.982407 0.763604 
578.042236 289.871735 0.817575 
572.177307 336.994263 0.734178 
626.569702 125.211334 0.921353 
0.000000 0.000000 0.000000 
610.417297 123.823936 0.874326 
0.000000 0.000000 0.000000 
18
628.005432 133.969467 0.935187 
592.779419 157.529434 0.943518 
603.008606 160.514618 0.867845 
616.210083 213.451340 0.918549 
645.712585 214.879211 0.893075 
582.492493 151.709793 0.832028 
605.998169 184.047180 0.260798 
631.019409 194.345947 0.530450 
595.755310 241.372299 0.786771 
592.745361 298.738342 0.894483 
585.438965 356.080231 0.822914 
581.027954 238.384262 0.753610 
578.049744 289.894562 0.816488 
572.217224 338.420410 0.725357 
626.555908 125.229355 0.910621 
0.000000 0.000000 0.000000 
610.399780 123.815582 0.875566 
0.000000 0.000000 0.000000 
18
627.987732 132.605347 0.924252 
592.764709 156.102432 0.896390 
600.113098 159.048508 0.858461 
617.835754 207.573349 0.942456 
651.632263 204.643173 0.934349 
582.540833 150.245316 0.811467 
605.969604 173.787308 0.235402 
0.000000 0.000000 0.000000 
595.746643 241.405609 0.787549 
592.742676 300.164948 0.890616 
586.873047 356.073120 0.810607 
581.028320 238.408371 0.739410 
576.618958 289.933289 0.788165 
575.113220 339.871887 0.682033 
626.540405 125.225433 0.908654 
0.000000 0.000000 0.000000 
608.977661 123.797943 0.878848 
0.000000 0.000000 0.000000 
18
626.592834 132.535019 0.840668 
592.728882 156.093628 0.858186 
597.212646 158.980331 0.882552 
628.071838 206.044632 1.006938 
658.918579 192.885925 0.897760 
582.546997 151.697266 0.786089 
605.983093 179.642090 0.171247 
0.000000 0.000000 0.000000 
594.273071 241.386047 0.789466 
592.730530 300.154083 0.891333 
586.882996 356.070496 0.803873 
581.038879 238.414948 0.743704 
576.583496 289.936066 0.773950 
573.654724 338.387421 0.694831 
625.121033 123.816673 0.878950 
0.000000 0.000000 0.000000 
608.964722 123.814606 0.901859 
0.000000 0.000000 0.000000 
18
626.568665 132.527008 0.855578 
592.718506 156.110992 0.875743 
598.648621 158.984634 0.869487 
633.913513 203.148941 0.880584 
657.476257 179.609573 0.836088 
582.490356 151.708649 0.798269 
614.766602 191.383499 0.164658 
0.000000 0.000000 0.000000 
594.267273 241.381516 0.781323 
592.751831 298.754486 0.888302 
586.880310 356.044342 0.800225 
580.996948 238.412735 0.739597 
578.033752 289.892334 0.799389 
573.653381 338.438446 0.707770 
625.082520 123.806564 0.883866 
0.000000 0.000000 0.000000 
608.930542 123.813400 0.902164 
0.000000 0.000000 0.000000 
18
626.528687 131.089783 0.849351 
591.313904 157.494492 0.875486 
598.654724 158.978317 0.872351 
635.420166 195.818329 0.869648 
651.586609 173.766998 0.780214 
581.051697 153.167252 0.800313 
614.784302 191.399338 0.155575 
0.000000 0.000000 0.000000 
594.249390 241.406693 0.771627 
592.741943 300.143890 0.890439 
586.904053 356.009369 0.801867 
580.934753 238.453690 0.738600 
575.138062 291.372559 0.786777 
575.137146 339.908722 0.691187 
622.183105 123.769234 0.891601 
0.000000 0.000000 0.000000 
606.086060 123.802872 0.946934 
0.000000 0.000000 0.000000 
18
625.133911 128.197464 0.830859 
591.312317 157.496567 0.878023 
600.144226 159.009995 0.853725 
638.318604 192.803024 0.845446 
642.779602 172.280655 0.747357 
581.023682 153.155960 0.783434 
610.396790 188.429886 0.162814 
0.000000 0.000000 0.000000 
594.269348 241.375671 0.774194 
592.765137 298.709473 0.903400 
585.448364 356.032593 0.803365 
579.486572 238.398132 0.734622 
576.573425 289.920685 0.796594 
573.687134 338.443420 0.688837 
619.283020 123.727089 0.907181 
0.000000 0.000000 0.000000 
605.955811 123.839195 0.959243 
0.000000 0.000000 0.000000 
18
625.093445 126.720985 0.809431 
591.322876 157.508575 0.882800 
603.010132 159.033188 0.858094 
639.777710 185.540512 0.873338 
638.327759 167.880341 0.658142 
580.982727 154.590958 0.790950 
614.810120 182.556427 0.127588 
0.000000 0.000000 0.000000 
595.726624 241.438293 0.750634 
592.763306 300.136963 0.905514 
585.418274 356.036438 0.802119 
579.510742 238.425720 0.740614 
578.037170 289.923523 0.798192 
575.138733 339.879944 0.675249 
619.241699 123.692841 0.918188 
0.000000 0.000000 0.000000 
604.572205 125.199867 0.958077 
0.000000 0.000000 0.000000 
18
622.179749 126.715111 0.794185 
591.300110 157.482559 0.873569 
603.014587 158.984741 0.868991 
639.833008 181.138565 0.852239 
666.276489 191.375671 0.458806 
580.963501 153.167618 0.784108 
620.686523 172.294540 0.111902 
0.000000 0.000000 0.000000 
595.753418 241.380753 0.762333 
592.779968 298.736786 0.887133 
585.444092 356.054260 0.807595 
580.935608 238.387039 0.757545 
579.510437 288.423859 0.849659 
573.638733 336.982727 0.703321 
617.790588 122.340927 0.939551 
0.000000 0.000000 0.000000 
604.490723 125.212456 0.927205 
0.000000 0.000000 0.000000 
18
619.253723 129.603973 0.801653 
591.290710 157.489441 0.862245 
601.590881 157.621460 0.849294 
645.692627 179.649628 0.825418 
697.154968 181.119339 0.466189 
580.962524 153.167236 0.774941 
628.062866 173.764450 0.098618 
0.000000 0.000000 0.000000 
598.643982 241.416977 0.752676 
592.815674 300.145233 0.873963 
586.876221 356.054016 0.804492 
581.002197 238.431870 0.769860 
579.519653 288.472534 0.839111 
572.212585 338.389496 0.722942 
617.713745 123.722733 0.954316 
0.000000 0.000000 0.000000 
604.452942 125.269920 0.895246 
0.000000 0.000000 0.000000 
18
617.837341 128.164169 0.802408 
591.304565 156.111160 0.864669 
601.602661 157.608597 0.851595 
641.363708 173.762878 0.853895 
629.493958 156.102554 0.385248 
580.991455 151.714539 0.802445 
603.069458 184.012589 0.125575 
0.000000 0.000000 0.000000 
598.640076 241.345764 0.781447 
594.173889 298.717804 0.890677 
586.881104 356.036560 0.810254 
581.026428 238.382355 0.770572 
579.513916 288.438293 0.828280 
572.234192 336.991577 0.716980 
616.301331 123.731201 0.937404 
0.000000 0.000000 0.000000 
601.602051 126.693245 0.848756 
0.000000 0.000000 0.000000 
18
617.826904 126.730957 0.791924 
592.692932 156.075699 0.859017 
601.590149 157.600311 0.848634 
644.198853 169.328262 0.916784 
623.645325 145.860260 0.686442 
581.035522 151.673645 0.790768 
598.654968 150.252884 0.069805 
0.000000 0.000000 0.000000 
598.651672 239.951630 0.772621 
594.213745 298.709198 0.883793 
586.873047 356.031036 0.806462 
582.457214 238.385529 0.750299 
580.922729 288.399139 0.860108 
572.220459 336.944427 0.733895 
616.271606 123.745895 0.939012 
0.000000 0.000000 0.000000 
601.549805 128.159348 0.863775 
0.000000 0.000000 0.000000 
18
619.243958 131.124481 0.808703 
592.747864 156.094604 0.852485 
603.039063 157.602753 0.856167 
648.604370 164.921234 0.851193 
625.121277 144.350601 0.552398 
582.429932 151.711441 0.745333 
604.439331 182.629517 0.069464 
0.000000 0.000000 0.000000 
600.132751 241.395508 0.748257 
594.209778 298.757446 0.885197 
586.891296 356.008392 0.795740 
582.495911 238.435486 0.743604 
580.971924 286.985931 0.842668 
575.116699 338.419128 0.706809 
616.303589 123.836945 0.928075 
0.000000 0.000000 0.000000 
600.102600 131.064606 0.886274 
0.000000 0.000000 0.000000 
18
619.207764 131.117416 0.815196 
592.747620 156.095825 0.860671 
603.026611 157.615692 0.853166 
645.689941 159.045197 0.852936 
619.248962 138.442261 0.544862 
582.437683 153.138840 0.742811 
604.419556 182.679092 0.059020 
0.000000 0.000000 0.000000 
600.111023 241.343185 0.763527 
594.201721 298.751434 0.883517 
586.869934 356.001312 0.795473 
582.509644 238.420532 0.726090 
580.995605 288.406586 0.832182 
573.666321 336.973358 0.715174 
616.254700 123.833519 0.906753 
0.000000 0.000000 0.000000 
598.671875 131.095596 0.885953 
0.000000 0.000000 0.000000 
18
619.205566 131.101822 0.854872 
592.765381 156.090378 0.848718 
601.561157 157.609894 0.856880 
642.756836 154.628021 0.803681 
619.233765 135.481171 0.443378 
582.512573 153.146042 0.717233 
597.217407 145.725281 0.054279 
0.000000 0.000000 0.000000 
603.010193 239.925903 0.778884 
594.231140 298.727142 0.875487 
586.869995 356.005524 0.803561 
583.943909 236.946991 0.705536 
581.063477 286.979706 0.843508 
573.656738 336.982056 0.727077 
616.245789 123.820633 0.918985 
0.000000 0.000000 0.000000 
597.198547 132.511551 0.897750 
0.000000 0.000000 0.000000 
18
617.842468 132.529114 0.836429 
592.732117 156.036499 0.839097 
601.606445 157.530884 0.848739 
641.325012 147.322693 0.893192 
620.705933 134.091095 0.469700 
582.455261 153.178604 0.748872 
595.775146 145.727142 0.091121 
0.000000 0.000000 0.000000 
603.057556 239.900146 0.775141 
594.259827 298.737732 0.863543 
586.868774 356.011017 0.803077 
583.943909 236.953720 0.719972 
582.440491 286.970276 0.851751 
573.666199 336.964722 0.725555 
616.251831 125.225067 0.877672 
0.000000 0.000000 0.000000 
597.153503 132.551300 0.903342 
0.000000 0.000000 0.000000 
18
617.821350 131.117996 0.852785 
592.717346 154.640350 0.818513 
600.134521 157.528336 0.863482 
641.246643 147.208298 0.920070 
619.243591 134.007538 0.436311 
582.465820 153.154648 0.736073 
594.212463 144.325470 0.097018 
0.000000 0.000000 0.000000 
604.468994 239.901917 0.772680 
594.252258 298.738739 0.849194 
586.888184 356.035461 0.801426 
585.425537 236.955978 0.698456 
582.494873 288.408752 0.843410 
576.574768 338.439423 0.700440 
616.224915 125.225792 0.873989 
0.000000 0.000000 0.000000 
595.737610 132.579254 0.902194 
0.000000 0.000000 0.000000 
18
619.206726 132.573776 0.885141 
592.695984 156.066498 0.783812 
597.194458 157.538696 0.880145 
641.241943 145.818954 0.880154 
620.711487 132.596161 0.353781 
582.449097 156.045471 0.693914 
594.165222 144.334717 0.063980 
0.000000 0.000000 0.000000 
604.478699 239.951614 0.771027 
594.267273 298.745392 0.841326 
586.916260 356.041626 0.814185 
586.912109 238.417877 0.685988 
582.539368 289.889343 0.805483 
578.041931 341.335052 0.720002 
616.212036 126.673492 0.891797 
617.640503 123.744728 0.066862 
595.685974 133.981171 0.918257 
0.000000 0.000000 0.000000 
18
617.775513 134.021988 0.895699 
592.705933 156.087570 0.762243 
594.314026 157.568878 0.883371 
641.253235 145.874451 0.915213 
619.234680 133.997833 0.450370 
582.516479 156.040359 0.662364 
0.000000 0.000000 0.000000 
0.000000 0.000000 0.000000 
604.454285 241.384766 0.751846 
594.261353 300.157654 0.834410 
588.347046 356.032288 0.816445 
588.369751 238.451599 0.674852 
582.549866 291.360321 0.797172 
576.613892 339.866577 0.719589 
614.798035 129.613571 0.821962 
617.713501 123.797913 0.053853 
594.328979 134.012268 0.914552 
0.000000 0.000000 0.000000 
18
617.768799 134.076004 0.933784 
589.837524 156.042542 0.775248 
595.702087 157.605423 0.885422 
641.286804 147.289124 0.937457 
619.224854 134.012039 0.455970 
580.978516 153.138504 0.677898 
592.718384 144.284531 0.065388 
0.000000 0.000000 0.000000 
604.486267 241.349808 0.756831 
594.273438 300.165985 0.838616 
588.346741 356.025421 0.819053 
586.896973 238.396973 0.679254 
582.536621 289.939545 0.808916 
576.589417 338.444336 0.722639 
613.376404 131.091415 0.825567 
616.337219 125.230049 0.064315 
594.254883 134.072052 0.950259 
0.000000 0.000000 0.000000 
18
617.756348 134.102448 1.047695 
589.845703 154.641891 0.756793 
594.267090 159.077301 0.887594 
645.679443 147.254410 0.737085 
701.556946 119.356384 0.752163 
578.085144 148.723236 0.583152 
583.999817 145.834900 0.054682 
0.000000 0.000000 0.000000 
603.059692 241.413361 0.725579 
594.268738 300.171265 0.842812 
588.350586 356.020233 0.805973 
589.804565 239.844452 0.659671 
582.514465 291.373993 0.816710 
576.607605 338.432556 0.729434 
610.419983 132.554749 0.878782 
616.244995 126.716713 0.264248 
592.791077 135.482880 0.989948 
0.000000 0.000000 0.000000 
18
617.736877 134.090454 1.036728 
589.799072 154.635025 0.788536 
594.223083 160.570282 0.844868 
644.209167 156.034439 0.719104 
691.301331 110.531273 0.744406 
576.632690 147.243668 0.610532 
651.490234 135.474304 0.293534 
688.339111 111.948807 0.262960 
601.595825 241.378586 0.717103 
594.259644 298.742493 0.839009 
588.343750 356.005432 0.800451 
592.738281 239.849777 0.649887 
586.907166 294.316711 0.729275 
579.502625 341.338806 0.711840 
610.422852 132.552399 0.862556 
616.212402 126.676506 0.194330 
592.789429 135.514984 0.995733 
0.000000 0.000000 0.000000 
18
617.814758 134.071884 0.925790 
586.892517 156.072998 0.790742 
594.243835 161.979477 0.832754 
644.225830 159.052017 0.885594 
628.026306 134.108963 0.662042 
575.159241 147.285614 0.644226 
585.441895 147.181534 0.101461 
0.000000 0.000000 0.000000 
600.130981 241.348648 0.720251 
594.229675 300.150116 0.854068 
588.337402 356.010498 0.792357 
592.771851 238.449585 0.629317 
586.866455 297.247070 0.756882 
579.549072 344.246033 0.694843 
614.766235 131.081284 0.833991 
617.801514 123.800835 0.076526 
594.260376 135.517151 0.979615 
0.000000 0.000000 0.000000 
18
620.704529 134.081467 0.933331 
592.747498 154.638290 0.767805 
594.234131 160.557938 0.837281 
648.645325 160.488358 0.861508 
631.029968 134.087418 0.596216 
585.436829 147.274200 0.519622 
630.997437 167.833633 0.054528 
0.000000 0.000000 0.000000 
597.184265 241.397491 0.720026 
594.169617 298.761658 0.852647 
588.337280 356.007172 0.781955 
594.213684 239.884842 0.603874 
583.922974 295.759033 0.730211 
578.073975 341.370483 0.684763 
616.266724 131.091187 0.886926 
617.881165 123.850594 0.203222 
595.722046 134.108673 0.940591 
0.000000 0.000000 0.000000 
18
622.165833 135.571426 0.934966 
591.257629 154.638748 0.804173 
595.750427 160.536057 0.806393 
650.050903 159.001816 0.862927 
632.481201 129.619095 0.626633 
579.567505 147.251785 0.726897 
592.726135 145.840683 0.109498 
0.000000 0.000000 0.000000 
600.089844 241.398605 0.713288 
592.797852 300.182129 0.849116 
586.871460 356.017395 0.782613 
591.286499 239.850876 0.646245 
581.036194 297.184418 0.742889 
578.074219 344.243622 0.661563 
616.333130 133.997726 0.946169 
626.533569 129.632233 0.112799 
597.162476 135.454819 0.943300 
0.000000 0.000000 0.000000 
18
623.660156 138.461288 0.896116 
592.710632 156.111771 0.803515 
595.745972 159.104721 0.824862 
648.661133 157.616119 0.869206 
636.849792 129.635880 0.618521 
582.485840 148.770859 0.724319 
597.217163 145.817245 0.073148 
0.000000 0.000000 0.000000 
598.630188 241.408661 0.705205 
592.781067 300.173737 0.854450 
586.861938 356.040619 0.778013 
591.263977 239.856628 0.647559 
580.960022 295.770172 0.733731 
579.506897 344.278229 0.652456 
617.756042 135.464661 0.962900 
626.556458 132.528076 0.075359 
600.141663 135.455704 0.917490 
0.000000 0.000000 0.000000 
18
625.087646 137.044388 0.877290 
592.768860 156.107651 0.780771 
595.751221 159.096146 0.848850 
651.558289 157.612320 0.925204 
635.396545 125.251122 0.658301 
583.943848 148.776276 0.669703 
594.361694 145.691788 0.066927 
0.000000 0.000000 0.000000 
598.642456 242.854660 0.701442 
592.791748 300.214752 0.840583 
586.909058 356.025940 0.762542 
594.221130 241.332108 0.627368 
580.997192 297.184052 0.647367 
579.522705 344.262390 0.631069 
617.797424 134.087112 0.910330 
0.000000 0.000000 0.000000 
604.448242 134.016098 0.951734 
0.000000 0.000000 0.000000 
18
627.991882 139.919861 0.938534 
592.741516 156.094131 0.782097 
597.167786 159.098389 0.854703 
651.605713 158.971268 0.949944 
639.760742 123.816010 0.729576 
582.523010 148.754868 0.692507 
594.331299 144.312378 0.060814 
0.000000 0.000000 0.000000 
598.659485 241.420670 0.719838 
594.166138 300.143799 0.833090 
586.865112 355.999146 0.764935 
591.284668 239.874191 0.641947 
583.982056 295.739502 0.646031 
579.505005 342.832092 0.630040 
619.284058 135.462021 0.885573 
628.127625 133.958817 0.138134 
604.507568 133.964523 0.949584 
0.000000 0.000000 0.000000 
18
627.996643 142.849289 0.954961 
592.768616 157.495209 0.829965 
598.650635 160.505463 0.831919 
653.073303 159.050552 0.904968 
647.136780 120.807014 0.807721 
582.489075 148.756378 0.713004 
629.456299 157.605331 0.081936 
0.000000 0.000000 0.000000 
598.647583 242.843491 0.726986 
592.814819 300.190399 0.865849 
585.436890 356.012573 0.788426 
588.352417 239.895248 0.638380 
581.008057 294.272888 0.709747 
578.037659 341.369812 0.638772 
622.166321 135.528793 0.930757 
629.568176 133.920639 0.054945 
605.964905 133.974182 0.963113 
0.000000 0.000000 0.000000 
18
628.080750 142.873901 0.966915 
594.181519 157.528488 0.804814 
598.635254 160.507324 0.831084 
654.529602 159.059708 0.882252 
653.081726 114.936401 0.888784 
583.951416 150.220535 0.652838 
629.611145 156.081482 0.069818 
0.000000 0.000000 0.000000 
600.087769 242.835495 0.706358 
592.824219 300.164703 0.859555 
586.861877 356.011505 0.786935 
589.832947 239.853729 0.595786 
585.395508 295.764740 0.720977 
579.518982 342.838043 0.693347 
626.535828 135.502930 0.960937 
0.000000 0.000000 0.000000 
607.439209 133.979294 0.976025 
0.000000 0.000000 0.000000 
18
628.119202 144.327454 0.916211 
594.292847 157.607819 0.779499 
597.203247 159.046051 0.819375 
653.062439 157.592331 0.877208 
658.910034 113.435699 0.828993 
591.309509 157.512939 0.578802 
617.815491 192.801514 0.297555 
635.388916 191.363220 0.327771 
598.653748 242.870880 0.729204 
592.800049 300.159760 0.867455 
585.426697 356.025513 0.793122 
588.366882 239.899628 0.639243 
582.525269 295.742035 0.774339 
579.508728 342.816376 0.673468 
627.973145 135.562820 0.931809 
0.000000 0.000000 0.000000 
610.395447 133.965836 0.942375 
0.000000 0.000000 0.000000 
18
629.608948 144.354996 0.862630 
594.286133 157.516876 0.783382 
598.641846 158.986618 0.855483 
653.104248 157.486786 0.851713 
651.577454 110.452377 0.831515 
591.307556 154.635498 0.568737 
638.320557 159.054108 0.071354 
0.000000 0.000000 0.000000 
598.656677 242.864655 0.725932 
592.805298 300.169891 0.858630 
585.429443 356.014893 0.780090 
591.276001 239.908737 0.636317 
583.930359 297.202942 0.777542 
580.956116 344.251312 0.667653 
629.495728 135.586731 0.920989 
0.000000 0.000000 0.000000 
616.293152 134.001404 0.992689 
0.000000 0.000000 0.000000 
18
630.978516 139.893356 0.286974 
595.705505 154.632507 0.703300 
603.030090 158.976868 0.868727 
654.573242 154.602432 0.837166 
641.286255 111.986526 0.687532 
591.260559 150.196198 0.541437 
617.823792 189.929565 0.106065 
0.000000 0.000000 0.000000 
601.567810 242.819809 0.724100 
592.823181 300.160126 0.842086 
585.443726 356.021332 0.778512 
591.292847 239.850830 0.639947 
583.970642 295.782715 0.735449 
579.519592 344.265259 0.663778 
629.599121 134.080856 0.392796 
0.000000 0.000000 0.000000 
617.810547 132.526764 0.917880 
0.000000 0.000000 0.000000 
18
0.000000 0.000000 0.000000 
598.621460 156.121368 0.628260 
603.060425 157.593918 0.876234 
653.091309 147.315491 0.959552 
625.126282 117.875862 0.667307 
591.313843 154.612198 0.454031 
0.000000 0.000000 0.000000 
0.000000 0.000000 0.000000 
601.593323 242.862564 0.717454 
592.788391 300.184082 0.833118 
585.424683 356.015076 0.773083 
592.750122 239.940201 0.626308 
583.976196 297.217773 0.756579 
580.958496 344.304108 0.654188 
0.000000 0.000000 0.000000 
0.000000 0.000000 0.000000 
616.253479 132.516052 0.428229 
597.175293 119.328720 0.060359 
18
0.000000 0.000000 0.000000 
601.598389 157.503036 0.641814 
604.550415 157.557571 0.850990 
648.622559 144.297684 0.870130 
616.276978 122.281586 0.734662 
595.674561 157.566971 0.491254 
0.000000 0.000000 0.000000 
0.000000 0.000000 0.000000 
603.055603 242.824707 0.724914 
592.797607 298.746277 0.832330 
585.445007 356.019043 0.770304 
592.721497 239.875916 0.650508 
583.951660 292.815491 0.753990 
579.548645 344.259644 0.668218 
0.000000 0.000000 0.000000 
0.000000 0.000000 0.000000 
606.031616 131.074860 0.201740 
0.000000 0.000000 0.000000 
18
0.000000 0.000000 0.000000 
600.128601 157.514526 0.569798 
604.507446 157.520584 0.721796 
641.341431 135.526764 0.770179 
603.067505 112.027939 0.579662 
600.102722 157.498199 0.416029 
641.292053 134.033463 0.183709 
595.746521 117.864799 0.324782 
604.473694 242.838348 0.719404 
592.788330 300.132507 0.830800 
585.436768 356.005005 0.770431 
591.273926 239.889923 0.622603 
582.521179 292.832153 0.769896 
579.508240 342.815033 0.664757 
0.000000 0.000000 0.000000 
0.000000 0.000000 0.000000 
606.001038 132.545029 0.077190 
0.000000 0.000000 0.000000 
18
0.000000 0.000000 0.000000 
594.234436 159.011276 0.756773 
607.492371 157.526489 0.798286 
639.834656 135.491425 0.922308 
611.905762 109.016647 0.722190 
579.525879 160.507919 0.531913 
0.000000 0.000000 0.000000 
0.000000 0.000000 0.000000 
605.972656 241.397522 0.760515 
594.173218 300.151886 0.846720 
585.452087 356.018433 0.784072 
585.423462 239.852585 0.708805 
582.497498 289.920532 0.818095 
578.048828 342.788727 0.683661 
0.000000 0.000000 0.000000 
0.000000 0.000000 0.000000 
604.517334 135.578918 0.305006 
581.014526 139.906052 0.063430 
18
0.000000 0.000000 0.000000 
597.186646 157.537170 0.702145 
611.872681 156.057129 0.659933 
639.807251 133.984924 0.902803 
614.777527 107.574120 0.685704 
582.496277 158.999832 0.577302 
575.135315 138.461075 0.055498 
0.000000 0.000000 0.000000 
605.964905 241.381851 0.763278 
594.209534 298.751953 0.836951 
586.898071 356.007629 0.781489 
588.343750 238.455460 0.683778 
582.530090 288.471039 0.808637 
578.079346 342.826111 0.689852 
0.000000 0.000000 0.000000 
0.000000 0.000000 0.000000 
606.024963 132.537689 0.244129 
585.406555 133.983887 0.059944 
18
0.000000 0.000000 0.000000 
606.065002 157.501358 0.699244 
604.551331 154.646759 0.755123 
639.740601 134.006805 0.958156 
617.721069 107.543671 0.746231 
607.472656 157.634521 0.527145 
0.000000 0.000000 0.000000 
0.000000 0.000000 0.000000 
604.483337 241.355286 0.710328 
594.197754 298.763092 0.839205 
586.874756 356.004669 0.784380 
601.560425 239.888840 0.598474 
583.982178 292.809967 0.753364 
578.078796 342.829620 0.687528 
0.000000 0.000000 0.000000 
0.000000 0.000000 0.000000 
616.232849 136.975784 0.147584 
0.000000 0.000000 0.000000 
18
0.000000 0.000000 0.000000 
605.952454 150.204453 0.627005 
595.737488 151.686371 0.500909 
638.328247 132.579147 0.421932 
616.307251 100.182732 0.294825 
616.258240 148.792450 0.630037 
639.782471 131.111481 0.723930 
617.722229 98.795685 0.735133 
601.596069 239.932831 0.665579 
594.204163 298.759064 0.821931 
586.894287 356.006622 0.784528 
603.018616 239.890106 0.575359 
583.980469 291.356415 0.735637 
578.042114 342.788605 0.694396 
0.000000 0.000000 0.000000 
0.000000 0.000000 0.000000 
0.000000 0.000000 0.000000 
0.000000 0.000000 0.000000 
18
639.771790 144.342758 0.476924 
607.520020 150.238708 0.769820 
594.263245 148.777069 0.655903 
594.229187 116.371941 0.111783 
598.667786 79.647377 0.397376 
623.648010 151.675751 0.685773 
629.606750 122.249710 0.590133 
613.340393 86.989143 0.463465 
597.175293 239.890167 0.695606 
594.212830 298.722382 0.818701 
586.901123 356.007233 0.786007 
606.043884 239.892883 0.635542 
583.992981 289.925476 0.748143 
578.042053 341.353088 0.697101 
636.886780 136.987671 0.325537 
0.000000 0.000000 0.000000 
620.691223 134.014069 0.211187 
0.000000 0.000000 0.000000 
18
639.842346 147.254684 0.913615 
614.766907 156.115875 0.741303 
605.964355 151.693146 0.713331 
622.150452 123.763771 0.535092 
626.579041 117.866158 0.450042 
619.273499 157.620102 0.756609 
0.000000 0.000000 0.000000 
0.000000 0.000000 0.000000 
601.593140 241.404968 0.699458 
594.213806 300.146271 0.830691 
586.888733 356.012848 0.789141 
604.491211 241.341904 0.624785 
583.953186 291.365692 0.752916 
578.059509 342.795746 0.691783 
639.767517 142.827454 0.785113 
641.238342 145.725662 0.199716 
629.471741 134.023590 0.629500 
0.000000 0.000000 0.000000 
18
639.827271 147.304810 0.955094 
610.420837 154.642059 0.689929 
603.067627 153.134171 0.696327 
616.219788 122.304649 0.533714 
616.296204 78.170937 0.695584 
619.222351 157.502991 0.694110 
0.000000 0.000000 0.000000 
0.000000 0.000000 0.000000 
598.652283 241.365768 0.729411 
594.222656 298.729584 0.838297 
586.908081 356.006287 0.795347 
610.393372 241.340561 0.667085 
586.905640 292.829437 0.721733 
578.042419 341.333801 0.682369 
639.778015 141.417450 0.868921 
0.000000 0.000000 0.000000 
628.004944 132.559387 0.764358 
0.000000 0.000000 0.000000 
18
639.812317 147.306503 0.965660 
611.855164 156.091278 0.705957 
603.044861 153.153625 0.717921 
614.755676 122.271332 0.526003 
614.822083 82.600471 0.693156 
619.265503 157.594406 0.709011 
0.000000 0.000000 0.000000 
0.000000 0.000000 0.000000 
598.651733 241.338806 0.728246 
594.219849 298.709198 0.829349 
588.349854 355.995331 0.792076 
610.411743 239.948334 0.668904 
588.353149 292.849884 0.724033 
579.508484 342.797485 0.685064 
639.764404 141.406555 0.899126 
0.000000 0.000000 0.000000 
626.574707 131.126984 0.732033 
0.000000 0.000000 0.000000 
18
639.764526 148.724197 0.926286 
607.469604 153.155365 0.690037 
595.734070 150.216797 0.664809 
610.380310 123.787407 0.532092 
611.883484 86.969383 0.693851 
620.672974 157.511246 0.644415 
0.000000 0.000000 0.000000 
0.000000 0.000000 0.000000 
601.560364 241.335037 0.708474 
594.217957 298.711914 0.818796 
588.338989 356.001740 0.783704 
607.497192 239.928528 0.636178 
588.344055 292.828766 0.713468 
579.499512 341.365967 0.681209 
639.730225 144.273438 0.896776 
641.304382 142.895447 0.063781 
626.525146 132.532898 0.765375 
0.000000 0.000000 0.000000 
18
639.808167 148.751694 0.954497 
608.968323 148.734283 0.649681 
597.205200 147.332001 0.623789 
608.913208 120.822563 0.255874 
607.504883 87.025093 0.401985 
622.140137 154.616760 0.584949 
0.000000 0.000000 0.000000 
0.000000 0.000000 0.000000 
601.576599 239.936249 0.717599 
594.238647 298.676514 0.824052 
588.341614 354.597656 0.783173 
607.450806 239.894028 0.624619 
586.908875 289.920624 0.726953 
578.060181 339.898254 0.691187 
639.778259 144.310196 0.936616 
641.301880 144.326920 0.065782 
627.978333 132.521011 0.821646 
0.000000 0.000000 0.000000 
18
641.230164 147.313461 0.968518 
605.982849 144.325333 0.578323 
603.021790 111.990196 0.209318 
582.537659 54.677834 0.420263 
594.252441 45.824146 0.330621 
616.315979 151.677750 0.333020 
0.000000 0.000000 0.000000 
0.000000 0.000000 0.000000 
604.540771 239.901260 0.721261 
594.239624 298.660217 0.806726 
588.337341 354.601837 0.777149 
600.097107 238.417145 0.567354 
585.436096 289.868988 0.744121 
578.048828 341.338287 0.700376 
641.233887 141.419006 0.891197 
0.000000 0.000000 0.000000 
628.085510 132.579697 0.894655 
0.000000 0.000000 0.000000 
18
641.273254 147.261063 0.967972 
610.411743 145.851822 0.642248 
610.409485 148.762482 0.568534 
614.801636 141.405243 0.068516 
0.000000 0.000000 0.000000 
0.000000 0.000000 0.000000 
0.000000 0.000000 0.000000 
0.000000 0.000000 0.000000 
604.570068 239.917007 0.740039 
594.227844 298.692352 0.820464 
586.898438 356.016296 0.784288 
597.190979 238.414352 0.590133 
583.993347 289.871429 0.760177 
578.037170 341.346344 0.681755 
641.301819 141.384781 0.890125 
0.000000 0.000000 0.000000 
629.536194 132.569946 0.922199 
0.000000 0.000000 0.000000 
18
641.282532 147.230347 0.976673 
611.851929 145.788239 0.669713 
600.129944 144.298828 0.569071 
595.698669 122.293594 0.416798 
597.172607 87.030586 0.445015 
619.222961 148.755295 0.481417 
0.000000 0.000000 0.000000 
0.000000 0.000000 0.000000 
604.530945 239.863068 0.705549 
594.222778 298.647675 0.813628 
586.885254 354.595123 0.772795 
603.052246 238.418686 0.588658 
588.335083 289.898895 0.730015 
578.052063 341.362091 0.669272 
641.276245 139.939896 0.890773 
0.000000 0.000000 0.000000 
629.477417 131.125626 0.904747 
0.000000 0.000000 0.000000 
18
641.328918 145.839523 0.971756 
613.330444 147.225189 0.705270 
604.500061 145.816513 0.614640 
591.284485 137.018768 0.546150 
601.551270 120.773666 0.468949 
622.169373 150.202560 0.513676 
0.000000 0.000000 0.000000 
0.000000 0.000000 0.000000 
604.496826 238.445999 0.683650 
594.232300 298.655090 0.812840 
586.869202 355.994080 0.775894 
604.526001 238.421585 0.592132 
586.897400 289.870422 0.740536 
576.609985 339.898315 0.681296 
641.313782 138.458130 0.893314 
0.000000 0.000000 0.000000 
629.500977 131.104797 0.885202 
0.000000 0.000000 0.000000 
18
641.353821 145.831207 0.959288 
613.362549 148.722046 0.698198 
605.998291 147.277618 0.665076 
601.572449 134.069763 0.681024 
585.420776 98.776329 0.477736 
622.154053 156.081528 0.572142 
0.000000 0.000000 0.000000 
0.000000 0.000000 0.000000 
604.486084 239.891083 0.685058 
594.221863 298.693512 0.825341 
586.864319 356.006012 0.777263 
604.489014 239.842514 0.590186 
585.419434 289.915161 0.737575 
576.595520 341.345581 0.688148 
641.331726 138.430084 0.890550 
0.000000 0.000000 0.000000 
629.524963 131.080307 0.901400 
0.000000 0.000000 0.000000 
18
641.340027 145.847626 0.973787 
614.805420 147.352402 0.729729 
606.030151 145.845901 0.634828 
602.989868 135.532135 0.665626 
598.654541 119.326378 0.424634 
623.636169 156.094009 0.607403 
0.000000 0.000000 0.000000 
0.000000 0.000000 0.000000 
604.507813 239.885300 0.690005 
594.206604 298.702057 0.817625 
586.879272 355.997284 0.770438 
604.529541 239.840073 0.594287 
588.341003 292.814636 0.712818 
579.532837 344.258972 0.681323 
641.325378 138.449402 0.899374 
0.000000 0.000000 0.000000 
629.509460 129.638412 0.889175 
0.000000 0.000000 0.000000 
18
642.773376 145.836731 0.969564 
614.806946 148.740799 0.702648 
607.463318 147.291275 0.607307 
600.107849 139.948898 0.558407 
600.102417 120.789063 0.457205 
625.078674 156.102615 0.575519 
622.145264 145.791885 0.170791 
0.000000 0.000000 0.000000 
604.528931 239.913681 0.702105 
594.219543 298.682129 0.809886 
586.878723 356.006042 0.779458 
604.508972 239.864731 0.583651 
589.802307 291.373596 0.707481 
579.518494 344.237579 0.671636 
642.792664 137.036591 0.886010 
0.000000 0.000000 0.000000 
629.565796 128.177383 0.902269 
0.000000 0.000000 0.000000 
18
644.219055 145.787262 0.944364 
614.811707 147.300354 0.748705 
603.044373 142.874069 0.665643 
594.175110 103.163826 0.479199 
616.280823 100.249367 0.320921 
623.624756 156.106583 0.613958 
0.000000 0.000000 0.000000 
0.000000 0.000000 0.000000 
603.059631 239.935608 0.702525 
594.206848 298.711365 0.818636 
586.883606 356.006531 0.784400 
605.964661 239.905258 0.595580 
589.818420 294.291534 0.711575 
579.513916 344.250641 0.673173 
644.257751 136.992188 0.867848 
0.000000 0.000000 0.000000 
631.008362 126.700348 0.884040 
0.000000 0.000000 0.000000 
18
644.236084 145.790619 0.938519 
614.763184 147.306870 0.754847 
604.558655 144.358261 0.696403 
592.704651 135.501495 0.503308 
603.050110 117.886292 0.479645 
623.656494 156.069687 0.532917 
0.000000 0.000000 0.000000 
0.000000 0.000000 0.000000 
604.503296 239.901337 0.707177 
594.206604 298.736725 0.809235 
586.892212 356.008820 0.787685 
603.058960 239.838806 0.613925 
591.253784 297.207764 0.725690 
579.524597 342.841736 0.645293 
645.717346 136.984818 0.875485 
0.000000 0.000000 0.000000 
632.480896 128.140839 0.849084 
0.000000 0.000000 0.000000 
18
644.262878 147.230072 0.890814 
605.999878 147.282562 0.745549 
610.402893 150.250900 0.646643 
616.279907 204.637848 0.365225 
595.705505 228.144867 0.078214 
595.730530 142.838257 0.484489 
0.000000 0.000000 0.000000 
0.000000 0.000000 0.000000 
604.525085 241.340210 0.759957 
594.224731 298.759430 0.847564 
586.885254 356.026123 0.801801 
594.215027 238.437241 0.651705 
589.849854 297.214600 0.729281 
579.505615 342.839325 0.664668 
648.657898 138.486557 0.855654 
0.000000 0.000000 0.000000 
636.891479 126.693756 0.892281 
0.000000 0.000000 0.000000 
18
650.055420 145.871094 0.888332 
613.365479 145.789139 0.623498 
610.381653 147.240479 0.733738 
580.991638 185.530060 0.447725 
550.115662 204.628067 0.433472 
619.210754 145.815369 0.407683 
616.324158 189.937515 0.089698 
0.000000 0.000000 0.000000 
603.014099 239.882797 0.688515 
594.216003 300.154175 0.813763 
588.333191 356.014771 0.789183 
603.027222 239.839844 0.568558 
588.330811 297.200714 0.712662 
578.060303 341.364990 0.656421 
651.547485 138.439880 0.908637 
0.000000 0.000000 0.000000 
639.747070 126.721390 0.961869 
0.000000 0.000000 0.000000 
18
648.647034 147.283371 0.899799 
608.933960 147.271698 0.674396 
605.975708 148.753815 0.713260 
586.884949 194.391190 0.566680 
569.231934 228.150314 0.691620 
616.254517 145.827728 0.429714 
0.000000 0.000000 0.000000 
0.000000 0.000000 0.000000 
604.476929 239.920074 0.743086 
594.224609 298.727448 0.814331 
588.339050 356.016785 0.796010 
598.638733 238.443558 0.549849 
588.364685 295.756073 0.691011 
578.081482 341.342957 0.670746 
651.544983 139.942902 0.878396 
0.000000 0.000000 0.000000 
639.807495 128.140366 0.954387 
0.000000 0.000000 0.000000 
18
651.595093 145.867722 0.966427 
614.814819 154.606064 0.667542 
613.309692 156.096436 0.765071 
594.178040 204.648224 0.724961 
580.968689 250.158432 0.794703 
616.324280 151.682098 0.494273 
0.000000 0.000000 0.000000 
0.000000 0.000000 0.000000 
604.468933 242.831360 0.705321 
594.191467 300.177155 0.855047 
588.337036 356.026855 0.795038 
603.026733 241.376404 0.569199 
588.360229 298.682770 0.727995 
579.542542 344.283112 0.654974 
653.010132 138.460236 0.910905 
0.000000 0.000000 0.000000 
641.229004 131.075958 0.948630 
0.000000 0.000000 0.000000 
18
651.562622 147.359482 0.915069 
611.869690 154.624222 0.656048 
614.824219 157.500961 0.789130 
606.006958 207.575531 0.749242 
606.003784 257.560913 0.783080 
604.569946 148.770477 0.541259 
617.740784 197.293625 0.060021 
0.000000 0.000000 0.000000 
595.690063 242.844299 0.642668 
592.817627 300.198700 0.785369 
586.881409 356.021088 0.764145 
591.289063 239.917892 0.539013 
588.338074 298.713104 0.694627 
581.006531 344.297180 0.612907 
653.047424 142.880203 0.857529 
0.000000 0.000000 0.000000 
641.320740 132.569717 0.951284 
0.000000 0.000000 0.000000 
18
652.987305 150.208649 0.893579 
611.899780 156.048752 0.660936 
614.798767 157.588531 0.790870 
623.637207 211.972824 0.707641 
638.314575 261.948853 0.805670 
606.021118 148.770523 0.522788 
0.000000 0.000000 0.000000 
0.000000 0.000000 0.000000 
597.207764 241.409424 0.686714 
592.759216 300.148987 0.770746 
586.879395 356.030334 0.759085 
594.213318 239.894180 0.563599 
591.256653 298.732361 0.704573 
581.020996 345.741608 0.611105 
653.102356 144.352554 0.874525 
0.000000 0.000000 0.000000 
641.350708 134.033798 0.995693 
0.000000 0.000000 0.000000 
18
653.021545 156.079132 0.720884 
616.232788 153.138428 0.674301 
616.271912 157.593552 0.771007 
635.414124 207.582321 0.795503 
669.197815 251.620895 0.768154 
611.866821 147.270203 0.522853 
628.085815 195.835342 0.087511 
0.000000 0.000000 0.000000 
595.711609 241.366119 0.752125 
592.704895 300.141083 0.785402 
586.873779 356.022369 0.742546 
594.238220 239.909241 0.549383 
589.814270 298.722900 0.678605 
581.014587 345.728607 0.609761 
654.556519 147.291504 0.786400 
0.000000 0.000000 0.000000 
644.257141 135.573166 0.972644 
0.000000 0.000000 0.000000 
18
654.520081 157.636414 0.768527 
617.715942 154.640594 0.715473 
611.883179 159.040527 0.756777 
639.822876 201.672684 0.849885 
698.614624 234.000946 0.707633 
622.185181 148.755875 0.501627 
629.502075 194.279816 0.070058 
0.000000 0.000000 0.000000 
594.236389 241.365250 0.748284 
592.701843 300.155396 0.800007 
586.899109 355.999603 0.736990 
601.561157 241.346603 0.602339 
589.796021 298.764557 0.725480 
580.980957 345.719910 0.620809 
657.447021 151.661697 0.792074 
0.000000 0.000000 0.000000 
647.167480 139.906937 0.909198 
0.000000 0.000000 0.000000 
18
657.461243 158.994080 0.749528 
617.700378 156.087997 0.703415 
613.356812 159.052917 0.751362 
642.799011 203.141464 0.893253 
708.861816 220.790756 0.803436 
619.264526 148.766449 0.501151 
629.556458 194.368256 0.074486 
0.000000 0.000000 0.000000 
594.188110 241.383224 0.748303 
591.307068 300.174286 0.791337 
586.881226 355.996277 0.748135 
598.644836 241.357132 0.614557 
588.356262 300.136627 0.751990 
580.985352 345.720459 0.620574 
660.411255 151.681320 0.796551 
0.000000 0.000000 0.000000 
650.065796 141.412354 0.870042 
0.000000 0.000000 0.000000 
18
654.542114 159.030579 0.690791 
617.749878 156.112564 0.689173 
614.815002 159.077545 0.757284 
645.694885 204.612564 0.930007 
701.598938 204.579926 0.846896 
620.709351 150.208694 0.493819 
633.929199 194.365799 0.086450 
0.000000 0.000000 0.000000 
594.216675 241.431412 0.731762 
591.280640 300.174591 0.785021 
586.881958 356.017090 0.754245 
600.117493 241.408081 0.610404 
588.357239 300.138672 0.739259 
579.542175 344.296722 0.600362 
660.368347 153.131912 0.717675 
0.000000 0.000000 0.000000 
650.107117 142.853592 0.890471 
0.000000 0.000000 0.000000 
18
657.438171 157.609634 0.578084 
617.761963 156.103348 0.721006 
614.823914 160.534576 0.761258 
641.313843 206.030411 0.969301 
685.368286 189.932739 0.784137 
620.681152 147.280243 0.513858 
630.998169 192.862305 0.101843 
0.000000 0.000000 0.000000 
594.246582 241.407928 0.753290 
592.706787 300.133087 0.798911 
585.438232 356.012360 0.754171 
600.131531 241.381866 0.600674 
588.370483 298.723724 0.730447 
579.551941 344.265320 0.593368 
661.846924 150.209503 0.655125 
0.000000 0.000000 0.000000 
650.117676 142.858597 0.885026 
0.000000 0.000000 0.000000 
18
658.952942 157.591827 0.668993 
617.821045 156.074554 0.708103 
617.721313 160.553467 0.791097 
638.303894 209.052994 0.886230 
667.744995 188.449524 0.804563 
620.679749 147.265182 0.500134 
629.562988 192.762955 0.150493 
0.000000 0.000000 0.000000 
598.626526 242.847672 0.720623 
592.750610 300.159607 0.791804 
585.453491 356.022003 0.752850 
600.135193 241.398941 0.577707 
588.375061 298.714661 0.715025 
581.019836 344.306427 0.613666 
661.874329 148.783051 0.739006 
0.000000 0.000000 0.000000 
650.108948 139.897873 0.888068 
0.000000 0.000000 0.000000 
18
660.369141 153.155197 0.632913 
617.758179 154.642166 0.732646 
617.827698 160.535461 0.792178 
633.938965 210.519104 0.853074 
657.483521 186.971695 0.807252 
616.260681 147.273010 0.551295 
626.563660 191.358261 0.120489 
0.000000 0.000000 0.000000 
603.005432 242.832535 0.744855 
594.179810 300.171143 0.813394 
586.897217 356.047577 0.773225 
591.263733 238.449036 0.591178 
589.812988 298.671204 0.716514 
581.022034 344.268646 0.615073 
661.874207 145.846771 0.777613 
0.000000 0.000000 0.000000 
650.105286 136.995972 0.920117 
0.000000 0.000000 0.000000 
18
658.937317 151.687073 0.724930 
616.324280 156.047699 0.787303 
617.781494 163.437668 0.824375 
628.115723 211.967712 0.875665 
651.628296 184.034073 0.934296 
614.778870 145.804245 0.591438 
627.941895 172.309998 0.111151 
0.000000 0.000000 0.000000 
604.471985 242.873459 0.762214 
594.226563 300.216431 0.820568 
586.888184 356.036346 0.772636 
591.251587 239.853973 0.642055 
589.807678 298.678528 0.725033 
582.468201 345.716278 0.615383 
661.837585 145.819275 0.843153 
0.000000 0.000000 0.000000 
650.067383 135.590973 0.945769 
0.000000 0.000000 0.000000 
18
658.933838 147.330246 0.776479 
616.314209 154.619614 0.825271 
619.241211 163.435440 0.811669 
626.529480 211.960999 0.833563 
651.606079 182.613983 0.912744 
610.392395 145.780579 0.662274 
627.956299 170.887665 0.148918 
0.000000 0.000000 0.000000 
604.553955 242.883255 0.769744 
594.253662 300.217072 0.813240 
586.864136 356.031738 0.776680 
589.809021 238.451797 0.665928 
591.234314 298.672302 0.718608 
582.483215 345.712006 0.611879 
661.811646 144.289001 0.829126 
0.000000 0.000000 0.000000 
648.643494 135.520721 0.964276 
0.000000 0.000000 0.000000 
18
660.367798 147.289078 0.813655 
617.769531 156.088028 0.855230 
622.185364 164.908081 0.751974 
622.155273 209.063904 0.794460 
653.084412 184.083023 0.824210 
611.870789 144.353165 0.643991 
627.986938 181.104630 0.109119 
653.042175 173.755859 0.443628 
605.971680 245.762192 0.759210 
594.258728 300.230804 0.830953 
586.861328 356.042114 0.795882 
594.207642 241.335922 0.669742 
592.691284 298.745819 0.723717 
582.462402 345.715271 0.617616 
661.810364 142.839630 0.824133 
0.000000 0.000000 0.000000 
647.174438 135.479111 0.938108 
0.000000 0.000000 0.000000 
18
660.398804 145.844025 0.721569 
617.728821 157.520004 0.850242 
623.664246 163.428101 0.705511 
625.095642 209.037582 0.781198 
656.005249 182.569733 0.794529 
607.449768 147.319733 0.635154 
627.968750 182.583191 0.108052 
0.000000 0.000000 0.000000 
605.989136 242.843262 0.765340 
594.306946 300.195282 0.833426 
586.877808 356.025665 0.783474 
592.742798 239.844849 0.689905 
592.691040 298.677246 0.722817 
582.486389 345.731873 0.627429 
660.421631 138.474411 0.766978 
0.000000 0.000000 0.000000 
645.700989 134.092987 0.921007 
0.000000 0.000000 0.000000 
18
654.559082 145.799469 0.677985 
616.303162 157.518326 0.859515 
626.579041 160.504410 0.713101 
628.006042 207.595947 0.807572 
653.109497 179.600952 0.910950 
604.531982 150.237259 0.708591 
611.870239 192.793304 0.077738 
0.000000 0.000000 0.000000 
605.979858 241.341431 0.782936 
597.149475 298.729248 0.803628 
586.867676 355.995697 0.789670 
592.734985 236.977814 0.684343 
592.729309 295.740173 0.712570 
579.534668 342.829346 0.667615 
655.981934 137.011734 0.712590 
0.000000 0.000000 0.000000 
642.809387 134.012695 0.933193 
0.000000 0.000000 0.000000 
18
656.000000 142.848114 0.548921 
616.284546 157.517639 0.679148 
614.822754 161.983780 0.755006 
628.094727 210.476532 0.839437 
654.519714 178.150879 0.917088 
608.969177 150.202927 0.381399 
0.000000 0.000000 0.000000 
0.000000 0.000000 0.000000 
604.536133 241.391373 0.739298 
595.750732 300.150085 0.812539 
588.330017 354.606995 0.783064 
597.202271 239.910385 0.573417 
592.782654 298.644501 0.725821 
580.974121 344.274475 0.668467 
654.567871 135.461029 0.690266 
0.000000 0.000000 0.000000 
641.338501 133.967438 0.932645 
0.000000 0.000000 0.000000 
18
655.977173 138.460068 0.663131 
616.295776 156.123276 0.725215 
617.789856 163.444885 0.819011 
626.578186 210.518860 0.835219 
653.014954 179.610291 0.949838 
608.936707 148.756760 0.442340 
0.000000 0.000000 0.000000 
0.000000 0.000000 0.000000 
604.575745 242.841690 0.757025 
597.180115 300.194427 0.804717 
586.909607 356.001068 0.786142 
594.234375 239.928406 0.624933 
592.715820 298.655884 0.757115 
581.004272 344.306976 0.672869 
653.082947 134.016022 0.787495 
0.000000 0.000000 0.000000 
639.856689 132.513123 0.907204 
0.000000 0.000000 0.000000 
18
654.527832 142.834366 0.769321 
613.362732 157.571548 0.833416 
620.691589 161.986694 0.826752 
617.839233 210.517334 0.864703 
651.596252 184.062820 0.914524 
603.069458 153.142181 0.651745 
605.970459 194.284531 0.069435 
0.000000 0.000000 0.000000 
606.045471 244.309341 0.739962 
598.619934 300.221008 0.811185 
586.901489 356.020721 0.789894 
592.780945 239.919464 0.730558 
592.684570 298.681549 0.768450 
581.017700 345.712799 0.664783 
653.107239 134.091797 0.900852 
0.000000 0.000000 0.000000 
639.828979 131.113724 0.921693 
0.000000 0.000000 0.000000 
18
652.994080 138.431702 0.767658 
611.858398 157.557785 0.808527 
617.824463 161.992111 0.871192 
616.254456 213.430527 0.873458 
645.703369 192.847961 0.865732 
604.469421 151.683411 0.673517 
614.811768 192.847748 0.109979 
0.000000 0.000000 0.000000 
606.018433 245.760468 0.735471 
598.655396 300.223755 0.795900 
586.904480 356.006622 0.781104 
592.776733 239.950806 0.706455 
592.684753 298.678345 0.779631 
581.003113 345.695679 0.671520 
651.616455 133.986572 0.868221 
0.000000 0.000000 0.000000 
639.776367 129.627060 0.905963 
0.000000 0.000000 0.000000 
18
651.605652 135.496078 0.837573 
614.766785 156.059692 0.800724 
619.206909 161.981552 0.847069 
608.922913 211.989441 0.810153 
641.336182 204.544159 0.901926 
604.543945 147.297012 0.666274 
626.498535 170.865784 0.063738 
0.000000 0.000000 0.000000 
604.582092 241.329544 0.743568 
601.569824 300.131927 0.809960 
588.333008 354.606598 0.780748 
591.277588 236.957169 0.643739 
591.293640 295.748199 0.732456 
580.975647 344.266022 0.661456 
651.507141 131.079819 0.839863 
0.000000 0.000000 0.000000 
638.292847 129.630066 0.857081 
0.000000 0.000000 0.000000 
18
651.589111 135.469833 0.893169 
614.775330 156.103745 0.789942 
619.220032 161.957367 0.836349 
604.479492 213.402359 0.784219 
639.745178 214.911194 0.900686 
604.502502 148.753403 0.653059 
616.208069 194.301575 0.098059 
633.917847 191.402435 0.295531 
605.968445 241.391281 0.739436 
601.558167 300.197723 0.817575 
586.909119 356.039825 0.806471 
592.697876 238.453323 0.659017 
591.261658 297.204041 0.756002 
580.953796 344.262146 0.661518 
650.122986 129.620529 0.862280 
0.000000 0.000000 0.000000 
636.875610 128.148285 0.850315 
0.000000 0.000000 0.000000 
18
651.575623 134.087082 0.938689 
613.347351 156.072144 0.772205 
617.763672 161.995422 0.883032 
604.469727 214.851379 0.846105 
633.949951 223.702255 0.884957 
604.501526 147.260666 0.620974 
614.773193 192.845505 0.078001 
0.000000 0.000000 0.000000 
604.530945 242.822861 0.742106 
598.664368 300.206604 0.809818 
586.904053 356.056732 0.801982 
591.306091 239.888397 0.638334 
591.313293 297.187408 0.742914 
579.535095 342.809052 0.671022 
650.083374 126.734001 0.870253 
0.000000 0.000000 0.000000 
632.501892 126.695534 0.845695 
0.000000 0.000000 0.000000 
18
651.553101 133.969315 0.892044 
611.879517 157.546967 0.789805 
617.755859 163.458206 0.883870 
604.477783 214.915512 0.844765 
631.005859 228.130539 0.948006 
604.478394 150.201645 0.623253 
614.761902 194.356552 0.074561 
0.000000 0.000000 0.000000 
604.542969 244.337982 0.736620 
597.190491 301.662964 0.804338 
586.906067 356.054016 0.798387 
591.302734 241.370880 0.642819 
591.248657 298.661377 0.770868 
580.975464 344.259521 0.670743 
650.063293 125.205101 0.885345 
0.000000 0.000000 0.000000 
632.442322 125.246147 0.879512 
0.000000 0.000000 0.000000 
18
650.131653 132.583771 0.872598 
610.422424 157.563812 0.768785 
617.707581 162.011185 0.887298 
604.496094 216.335846 0.892719 
631.017090 229.601257 0.971953 
603.018005 150.224258 0.578554 
0.000000 0.000000 0.000000 
0.000000 0.000000 0.000000 
604.565796 245.794098 0.730409 
595.719421 301.675598 0.797384 
586.887085 356.055481 0.788191 
591.308594 241.388382 0.611028 
591.295532 298.706055 0.717724 
581.018433 344.250092 0.633805 
648.604309 123.820816 0.878905 
0.000000 0.000000 0.000000 
631.017334 125.218277 0.913934 
0.000000 0.000000 0.000000 
18
648.638855 132.518539 0.848957 
608.938049 157.516785 0.812780 
617.727234 161.991531 0.886351 
604.541199 216.394165 0.903073 
633.906799 229.690918 0.928880 
597.218445 147.334961 0.634907 
0.000000 0.000000 0.000000 
0.000000 0.000000 0.000000 
603.057312 242.868958 0.706711 
595.677917 300.245331 0.801255 
586.886047 356.041656 0.778670 
586.877502 239.902771 0.621423 
591.307739 298.686218 0.704278 
581.029968 344.271301 0.635311 
644.251953 123.785286 0.888078 
0.000000 0.000000 0.000000 
629.575806 125.224243 0.924181 
0.000000 0.000000 0.000000 
18
647.146118 132.516159 0.876799 
607.440979 157.510330 0.821306 
616.283997 163.430374 0.884607 
606.007141 216.323807 0.879007 
635.405090 232.587448 0.867662 
595.734436 147.303574 0.644157 
0.000000 0.000000 0.000000 
0.000000 0.000000 0.000000 
603.071350 244.336426 0.701193 
594.274719 300.240356 0.798494 
586.880737 356.038300 0.770825 
589.813477 241.339020 0.610938 
591.308716 298.693085 0.686954 
581.025146 344.263031 0.610031 
642.746338 123.780418 0.924744 
0.000000 0.000000 0.000000 
629.459839 125.248146 0.930580 
0.000000 0.000000 0.000000 
