29
1
18
523.658997 161.996780 0.920561 
519.252014 182.531021 0.912873 
486.841400 182.514175 0.935002 
476.640564 239.862869 0.936648 
478.059540 278.165527 0.915247 
550.110229 182.587128 0.886126 
558.927490 235.491913 0.893595 
560.467712 285.419617 0.891640 
500.151154 275.213226 0.790834 
500.216003 333.970642 0.887298 
500.102997 382.501678 0.914898 
536.898804 275.229767 0.804592 
532.475159 333.999146 0.894351 
533.919312 382.565430 0.882387 
516.327637 156.120453 0.888879 
531.039368 157.512100 0.926371 
501.670929 147.299911 0.900645 
535.505615 147.287994 0.358492 
18
523.744629 162.010330 0.908730 
520.701843 182.535614 0.927684 
486.902191 182.525528 0.947469 
476.690582 238.458847 0.898841 
476.686584 276.736969 0.918192 
551.584412 182.573090 0.872843 
558.978638 236.925568 0.886539 
560.478271 285.422028 0.879430 
500.203796 275.210052 0.773192 
500.218750 333.964478 0.881892 
500.106476 382.492462 0.914155 
536.918762 276.609650 0.795392 
532.498779 333.971313 0.881764 
533.907654 382.555939 0.877195 
519.269775 157.487915 0.902744 
532.506348 157.512924 0.959118 
503.105591 147.301376 0.895489 
535.516113 147.204269 0.240548 
18
525.105713 161.981430 0.903569 
522.111084 182.526093 0.940514 
486.948822 182.502502 0.948227 
478.078583 238.384872 0.864587 
478.071442 276.698608 0.911316 
553.063721 182.588577 0.866476 
559.001953 236.926132 0.880433 
561.886108 285.487488 0.879166 
501.604614 275.169525 0.763813 
501.596039 333.983521 0.878958 
500.113739 382.499481 0.918537 
536.957214 275.200836 0.773502 
533.876465 333.953705 0.879815 
533.908508 382.551849 0.874184 
520.674072 156.123749 0.899807 
533.875000 157.510117 0.963777 
504.564056 147.322998 0.880631 
536.890320 147.295410 0.288288 
18
525.148926 161.964523 0.893726 
522.134644 182.532852 0.941988 
486.956329 182.502106 0.946360 
478.078857 238.453659 0.884646 
478.076111 276.737518 0.893206 
554.527405 182.590988 0.872614 
559.000427 236.938187 0.877614 
561.909973 285.493835 0.882422 
501.589752 275.183960 0.760942 
501.618500 333.984833 0.870863 
500.101471 382.503235 0.913836 
536.956055 275.215149 0.777686 
533.881165 333.956696 0.892518 
533.907288 382.569519 0.874619 
520.725037 156.108673 0.913799 
533.916321 157.502563 0.975285 
506.019104 147.319717 0.884505 
536.947510 147.278320 0.243034 
18
525.189941 160.566452 0.878297 
522.173096 182.526001 0.947831 
488.330597 181.160065 0.947067 
478.108002 236.972412 0.855147 
478.062988 276.698883 0.900596 
555.972229 182.581680 0.880075 
559.018738 236.944565 0.879910 
563.339050 286.882446 0.877273 
501.590424 275.177460 0.768901 
501.623169 333.981750 0.871871 
500.106476 382.496368 0.911086 
536.955994 275.218750 0.779550 
533.886414 333.947144 0.886627 
533.904602 382.559540 0.874436 
522.115234 156.116776 0.918406 
533.943604 157.497086 0.978776 
507.485962 148.719727 0.879608 
539.836975 148.719986 0.323396 
18
526.598022 160.571991 0.868954 
522.189819 182.525665 0.944228 
488.352203 181.154526 0.950805 
478.087738 231.132263 0.865585 
478.079010 276.679047 0.924386 
555.975586 182.583969 0.867685 
560.481079 231.108505 0.856071 
560.403992 285.423676 0.872054 
501.608154 275.199860 0.778831 
501.614288 333.971649 0.872505 
500.109619 382.475098 0.913324 
538.373413 276.613464 0.778662 
532.497742 333.937927 0.868393 
533.905945 382.546509 0.875965 
522.130737 156.122345 0.921884 
533.964050 157.498611 0.981425 
508.907013 148.717117 0.889986 
541.308899 148.749344 0.386873 
18
528.080078 161.962036 0.848463 
522.212219 182.519638 0.949466 
488.360474 181.158707 0.946226 
476.610931 231.052094 0.911042 
482.497772 276.649292 0.906084 
555.984009 182.562057 0.865793 
567.711731 228.200516 0.897961 
558.881714 275.160583 0.958820 
501.630707 275.195496 0.779902 
501.632477 333.946808 0.860659 
500.110779 382.533356 0.907603 
538.373901 275.211945 0.766133 
532.453796 332.542603 0.846037 
533.905273 382.521759 0.885898 
522.190857 157.483749 0.936350 
534.011292 157.508591 0.979437 
508.958588 148.739853 0.905252 
542.763123 148.758911 0.306762 
18
531.013733 163.442780 0.836047 
522.243530 182.497330 0.949676 
488.406403 181.148483 0.941095 
476.561371 229.600174 0.947692 
486.914093 275.180450 0.978884 
556.000671 182.518158 0.858014 
569.265503 228.071091 0.918699 
553.091492 264.877838 0.841407 
501.654938 275.193726 0.759550 
501.621368 333.934784 0.874097 
500.118988 382.490814 0.909052 
536.956787 275.223419 0.756885 
531.028198 332.554871 0.850469 
533.903259 382.495239 0.884313 
523.608093 157.532242 0.970282 
535.428040 157.541367 0.966754 
510.377808 148.754272 0.934880 
544.270630 148.724945 0.236218 
18
531.005981 166.366501 0.852921 
523.682495 182.512543 0.927539 
489.831726 181.094513 0.912933 
475.166534 228.101944 0.940224 
489.822327 267.820465 0.870443 
557.489075 182.603165 0.859103 
570.753845 226.665207 0.921323 
547.187622 254.597656 0.879632 
501.633820 273.692902 0.732024 
501.606415 332.530029 0.868707 
500.116516 382.471924 0.904232 
536.923889 275.136536 0.760185 
529.548096 331.067535 0.833464 
533.896973 382.481812 0.878667 
523.603027 157.576004 0.978369 
535.431458 157.613586 0.966523 
510.431061 148.762344 0.940599 
545.672607 150.240417 0.333020 
18
530.990295 167.863937 0.881171 
523.715637 182.529068 0.924060 
489.869049 181.103378 0.912090 
475.136658 228.095413 0.945463 
497.196960 264.856445 0.910480 
557.532410 184.008774 0.852075 
572.210083 228.086975 0.925757 
545.682617 250.175751 0.852065 
501.594055 273.737457 0.745894 
501.598694 332.492188 0.858676 
500.104309 382.466705 0.913228 
536.913940 275.207703 0.786800 
531.023804 331.055176 0.835833 
533.897766 382.488251 0.873702 
523.616516 158.995789 0.972783 
535.450378 159.056198 0.955212 
510.477509 150.223251 0.914507 
545.708008 154.609344 0.414547 
18
531.025879 169.341583 0.914709 
523.725342 182.548050 0.904432 
489.880310 181.113159 0.896031 
475.116241 228.161118 0.942365 
501.600464 261.917755 0.837171 
558.899353 184.028519 0.860569 
572.191589 229.607910 0.948179 
534.003784 247.256012 0.781243 
501.581696 270.799988 0.731733 
501.602325 331.031555 0.845003 
500.106049 381.107269 0.912681 
538.342163 273.737610 0.759401 
531.010010 328.147766 0.827471 
533.898987 382.484833 0.867816 
523.642700 159.128281 0.953121 
535.490845 160.561523 0.903509 
511.859467 156.045990 0.894201 
545.740967 157.540207 0.422059 
18
532.429749 172.328201 0.864570 
525.158752 184.010864 0.881220 
491.331482 182.524689 0.878675 
473.698151 228.186890 0.936844 
501.642975 256.076294 0.811570 
558.957092 186.951706 0.857311 
569.269287 231.145218 0.900074 
529.532166 247.227798 0.767312 
501.581512 270.792786 0.738273 
501.601837 329.578613 0.838328 
500.110687 381.090088 0.907755 
536.946350 273.686890 0.769007 
531.027649 329.611298 0.827437 
533.888977 382.473480 0.874688 
523.638428 167.829102 0.942818 
536.895264 167.860321 0.906062 
511.886536 157.629120 0.902391 
547.124329 159.050537 0.494084 
18
532.451111 181.048370 0.897445 
526.583069 185.537552 0.843032 
494.259491 184.044601 0.828137 
473.683777 229.563919 0.927392 
504.530823 254.592575 0.811006 
558.970825 189.923447 0.850685 
567.758545 234.011719 0.851456 
525.180176 247.266937 0.779252 
501.584656 270.770660 0.748053 
501.579224 328.120667 0.843621 
500.112488 382.472382 0.905497 
536.927307 273.672241 0.766584 
532.425354 328.148285 0.823878 
533.880127 382.477325 0.866740 
523.699585 170.822250 0.960547 
536.938354 170.888168 0.862097 
511.889160 160.571854 0.906714 
547.156860 164.899399 0.370385 
18
532.447266 188.461838 0.830567 
525.153198 191.362946 0.856566 
491.331329 191.338013 0.816557 
472.224030 229.651535 0.882757 
504.533569 254.600311 0.786039 
558.961975 192.785568 0.884401 
567.743958 236.942307 0.860136 
525.164368 248.737152 0.803943 
500.211029 273.668152 0.794311 
501.585876 328.127991 0.845196 
500.117767 382.473999 0.900822 
536.894043 275.122253 0.780075 
531.032288 326.688873 0.829926 
533.884766 382.476990 0.871057 
523.672791 181.116821 0.958664 
536.882507 181.107361 0.896247 
511.882507 169.384293 0.919251 
547.194336 169.387268 0.501401 
18
528.064880 197.261505 0.817805 
523.741516 194.378250 0.874529 
488.426208 195.781708 0.864404 
472.181458 234.031937 0.822158 
507.455933 254.618439 0.788753 
558.926331 194.363632 0.892854 
567.789673 238.371262 0.883933 
529.557556 250.205902 0.806203 
500.215179 273.738770 0.831429 
501.583557 328.138947 0.838557 
500.112305 382.517670 0.910336 
536.912903 275.146881 0.790997 
532.426270 326.675232 0.826780 
533.886414 382.480682 0.870377 
523.627441 192.801178 0.894925 
535.411560 192.824463 0.874332 
511.895691 179.592285 0.889236 
545.781799 181.151184 0.574742 
18
525.150635 207.581467 0.820157 
523.714783 201.678696 0.874945 
488.444183 201.672012 0.829989 
473.619659 238.446625 0.869359 
507.472992 253.173630 0.849228 
557.520386 203.137131 0.860756 
567.758911 239.894897 0.923922 
532.449707 250.208252 0.842041 
500.198578 273.729187 0.853072 
500.217926 325.239410 0.856076 
500.104340 382.470428 0.914271 
536.887756 275.146881 0.799732 
532.467041 326.638855 0.852095 
532.514465 382.460876 0.870256 
522.187134 203.162064 0.858132 
533.952148 204.558228 0.866752 
511.835266 188.463272 0.794876 
545.703796 192.834274 0.579538 
18
523.683777 217.887299 0.793951 
525.146912 206.104095 0.894609 
489.895111 204.610138 0.874696 
473.680145 239.880905 0.906791 
508.913391 254.659592 0.849351 
557.535828 209.057022 0.846951 
567.730164 241.356644 0.878051 
535.415771 253.134689 0.787069 
500.126556 273.711884 0.851032 
500.183502 323.783752 0.881203 
500.089020 382.474426 0.913088 
535.470215 275.155518 0.810770 
532.446899 325.169434 0.859078 
533.874023 381.102081 0.868362 
520.706665 214.876724 0.744019 
532.474915 214.903549 0.739668 
510.467987 198.758301 0.632603 
544.222229 204.600525 0.544976 
18
522.200378 226.678192 0.539944 
523.716614 210.486526 0.898671 
492.815277 206.081970 0.868721 
473.687195 239.837936 0.881401 
500.205414 254.636475 0.829811 
555.988647 216.335892 0.838931 
567.775513 241.412155 0.812090 
535.460876 254.637070 0.816099 
500.107635 273.724121 0.853341 
500.159210 325.148926 0.873572 
498.730560 382.458527 0.902232 
535.370544 275.200348 0.811119 
531.031250 325.154053 0.852801 
532.499695 381.103363 0.871158 
517.781677 219.354279 0.475382 
526.599182 219.325134 0.430378 
510.436676 211.954758 0.436232 
536.915466 214.845505 0.390355 
18
520.696045 239.813538 0.592083 
523.642029 217.823868 0.904486 
491.336609 214.878296 0.819357 
475.064026 239.831100 0.844688 
495.699310 253.201736 0.797534 
551.609924 220.820206 0.781115 
567.746277 241.397446 0.699999 
545.662109 254.629669 0.659762 
500.090332 275.130707 0.861588 
500.117462 325.169098 0.867033 
498.707123 381.104340 0.903952 
533.985596 275.199677 0.806572 
532.429016 325.153107 0.836712 
532.494019 381.095093 0.862122 
514.872742 229.703522 0.539266 
523.749023 231.151794 0.520219 
510.405212 219.324936 0.478712 
535.446716 226.666092 0.377331 
18
519.230774 247.237320 0.504841 
523.607300 226.692780 0.828010 
494.253326 219.332352 0.710993 
475.139069 236.984665 0.757247 
489.844208 254.574448 0.750777 
548.670166 231.071716 0.781966 
569.178955 250.206680 0.489299 
0.000000 0.000000 0.000000 
498.719971 275.160889 0.847923 
500.100403 325.199249 0.857382 
498.696930 381.056122 0.903621 
533.969482 276.641235 0.779557 
531.031006 325.170135 0.824057 
532.483887 381.104767 0.864820 
513.374695 239.960144 0.472295 
523.721558 241.416733 0.527411 
508.944183 228.119141 0.400365 
535.401001 236.925995 0.314034 
18
517.789734 250.205765 0.098973 
523.707703 225.170761 0.778740 
498.695374 217.839661 0.763815 
476.580475 236.968140 0.781327 
491.329041 253.144104 0.748079 
547.231384 229.613953 0.789906 
560.429016 250.212387 0.614005 
538.363647 253.176407 0.397319 
500.096283 273.716858 0.817224 
500.099945 323.785339 0.870061 
498.687317 381.047638 0.896521 
533.934143 275.141663 0.782926 
532.440979 325.152252 0.835545 
532.469849 381.102631 0.857116 
513.427490 241.384949 0.069965 
522.169312 247.286926 0.069785 
510.413879 220.802505 0.174114 
532.489197 238.387573 0.086084 
18
513.378479 250.154541 0.056424 
523.742615 228.104507 0.791992 
498.721008 219.332214 0.721084 
476.667847 238.438293 0.780950 
492.808838 253.146301 0.673395 
548.659363 231.101501 0.737331 
560.467224 251.644196 0.534981 
533.920044 256.060425 0.370159 
500.117462 273.678833 0.792649 
500.112671 323.761139 0.887109 
498.689026 381.008545 0.889650 
534.015320 273.677368 0.771810 
532.489014 323.743286 0.863842 
532.465576 381.095795 0.853860 
0.000000 0.000000 0.000000 
0.000000 0.000000 0.000000 
510.442413 223.732925 0.156476 
530.995300 238.437271 0.087763 
18
520.699036 263.401245 0.101076 
523.630920 231.063446 0.760424 
495.744904 228.144241 0.657449 
478.098022 241.334015 0.560807 
501.606354 253.164902 0.418066 
547.217285 235.484055 0.693792 
559.009766 254.596893 0.433127 
535.420532 261.906738 0.237801 
500.122375 272.229187 0.758462 
500.133911 323.746979 0.894088 
498.680481 381.004303 0.888239 
535.385498 272.226410 0.773120 
533.877441 323.743317 0.870788 
532.460083 381.106140 0.863729 
513.382751 253.225967 0.069697 
0.000000 0.000000 0.000000 
506.030823 229.623566 0.171189 
0.000000 0.000000 0.000000 
18
516.298218 263.319031 0.080951 
522.246582 234.031433 0.705358 
497.194122 229.593735 0.672762 
478.104858 245.760315 0.574720 
501.609619 260.453796 0.510613 
545.763611 239.920319 0.683714 
545.703003 264.942963 0.319478 
525.140625 264.849060 0.282037 
500.168549 272.244904 0.748774 
500.143524 323.741608 0.893416 
498.690948 381.051025 0.902153 
535.365601 272.253632 0.718758 
533.870300 323.789886 0.853920 
532.473633 381.101654 0.863075 
511.894653 253.222275 0.055182 
517.793640 259.004181 0.068135 
507.478607 229.630493 0.133234 
529.517456 241.353699 0.105464 
18
528.036072 264.938812 0.059476 
523.636841 238.456940 0.736086 
497.185120 231.122955 0.637794 
476.649231 250.151672 0.588189 
506.006226 263.386017 0.483505 
547.250793 241.329773 0.682249 
556.026367 263.445038 0.271721 
535.419678 264.884064 0.157328 
501.596619 273.721741 0.738596 
500.199127 325.195313 0.861182 
498.686554 381.105743 0.910757 
535.504150 273.731201 0.747350 
533.891174 325.207916 0.856165 
532.475708 382.469849 0.860500 
0.000000 0.000000 0.000000 
0.000000 0.000000 0.000000 
501.624878 238.440186 0.138073 
0.000000 0.000000 0.000000 
18
522.225708 275.146271 0.266081 
523.664001 241.405045 0.762386 
495.740326 235.486206 0.614990 
478.082764 251.691788 0.711035 
504.540344 264.875092 0.510031 
548.685974 245.792542 0.576176 
557.448059 283.988647 0.246083 
547.134583 311.932220 0.306272 
501.633942 273.723663 0.685721 
501.593475 325.203888 0.875580 
498.720154 381.098816 0.919203 
538.357178 275.163483 0.681670 
533.932617 326.631561 0.873208 
532.488586 382.489288 0.876171 
517.800781 270.757263 0.175711 
523.630005 266.395813 0.189764 
501.619659 251.652176 0.204171 
532.483582 261.894928 0.238637 
18
522.205078 276.723846 0.524266 
522.233521 250.195389 0.695730 
491.302979 245.813416 0.580908 
481.044312 253.183167 0.352156 
511.857147 273.666504 0.348330 
547.225220 253.145432 0.547299 
544.242188 278.152435 0.225978 
0.000000 0.000000 0.000000 
501.596344 272.244568 0.565781 
501.589691 326.647308 0.891246 
498.723969 381.104034 0.924665 
541.324646 273.714203 0.579422 
533.942810 326.658997 0.865056 
532.485291 382.561462 0.871027 
517.775818 275.135712 0.410802 
523.660828 275.126801 0.423099 
504.567169 263.437744 0.414877 
532.483704 264.863159 0.359690 
18
522.146667 278.156860 0.397570 
523.683411 250.159119 0.738398 
492.811981 245.805313 0.578279 
488.363129 263.393860 0.308136 
511.977875 275.255402 0.434662 
553.035767 251.666626 0.577813 
542.790588 276.751221 0.223937 
0.000000 0.000000 0.000000 
500.201660 272.251831 0.544352 
501.590942 326.675873 0.884545 
498.719482 381.105072 0.924131 
541.299072 275.150970 0.586549 
533.955078 326.681274 0.873298 
532.479736 382.566132 0.868990 
513.421448 275.223328 0.288885 
522.230652 275.233337 0.347114 
501.637482 263.371826 0.300239 
532.486084 264.901367 0.309440 
18
522.133545 279.638947 0.255256 
523.689026 251.683182 0.712130 
497.177368 251.683395 0.589153 
498.624725 272.252289 0.287605 
514.853088 276.699341 0.495093 
550.124451 254.577637 0.509664 
539.833130 279.623444 0.265915 
535.391113 283.998047 0.082568 
500.188110 267.857239 0.492229 
501.601685 326.677368 0.874013 
498.728455 382.462494 0.910122 
539.844299 272.235565 0.547385 
533.951965 328.112701 0.853913 
532.463928 382.570679 0.861248 
514.848389 276.701935 0.173666 
0.000000 0.000000 0.000000 
501.671387 263.464722 0.239373 
0.000000 0.000000 0.000000 
18
520.699524 285.408325 0.137595 
522.229797 253.203873 0.644674 
497.145447 253.168411 0.531577 
498.656616 275.218811 0.261750 
0.000000 0.000000 0.000000 
545.734436 263.381317 0.478853 
536.934753 285.435333 0.134077 
0.000000 0.000000 0.000000 
500.137421 264.919525 0.464853 
501.586243 326.673767 0.858501 
498.725220 382.503723 0.899037 
538.379333 269.294189 0.517266 
533.989563 328.106323 0.845112 
532.463135 382.580597 0.843743 
0.000000 0.000000 0.000000 
0.000000 0.000000 0.000000 
500.214020 264.887634 0.203277 
0.000000 0.000000 0.000000 
