37
1
18
528.065063 156.116638 0.895644 
523.697632 184.041229 0.931860 
500.169586 182.525665 0.946810 
495.722595 225.215820 0.832550 
497.186035 259.026520 0.821838 
547.243958 189.877228 0.854144 
550.150330 229.574371 0.890447 
550.117310 263.385376 0.936368 
508.978943 256.062286 0.793757 
510.367249 301.707336 0.838515 
507.493469 345.752045 0.829567 
535.431641 257.536224 0.817183 
532.460571 301.712952 0.831252 
532.469421 345.703644 0.854741 
523.624573 147.348862 0.963208 
534.023621 148.771866 0.932600 
514.823364 150.218124 0.789717 
544.196960 154.649704 0.782267 
18
526.621460 156.124771 0.907695 
523.665771 184.077148 0.924822 
500.141785 182.548035 0.955275 
497.184021 226.652298 0.856361 
498.630371 260.446838 0.830599 
547.210571 189.934189 0.873941 
550.136963 229.587631 0.897195 
548.671936 263.416443 0.954711 
510.352264 256.074951 0.782180 
510.370392 301.676270 0.850794 
507.486420 345.731720 0.826395 
535.435669 257.542847 0.805400 
532.458740 301.695221 0.830404 
532.461792 345.697357 0.850662 
522.260315 147.355377 0.966363 
534.000366 148.776764 0.937099 
513.390747 150.247238 0.796152 
542.796997 156.049591 0.779858 
18
525.193970 156.112427 0.912057 
523.665710 184.072205 0.928277 
500.141022 182.552170 0.956905 
498.586212 225.216644 0.841997 
498.678436 257.549683 0.827253 
547.211548 189.934067 0.872207 
550.110168 229.628082 0.893151 
547.255249 263.449463 0.967645 
510.352234 256.069763 0.783353 
510.379547 301.683594 0.862925 
507.491180 345.740662 0.830862 
535.410950 257.528442 0.800119 
532.441956 301.699432 0.805990 
532.460999 345.704712 0.847589 
522.213989 147.357239 0.960001 
533.955017 148.762085 0.934109 
513.359558 151.660309 0.785020 
542.739441 154.635300 0.753286 
18
525.167847 156.097610 0.914929 
523.658997 184.071747 0.925094 
500.134918 182.545578 0.955674 
497.190094 225.220734 0.838501 
498.680847 256.086243 0.842109 
547.201477 191.323517 0.875837 
548.682739 229.657394 0.898202 
547.203308 263.484589 0.984081 
508.962463 256.080811 0.773132 
510.368500 301.708527 0.853996 
507.493652 345.727264 0.826512 
535.360474 257.548462 0.793197 
531.025452 303.136200 0.790064 
532.461609 345.730560 0.856130 
522.192566 147.345871 0.956652 
533.930969 148.736084 0.933377 
513.346619 150.232880 0.778278 
541.330261 153.175842 0.761613 
18
525.132690 156.090897 0.924137 
523.655090 184.082520 0.922662 
500.138916 182.556717 0.950859 
497.199615 225.212936 0.837020 
498.641296 259.020050 0.836637 
547.193542 191.322876 0.880290 
548.675110 229.651443 0.900550 
547.151794 263.458771 0.981820 
508.971649 257.545044 0.762829 
510.362518 303.101563 0.848970 
507.486176 345.736237 0.825971 
535.373779 259.001282 0.785185 
532.425293 303.152985 0.796760 
532.463318 345.697937 0.843589 
522.159851 147.346848 0.945684 
533.900452 148.729385 0.928353 
511.957642 150.233978 0.793930 
541.309631 153.175049 0.787549 
18
523.755127 156.080490 0.930623 
523.646729 184.055206 0.926121 
500.127533 182.542938 0.952777 
497.185028 225.192215 0.832079 
497.176514 260.456238 0.813008 
547.179688 189.895370 0.871859 
548.718262 229.619568 0.880645 
547.238281 263.459106 0.963693 
508.950958 254.649689 0.783909 
510.364594 303.099945 0.850993 
507.492615 345.722809 0.828492 
535.391968 256.098663 0.803803 
532.432129 303.153442 0.800072 
532.455505 345.699005 0.845489 
522.130920 147.346024 0.934468 
532.511780 148.721329 0.912747 
511.938538 150.227478 0.785986 
539.833191 153.139694 0.764713 
18
523.725098 156.085617 0.941296 
523.618042 184.055725 0.922301 
500.119476 182.562866 0.947336 
495.732513 225.188950 0.812665 
489.888062 256.096344 0.833616 
547.135803 189.881424 0.875161 
554.517334 228.169159 0.874427 
556.011719 263.420807 0.936277 
508.926239 253.198807 0.809150 
510.352600 300.263550 0.884632 
507.492523 345.688904 0.819593 
535.370789 254.633148 0.836706 
531.029419 301.691284 0.811600 
532.462646 345.712250 0.843095 
520.738037 147.357285 0.916224 
532.474365 148.732269 0.911566 
511.887512 150.255310 0.799170 
538.355469 153.150009 0.755653 
18
523.685608 156.097000 0.956577 
522.237671 182.631516 0.927647 
498.711334 182.590134 0.931856 
492.806030 226.648697 0.823669 
488.363708 254.612915 0.898086 
545.763855 184.044907 0.885555 
557.470337 223.726135 0.868664 
559.028076 260.452026 0.878438 
508.916992 253.160034 0.805258 
508.968353 300.237488 0.865855 
507.471649 345.693085 0.820100 
535.447876 253.167816 0.843736 
531.028076 300.248322 0.832190 
532.454651 345.695404 0.838483 
520.700073 147.365585 0.907006 
531.036865 148.750763 0.891107 
510.486603 150.253021 0.818519 
536.884888 153.133987 0.733995 
18
523.676331 156.115036 0.960342 
522.235901 182.611923 0.949334 
498.660217 182.577454 0.945251 
491.296295 226.621964 0.838309 
486.918945 253.209564 0.913028 
547.129150 184.016983 0.903153 
561.895996 216.306366 0.857791 
566.309387 239.907806 0.812066 
507.472626 253.139496 0.800050 
508.985107 300.189423 0.878117 
507.478912 345.694763 0.815699 
535.396301 253.097260 0.866099 
532.443420 300.193024 0.824036 
532.449524 345.691803 0.839474 
520.693726 148.727402 0.904009 
531.017151 148.777557 0.883321 
510.472595 150.231598 0.820618 
535.498840 153.158569 0.719284 
18
523.699585 156.113495 0.957135 
523.601379 182.572128 0.966470 
498.664917 182.551483 0.950142 
489.879639 223.728394 0.828004 
486.908020 253.102768 0.921919 
547.178772 182.581635 0.920638 
563.349304 210.497650 0.783601 
569.247375 200.198502 0.582530 
507.455170 253.095444 0.810482 
508.974182 300.170898 0.878282 
507.471405 344.319550 0.812861 
535.438232 251.714264 0.861268 
532.429871 300.202667 0.843883 
532.447083 345.691223 0.844587 
520.710999 148.735672 0.903447 
531.039978 148.771500 0.896010 
510.476685 151.670517 0.822809 
535.495911 153.131790 0.661468 
18
523.677185 156.123337 0.961501 
522.214783 181.096054 0.931753 
498.665741 182.504868 0.931714 
489.863647 223.705490 0.829551 
486.925507 253.128265 0.939939 
545.705444 181.024490 0.884199 
567.733154 194.331818 0.840576 
558.938538 172.310486 0.720303 
507.453644 251.686859 0.797346 
508.966278 300.159851 0.881509 
507.474823 345.684509 0.802143 
535.420532 251.640594 0.842655 
531.029419 300.140564 0.850247 
532.453979 344.315216 0.842601 
520.698792 148.731308 0.909042 
531.038696 148.782013 0.901882 
510.481506 150.233398 0.820969 
536.899597 153.154846 0.711440 
18
523.669922 157.486252 0.967886 
522.171570 181.102570 0.935695 
498.669006 181.158127 0.942679 
489.880920 222.251236 0.850980 
486.933929 253.166275 0.935881 
544.223450 181.066605 0.902206 
566.296509 185.487671 0.841399 
558.943848 163.431519 0.934958 
507.465515 251.679138 0.801415 
508.941010 300.180664 0.876512 
507.464539 345.703430 0.808923 
535.384766 251.612839 0.849637 
531.001160 300.141998 0.850010 
532.449707 345.699432 0.849553 
520.712708 148.761627 0.913069 
530.975464 150.204941 0.880241 
510.478088 151.667572 0.808667 
535.462830 154.633911 0.680842 
18
523.638367 156.112076 0.966295 
522.131775 182.501953 0.947813 
498.670715 182.528030 0.936527 
489.846954 220.811081 0.842602 
488.329712 253.214279 0.912318 
542.778076 181.127945 0.906883 
561.864136 178.136810 0.818201 
558.893799 156.109222 0.949735 
507.462280 253.112625 0.794417 
508.937195 300.207550 0.876812 
507.466339 345.703033 0.813838 
535.370972 251.680435 0.848878 
530.991638 300.161316 0.846070 
532.455444 345.735138 0.866349 
520.703979 148.721207 0.921412 
530.983704 150.195877 0.882746 
510.462097 151.661133 0.793184 
535.476318 156.091583 0.721105 
18
523.603699 157.489777 0.959095 
520.749634 181.130829 0.915115 
498.669495 182.510956 0.928927 
489.877533 223.706070 0.828464 
488.381134 256.086884 0.878290 
541.281433 181.085999 0.851517 
559.033325 176.700729 0.846921 
548.692322 148.790405 0.932344 
507.505371 253.130890 0.801963 
508.961731 300.247833 0.867996 
507.483093 345.727661 0.821872 
535.387817 251.688705 0.842839 
531.002380 300.192932 0.847992 
532.471863 345.716064 0.862073 
520.663208 148.744553 0.890647 
528.102478 150.225708 0.846082 
510.445740 150.235428 0.794055 
535.451782 156.074371 0.704476 
18
522.251465 157.484344 0.972431 
520.712158 182.505859 0.909287 
498.642944 182.570923 0.930056 
489.894196 226.624664 0.841932 
488.401459 257.573700 0.871948 
539.829468 181.084869 0.836619 
558.987000 178.164566 0.859858 
545.740845 147.315552 1.046266 
508.913574 253.154526 0.815234 
508.967133 301.639252 0.866846 
507.497101 345.736237 0.828011 
535.389587 251.685944 0.843927 
531.005554 300.192352 0.846846 
532.463196 345.732605 0.862277 
519.250732 148.746017 0.902124 
526.607117 150.209656 0.846420 
510.423401 151.713318 0.801223 
535.364136 156.123993 0.588320 
18
522.235229 156.123718 0.971158 
520.749451 182.501358 0.933612 
498.642487 182.603210 0.923652 
489.885498 226.668015 0.852651 
488.387970 258.986633 0.875388 
542.738831 181.044983 0.853807 
558.956543 178.121521 0.838526 
545.740845 150.199905 0.955329 
508.929443 253.158676 0.824299 
508.964966 301.632477 0.865931 
507.499756 345.707672 0.824598 
535.420532 251.684845 0.847504 
531.012573 300.198120 0.851067 
532.455505 345.722778 0.863153 
517.802673 147.360458 0.906104 
526.583069 148.794708 0.867488 
510.370972 150.247314 0.765006 
535.367126 156.121277 0.568487 
18
522.197998 157.479965 0.970936 
520.712830 181.155609 0.918886 
498.614746 182.605057 0.914504 
489.875610 226.684647 0.857349 
488.384308 258.989716 0.871117 
541.288574 181.032089 0.841131 
558.995178 179.593140 0.850888 
547.116699 153.140320 0.938127 
507.507385 253.164612 0.816580 
508.951416 301.641846 0.860581 
507.486450 345.713623 0.824344 
535.388672 251.680206 0.843159 
531.001526 300.195557 0.848755 
532.455688 345.729736 0.861234 
516.304077 147.351181 0.922509 
525.173096 148.770294 0.898934 
508.975037 150.210297 0.752720 
534.018982 156.062637 0.554729 
18
522.188232 156.125854 0.962444 
520.690369 181.121292 0.908240 
497.221466 182.603592 0.904530 
489.887329 226.658493 0.843510 
488.361725 257.538879 0.876951 
539.847595 179.584885 0.831288 
559.026917 181.121231 0.910107 
547.142029 156.082825 0.987622 
507.511627 253.148621 0.809482 
508.943909 301.633606 0.853527 
507.497650 345.697845 0.819678 
535.401733 251.660416 0.844328 
531.011230 300.188141 0.849207 
532.456116 345.716187 0.860960 
516.296143 148.737854 0.903559 
525.121277 148.765121 0.913019 
508.960693 151.676331 0.754050 
533.941040 153.158249 0.494353 
18
522.170044 156.125000 0.942649 
520.712830 181.131256 0.892994 
497.210999 182.604202 0.893259 
489.844818 225.197769 0.840956 
488.351135 254.640457 0.900849 
541.332458 179.609528 0.795172 
561.895081 181.140747 0.874347 
545.658875 154.589127 0.956526 
507.460388 253.100739 0.798834 
508.913391 300.174103 0.872150 
507.505005 344.301025 0.811964 
535.376160 251.631149 0.838627 
531.008606 300.139801 0.852406 
532.452698 345.698212 0.852505 
514.870728 148.732483 0.883842 
525.122009 148.765793 0.885387 
508.966461 150.226868 0.761048 
533.957947 153.135345 0.578175 
18
522.148193 156.105469 0.930460 
520.730347 181.118958 0.913191 
498.596466 182.566559 0.921097 
488.445068 223.713516 0.849337 
488.321289 254.592697 0.916406 
542.746155 179.632507 0.835546 
563.363708 181.067825 0.875740 
545.631165 156.126694 0.973492 
506.023102 251.704895 0.791490 
508.916199 300.181915 0.871486 
507.485657 344.307037 0.809267 
535.368896 251.613739 0.843526 
530.990967 300.143341 0.849651 
532.431946 345.699188 0.848276 
514.840332 148.727997 0.893129 
523.729004 148.754257 0.911185 
508.973206 150.246765 0.763769 
533.945190 151.694702 0.541078 
18
522.121704 157.485550 0.949143 
520.719116 181.155823 0.917693 
497.217224 182.594604 0.910958 
488.425995 225.167877 0.862658 
486.976318 254.599747 0.920659 
542.739075 181.048233 0.848177 
561.915527 181.102173 0.860906 
547.141663 156.059280 0.972258 
506.012024 253.095108 0.793423 
507.514679 300.193359 0.871258 
507.486145 344.302307 0.810886 
534.015198 251.630188 0.838584 
530.973755 300.166656 0.847948 
532.434326 345.721771 0.855730 
513.430847 148.718491 0.925452 
523.746948 148.771439 0.915385 
508.972687 150.228149 0.728121 
533.964478 153.170639 0.606625 
18
522.122437 157.493591 0.947335 
520.718994 181.141006 0.912127 
497.192078 182.591141 0.901967 
488.428284 223.727188 0.857017 
486.975586 254.599121 0.917470 
542.746033 181.027084 0.823415 
561.906372 181.145844 0.869746 
547.213379 157.567139 1.028369 
506.020203 251.708817 0.788935 
508.901978 300.196289 0.869307 
507.466431 344.299500 0.804432 
534.015442 251.604370 0.828163 
530.971619 300.136780 0.847917 
532.431763 345.722839 0.853858 
513.428711 148.726440 0.924311 
523.739685 148.789597 0.912630 
508.958496 150.227875 0.748357 
533.935608 153.185913 0.613870 
18
522.152405 156.110306 0.923841 
520.686646 181.116364 0.914844 
497.183075 182.544022 0.915703 
488.417572 222.264130 0.861077 
486.966339 254.584152 0.916706 
541.289551 181.015701 0.857462 
561.898499 184.010178 0.877245 
547.262573 159.068085 1.016430 
506.000671 251.679291 0.784321 
507.513824 300.185272 0.865390 
507.488800 344.303619 0.812484 
534.007690 250.211517 0.824206 
530.978455 298.776764 0.846678 
532.440247 345.702393 0.849661 
513.430054 148.716858 0.911085 
525.125366 148.770874 0.909862 
508.940033 150.234512 0.764529 
533.975708 151.721436 0.612064 
18
520.747192 156.124756 0.895714 
520.673889 181.104691 0.900415 
497.182007 182.547424 0.902425 
488.400604 222.244720 0.873258 
486.967957 253.216278 0.917937 
539.857178 179.647827 0.824225 
563.345947 182.588684 0.876016 
545.762817 159.021210 1.056135 
504.544312 251.663696 0.782048 
507.510956 300.173462 0.869757 
507.479767 344.310791 0.811334 
533.967224 250.191940 0.818292 
529.556763 298.774933 0.851975 
532.445679 345.733063 0.861262 
513.395752 148.724197 0.908678 
523.693542 148.769043 0.906043 
508.931915 150.229446 0.765806 
533.899292 150.255600 0.642955 
18
522.109436 157.531906 0.925232 
520.689453 182.509903 0.908397 
497.175354 182.580780 0.903227 
488.418884 223.731857 0.866841 
488.313873 254.615677 0.908729 
541.323242 181.128006 0.861124 
566.269592 184.013947 0.856374 
545.676941 159.076660 1.008319 
504.530487 253.084259 0.778271 
507.471893 300.175873 0.869910 
507.492828 345.694763 0.818580 
533.963989 251.614075 0.827164 
529.545227 298.769287 0.857377 
532.457031 345.720337 0.863663 
513.395386 148.761154 0.913490 
523.720581 150.206970 0.877797 
508.947540 151.683990 0.741585 
534.010315 153.153061 0.562187 
18
520.749573 157.512878 0.919299 
520.675903 182.512466 0.926406 
497.186310 182.593567 0.911259 
488.437347 225.190735 0.875243 
488.311462 254.621231 0.906680 
539.828552 181.130783 0.865535 
564.836060 184.014130 0.865287 
545.755066 159.073410 0.983277 
504.551086 251.700226 0.786474 
507.479614 300.172516 0.867540 
507.492371 345.685638 0.816662 
533.984802 250.209534 0.826622 
529.539124 298.754120 0.858991 
532.458313 345.733002 0.866080 
513.399536 148.797379 0.895430 
523.678589 150.203461 0.879911 
508.945160 154.625854 0.764104 
533.895630 156.048615 0.505402 
18
522.112549 157.564148 0.943755 
520.673035 182.530380 0.907951 
497.162323 182.592758 0.885258 
488.430756 223.750549 0.864307 
486.947662 253.205460 0.924129 
539.858215 182.513824 0.856807 
563.365417 182.641113 0.887768 
544.276794 160.532135 0.947977 
503.087311 251.698090 0.784603 
507.479889 300.161011 0.867081 
507.491272 344.284729 0.808460 
533.956604 251.605606 0.826039 
529.534668 298.758087 0.852687 
532.437805 345.727661 0.860504 
513.375854 148.794525 0.911706 
523.743530 150.222290 0.878003 
508.922516 151.708923 0.726687 
535.453491 151.686691 0.604869 
18
520.668823 157.557404 0.909302 
520.676941 182.502838 0.907466 
497.168854 182.578949 0.891089 
488.389221 222.269989 0.887380 
486.933624 254.587952 0.910155 
539.846191 181.139069 0.819436 
560.420044 185.493362 0.885559 
542.787598 160.508926 0.917867 
503.057251 251.685471 0.788691 
507.490448 300.138397 0.877199 
507.501007 344.285553 0.817118 
533.924927 251.600510 0.825089 
529.545837 298.760498 0.852350 
532.447754 345.702179 0.858347 
511.961426 150.218658 0.916619 
523.649658 150.227371 0.887323 
508.908478 154.593643 0.722253 
533.893250 151.690277 0.644120 
18
519.268127 157.532486 0.890690 
520.741760 182.519363 0.941979 
497.187042 182.576187 0.889750 
488.372681 223.728882 0.873465 
486.909149 253.199402 0.912005 
542.782837 182.546646 0.846865 
561.868042 184.027466 0.863227 
539.825012 162.002045 0.912305 
501.602844 253.108063 0.793565 
507.469513 300.171173 0.872645 
507.502197 344.282318 0.820686 
532.505737 251.658752 0.817220 
529.519104 300.128845 0.850970 
532.448975 345.729767 0.870034 
511.969696 148.806839 0.927734 
523.658020 150.205658 0.879309 
510.352142 154.621277 0.502291 
535.419006 153.147034 0.664778 
18
517.766174 157.553818 0.834333 
519.231079 182.563507 0.913471 
495.740784 182.632828 0.879234 
488.357422 225.218414 0.883152 
486.895264 253.214798 0.902552 
538.358459 182.595551 0.854232 
560.429932 184.055328 0.887827 
539.812561 161.978043 0.900385 
500.213623 253.122330 0.806050 
507.468140 300.188751 0.878869 
507.484741 344.315155 0.829200 
532.474609 251.678253 0.812521 
528.058167 300.136749 0.858662 
532.463989 345.743683 0.878933 
511.947571 151.680115 0.868382 
522.214844 153.138458 0.822836 
508.940521 157.493851 0.572554 
529.554382 157.627426 0.523952 
18
519.226196 157.517044 0.886622 
520.702209 182.513733 0.921793 
497.167236 182.591141 0.870773 
488.316772 223.746979 0.870048 
486.891876 253.210419 0.878355 
542.747681 182.557678 0.796471 
560.470703 188.463455 0.826017 
539.821350 167.813812 0.942805 
500.155060 253.104050 0.830897 
507.467194 300.207886 0.889164 
507.510498 344.310120 0.841091 
531.015625 251.650757 0.785127 
526.626282 300.155365 0.867712 
532.478149 345.745636 0.889606 
511.930023 148.795929 0.956961 
523.620361 148.763016 0.922798 
508.939453 154.640076 0.496551 
535.379883 148.783447 0.764663 
18
514.876465 157.531342 0.895807 
519.250671 182.496567 0.915292 
497.170074 182.601089 0.874449 
486.960815 222.262756 0.875142 
486.887451 253.166840 0.885191 
539.823914 182.524292 0.778367 
558.947205 192.891968 0.945714 
536.893005 169.325226 1.012462 
500.141144 253.091827 0.839544 
507.455780 300.185760 0.893537 
507.496521 344.311584 0.846819 
529.535339 251.657471 0.783542 
526.611755 300.148224 0.877897 
532.480957 345.741302 0.895244 
511.863007 148.801926 0.962358 
522.220764 148.799286 0.919415 
507.471466 156.060806 0.478113 
533.974060 150.249329 0.764796 
18
514.820618 157.545227 0.929409 
520.710266 182.627182 0.905936 
497.185547 184.032181 0.853125 
488.327850 223.728836 0.871429 
486.894318 253.162613 0.883521 
541.308105 184.029846 0.745326 
558.888611 203.127228 0.928858 
541.311951 178.159134 0.923279 
500.120087 253.132751 0.846929 
507.471771 300.188171 0.895075 
507.493774 345.684204 0.851037 
528.053345 253.112091 0.785922 
526.605042 300.166046 0.881262 
532.460938 345.751465 0.900835 
510.496185 150.198410 0.949489 
522.219849 148.804276 0.936988 
506.040009 157.483948 0.341212 
535.362732 154.628220 0.825169 
18
514.885132 157.579834 0.921690 
520.734070 182.573578 0.923198 
497.192505 182.639221 0.862311 
488.330109 225.192947 0.861404 
486.860626 253.216690 0.854930 
544.208984 182.544952 0.817351 
559.032166 211.980453 0.898544 
541.312073 189.895218 0.799756 
500.113739 253.113525 0.849709 
507.461517 300.191071 0.894982 
507.499664 345.683655 0.850602 
528.081177 253.119812 0.777650 
526.607239 300.172211 0.883908 
532.466187 345.744537 0.895781 
511.855865 150.255890 0.931107 
522.224792 151.660034 0.928679 
505.999908 154.640015 0.543078 
532.498718 156.036392 0.834076 
18
514.834473 157.557556 0.927697 
520.682983 184.049240 0.892987 
495.699097 184.036621 0.852391 
486.948181 225.185959 0.870685 
485.466675 253.173645 0.844607 
544.226929 186.955780 0.828576 
558.972046 222.251617 0.876530 
542.777222 214.878265 0.816195 
500.081482 253.141205 0.870464 
506.041290 300.191559 0.894021 
507.491852 344.309937 0.850461 
526.639587 253.168427 0.789936 
526.598755 300.201843 0.882534 
532.457886 345.748810 0.895992 
510.476013 150.243271 0.916315 
522.196594 150.225494 0.928994 
504.532715 156.052170 0.534629 
532.474243 156.041809 0.816522 
18
513.386902 157.508102 0.933408 
516.322876 186.976227 0.850894 
492.779755 185.500854 0.836987 
486.927124 225.179504 0.844690 
485.441223 253.170197 0.854921 
539.863098 189.882126 0.800375 
551.610779 225.167084 0.820978 
547.161682 245.783340 0.756882 
500.079956 253.169266 0.844570 
506.015289 300.205902 0.882702 
507.492371 345.678741 0.849897 
526.584106 253.191528 0.815179 
526.583130 300.195801 0.896079 
532.466064 345.765564 0.901687 
510.408142 150.195786 0.904105 
522.132446 148.776443 0.923565 
503.059631 156.059296 0.558778 
531.004761 154.591385 0.779669 
18
513.355042 156.123688 0.934815 
517.791870 185.526642 0.840392 
494.269318 184.008469 0.857631 
486.891479 223.707214 0.851988 
485.393127 253.200638 0.848422 
541.277283 189.934509 0.782652 
547.247864 229.640335 0.887721 
550.104736 264.897003 0.904963 
498.710876 253.160767 0.845384 
504.546783 300.211914 0.879803 
507.497864 345.701019 0.857422 
526.613953 254.605316 0.786511 
525.172302 300.231415 0.871782 
532.461121 345.771027 0.886274 
510.381073 148.782120 0.912585 
522.115601 148.740280 0.928003 
501.652191 156.067184 0.533414 
531.005798 153.182510 0.785642 
18
513.369690 156.105438 0.928527 
516.293884 186.984512 0.841120 
491.330444 184.036850 0.859270 
486.837799 223.733170 0.842251 
481.050293 253.182266 0.846818 
539.827637 191.367493 0.795188 
548.629822 231.066483 0.863306 
550.146667 264.948761 0.895285 
498.684296 253.178604 0.830415 
503.110352 300.233093 0.879144 
507.476135 345.713715 0.865288 
525.186157 254.630661 0.790094 
525.162903 300.247253 0.881340 
532.460999 345.771545 0.890757 
510.391388 148.763123 0.923345 
522.128357 148.726639 0.937091 
501.648956 156.070236 0.595537 
531.011475 154.603775 0.799468 
