50
1
18
522.143860 192.846359 0.993245 
522.161499 217.870743 0.933919 
500.124207 217.799896 0.942145 
498.592865 253.103165 0.902603 
510.368134 278.103088 0.924502 
542.745117 219.315140 0.840249 
545.682434 253.182068 0.916933 
536.893005 279.606812 0.873805 
501.606506 273.712463 0.810056 
498.645874 308.990082 0.735487 
501.620605 344.303680 0.846135 
525.170837 275.246796 0.808675 
514.833008 312.006622 0.801961 
514.859741 361.947357 0.763235 
516.326172 186.970673 0.872192 
525.113281 188.469650 0.886101 
510.440796 191.347015 0.687275 
533.932495 192.842545 0.870132 
18
520.750977 192.846069 0.987509 
522.124573 217.885864 0.921030 
500.090515 217.812851 0.948281 
497.205994 253.085754 0.877960 
508.944366 276.743774 0.883912 
541.300171 219.334702 0.832018 
545.670715 253.175537 0.907646 
535.486267 278.152283 0.870751 
501.601501 273.698273 0.799158 
497.165588 306.058258 0.733442 
501.610321 345.709778 0.829877 
525.174927 276.613007 0.819607 
513.382263 311.928589 0.797546 
514.821655 360.494659 0.765695 
514.841003 186.959061 0.886377 
523.725952 188.459137 0.905017 
510.382172 191.358932 0.743561 
533.892334 192.853317 0.877774 
18
520.686279 192.850113 0.967251 
522.117554 217.888367 0.919041 
500.086029 217.816360 0.948958 
497.193634 253.095291 0.878493 
507.515442 276.735474 0.876800 
541.286560 219.336365 0.833061 
545.679260 253.191330 0.908322 
535.388367 278.166443 0.849930 
501.598907 273.719788 0.830485 
492.770905 307.526581 0.766298 
503.090332 345.707855 0.809549 
526.591248 276.613403 0.836727 
511.902466 311.948669 0.832650 
513.422852 361.950775 0.745645 
513.385010 186.973511 0.903282 
523.668457 188.461273 0.913741 
508.992706 191.388962 0.748828 
532.490173 192.853500 0.874394 
18
519.249634 192.869003 0.953513 
520.734558 217.901611 0.913224 
498.713501 217.817505 0.965231 
497.202057 253.117233 0.878321 
506.026764 276.732849 0.866921 
539.832275 219.376083 0.838203 
544.265503 254.604797 0.881896 
533.897400 281.047333 0.811101 
500.147247 273.692841 0.843619 
488.442902 307.502045 0.848764 
501.670685 345.695740 0.844143 
525.114014 276.622375 0.841093 
510.462891 311.996094 0.866468 
513.427246 361.936584 0.751979 
511.980865 188.429092 0.911262 
523.614319 189.875717 0.913766 
508.950378 192.773865 0.733130 
532.434509 192.832047 0.860320 
18
514.865845 192.892838 0.947767 
520.695251 217.903458 0.901307 
498.664795 217.785385 0.956321 
497.145966 253.109619 0.849767 
501.661133 276.723450 0.846503 
539.810181 220.816406 0.821216 
542.752075 254.650024 0.840802 
528.077576 279.640564 0.796662 
498.722168 273.675568 0.814434 
488.394623 306.091217 0.860504 
501.625916 345.703369 0.865781 
523.708740 276.624298 0.822481 
510.453644 312.005737 0.848039 
513.396057 361.948303 0.752257 
511.900879 188.440247 0.958154 
522.191284 189.919373 0.928212 
508.901428 192.767715 0.380798 
532.444519 192.860718 0.866452 
18
514.822327 192.921692 0.960854 
520.659851 217.924850 0.877174 
498.629120 217.807251 0.944503 
495.704529 253.097870 0.845159 
500.145111 276.723480 0.850367 
538.361084 222.261581 0.817139 
541.290771 254.662872 0.829531 
525.138489 279.583588 0.875979 
500.174713 273.665741 0.824898 
488.373627 304.592834 0.875535 
501.633850 345.716156 0.859062 
525.183411 275.217499 0.813965 
510.469452 311.985535 0.838500 
513.401062 360.505341 0.733064 
511.873169 189.885132 0.967164 
522.167786 191.327454 0.933439 
507.494629 192.784714 0.341878 
532.430725 192.852081 0.857685 
18
513.406250 194.270508 0.970207 
519.242859 217.848221 0.888901 
498.602478 216.394592 0.936163 
491.353577 250.170807 0.836011 
500.085602 273.693665 0.818305 
536.957581 219.369659 0.841230 
539.854126 254.581070 0.837946 
525.105469 276.671387 0.884067 
498.730957 270.799438 0.827717 
488.383301 306.050568 0.877834 
500.217896 345.731628 0.879721 
523.701843 275.185455 0.833954 
510.459900 312.025299 0.870555 
513.394775 361.935577 0.735266 
511.843292 189.918579 0.963249 
522.131775 191.351578 0.934666 
506.017120 192.806046 0.312121 
530.995544 192.852844 0.840471 
18
513.386658 194.282394 0.974279 
517.787170 217.839020 0.889226 
497.209015 216.405502 0.926538 
488.455902 247.269516 0.882154 
498.654266 266.412445 0.856777 
536.916138 219.326309 0.864869 
542.788208 253.165619 0.891512 
523.684326 267.811798 0.819549 
500.087311 267.854858 0.834482 
486.940582 300.177734 0.902667 
500.198303 344.303650 0.885933 
523.717468 273.670197 0.798759 
508.967896 307.544830 0.818727 
513.370056 360.455566 0.751063 
510.482178 191.328888 0.955917 
520.748169 191.370636 0.926434 
504.571442 192.823120 0.392476 
528.101318 192.857346 0.828790 
18
513.358398 194.335663 0.969159 
519.212463 217.827240 0.896879 
498.590973 216.403549 0.933640 
488.387665 242.875778 0.932037 
495.724152 257.545563 0.769805 
536.921326 219.300629 0.857453 
544.237610 253.111084 0.916857 
523.619446 261.913910 0.832906 
500.082458 272.266602 0.889353 
486.949585 308.970306 0.870663 
500.222382 344.257446 0.875272 
525.116150 275.176117 0.850878 
507.512878 310.451843 0.867953 
513.391602 360.499786 0.769622 
510.465057 191.392563 0.980179 
520.720642 192.775391 0.934764 
504.546143 192.807678 0.377752 
528.089844 192.870377 0.832390 
18
513.364807 194.381287 0.951348 
516.317566 216.432251 0.890522 
497.147003 216.360245 0.883415 
486.906494 247.258743 0.914404 
501.603516 248.710754 0.591727 
536.897095 217.900330 0.865817 
542.791443 251.698547 0.858009 
522.160889 247.268036 0.743976 
500.161377 267.865814 0.891121 
486.967102 306.075531 0.884619 
501.585327 344.304749 0.838077 
526.645020 273.671570 0.781902 
507.509003 308.966431 0.860244 
513.397095 361.936554 0.772352 
510.442108 192.796707 0.988471 
520.718994 192.811707 0.949675 
503.105988 192.842209 0.396677 
528.081970 192.882568 0.837567 
18
511.962463 194.405502 0.933070 
519.210144 216.382950 0.859621 
497.181427 214.926788 0.852432 
485.455078 244.300568 0.891503 
486.903534 219.340530 0.664236 
536.930481 217.865173 0.854892 
541.283020 251.598846 0.838675 
523.648621 229.615906 0.916931 
500.202271 266.413330 0.817835 
488.319855 306.049896 0.870349 
501.587311 345.734253 0.834865 
529.532043 270.782227 0.740015 
506.010132 307.543701 0.871509 
513.365967 360.489807 0.807282 
510.396729 192.789169 0.962327 
520.683228 192.814926 0.922946 
501.651031 192.860275 0.362531 
528.062195 192.896591 0.814960 
18
501.630768 194.342133 0.395690 
519.274963 216.331223 0.897059 
498.626556 214.917786 0.894904 
482.496033 239.860931 0.871341 
478.085541 207.577240 0.798652 
538.350281 217.816742 0.888497 
541.305908 245.772461 0.823792 
523.662354 219.295120 0.803291 
501.613068 264.962646 0.845795 
486.961853 304.614288 0.865870 
500.209137 345.691040 0.833017 
529.547302 269.322723 0.730121 
506.015503 307.512817 0.857898 
513.353271 361.932343 0.799656 
500.177002 192.795029 0.247308 
508.934540 191.409134 0.365457 
0.000000 0.000000 0.000000 
523.639954 194.272446 0.638435 
18
514.819946 192.782715 0.765695 
520.733276 207.584274 0.885829 
500.094116 206.111389 0.849122 
482.496552 231.142792 0.883452 
483.969238 204.580505 0.732185 
538.361450 213.451782 0.805594 
539.815735 241.311935 0.869595 
525.140320 214.873779 0.907160 
501.647430 264.862488 0.834649 
488.324860 307.522003 0.872546 
501.614868 345.738007 0.801198 
529.535461 266.383423 0.744075 
507.502899 307.551392 0.855090 
513.390442 361.920380 0.802567 
511.855560 185.479492 0.775474 
522.130432 184.088440 0.748438 
504.570770 184.045105 0.277453 
532.459595 184.056030 0.774886 
18
511.907623 184.047241 0.787179 
522.121582 204.654175 0.898808 
500.161194 204.565170 0.850852 
485.421783 229.590210 0.940587 
481.042297 203.161041 0.694844 
538.354797 207.544601 0.789590 
538.345825 236.943069 0.830255 
525.149414 206.097855 0.899828 
503.068085 263.456055 0.817521 
486.965393 304.612000 0.860034 
501.619629 345.749817 0.802777 
531.004761 264.944214 0.768274 
507.500122 306.070862 0.839845 
513.378418 361.920654 0.798016 
510.371796 181.068726 0.838851 
519.242676 181.093552 0.787370 
501.627838 178.129578 0.117235 
533.872742 181.042404 0.843806 
18
514.831543 186.996628 0.759523 
522.113159 206.063904 0.892722 
500.186066 204.673492 0.836482 
485.443085 228.180389 0.940950 
481.028381 203.120148 0.704139 
536.945557 207.538559 0.807304 
536.958435 231.133957 0.867607 
525.156738 204.659164 0.967921 
503.083405 264.868347 0.813340 
488.332092 307.499451 0.857927 
501.615082 345.737335 0.813399 
529.529236 266.357605 0.739115 
507.494995 307.505707 0.845460 
513.386780 361.926208 0.806107 
511.860321 182.552429 0.875640 
522.140442 182.547379 0.838275 
503.124115 182.545135 0.191472 
533.890137 181.127090 0.822820 
18
513.390747 185.527969 0.754705 
522.106079 206.087357 0.883854 
500.205933 206.046265 0.838779 
485.446075 228.140564 0.933835 
479.591919 203.093842 0.724543 
536.919373 207.544403 0.798538 
536.932007 229.683151 0.895674 
525.116333 204.594009 0.951722 
504.532043 264.856262 0.811279 
488.340668 307.504089 0.855785 
501.606232 345.729248 0.823977 
529.515808 266.359863 0.731939 
507.513855 307.507690 0.845896 
513.386902 361.947479 0.801336 
511.845367 182.513367 0.822661 
520.734619 182.541946 0.800751 
504.570465 184.050415 0.123904 
533.888977 182.548813 0.838077 
18
514.827820 185.489670 0.753124 
522.129272 206.037369 0.906942 
500.189728 204.632660 0.856107 
485.424286 228.143799 0.935128 
481.012939 203.153946 0.757914 
538.341675 206.159988 0.803145 
538.401001 229.693344 0.880199 
525.145081 204.564667 0.941399 
504.529144 263.440643 0.805123 
488.338196 306.075989 0.853852 
501.600220 345.715515 0.816370 
531.001709 264.915466 0.761666 
508.953308 306.074677 0.851601 
513.393005 363.390839 0.794210 
511.901550 181.123337 0.849934 
522.168152 182.533310 0.817688 
506.036926 182.575256 0.129639 
533.954102 182.580353 0.856117 
18
514.874878 186.971909 0.729508 
522.125000 206.102341 0.920389 
500.168701 206.057953 0.880009 
485.412018 228.143555 0.940208 
482.482727 203.170563 0.760910 
538.345947 207.558853 0.825141 
541.284424 231.104645 0.884130 
525.163574 204.628448 0.985314 
503.116425 263.467560 0.809050 
488.349060 307.495575 0.859301 
501.605682 345.723480 0.824630 
530.996765 264.939117 0.762010 
508.968018 306.085754 0.857621 
513.385071 361.945007 0.797533 
511.936432 182.542435 0.812280 
522.179565 182.575638 0.806282 
508.937012 185.512787 0.181043 
533.916321 184.007187 0.839843 
18
516.294983 185.507111 0.731376 
522.131409 206.097046 0.917536 
500.153290 206.043793 0.880140 
485.431793 228.151703 0.935828 
479.584015 204.537643 0.750749 
538.365723 207.575592 0.805547 
539.847412 231.092178 0.875001 
525.181580 204.612732 0.999992 
503.074890 264.834167 0.808766 
488.362640 307.524017 0.855790 
501.627350 345.701965 0.803031 
530.983459 264.967804 0.748794 
508.962372 306.087799 0.855436 
513.357178 361.924286 0.793849 
511.945862 181.148407 0.809461 
522.202332 182.549026 0.812546 
507.476654 184.044693 0.214109 
533.931396 184.022888 0.806413 
18
514.866333 186.999329 0.708053 
522.111267 206.078430 0.914163 
500.159576 206.043884 0.862883 
485.412415 228.167633 0.939863 
483.960388 203.114197 0.744998 
538.342773 207.551788 0.822537 
539.839233 231.074905 0.877280 
526.581360 204.543060 0.959504 
503.066223 263.486145 0.815264 
488.387939 306.071747 0.857006 
501.595581 345.722504 0.822074 
529.550415 264.976440 0.745253 
510.357574 307.527374 0.871481 
513.376465 360.482452 0.809662 
511.928131 182.566650 0.779581 
522.181824 182.597504 0.782131 
507.442566 186.957123 0.198290 
533.900391 184.035019 0.781303 
18
514.840088 191.350372 0.764098 
520.752258 206.148560 0.900638 
500.155121 206.147293 0.869922 
485.414459 228.191284 0.943601 
481.020386 204.541443 0.781117 
536.937317 207.573380 0.838023 
539.818604 229.676605 0.893008 
526.584106 204.538666 0.978006 
503.105499 264.880157 0.816598 
488.382721 306.063599 0.858258 
501.605865 345.733917 0.816842 
529.567383 266.367889 0.751865 
510.369843 306.048950 0.881939 
513.387390 360.484650 0.810280 
511.888367 184.059875 0.802272 
522.141663 184.075104 0.776892 
505.986115 191.383957 0.293218 
532.506165 185.501419 0.730200 
18
513.430725 188.466019 0.757219 
520.720276 206.149384 0.884276 
500.111237 206.163940 0.865741 
485.396210 228.184631 0.938693 
479.582977 204.544952 0.791080 
536.923218 207.557892 0.831706 
541.278015 229.629944 0.883756 
525.166870 204.548386 0.971705 
503.104797 264.882843 0.815880 
488.370850 306.068024 0.861129 
501.608704 345.712128 0.820674 
531.012878 266.349274 0.762060 
510.383728 306.058136 0.884286 
513.392456 360.480103 0.814939 
511.865753 182.618561 0.823610 
522.122314 182.623825 0.785958 
504.521759 191.319473 0.320017 
533.873901 184.061600 0.736634 
18
514.844727 191.341873 0.712074 
520.708618 206.156052 0.881201 
500.107941 207.532959 0.853775 
485.416779 228.186981 0.938637 
483.975250 203.149887 0.753948 
536.907471 207.563965 0.839263 
541.314148 229.656616 0.899464 
526.588989 204.528656 0.985447 
503.074371 264.899261 0.818662 
488.374756 307.523285 0.863004 
501.612122 345.734009 0.815385 
529.531555 266.385010 0.741614 
510.367737 307.502289 0.876300 
513.374207 360.444031 0.821611 
511.896545 184.057327 0.745046 
522.140808 184.058319 0.736803 
504.564972 191.374405 0.335711 
532.461609 185.495056 0.692443 
18
514.852722 191.384491 0.736356 
520.700562 206.161972 0.886522 
500.111481 207.532822 0.856242 
485.405640 228.179947 0.935637 
483.976471 203.125626 0.747074 
536.891663 207.569916 0.843597 
539.866638 229.641205 0.916412 
525.172607 203.129288 0.953506 
503.064117 264.897125 0.828103 
488.387665 307.533905 0.861940 
501.628998 345.724152 0.821855 
529.521423 266.387268 0.746728 
510.365448 307.505615 0.881436 
513.384460 359.055206 0.824855 
511.891968 184.079620 0.765779 
522.147095 185.497986 0.755502 
504.564056 191.338196 0.362200 
532.449585 185.524109 0.705538 
18
514.826599 192.781723 0.825039 
520.696350 207.541748 0.884382 
500.131531 207.566391 0.854394 
485.385101 228.158218 0.941841 
486.895966 203.088501 0.730089 
535.503906 207.580658 0.858718 
541.305420 229.605255 0.914472 
526.589600 203.159668 0.905207 
503.080841 264.943146 0.816131 
488.366669 308.953033 0.863460 
501.641052 345.722931 0.806668 
529.522766 267.815033 0.748519 
510.381439 306.082672 0.888051 
513.407043 360.483948 0.816147 
511.857880 185.495743 0.859629 
522.138489 185.527298 0.822391 
504.536713 191.377487 0.396266 
532.430054 186.983063 0.721988 
18
514.833923 192.784607 0.853212 
520.695496 209.009125 0.867014 
500.158539 209.044159 0.844354 
485.389130 228.151764 0.939656 
485.439423 203.155350 0.801571 
535.467346 209.036438 0.843864 
541.322083 229.615753 0.900077 
528.074585 203.151398 0.883189 
503.089905 264.960938 0.819750 
488.371490 307.553772 0.861733 
501.631958 345.701813 0.819062 
528.064514 267.862915 0.749299 
510.378235 307.517822 0.890743 
513.392639 360.488129 0.805887 
511.856659 185.500549 0.893190 
522.147339 185.515198 0.855505 
504.535980 191.402039 0.486044 
532.427185 186.975189 0.743655 
18
514.854248 192.853546 0.827501 
520.656799 210.529083 0.834184 
500.109344 211.959747 0.866326 
483.970123 228.133530 0.926383 
485.425293 204.582672 0.926672 
535.454590 211.986298 0.810369 
542.769592 229.633759 0.888801 
530.979858 203.104294 0.854252 
501.660156 266.364349 0.818519 
488.378174 308.971893 0.873817 
501.671204 345.721375 0.812656 
526.635559 269.307007 0.738430 
510.357025 306.083344 0.883122 
513.401489 360.451538 0.808714 
511.880493 188.415070 0.844227 
522.162231 189.897400 0.801700 
504.553680 192.789490 0.547908 
529.568359 191.367691 0.645491 
18
514.885498 192.869064 0.834175 
520.659668 207.614685 0.851352 
498.711517 208.996765 0.886687 
481.009003 228.109207 0.905904 
483.937866 204.588959 0.940666 
535.510559 210.501205 0.793691 
544.210815 229.664993 0.899812 
530.980835 203.132339 0.834578 
501.637543 264.967377 0.838659 
488.385315 308.971863 0.863552 
503.070190 345.728516 0.796423 
528.059753 267.851563 0.742209 
510.351471 306.066772 0.872099 
513.375610 360.459503 0.802238 
511.895081 186.984314 0.874163 
522.198792 189.926849 0.833693 
506.021576 188.449417 0.604294 
531.017639 191.346375 0.690185 
18
516.296692 192.837265 0.838567 
520.711121 211.944351 0.849750 
500.172882 211.969223 0.860632 
483.933685 226.644028 0.820135 
479.572052 204.598251 0.822101 
535.487427 213.402313 0.778447 
545.661438 229.625931 0.918287 
532.454590 203.116867 0.871444 
501.666962 266.378357 0.824760 
488.399353 308.970978 0.864546 
503.081787 345.715759 0.803494 
526.610229 270.766632 0.751904 
510.377563 307.520782 0.883500 
513.366821 360.471588 0.798347 
511.914764 188.418976 0.863849 
522.182434 189.891602 0.827891 
507.470917 191.389297 0.587264 
531.007813 191.336777 0.693265 
18
513.420654 192.820923 0.730379 
520.657043 209.058929 0.846265 
500.099762 209.057709 0.873902 
483.936096 219.299835 0.710580 
478.068787 203.109924 0.619525 
535.480286 211.971588 0.788352 
545.758484 229.652084 0.940339 
531.032776 200.214355 0.835987 
503.092224 266.338196 0.811057 
488.382507 307.552032 0.853300 
501.626862 345.705200 0.830234 
529.552734 267.853729 0.748291 
510.404724 306.066315 0.898657 
513.400024 360.498322 0.791643 
511.862030 186.985550 0.722275 
520.711060 189.873962 0.702671 
505.994568 191.384262 0.428095 
526.639709 191.377350 0.615651 
18
513.362122 192.868576 0.785294 
516.326965 210.490524 0.830857 
498.649750 209.007858 0.895933 
476.635071 210.488419 0.678705 
470.735565 198.750061 0.636244 
535.380737 214.858246 0.810819 
547.121094 229.627884 0.923860 
532.489624 200.181702 0.816534 
503.114563 264.966217 0.816325 
488.407745 307.497742 0.844394 
501.619568 345.695313 0.834194 
528.088196 267.865479 0.754470 
510.404633 306.087189 0.911146 
513.386658 361.918701 0.805432 
510.433777 188.425781 0.775730 
520.674866 189.932831 0.723488 
501.645447 191.350525 0.528266 
526.595032 192.769684 0.646093 
18
511.928558 192.810303 0.687318 
516.298584 209.022598 0.847829 
498.620819 207.580917 0.890833 
476.595062 210.503189 0.678684 
466.359467 200.227097 0.673533 
535.391724 213.418518 0.816585 
547.150574 229.669586 0.903992 
532.511230 198.712173 0.791276 
504.538513 264.916046 0.809184 
488.395111 307.496338 0.843955 
501.626678 345.703552 0.841463 
530.977966 266.372223 0.772099 
510.405670 304.597382 0.906349 
513.390076 361.948608 0.788221 
510.399780 185.506363 0.673971 
519.218018 188.442764 0.614236 
503.076508 188.445831 0.349398 
525.145142 191.405624 0.608610 
18
511.976227 192.824219 0.692701 
514.874512 209.058945 0.831395 
497.224640 209.013367 0.872350 
473.671295 207.599731 0.675007 
467.809448 195.827744 0.646517 
535.397400 213.437317 0.814831 
547.144775 231.081161 0.889842 
533.890930 200.189865 0.782769 
503.085876 264.970062 0.809625 
488.396118 307.534485 0.843790 
501.609009 345.721771 0.849740 
529.553406 266.416595 0.756152 
510.388123 304.595367 0.905762 
513.392517 360.503876 0.790914 
510.440613 186.972565 0.699498 
519.231934 189.887085 0.638395 
504.559021 189.910339 0.417498 
523.742554 192.779846 0.636154 
18
513.366028 192.835129 0.786759 
514.863525 209.016708 0.832854 
497.204437 207.567688 0.886157 
472.182800 204.623306 0.801732 
476.612122 191.368256 0.647965 
535.381775 213.429474 0.810486 
545.770935 231.096054 0.896016 
533.894836 200.192276 0.769383 
503.074829 264.942963 0.820115 
488.406555 307.528503 0.850981 
501.616577 345.697296 0.847825 
529.527527 266.393829 0.757541 
510.384003 306.057739 0.900324 
513.382263 360.489685 0.808197 
510.458862 186.977951 0.768416 
519.276978 189.919434 0.730738 
503.090607 191.347748 0.448174 
525.114197 192.823120 0.681236 
18
513.427307 192.846252 0.838448 
516.328491 209.064621 0.826976 
498.654510 207.616440 0.896947 
473.697113 206.078888 0.761932 
475.140381 194.290131 0.608689 
535.374573 214.862656 0.828128 
545.752563 231.077866 0.882239 
533.946106 200.191376 0.746364 
503.056458 266.340942 0.828340 
488.386688 307.548309 0.858430 
501.619446 345.707184 0.848130 
528.064209 267.842072 0.754264 
510.376892 306.072571 0.897680 
513.391296 360.499695 0.814023 
511.847382 188.425705 0.824039 
520.742065 191.322571 0.807727 
504.573547 191.370590 0.470130 
525.166809 192.829758 0.718260 
18
514.836121 192.913559 0.852721 
516.328491 210.484039 0.829241 
498.637695 207.614349 0.891519 
475.088165 206.128265 0.752492 
470.737854 194.349075 0.655380 
535.385803 214.872650 0.837702 
545.744812 231.067154 0.879879 
533.965698 201.654755 0.755657 
501.659729 264.949554 0.836856 
488.402985 307.539459 0.855814 
501.601959 345.706970 0.847472 
528.053162 266.419586 0.757076 
510.378937 306.089508 0.903583 
513.388245 360.508850 0.809224 
511.860565 189.933334 0.857757 
522.124573 191.397766 0.850019 
506.007843 192.775955 0.543523 
525.168457 192.858994 0.729816 
18
514.824585 192.881790 0.840202 
516.334045 210.507675 0.834318 
498.640961 209.003662 0.886838 
475.087402 206.098282 0.753608 
467.821442 194.375092 0.684748 
535.396606 214.890396 0.847888 
545.772034 231.122070 0.877363 
533.981873 201.658997 0.740862 
501.649048 264.947876 0.840567 
488.409943 307.536926 0.852941 
501.626099 345.717133 0.849843 
526.610840 267.812805 0.764409 
510.408630 306.080780 0.903942 
513.398560 361.929596 0.791598 
511.868317 189.878052 0.834278 
522.119568 191.368210 0.821390 
506.030914 191.390839 0.487185 
525.181885 192.873138 0.713524 
18
516.334167 192.891586 0.859167 
517.786499 210.510544 0.829396 
498.635956 209.014801 0.888889 
475.083679 206.078598 0.794655 
473.654541 194.310989 0.660410 
535.438721 214.901993 0.827390 
545.773560 231.086533 0.880615 
534.003967 201.684677 0.768991 
501.646637 264.960144 0.838776 
488.408417 307.544739 0.856514 
501.640930 345.704407 0.849193 
526.633362 267.827972 0.754415 
510.413330 306.093414 0.899563 
513.416809 360.480530 0.794023 
511.928864 189.877548 0.873026 
522.212219 191.358551 0.873423 
507.470825 191.358414 0.678967 
528.065552 192.828659 0.699231 
18
516.323608 192.910156 0.867547 
517.793274 210.512543 0.825535 
498.667389 209.041962 0.892392 
475.117279 206.038406 0.825206 
472.202850 194.275314 0.653199 
535.399841 214.865372 0.816227 
547.131470 229.624451 0.902878 
533.970215 201.678009 0.781920 
503.117462 264.929932 0.821555 
488.412323 307.510193 0.844023 
501.631165 345.701263 0.844729 
528.097229 266.403503 0.762637 
510.412292 306.065094 0.905690 
513.413574 361.936584 0.785603 
511.926117 189.930527 0.888392 
522.195496 191.387970 0.882659 
507.480530 192.795776 0.679685 
526.589539 192.866852 0.690770 
18
516.295349 192.834930 0.830446 
519.222839 209.026154 0.841077 
498.693848 209.024704 0.901044 
476.577454 207.595612 0.737881 
473.654572 195.836548 0.649214 
535.425110 213.401169 0.814790 
545.782959 229.606491 0.910391 
533.892700 200.181198 0.741077 
503.091400 264.941528 0.828407 
488.418304 307.526215 0.847645 
501.637817 345.691193 0.843793 
528.077576 266.415955 0.761680 
510.420929 306.050201 0.905760 
513.397705 361.927399 0.793781 
511.922699 188.414474 0.850311 
522.173096 189.924530 0.821682 
507.513153 191.345566 0.610910 
526.629272 192.777756 0.673859 
18
514.869751 192.833313 0.878340 
520.661804 209.026871 0.852181 
500.095154 207.612961 0.891418 
476.605865 206.156052 0.825335 
478.098541 194.302902 0.654769 
535.473267 213.431732 0.809244 
545.748047 231.124420 0.898964 
533.993042 201.686050 0.828512 
503.090607 264.932617 0.821644 
488.399261 307.517212 0.855180 
501.635345 344.316071 0.842581 
528.090576 266.408600 0.755581 
510.440979 306.067078 0.907316 
513.408386 361.933197 0.791841 
511.893860 186.989914 0.882415 
522.184570 188.462936 0.850549 
507.480469 191.389816 0.580954 
529.546753 191.367416 0.691611 
18
516.320679 192.773666 0.894335 
520.751892 209.004807 0.886081 
500.185730 207.558640 0.889011 
476.672852 214.914963 0.870664 
481.044281 198.744003 0.685414 
536.917725 213.429092 0.765565 
547.193909 239.858200 0.888135 
535.392944 207.599564 0.893712 
504.545502 264.889313 0.826699 
488.422272 306.043945 0.849374 
501.627960 345.698486 0.835309 
531.003113 266.362396 0.770100 
510.435120 306.054077 0.898579 
513.396423 361.914948 0.795794 
511.908661 185.494644 0.942219 
522.209412 185.501556 0.918311 
508.918121 191.369461 0.597894 
532.450439 188.456604 0.808790 
18
516.306030 192.854721 0.924768 
522.122803 210.519394 0.873039 
500.165009 207.599136 0.875899 
479.573364 226.665527 0.830513 
478.066254 203.096695 0.857772 
538.353333 214.905365 0.806314 
547.162537 244.337418 0.866901 
533.987549 219.355698 0.857019 
504.530151 264.921326 0.828723 
488.426483 306.068237 0.839471 
501.592987 345.705811 0.839306 
530.992065 267.848846 0.755113 
510.376465 306.043060 0.894858 
513.380249 363.381744 0.797147 
511.890259 186.997375 0.940075 
522.180969 188.426651 0.924898 
507.500031 191.333984 0.564645 
529.568481 191.323761 0.826571 
18
517.749878 192.787369 0.904231 
522.158691 216.333710 0.918351 
500.151520 214.846649 0.848112 
476.695709 235.497253 0.880891 
485.427094 206.109619 0.787825 
541.277710 217.841812 0.830464 
547.243103 251.685562 0.863899 
533.917419 238.422501 0.838886 
501.627655 266.379578 0.850155 
488.410339 306.064880 0.864147 
501.584839 344.280090 0.859041 
528.091125 272.216492 0.768023 
510.389801 307.509491 0.907017 
513.394653 361.954803 0.787406 
511.894531 184.095520 0.963037 
522.200134 186.954819 0.921771 
508.898651 186.976990 0.595343 
530.977783 191.335693 0.825292 
18
516.326965 192.778580 0.911638 
522.108521 217.810791 0.913395 
498.704590 216.424744 0.898346 
486.828278 244.336029 0.868008 
479.562469 211.973389 0.780567 
541.284363 217.909317 0.821572 
545.702759 253.131607 0.928831 
523.736267 253.101791 0.830871 
500.153046 267.840393 0.850604 
489.817810 306.076843 0.849884 
501.610138 344.298096 0.865476 
525.182922 272.254913 0.756579 
510.391418 307.548706 0.894876 
513.389893 363.414093 0.786531 
511.900452 185.480682 0.969257 
522.201904 185.537689 0.922267 
508.900146 188.432800 0.535406 
531.006836 191.349655 0.818536 
18
516.336304 192.808929 0.915851 
520.696472 217.824066 0.916841 
497.203278 216.433487 0.900424 
488.453888 248.686203 0.845886 
478.129974 211.969467 0.634487 
541.298218 219.313248 0.823068 
544.210083 254.627304 0.873163 
522.242188 264.974091 0.840508 
500.155701 266.391937 0.849447 
489.819366 307.510956 0.832891 
501.607666 345.700684 0.877104 
529.551636 272.234802 0.747265 
510.409607 307.529602 0.928038 
513.392456 363.403564 0.779467 
511.912445 185.526733 0.944908 
522.211792 186.986572 0.915837 
508.907013 189.917038 0.619067 
531.000977 191.392517 0.834468 
18
517.805420 192.826660 0.923268 
520.718750 217.829483 0.933262 
498.687805 216.389740 0.965306 
488.400177 242.900757 0.868752 
491.351959 253.194962 0.601322 
539.846863 219.335068 0.834281 
538.359741 254.653778 0.840997 
520.728333 275.147064 0.896058 
500.140869 267.876648 0.879083 
489.879303 307.559021 0.808409 
501.606964 344.289001 0.892405 
528.062866 273.712616 0.793151 
510.460510 306.068695 0.908886 
513.383240 361.938629 0.779164 
511.949341 186.958954 0.924451 
522.240906 188.412018 0.910240 
508.962555 191.327972 0.656185 
531.019775 191.402527 0.843733 
18
520.659180 192.842148 0.956407 
520.712280 217.842606 0.912576 
498.692169 216.396881 0.981722 
491.352234 250.169205 0.854614 
503.068115 273.732056 0.784145 
539.815125 219.348206 0.835239 
535.421204 257.552521 0.868800 
516.329102 279.595184 0.858277 
500.156281 267.859589 0.840642 
489.861908 301.664612 0.781628 
501.608673 342.838226 0.869163 
526.613159 273.734680 0.812535 
511.854645 303.124054 0.916296 
513.378845 361.932709 0.775562 
513.351807 186.978317 0.903209 
523.621460 188.423111 0.913599 
508.990265 191.332504 0.746775 
532.437927 191.402328 0.857668 
18
520.668701 192.873138 0.967770 
520.720520 217.885803 0.907474 
498.701508 216.433502 0.969402 
495.689301 251.704559 0.885553 
504.554016 276.620392 0.814611 
539.817261 220.813736 0.823235 
533.960938 260.489990 0.884000 
519.234558 281.083069 0.795971 
498.715027 272.246246 0.842729 
492.780243 307.499969 0.761246 
501.593964 344.315125 0.869734 
523.719604 275.193420 0.850150 
511.936066 309.032379 0.922297 
513.362732 361.932739 0.788813 
513.355652 188.432602 0.907650 
523.637573 188.463089 0.919347 
510.337128 191.390808 0.729136 
532.477844 192.795227 0.894513 
18
520.727356 192.910324 0.986230 
520.708679 217.914108 0.891377 
498.663391 217.813492 0.955179 
497.185608 253.168808 0.894429 
505.996704 278.174683 0.802618 
539.835632 220.825943 0.811807 
533.995850 261.897095 0.874810 
519.241516 282.542755 0.799424 
500.122864 272.257202 0.831001 
495.694000 303.112061 0.758697 
501.636200 345.703156 0.852359 
525.130066 275.187286 0.840948 
511.971893 307.543884 0.864796 
513.364502 361.913849 0.789720 
513.426392 189.893417 0.891616 
523.693726 191.322464 0.923843 
510.384399 192.778610 0.774761 
533.872375 192.855377 0.914555 
18
522.117920 194.264023 1.004712 
520.726440 217.934189 0.884969 
498.670868 217.841766 0.936240 
497.188477 254.578003 0.878235 
507.487030 279.601654 0.802871 
541.277588 222.240295 0.809112 
535.378906 261.948334 0.875462 
520.689331 283.969818 0.809040 
500.151978 272.269257 0.842289 
498.598999 304.583923 0.781818 
501.607544 345.713867 0.867336 
525.182129 275.185028 0.832515 
513.406067 309.014618 0.865802 
513.378235 361.925140 0.784745 
514.845581 189.918732 0.889219 
523.734985 191.348907 0.923204 
510.399231 192.777725 0.817696 
533.912476 192.871170 0.909771 
