32
1
18
544.267700 157.546448 0.934127 
536.911987 173.722488 0.862547 
507.455444 170.860184 0.873140 
497.148895 223.708878 0.870422 
495.688354 264.857941 0.912557 
570.675171 176.682877 0.838656 
572.194641 226.671997 0.880899 
570.763733 270.803253 0.897822 
516.305359 263.437958 0.761600 
514.850403 320.780853 0.844852 
514.838318 369.263489 0.849480 
550.144531 264.875519 0.779830 
545.645081 319.316437 0.845649 
545.672180 367.770508 0.848974 
535.482544 147.341492 0.966326 
548.661987 148.750168 0.918302 
523.734497 142.865692 0.896302 
557.504578 145.723129 0.534637 
18
545.639648 157.555603 0.945992 
536.938904 173.758026 0.856765 
507.487671 172.244385 0.875940 
497.144012 226.616684 0.880852 
497.158539 263.473724 0.929442 
570.695129 176.700760 0.849600 
572.206055 226.673981 0.891937 
570.760315 272.212250 0.898258 
516.334778 263.467133 0.766532 
514.841980 320.779022 0.838767 
514.840515 369.232941 0.845541 
550.170288 264.901062 0.777099 
545.669922 319.276611 0.848237 
545.661072 367.771667 0.853901 
535.496765 147.349716 0.958975 
548.675537 148.752426 0.915544 
523.743591 142.887039 0.896343 
557.514526 145.711441 0.524060 
18
545.649841 157.558884 0.949591 
536.944763 173.750946 0.856373 
507.497955 172.251114 0.872536 
497.203522 226.641129 0.904502 
497.215179 264.852386 0.935176 
570.695862 176.676743 0.849931 
572.198669 226.625565 0.886108 
570.727600 270.786926 0.904405 
517.776489 264.850983 0.772040 
514.825073 320.794250 0.844952 
514.846802 369.213379 0.839934 
551.586975 264.909698 0.772584 
545.673218 319.276947 0.853860 
545.657227 366.355896 0.852146 
535.502930 147.348938 0.957480 
548.692200 148.751144 0.912016 
523.749695 142.889160 0.896362 
557.527649 145.708145 0.499152 
18
545.650696 157.552032 0.949752 
536.945496 173.761703 0.853404 
507.498962 172.281555 0.863947 
498.580719 226.642075 0.916183 
497.219299 264.850983 0.939809 
570.695068 176.667862 0.852423 
572.207031 226.636505 0.889716 
570.713257 270.787170 0.897588 
519.216064 264.861664 0.776675 
514.856995 322.159973 0.837923 
514.846313 369.221252 0.835991 
551.597534 264.917511 0.772759 
545.683838 319.281799 0.850343 
545.653076 367.757965 0.854040 
535.510742 147.342178 0.954003 
548.694641 148.753967 0.910630 
525.128540 144.281189 0.891916 
557.522217 145.750275 0.503538 
18
545.658691 157.559082 0.952735 
538.344910 173.758789 0.846978 
508.901978 172.288773 0.859609 
497.223877 226.662918 0.914372 
497.219940 264.837860 0.928921 
570.711548 176.653931 0.857396 
572.243042 226.685547 0.885116 
570.703064 270.768738 0.895549 
519.229858 264.859772 0.778213 
514.880798 322.166962 0.821174 
514.850159 369.229065 0.837327 
551.615112 264.923126 0.765448 
545.684143 319.301819 0.851274 
545.653320 367.762665 0.852676 
535.517639 147.347839 0.945193 
548.706238 148.764893 0.906395 
525.140686 144.278015 0.889077 
557.538757 145.759293 0.532606 
18
545.678894 157.568497 0.956341 
538.361450 173.734436 0.853290 
508.920410 172.293427 0.868274 
497.218628 228.105362 0.928917 
497.216797 264.932220 0.917362 
570.723145 175.198288 0.868425 
572.235840 226.670853 0.879472 
570.702393 270.758575 0.896135 
519.275757 264.870270 0.779381 
516.285828 322.202881 0.827773 
514.851868 369.228455 0.833589 
553.045898 264.926971 0.756234 
545.703186 320.729462 0.866243 
545.660278 367.763977 0.856491 
536.885254 147.362411 0.919113 
550.106750 148.777512 0.895068 
525.138367 144.287613 0.907066 
557.553528 145.764709 0.519139 
18
545.686340 157.598129 0.961924 
538.386597 173.764053 0.846368 
508.943237 172.313461 0.867173 
498.591278 228.100998 0.932615 
498.580261 264.952972 0.917167 
570.727905 175.232101 0.870830 
572.242981 228.059479 0.892442 
570.742615 269.300201 0.899523 
520.667847 264.882538 0.782908 
516.305725 322.220459 0.824178 
514.858887 369.249908 0.832474 
554.505432 264.927521 0.765671 
545.702454 320.744659 0.855658 
545.666077 367.794830 0.856735 
536.881836 148.751541 0.914968 
550.125916 148.796234 0.880590 
525.162720 144.317947 0.905689 
558.890930 145.736221 0.585449 
18
545.688904 158.983246 0.957432 
539.840820 175.236847 0.840615 
508.971252 173.755646 0.863733 
498.608887 226.679092 0.911626 
498.616913 264.958893 0.930190 
570.758057 178.114868 0.867881 
572.224487 228.062790 0.920504 
570.699463 269.291870 0.907790 
520.666260 264.923309 0.774101 
516.292297 322.221283 0.826451 
516.282959 369.237732 0.822625 
553.072205 266.354645 0.754786 
545.690186 320.739716 0.857514 
545.663025 367.796478 0.856182 
536.885315 150.197052 0.894019 
550.136841 150.244858 0.856882 
525.185120 144.346207 0.915848 
558.939575 145.793045 0.685936 
18
545.723694 159.125137 0.952423 
541.309875 178.122986 0.851618 
510.368042 176.656708 0.865442 
498.673065 226.661163 0.924168 
498.638855 266.373749 0.933252 
570.776306 179.566956 0.867756 
572.208862 228.100327 0.929164 
570.704041 267.861572 0.910054 
520.676514 264.953003 0.765947 
516.298462 322.214447 0.835612 
514.876587 369.243713 0.835364 
553.057495 266.381531 0.745045 
545.698914 320.719330 0.859469 
545.665955 367.758636 0.853571 
536.930664 154.616394 0.887387 
553.049133 156.051041 0.875650 
526.577637 145.844360 0.918496 
558.966431 147.279343 0.522749 
18
545.768921 169.253708 0.929150 
542.744995 179.605438 0.876061 
510.403687 178.175964 0.866958 
498.658691 229.571793 0.930640 
498.646973 269.292419 0.905822 
572.158630 181.051483 0.877320 
572.222168 228.178101 0.927208 
570.667297 269.323395 0.902724 
519.270020 264.955109 0.755012 
516.292175 322.171112 0.827750 
516.298401 369.211182 0.829422 
551.598877 266.388763 0.748752 
545.711670 320.707458 0.858652 
545.662415 366.365417 0.856458 
538.354675 159.023712 0.900640 
554.528259 159.051804 0.908729 
526.622620 148.729416 0.836927 
560.409912 150.194290 0.484734 
18
547.176331 175.223022 0.875326 
544.187012 182.494675 0.903774 
510.448242 181.080856 0.918999 
498.681427 229.595062 0.938629 
498.654022 270.799438 0.902829 
572.241638 182.620026 0.863382 
573.650696 229.650482 0.907662 
570.670532 272.224548 0.912485 
519.234131 266.345459 0.735548 
516.310120 320.723877 0.817895 
516.303711 367.830078 0.831028 
550.166260 266.415405 0.744393 
545.722595 319.259979 0.864653 
545.670227 367.765717 0.860695 
539.829895 169.291397 0.894849 
555.982544 169.282532 0.908686 
529.532043 158.972641 0.830539 
560.418457 157.526794 0.374843 
18
548.700500 182.553696 0.812570 
544.184631 184.079453 0.868109 
510.454163 184.042450 0.906118 
498.680847 231.056442 0.929092 
498.641907 273.687378 0.931325 
572.201538 186.987808 0.850463 
572.240295 235.489166 0.841449 
570.646912 275.128387 0.945486 
519.220764 266.367493 0.742324 
516.286316 319.288025 0.809457 
516.321045 367.829529 0.830996 
550.128235 267.833374 0.756100 
545.724609 316.380524 0.862573 
545.669250 366.364929 0.856363 
545.665344 178.136765 0.777937 
557.420471 175.215942 0.783445 
532.490112 169.263824 0.787737 
560.401367 160.520752 0.175042 
18
547.255615 195.767075 0.734129 
542.740784 192.866013 0.897611 
510.451660 192.828171 0.919296 
498.644745 239.850067 0.911443 
498.651001 276.665039 0.953519 
570.770508 192.897064 0.904648 
572.185120 239.897873 0.927665 
569.290527 276.609039 0.977374 
519.239990 264.913788 0.771606 
516.292297 317.809082 0.811580 
514.856750 367.831818 0.841809 
550.150513 266.361389 0.772462 
545.751770 314.867676 0.893484 
545.668396 367.760437 0.855827 
545.643066 192.765762 0.706506 
555.962524 191.407928 0.686472 
532.481201 181.108002 0.780957 
559.007751 181.118820 0.226149 
18
541.316406 214.874359 0.664713 
542.761414 201.681931 0.894688 
510.466309 201.676956 0.897582 
498.680176 247.245270 0.864099 
498.679047 281.082611 0.888176 
570.755920 203.153824 0.876659 
572.162415 247.265045 0.849096 
569.213257 279.610840 0.907411 
519.207031 264.911469 0.786597 
514.864441 316.379639 0.816488 
516.290588 367.778687 0.823926 
548.715942 264.952759 0.809056 
545.737793 313.393616 0.918182 
545.670593 366.366974 0.856553 
536.869934 206.112274 0.670992 
547.144592 207.570190 0.657732 
529.550171 194.293488 0.542204 
557.472900 198.751419 0.365543 
18
533.922852 228.140717 0.753862 
544.213501 211.982269 0.889700 
511.878845 207.584381 0.939318 
498.707886 253.111084 0.886488 
498.727203 286.932770 0.934563 
570.774902 216.416748 0.867643 
570.775024 254.656586 0.862704 
566.323181 285.476746 0.914639 
516.334900 263.438141 0.750931 
514.858093 313.439697 0.832168 
514.879211 367.805756 0.822694 
548.641663 264.911896 0.821066 
545.738708 311.978729 0.913849 
545.669434 367.789612 0.865002 
531.024963 220.769424 0.526837 
538.346069 225.199036 0.560300 
526.584778 207.565399 0.358749 
550.170349 217.831726 0.451460 
18
532.473328 239.798813 0.500671 
541.283325 217.831802 0.893113 
511.854279 216.368866 0.932100 
500.102509 257.556396 0.836048 
500.087555 291.347443 0.906894 
569.212341 220.796951 0.831455 
572.196655 261.900543 0.831001 
564.848755 288.505646 0.869979 
519.223816 263.410370 0.732564 
516.321533 313.410553 0.821291 
514.867920 367.785675 0.812630 
548.682556 263.455292 0.779774 
545.696899 311.945435 0.876931 
545.668518 367.776825 0.856562 
526.634705 229.723587 0.315619 
535.419678 238.365524 0.401394 
523.713745 217.896332 0.247115 
547.219421 228.115158 0.323809 
18
526.616760 250.131973 0.263179 
536.872131 222.268646 0.865386 
508.979706 223.719254 0.834657 
500.179016 261.979645 0.856767 
500.102814 297.196472 0.918200 
566.308594 223.738235 0.789485 
572.196838 261.934509 0.804459 
564.855042 291.394257 0.838044 
519.279053 263.437927 0.709727 
516.310852 313.409058 0.832249 
514.867310 366.364380 0.806871 
548.692993 264.874237 0.761386 
545.691528 312.006287 0.868183 
545.656494 367.783417 0.862058 
523.689453 242.887405 0.182717 
532.485413 245.775467 0.178180 
523.662537 233.987793 0.184072 
536.893188 241.371552 0.237919 
18
529.571594 253.244492 0.229417 
535.448547 232.526230 0.869268 
507.459320 229.662231 0.845422 
500.176239 266.411316 0.816550 
500.137146 298.768646 0.929852 
566.306702 234.050842 0.786510 
572.189819 266.371490 0.806114 
563.362610 297.220612 0.870376 
520.669495 263.464539 0.686199 
516.281677 312.009308 0.848794 
516.290588 366.351868 0.807122 
548.661865 264.907227 0.739413 
545.689758 312.000183 0.915282 
545.658691 367.759094 0.872209 
525.139099 251.745209 0.170465 
533.980774 253.086945 0.156156 
522.177185 236.936752 0.219380 
544.223206 247.257019 0.250863 
18
528.066284 253.201660 0.084338 
535.451660 234.038574 0.839067 
507.490936 232.555237 0.795318 
500.163940 270.777771 0.815736 
500.122772 300.174774 0.925852 
566.306152 235.479202 0.777023 
570.805359 270.770233 0.801058 
564.818237 298.739349 0.890009 
519.236877 263.460663 0.666597 
516.302002 311.984772 0.843663 
516.291687 366.343018 0.804231 
547.277161 264.885895 0.736849 
545.666321 311.974609 0.920581 
545.651428 367.759003 0.871993 
523.772888 253.125275 0.059606 
0.000000 0.000000 0.000000 
522.190491 239.874817 0.167957 
547.183167 239.878571 0.197883 
18
532.503174 254.621429 0.107362 
535.485962 234.001877 0.839170 
508.928925 231.120819 0.811923 
500.135010 269.287903 0.811044 
500.104218 300.137665 0.912621 
567.747620 234.032516 0.792744 
570.801575 269.306854 0.794387 
564.829529 298.712463 0.883845 
517.782532 263.439880 0.649001 
516.304077 311.982117 0.838220 
516.285400 366.330048 0.792755 
547.264709 264.870178 0.727278 
545.665161 311.990143 0.916395 
545.657227 367.794952 0.879266 
525.196533 253.134872 0.076802 
535.394592 254.602478 0.059325 
523.656738 236.961639 0.187350 
545.690857 244.298035 0.204076 
18
532.506165 253.139389 0.112824 
535.496643 231.056686 0.869579 
507.507629 229.642929 0.838046 
500.102600 266.338165 0.802008 
500.084137 298.710297 0.897138 
567.776855 231.110886 0.820614 
570.768494 267.856750 0.809878 
564.809875 298.639221 0.888989 
517.805359 263.426117 0.670208 
514.858276 313.402466 0.836841 
514.860474 366.341248 0.805997 
548.637939 264.867584 0.733258 
545.695435 313.401917 0.911251 
545.663574 367.774658 0.881588 
528.090881 253.030228 0.075324 
535.441406 253.150162 0.058972 
525.130005 232.537079 0.211353 
545.709778 242.822998 0.190016 
18
528.081787 250.184998 0.256687 
536.909790 225.199295 0.880839 
508.966980 222.263184 0.837608 
498.654327 260.498962 0.833455 
498.656158 294.308899 0.867667 
567.730896 228.117325 0.826789 
572.189941 261.972046 0.810892 
566.287048 294.280945 0.825654 
514.851929 263.427338 0.706637 
514.821838 313.411682 0.859693 
514.854187 367.763184 0.820457 
547.276428 263.430420 0.783248 
545.692444 311.972839 0.890183 
545.678833 367.767975 0.875542 
523.709351 244.319763 0.171130 
533.930237 248.704178 0.177896 
523.643066 229.623886 0.212434 
542.765503 239.922379 0.248551 
18
531.022400 239.909378 0.632591 
538.403687 219.330490 0.886530 
510.408813 216.375153 0.934048 
498.619537 253.176346 0.832663 
497.219482 288.429535 0.863737 
569.204956 225.215973 0.834491 
572.181702 260.445221 0.808432 
567.768127 288.389862 0.902029 
516.291077 263.457672 0.755116 
514.815430 313.441925 0.850275 
514.849243 367.781952 0.842227 
547.273254 264.888977 0.795029 
545.702637 311.998779 0.891695 
545.682922 367.777069 0.871714 
525.172913 232.534576 0.418854 
535.388489 239.825424 0.592031 
523.671387 217.901398 0.288873 
547.168091 229.615280 0.379001 
18
534.007263 228.134094 0.710222 
541.298035 213.407013 0.866736 
510.443542 206.161606 0.959908 
497.219879 251.645599 0.863032 
498.585327 283.978638 0.873576 
570.690063 217.818176 0.860743 
570.774048 256.074982 0.843955 
567.718994 286.920715 0.899378 
516.304871 264.861938 0.789733 
514.815918 314.897827 0.832574 
514.833191 367.811127 0.833172 
548.643677 264.947906 0.811725 
545.712402 312.030151 0.885879 
545.681946 367.806000 0.862082 
532.496277 220.790421 0.524741 
539.856018 223.753586 0.513263 
526.611816 208.999496 0.390705 
551.613098 216.422409 0.455006 
18
545.764648 216.290894 0.770647 
541.334778 204.644089 0.915923 
510.458832 203.099854 0.905863 
497.171997 241.400787 0.890242 
497.165253 276.688660 0.904478 
570.734680 209.043106 0.851644 
570.761963 251.666626 0.909423 
569.168701 282.541321 0.886916 
514.819092 263.448273 0.814044 
514.844177 316.366089 0.821918 
514.858276 367.820496 0.840773 
547.277039 264.919769 0.839396 
545.704163 313.438263 0.908483 
545.658142 367.771790 0.849617 
542.778687 207.530228 0.684064 
550.170410 209.007797 0.649859 
533.905029 194.309616 0.671780 
560.392090 201.663940 0.249538 
18
547.141663 197.246124 0.805547 
541.315063 194.387878 0.850576 
510.412659 192.913986 0.919592 
497.172577 239.834946 0.896845 
495.690704 275.151947 0.875483 
570.756042 197.300079 0.856807 
570.778992 241.400330 0.917912 
569.280518 276.692169 0.964869 
514.840698 264.957153 0.793359 
514.828613 320.714020 0.829836 
514.854980 369.219666 0.852907 
548.701294 266.413208 0.789837 
545.726013 317.844940 0.864955 
545.658020 367.781433 0.862579 
542.749390 191.396484 0.747819 
554.518799 192.853882 0.791336 
533.907043 181.016068 0.807247 
561.900269 182.622986 0.429571 
18
545.658264 182.630112 0.899729 
541.278381 191.353088 0.844444 
510.388489 189.884293 0.856639 
497.168854 231.117233 0.878715 
495.747925 270.760345 0.849562 
570.776428 192.819351 0.909062 
572.153625 239.833450 0.937789 
570.673523 275.241119 0.972088 
514.863281 264.898773 0.769868 
514.842224 320.739563 0.837418 
514.863647 369.229309 0.843070 
550.112549 266.378387 0.784408 
545.711914 320.731171 0.868407 
545.652283 367.772736 0.846057 
536.903687 178.122116 0.895035 
551.584412 179.588943 0.842433 
530.998230 166.365707 0.763966 
560.402588 169.378860 0.643427 
18
544.225159 170.849915 0.909755 
541.332825 184.041946 0.847934 
510.348450 182.513275 0.908361 
495.746490 229.617249 0.886534 
495.707581 266.386780 0.864613 
572.199890 189.898056 0.825776 
573.663208 236.940033 0.848433 
570.786804 275.155365 0.925311 
514.820557 266.349609 0.751638 
514.835938 322.234070 0.861226 
514.850037 369.233704 0.838134 
550.132080 267.860229 0.762885 
545.710571 322.178833 0.882159 
545.664124 367.794647 0.856857 
535.468140 163.441742 0.919558 
550.109314 167.803757 0.858940 
526.633301 156.049301 0.842585 
560.404053 159.060989 0.820208 
18
544.239441 160.555603 0.907599 
541.281311 181.148880 0.917502 
508.928680 181.009583 0.895014 
495.720093 228.126923 0.898473 
497.133484 266.381622 0.884334 
572.176147 182.640778 0.866344 
578.062622 229.687668 0.880261 
575.131531 272.274017 0.867420 
516.301880 266.374207 0.738391 
514.860046 322.288330 0.858479 
514.860840 369.247406 0.831106 
551.589966 267.866638 0.751636 
545.719604 322.191345 0.890960 
545.664001 367.788574 0.850414 
535.497803 156.042755 0.903403 
548.701294 157.530045 0.919779 
526.586792 147.252075 0.908905 
558.981628 154.651031 0.840256 
18
544.239197 157.528030 0.924552 
538.389526 181.065048 0.899174 
507.497650 179.564270 0.856563 
495.699890 228.122070 0.885495 
495.695770 264.948761 0.886988 
570.766235 182.503296 0.896177 
578.035706 229.552673 0.889214 
576.599548 272.272034 0.857148 
517.752930 266.407654 0.732694 
514.875854 323.689240 0.850704 
514.855774 369.250641 0.830264 
551.585999 267.870667 0.751224 
545.697998 322.224396 0.893350 
545.663940 367.792419 0.850685 
535.510620 147.271988 0.940869 
548.677063 148.798782 0.876585 
525.184387 144.326462 0.937788 
558.956299 148.747452 0.881985 
18
544.227722 150.241898 0.893279 
536.944153 179.636993 0.904079 
507.470276 176.706497 0.834693 
494.278168 228.160461 0.884346 
497.134064 266.353088 0.884861 
570.712219 181.073151 0.913561 
575.139465 228.154877 0.892734 
576.576416 273.665344 0.866731 
516.307739 267.826508 0.736610 
514.866760 323.699036 0.853065 
514.854126 369.242310 0.832276 
551.578979 269.295441 0.751884 
545.686829 322.213409 0.874060 
545.670288 367.802063 0.853743 
535.497803 145.745102 0.949985 
548.633423 145.842850 0.940266 
525.184143 141.385010 0.889383 
558.913940 145.843948 0.936074 
18
544.260559 148.727554 0.922577 
536.911499 179.573486 0.890678 
506.042389 176.650787 0.830514 
495.733246 228.080582 0.883391 
497.168365 267.842987 0.869379 
570.661926 181.012375 0.902932 
573.643799 228.101807 0.896705 
575.119324 273.722992 0.883354 
516.329468 267.819122 0.734654 
514.869141 323.701111 0.840287 
514.859558 369.258087 0.829502 
551.610718 269.293793 0.742241 
545.697205 322.212555 0.886294 
545.670166 367.803802 0.854247 
536.863586 144.279587 0.893155 
548.670959 145.734085 0.905426 
525.159241 138.440155 0.923747 
558.905151 145.752625 0.879054 
