31
1
18
557.416870 148.758514 0.927785 
548.644287 169.250717 0.920079 
520.694946 163.464996 0.850811 
504.553406 214.889542 0.870990 
500.169830 259.039337 0.897673 
580.953979 169.385208 0.918438 
586.872253 217.924133 0.878865 
592.697510 264.967163 0.888160 
522.102478 254.607971 0.745857 
511.941223 319.266357 0.880026 
511.918854 360.482300 0.834853 
557.419800 257.560272 0.774677 
547.210510 314.891937 0.833198 
542.745972 357.538391 0.815733 
548.630798 144.305008 0.921469 
560.459351 144.356812 0.922382 
536.901550 135.585358 0.890039 
569.242981 138.470459 0.396962 
18
557.395996 148.788681 0.906308 
548.629944 169.252640 0.920415 
520.681458 163.469482 0.852099 
503.113617 213.442505 0.866314 
500.177460 257.573364 0.904964 
580.929504 169.390030 0.910377 
585.424561 217.915741 0.890288 
592.703430 264.940643 0.914546 
520.719238 253.185745 0.739841 
511.898621 319.279877 0.889261 
511.892334 361.950256 0.845860 
556.033508 256.099884 0.769477 
547.215942 314.892670 0.839013 
541.323975 357.547180 0.808461 
547.268066 144.335876 0.935844 
560.431519 145.728745 0.932036 
536.882202 136.956406 0.898594 
569.211853 138.447327 0.380172 
18
555.984741 150.199936 0.882520 
547.203552 167.885269 0.925539 
517.803955 164.891922 0.828500 
501.612213 214.927689 0.905768 
500.159546 259.018494 0.922476 
579.485046 169.380615 0.887153 
583.920349 217.889496 0.919632 
591.289917 266.372162 0.885796 
519.262634 254.644135 0.717520 
511.896118 319.314423 0.893971 
511.846954 361.963135 0.844563 
555.957153 257.553528 0.754003 
547.177856 314.895813 0.841753 
542.753296 357.546295 0.811247 
547.209656 145.717773 0.956140 
559.018738 145.740601 0.955726 
535.460449 136.957642 0.912984 
569.164124 138.457153 0.385941 
18
553.040710 150.225861 0.853311 
545.743469 169.266632 0.936141 
514.816345 166.399231 0.849218 
500.143341 216.319016 0.947054 
500.105621 260.484619 0.927047 
575.100403 170.735977 0.875867 
582.446777 219.333374 0.896838 
588.325684 266.413116 0.849579 
519.244507 256.097260 0.722204 
511.946289 320.705933 0.881960 
510.447113 366.311615 0.866875 
554.525208 259.025513 0.742192 
545.783386 316.360748 0.836399 
542.768005 357.556793 0.822715 
545.770935 145.741943 0.966294 
558.907471 145.764740 0.991047 
534.018372 136.975815 0.911754 
567.720886 138.469406 0.386274 
18
548.648010 150.227814 0.908231 
544.216003 169.314896 0.921193 
511.902039 167.849197 0.915023 
500.072449 216.312256 0.928111 
498.668152 260.510162 0.927330 
570.781067 170.765152 0.924342 
580.962341 219.335983 0.908121 
583.966675 266.424377 0.866103 
517.781555 256.078918 0.722246 
511.951965 319.287170 0.871908 
510.442719 366.309723 0.860166 
553.049561 257.551941 0.747979 
545.783752 316.332092 0.847119 
542.797729 357.534821 0.829563 
544.256958 145.735168 0.914267 
557.423828 145.787781 0.992885 
532.479309 137.007126 0.904035 
560.479553 138.476044 0.324857 
18
545.778076 151.671783 0.935986 
538.381653 169.359711 0.920786 
510.386322 169.254456 0.930648 
498.593536 216.425781 0.942511 
498.585938 260.504852 0.899804 
569.256897 170.766998 0.944757 
576.587463 217.889618 0.902982 
582.431152 264.959747 0.923275 
514.836731 254.645218 0.745711 
511.903259 316.385193 0.877609 
510.448029 366.317657 0.873383 
550.138306 254.642502 0.773951 
545.761108 314.896027 0.862209 
544.192444 357.574615 0.839731 
538.395020 145.764282 0.927557 
553.055359 145.817032 0.948397 
526.623047 136.977234 0.875228 
558.902588 139.909592 0.308639 
18
544.223267 151.670456 0.866294 
535.373474 169.348358 0.953947 
504.531525 169.308746 0.889557 
492.799988 217.819153 0.897593 
489.893982 261.967133 0.919150 
563.381836 170.736450 0.858540 
573.677246 217.797409 0.905822 
580.986389 263.460419 0.941116 
511.926605 257.562347 0.775509 
511.834778 317.811890 0.884617 
510.453278 366.320618 0.875670 
547.254578 256.104340 0.794533 
547.120300 316.338837 0.860610 
542.766724 358.966370 0.835866 
535.436157 145.779053 0.974628 
547.233521 145.787262 0.963551 
523.631287 138.443375 0.909984 
557.386780 139.918762 0.269634 
18
536.949646 154.633743 0.901605 
532.510925 170.739822 0.922886 
500.174683 169.355881 0.956065 
488.373260 217.903732 0.943212 
489.823395 264.828857 0.952393 
560.437073 170.783997 0.876942 
573.639038 216.375488 0.910919 
576.616089 263.434082 0.908181 
510.474976 260.474731 0.793543 
510.473541 320.710175 0.893810 
510.453827 366.317841 0.861247 
547.153809 256.101379 0.810281 
548.632813 316.350342 0.841239 
544.224548 357.515686 0.856145 
533.875916 145.870071 0.952149 
545.693115 147.221085 1.004141 
520.687012 141.363190 0.868292 
550.106018 141.381866 0.198701 
18
535.393616 157.498154 0.961203 
528.075195 170.777344 0.888315 
498.692780 170.738815 0.952625 
486.879028 217.855560 0.949547 
497.164032 263.482574 0.944488 
558.894287 170.771667 0.898556 
570.755737 216.337219 0.935829 
570.789551 261.941986 0.884177 
510.403320 261.960571 0.798975 
510.385529 320.775787 0.891296 
510.434143 364.874786 0.851936 
545.763794 258.999939 0.823977 
550.142212 319.293610 0.809999 
545.680725 357.497986 0.874392 
528.064087 147.302216 0.889729 
542.758728 147.306992 0.935483 
513.393860 142.828842 0.866075 
547.182312 139.934341 0.213128 
18
533.964172 157.507111 0.964208 
525.185303 169.389801 0.900800 
497.224243 170.734070 0.914901 
486.855408 217.917496 0.942609 
501.619293 261.908142 0.889200 
557.477112 169.349304 0.902207 
569.226624 216.324768 0.911826 
567.734558 251.675705 0.880320 
510.420105 261.916077 0.758576 
510.379791 319.317474 0.863079 
510.421692 366.316071 0.849974 
545.754089 257.556458 0.812217 
551.577759 317.817535 0.800522 
545.724426 357.518982 0.899319 
525.105225 147.318100 0.955669 
538.378235 147.268646 0.924641 
511.927643 144.301605 0.916785 
545.761475 138.436020 0.345807 
18
532.502136 153.173325 0.879506 
525.147095 169.339691 0.924821 
497.184967 169.351013 0.908173 
488.345062 217.871796 0.962691 
511.888672 253.114090 0.859778 
557.436768 169.315063 0.911133 
563.388977 216.325821 0.877127 
558.885986 242.859619 0.907535 
508.910339 257.542847 0.730246 
510.386108 317.820190 0.870475 
510.444214 366.324097 0.860205 
544.268921 257.549774 0.782757 
547.247437 317.821503 0.854402 
545.742798 360.452087 0.879322 
523.666931 145.841354 0.998074 
535.509216 145.809219 0.953427 
511.869232 141.420685 0.906847 
545.643738 138.431366 0.324497 
18
532.429871 150.199524 0.866432 
523.749268 169.304245 0.933088 
497.167938 169.344437 0.904384 
488.434387 217.907959 0.928749 
522.188416 239.874222 0.893982 
556.011963 169.273758 0.882406 
560.485107 216.427826 0.904345 
545.682190 238.443680 0.802725 
510.373260 259.020599 0.793907 
510.407013 319.264435 0.873195 
510.439880 367.760162 0.853336 
545.679688 256.075409 0.800329 
545.735718 316.356964 0.856572 
545.695618 361.944366 0.836781 
523.619141 145.743546 0.973333 
535.441345 144.360458 0.961417 
510.470581 138.478592 0.911540 
544.219788 136.979630 0.351786 
18
532.446411 147.245407 0.939991 
525.118958 169.280273 0.914534 
497.182587 169.294235 0.893765 
489.819855 217.847977 0.938353 
522.147278 231.059021 0.838518 
556.037842 169.251755 0.872882 
563.377441 217.848511 0.881912 
538.388123 231.061447 0.764996 
510.437500 256.101532 0.805067 
510.427155 317.799622 0.854541 
510.448792 367.759186 0.856061 
545.714355 254.598709 0.821275 
545.653931 313.433228 0.868573 
545.697571 363.388824 0.809245 
523.609924 141.364639 0.914345 
535.429688 138.478989 0.934313 
511.842865 136.989166 0.930807 
544.210510 135.478790 0.475732 
18
531.003052 145.769547 0.910468 
525.114746 169.273468 0.909802 
497.173126 169.255356 0.878607 
488.379425 217.788239 0.949965 
517.796692 228.076309 0.858343 
557.402649 169.273651 0.879458 
567.718262 217.813889 0.910280 
544.210632 228.069214 0.771818 
510.418274 256.088989 0.794957 
510.422821 316.368347 0.847782 
510.435730 367.767303 0.856454 
545.695007 254.579681 0.806556 
545.652710 313.418396 0.871562 
545.675110 361.913055 0.815792 
523.607056 136.957214 0.964449 
535.411682 135.603882 0.962370 
511.897400 135.473480 0.968505 
544.212219 134.092499 0.660381 
18
532.442261 142.864014 0.892352 
525.122803 167.881790 0.907208 
497.194031 167.873062 0.877271 
486.957581 217.792221 0.969357 
514.825562 220.813919 0.832609 
557.410034 167.866898 0.882048 
569.214844 216.399429 0.953038 
550.118958 217.889038 0.852388 
510.441833 256.062439 0.800007 
510.442413 316.353088 0.852949 
510.439941 367.758728 0.856267 
545.727722 253.181702 0.809591 
545.646790 313.420135 0.864711 
545.670776 361.931091 0.816786 
523.669678 135.459076 1.002474 
535.451477 135.506027 0.989204 
511.946594 134.050476 1.000828 
544.240845 135.481140 0.647288 
18
533.870850 139.932877 0.911060 
525.156433 167.885986 0.901035 
498.583801 167.887558 0.889962 
488.312531 217.789001 0.957539 
514.822449 217.910889 0.875403 
557.443176 167.827896 0.875818 
569.191162 216.371658 0.913859 
555.975464 216.425171 0.870129 
510.440308 254.611877 0.819348 
510.458588 314.922119 0.861314 
510.432037 366.359924 0.854353 
545.731079 253.108566 0.828254 
545.635010 313.398438 0.868509 
545.672302 361.939789 0.823047 
523.720947 134.068573 0.986156 
536.864929 134.094986 0.967419 
511.950195 134.017319 0.992895 
545.626587 134.083603 0.537110 
18
533.926453 138.470078 0.936663 
525.191956 167.846436 0.888614 
498.622559 167.850983 0.897719 
489.846710 216.381882 0.931933 
520.730347 217.808136 0.825315 
557.456116 166.407181 0.877183 
569.213623 216.390213 0.961320 
545.727173 217.809128 0.825650 
511.847748 254.614258 0.803558 
510.489868 316.332642 0.854467 
510.448425 366.348663 0.858906 
547.142944 253.109818 0.807137 
545.660034 312.023193 0.875455 
545.680237 361.951294 0.821504 
525.120544 134.031326 0.963015 
536.919067 134.048904 0.951614 
511.976837 133.984650 0.967058 
545.663147 134.056107 0.459254 
18
533.992920 138.432083 0.946814 
526.622742 167.834244 0.879815 
498.667389 167.829147 0.908209 
491.325958 216.360764 0.893615 
520.713684 216.414078 0.793252 
557.478027 166.387222 0.869360 
569.291992 216.385635 0.960986 
547.174500 216.325958 0.885795 
511.896362 254.594315 0.798599 
511.838104 314.898865 0.864745 
510.450867 366.325714 0.855520 
547.174866 253.118195 0.801538 
545.676636 313.391815 0.874578 
545.661438 361.924683 0.826107 
525.186279 134.007385 0.934266 
538.366943 134.012711 0.925574 
513.358521 133.960617 0.947529 
545.718628 133.982300 0.375010 
18
533.994751 137.035278 0.941821 
528.049133 167.853638 0.874823 
498.688477 167.830505 0.912164 
491.340942 216.370758 0.894329 
520.732788 216.382172 0.838272 
557.500000 166.404572 0.873749 
569.299255 216.379166 0.951544 
550.159180 213.450729 0.827853 
511.901978 254.594376 0.797594 
511.859955 316.335052 0.860104 
510.454132 366.362396 0.868744 
547.188049 253.131790 0.800073 
545.676880 313.433167 0.871585 
545.683472 363.403839 0.819284 
526.582275 133.986618 0.913602 
538.383545 134.013931 0.921744 
513.389465 132.578323 0.932879 
545.739441 134.018387 0.476219 
18
534.024902 136.965439 0.957827 
528.081360 167.848831 0.873145 
498.704315 167.854431 0.917332 
492.796082 216.368774 0.898868 
517.757446 216.383423 0.866390 
557.543945 166.368607 0.885132 
569.221436 216.362808 0.960732 
555.962341 210.476227 0.793620 
511.934723 253.189774 0.795476 
511.865265 314.907806 0.867952 
510.444427 366.334930 0.865984 
547.203308 253.120300 0.804474 
545.677368 313.394806 0.884521 
545.684875 363.393738 0.832030 
526.604126 132.595337 0.889529 
539.827576 133.960846 0.891242 
513.420044 132.563095 0.919095 
547.129272 133.979538 0.578472 
18
535.397949 135.586594 0.978896 
529.566223 167.841370 0.872961 
500.085205 167.836685 0.912143 
495.723083 216.379379 0.899201 
517.786804 216.360245 0.879533 
558.914856 166.376923 0.885264 
569.200989 216.392181 0.932213 
557.451111 211.991241 0.843088 
511.948059 253.154343 0.804065 
511.864349 314.876099 0.879270 
510.450867 366.355072 0.865304 
547.213196 253.091431 0.811358 
545.695068 313.414154 0.885970 
545.674805 363.433014 0.834271 
528.067017 132.565857 0.877288 
541.301270 132.582947 0.886112 
514.845154 132.566711 0.904568 
547.192139 133.973724 0.575229 
18
535.440613 135.549072 0.998438 
531.038940 167.809860 0.872396 
500.132629 166.407425 0.893728 
498.626007 216.373108 0.905266 
522.149597 214.884338 0.792951 
558.935303 164.930695 0.879249 
569.167664 216.360229 0.945439 
547.185486 213.460144 0.764235 
513.360046 253.180969 0.796445 
511.877625 314.897675 0.867435 
510.457733 366.354523 0.875380 
547.278931 253.133362 0.796896 
545.697327 313.424683 0.883883 
545.686157 363.392303 0.832252 
529.555481 132.523804 0.876043 
542.761780 132.549927 0.899000 
516.305725 132.558609 0.886304 
547.201599 133.966476 0.469565 
18
535.470520 135.500443 0.997540 
532.482239 166.413116 0.887017 
500.188904 164.945038 0.876830 
498.678040 216.340256 0.912709 
522.243835 214.924820 0.795947 
558.974365 166.384109 0.885887 
569.217957 216.353622 0.969244 
547.190918 214.858719 0.737340 
513.408630 253.161057 0.787021 
511.904022 314.879547 0.862392 
510.457336 366.342804 0.881571 
548.671570 253.099533 0.786249 
545.711060 313.397522 0.889962 
545.689697 361.942780 0.837275 
531.004089 131.089493 0.866624 
544.188904 131.118256 0.888843 
517.798523 132.557663 0.885827 
547.239380 133.963821 0.504674 
18
535.476929 135.453857 0.984296 
532.512573 166.405945 0.889933 
500.219818 166.381241 0.864868 
498.680420 216.360916 0.920216 
523.642334 211.965622 0.813667 
558.993225 166.350204 0.868852 
569.275940 216.391327 0.974212 
550.134521 207.617538 0.763042 
513.381348 253.136993 0.792500 
511.889160 314.864685 0.869552 
510.461914 366.346405 0.878468 
548.650024 253.112991 0.783506 
545.736633 313.422089 0.882033 
545.688232 361.923187 0.836843 
531.024353 129.638840 0.854576 
544.199585 131.068298 0.880466 
519.254761 132.554764 0.899996 
547.244324 133.976730 0.588944 
18
535.478943 134.089844 0.984354 
533.908325 166.374481 0.898681 
501.613373 166.371765 0.860292 
498.682220 216.303543 0.922138 
520.727783 214.888535 0.871573 
560.397156 164.946228 0.859459 
569.309937 216.377304 0.987671 
556.025574 206.109848 0.884062 
513.399170 253.124268 0.783978 
511.911346 313.427094 0.882748 
510.452698 364.875214 0.872071 
548.658325 253.093384 0.796381 
545.726135 312.015350 0.906548 
545.663696 360.473724 0.857669 
531.024963 128.185242 0.849734 
544.209351 129.612915 0.882356 
520.666138 132.558670 0.913263 
547.249329 133.969467 0.645317 
18
535.507019 134.076935 0.972512 
533.963501 166.368210 0.916353 
501.670258 164.944199 0.846763 
498.713104 216.295441 0.935007 
519.273315 213.435257 0.844442 
560.466064 166.375732 0.850346 
570.742493 216.408859 0.979341 
557.447815 206.162369 0.863955 
514.827576 253.103928 0.779836 
511.933014 313.436737 0.875031 
510.449280 364.891144 0.873461 
548.697815 251.705887 0.792544 
545.743225 312.008118 0.912328 
545.658203 360.441376 0.863652 
532.442810 128.171875 0.856548 
544.231689 128.179977 0.888047 
520.712036 132.553940 0.930133 
547.266907 132.586487 0.635444 
18
536.883850 134.082504 0.964483 
534.005615 166.383255 0.925761 
503.072510 164.926407 0.845663 
500.088531 214.931229 0.915083 
522.110901 211.979675 0.781097 
563.343872 166.380676 0.836683 
572.169312 216.370575 0.940504 
550.144104 207.545609 0.871199 
514.846985 253.112183 0.782737 
511.940186 313.427826 0.867697 
510.470123 364.888336 0.875031 
550.103577 253.116898 0.780305 
545.740051 311.975311 0.909075 
545.663147 360.444885 0.856389 
532.476746 128.176147 0.862642 
544.264832 128.173203 0.894864 
520.752869 132.569260 0.946080 
548.666931 132.565338 0.660039 
18
536.885376 134.098709 0.957268 
535.359375 166.396896 0.931914 
504.525421 164.946213 0.828198 
500.150269 216.307312 0.919210 
525.170715 206.134583 0.727735 
564.806641 166.381241 0.834144 
570.760315 216.419952 0.959062 
544.235657 211.945282 0.605434 
514.846252 253.143570 0.782154 
511.947388 313.448151 0.864709 
510.476929 366.313751 0.883449 
550.109375 253.156128 0.785740 
545.749268 312.023315 0.905267 
545.675476 360.451385 0.856020 
532.482117 129.604568 0.854162 
544.272522 128.185760 0.881379 
522.139282 132.551376 0.959528 
548.718628 132.529556 0.749665 
18
536.901733 134.099686 0.954158 
535.431885 167.810318 0.943951 
506.025116 164.935089 0.830814 
500.192505 216.332077 0.926552 
523.723083 206.150620 0.736458 
566.318176 167.841690 0.858718 
570.760864 217.828812 0.958748 
545.694275 209.045212 0.654965 
516.288818 253.155960 0.774761 
511.968628 313.470551 0.861049 
510.468933 366.318054 0.889902 
550.135925 253.192612 0.775237 
545.757263 313.424927 0.896346 
545.677063 360.467133 0.854780 
532.505554 128.190140 0.857781 
545.648438 128.181503 0.893276 
522.179382 132.550995 0.962824 
550.167908 132.538986 0.776651 
18
536.938110 134.084137 0.936648 
535.432922 167.798523 0.942130 
506.038849 164.945526 0.831302 
500.151886 214.907135 0.911146 
522.177429 209.003204 0.837409 
567.730408 167.824219 0.864561 
570.770264 217.865311 0.941674 
553.083557 207.550827 0.843905 
516.289185 253.139618 0.773765 
511.971161 313.466858 0.861774 
510.469452 366.324951 0.882423 
550.107056 253.173752 0.775378 
545.774353 313.409302 0.899049 
545.679749 360.443359 0.857375 
533.896545 128.140793 0.871834 
545.700623 128.162796 0.917039 
522.220581 132.539566 0.967500 
553.092651 132.559586 0.811094 
18
538.372314 134.101089 0.926892 
535.462341 166.372559 0.939024 
507.507080 164.940506 0.845093 
500.117615 214.855362 0.915823 
520.677856 206.147324 0.891346 
567.789063 166.386002 0.874278 
572.191406 217.817596 0.935771 
555.995850 206.140839 0.901996 
516.323242 253.099487 0.773546 
513.347046 313.430206 0.862586 
510.474762 364.895264 0.884612 
550.165283 253.138062 0.768325 
547.131836 313.411682 0.906646 
545.663757 359.069824 0.865060 
533.936707 128.158707 0.887841 
545.743225 128.177551 0.920058 
523.602783 132.542206 0.987009 
554.554443 132.566360 0.826971 
18
541.299805 134.092270 0.923274 
535.507141 166.377213 0.930623 
508.899689 164.942123 0.854047 
500.134766 213.402451 0.909867 
520.671997 206.095612 0.854370 
569.185242 166.377060 0.874512 
572.190308 216.428040 0.957983 
550.160889 204.663742 0.896802 
517.801331 253.107193 0.780999 
513.348511 314.876373 0.852588 
510.479462 364.882690 0.875139 
553.049866 253.152908 0.769263 
547.125000 313.415344 0.896119 
545.664429 359.053131 0.863548 
534.004761 126.732498 0.909353 
547.140259 128.147064 0.917712 
523.666443 132.523987 0.980050 
556.004089 132.534531 0.819887 
