33
1
18
513.421204 158.997131 0.952137 
511.832764 192.796921 0.939317 
486.854156 191.398514 0.889941 
478.101044 235.496063 0.829809 
478.143707 266.394318 0.852297 
535.463196 192.880035 0.921102 
544.214478 234.022919 0.841630 
538.382446 267.842163 0.847623 
497.175812 263.368042 0.826517 
498.642090 309.016663 0.888632 
498.637604 350.175629 0.887709 
523.688660 263.371216 0.849259 
522.150269 310.436584 0.885829 
522.180664 354.552673 0.887535 
510.444397 153.182526 0.919228 
522.186951 154.651474 0.932394 
500.222961 157.545227 0.863755 
530.972473 157.614853 0.816624 
18
513.380798 159.014374 0.966616 
510.441650 192.829025 0.936417 
485.400116 192.797897 0.865830 
478.082397 236.970856 0.845354 
479.535583 266.416168 0.870826 
535.422729 192.888962 0.930937 
544.197388 234.005890 0.828316 
536.947754 267.875122 0.854240 
497.132996 263.440399 0.829054 
498.636292 310.411926 0.893042 
498.627441 348.759583 0.901148 
523.653687 263.425903 0.862477 
522.129639 310.454132 0.864698 
522.185303 354.550110 0.887756 
510.402191 154.604279 0.915725 
522.154114 156.059708 0.937091 
500.175385 157.556503 0.884811 
529.517273 158.982529 0.808970 
18
513.344666 159.019791 0.980648 
510.429443 192.857773 0.946075 
485.391083 192.822845 0.876425 
478.053558 238.377701 0.869818 
478.129517 266.406982 0.890081 
535.413757 194.256897 0.937415 
542.772217 234.026993 0.827741 
536.919800 269.293701 0.859318 
495.744293 263.429779 0.821254 
498.629486 310.433960 0.904278 
498.627991 350.156586 0.885474 
523.646545 263.428833 0.873160 
522.118225 310.463745 0.865226 
522.185120 354.548340 0.888997 
510.364410 154.623138 0.911016 
522.119812 156.062042 0.930844 
500.138824 157.565033 0.889466 
528.071838 158.981339 0.826375 
18
511.979950 159.037888 0.989952 
510.420563 192.823746 0.938736 
485.421082 192.787949 0.869738 
476.677338 236.923233 0.874005 
478.099976 266.351471 0.900350 
535.360901 192.883606 0.932032 
541.296448 232.556046 0.828099 
536.880798 267.868988 0.868959 
495.737549 263.361023 0.809473 
498.624298 309.013245 0.889421 
498.625153 350.151306 0.892732 
523.618652 263.362488 0.853293 
522.116943 310.411713 0.854962 
522.179871 353.124695 0.885779 
510.353027 154.640656 0.913669 
522.108215 156.093536 0.942077 
500.122375 157.559204 0.873866 
528.046021 159.008469 0.815759 
18
511.966370 159.048798 1.000306 
510.418945 192.807953 0.935913 
485.426453 192.772675 0.866764 
476.670685 232.580811 0.877083 
476.686096 266.337433 0.921546 
534.015503 192.876190 0.932515 
541.284058 231.140656 0.835162 
535.481079 267.843048 0.880396 
495.712463 263.380585 0.809873 
498.613037 310.401398 0.891294 
498.630005 350.170197 0.885435 
523.599915 263.387207 0.863797 
520.752197 310.415588 0.850567 
522.179565 354.550903 0.884130 
508.976166 154.652542 0.910047 
520.744995 156.102463 0.945230 
500.094788 157.552917 0.856456 
526.630493 159.012726 0.797249 
18
511.945618 159.051086 1.007832 
510.401093 192.843307 0.941010 
485.385345 192.809952 0.869894 
476.623016 234.024429 0.885325 
476.653290 264.932404 0.951121 
535.364929 192.910477 0.931793 
539.851074 232.570999 0.826699 
535.413452 267.862213 0.882321 
494.278137 263.420837 0.804999 
498.610992 310.417969 0.896887 
498.628937 350.187134 0.885068 
522.250977 263.413116 0.861598 
520.725891 310.441406 0.843154 
522.176453 354.553528 0.876859 
508.940521 154.649033 0.902439 
520.721497 156.094284 0.938696 
498.719208 157.537857 0.853802 
526.605103 158.997223 0.793129 
18
511.924530 159.033722 1.014651 
510.382019 192.828934 0.930729 
483.989685 192.799606 0.849743 
476.577606 232.525894 0.898620 
478.114838 263.479248 0.925085 
533.998840 192.892838 0.926806 
542.770325 232.567368 0.837075 
533.970764 267.824677 0.899998 
494.234589 263.463226 0.788233 
498.615143 310.507690 0.896512 
498.640717 350.172821 0.891985 
522.246399 263.443848 0.845476 
520.694092 310.473297 0.834199 
522.176514 354.556519 0.867175 
508.909302 154.634354 0.888665 
520.693970 156.071899 0.923365 
498.696564 157.529846 0.852594 
525.183899 158.978531 0.803103 
18
511.899902 159.008499 1.015543 
510.385315 192.770187 0.916648 
482.509003 191.360947 0.836800 
475.106537 228.161789 0.930505 
486.865051 253.127213 0.898117 
534.020447 192.851120 0.931689 
544.274231 229.627594 0.923422 
533.895447 261.904877 0.869932 
494.256378 263.428162 0.783370 
498.626251 310.445343 0.876342 
498.635223 350.148743 0.891198 
523.626099 263.389496 0.827351 
520.662231 310.414551 0.820543 
522.177368 353.127869 0.865801 
507.478821 154.606155 0.869503 
519.271240 154.644531 0.897447 
498.639313 157.513657 0.852268 
525.143066 157.583618 0.799402 
18
510.496704 157.630463 1.024098 
510.375641 191.356583 0.905227 
483.986633 189.938843 0.845607 
472.187103 223.740845 0.826290 
485.417786 236.935104 0.817911 
533.989441 192.808151 0.935558 
545.738159 226.678467 0.944627 
531.028381 239.914658 0.838215 
494.231171 261.924286 0.798481 
498.605530 308.999481 0.879522 
498.640381 348.740997 0.895025 
522.265259 261.945953 0.853103 
520.698669 310.396332 0.835357 
522.171509 353.131592 0.856014 
504.554993 153.143692 0.846392 
517.751770 153.160599 0.864450 
498.582855 157.495346 0.820914 
523.715210 157.540253 0.836302 
18
510.435974 157.545364 1.000362 
510.351410 189.938950 0.876535 
483.958496 189.929794 0.827394 
472.173370 228.173676 0.905735 
491.293732 216.306915 0.809530 
533.963684 191.387589 0.895602 
547.216431 228.135147 0.981763 
525.178955 217.823395 0.867823 
492.771790 260.479095 0.780092 
498.610657 308.994507 0.877122 
498.649261 350.148376 0.898836 
522.252075 260.486542 0.840687 
520.718262 308.993103 0.829389 
522.169189 354.545624 0.854989 
503.067902 150.231155 0.868455 
514.836060 150.249100 0.878366 
497.202057 156.105194 0.773003 
523.649353 157.495316 0.845233 
18
510.391052 157.564240 0.997735 
510.437958 188.432632 0.895354 
486.834412 188.421326 0.857625 
475.122528 228.127686 0.940565 
494.274445 198.737930 0.816956 
534.003906 191.326843 0.874156 
545.715576 228.131546 1.011833 
523.637573 198.736542 0.779920 
492.797821 260.484589 0.771809 
498.604797 308.972137 0.870649 
498.643005 348.756805 0.897705 
522.219055 260.490753 0.823883 
520.709106 308.963257 0.820045 
522.172546 354.546021 0.854210 
501.629944 150.234924 0.892700 
513.388306 150.249222 0.902727 
497.139282 157.501572 0.803204 
523.604065 157.494827 0.839470 
18
510.391785 157.577164 0.965054 
510.424072 185.526031 0.902865 
485.395538 185.522324 0.834294 
476.694580 222.283203 0.826919 
495.751221 186.974838 0.843218 
535.377380 186.953491 0.852159 
544.204895 220.767151 0.906209 
523.635071 186.979309 0.844085 
494.235046 260.482758 0.756434 
498.620819 308.991577 0.880856 
498.649780 348.746338 0.897285 
522.224670 260.487518 0.827948 
520.695068 307.558441 0.815476 
522.167480 353.128052 0.858755 
501.618958 151.709641 0.888168 
513.350647 151.693710 0.905773 
495.749176 157.536194 0.848833 
522.205688 156.124115 0.829892 
18
510.378754 157.593979 0.955034 
510.442963 184.071976 0.940594 
485.436157 185.502411 0.833816 
478.141937 219.333450 0.856372 
494.248688 184.085907 0.877795 
534.011536 184.056412 0.880577 
542.802246 217.835754 0.950898 
523.710266 182.584946 0.875040 
494.234863 259.022980 0.752077 
498.621002 309.007202 0.875938 
498.645569 350.176819 0.883007 
522.213867 260.485718 0.839467 
520.716187 307.557526 0.806931 
522.171875 354.545074 0.851724 
501.583130 153.169235 0.904395 
513.344421 151.696976 0.915751 
495.714844 158.986557 0.860662 
522.219055 157.499496 0.875474 
18
510.390625 158.968628 0.975537 
510.441864 184.049850 0.941829 
486.887299 185.494141 0.834534 
478.070038 217.841187 0.902304 
492.767029 186.976563 0.842305 
533.963135 184.016006 0.876880 
541.304993 216.350586 0.916735 
523.694458 181.137344 0.900317 
494.227997 260.454529 0.750222 
498.617584 308.985657 0.858753 
498.647552 350.175079 0.881248 
522.203491 260.498535 0.838595 
520.722046 307.554169 0.803617 
522.171997 354.541473 0.855851 
501.588837 154.625732 0.918033 
513.352173 153.147049 0.918313 
495.700806 157.620819 0.863659 
522.236450 157.484009 0.866724 
18
510.394867 159.020050 0.973723 
510.404236 184.026642 0.929544 
485.461823 184.060684 0.827758 
476.652100 216.361908 0.926124 
492.782135 184.024277 0.838628 
533.960022 182.642136 0.876911 
539.867920 210.506393 0.867978 
523.701599 181.069489 0.917236 
492.764130 259.024933 0.752998 
498.626831 309.002808 0.869707 
498.648346 350.173645 0.875899 
522.215210 260.461761 0.841232 
520.705688 308.954987 0.803959 
522.172791 354.562012 0.856848 
501.597687 156.064240 0.935615 
513.375122 154.643631 0.922650 
494.274231 158.982452 0.848461 
523.605530 157.573120 0.851553 
18
510.407501 159.122726 0.928650 
510.484558 182.647537 0.942152 
488.359924 184.069916 0.823878 
476.659058 211.968628 0.842805 
489.873932 182.571045 0.810104 
533.995544 182.568222 0.880682 
538.408325 206.138535 0.897171 
523.632751 179.602295 0.905394 
492.793030 259.017792 0.745170 
498.620544 308.985382 0.862979 
498.647278 350.152710 0.876649 
522.208862 259.028839 0.833789 
520.688477 308.956451 0.801395 
522.168823 354.542725 0.854887 
501.609161 157.547653 0.968269 
513.369019 156.117676 0.932910 
495.706604 159.068344 0.840510 
523.614380 157.533417 0.842206 
18
510.422577 160.543823 0.900957 
510.453949 182.648315 0.932321 
488.353912 184.074066 0.815970 
476.650970 206.158112 0.863239 
489.884735 181.134674 0.775337 
533.926697 182.571915 0.838857 
539.837646 204.659348 0.890690 
522.225647 178.146439 0.889288 
492.794220 260.484222 0.765423 
498.616669 309.002716 0.867127 
498.641510 350.158356 0.881795 
522.200928 260.480438 0.848507 
520.716431 308.980377 0.811722 
522.177979 353.132080 0.859506 
501.636414 157.603516 0.967592 
513.386597 157.548508 0.938786 
495.690735 159.113556 0.812757 
523.616638 157.599106 0.803130 
18
510.409332 164.892487 0.855550 
510.449860 182.631912 0.932212 
488.378632 184.057602 0.819183 
476.616455 206.058502 0.899627 
491.339661 181.031219 0.754531 
533.883728 182.570587 0.829341 
538.387329 204.618362 0.888407 
522.196777 178.136948 0.882492 
494.230896 260.473541 0.762425 
498.610748 309.013916 0.870369 
498.646362 348.755768 0.887670 
522.213196 260.466003 0.849272 
520.697021 308.997986 0.811224 
522.169861 354.551575 0.856380 
501.630432 159.036011 0.951713 
511.982880 158.985641 0.959204 
495.714935 160.536774 0.778359 
522.203003 157.583313 0.805933 
18
510.395782 166.414810 0.863736 
510.437683 184.019669 0.914488 
488.378448 185.485336 0.816143 
476.630981 206.102570 0.889850 
491.350433 181.103409 0.789896 
532.501282 182.594345 0.823247 
536.951965 204.656372 0.902799 
522.210266 179.580566 0.856085 
492.814667 260.504883 0.765314 
498.612610 308.973846 0.866912 
498.645020 348.746429 0.887269 
522.200806 260.498047 0.855010 
520.733398 308.965210 0.820417 
522.175415 353.119049 0.865088 
501.615723 159.106735 0.943728 
511.974335 159.051651 0.963179 
495.707581 160.558228 0.759990 
522.180298 157.606903 0.795769 
18
510.394531 167.874283 0.890704 
510.450256 184.027145 0.920971 
488.378540 185.518097 0.823138 
476.619080 207.560455 0.872140 
491.292694 182.550583 0.764053 
533.901672 182.584198 0.862644 
536.917053 206.062759 0.932119 
522.244202 179.617920 0.861609 
491.335480 260.479004 0.769323 
498.606323 308.986176 0.863818 
498.645294 348.759430 0.882624 
522.172546 260.498138 0.848938 
520.734192 308.988708 0.819152 
522.175964 353.121002 0.859455 
501.608429 160.521103 0.928678 
511.969421 159.101105 0.947218 
495.703125 161.960144 0.776890 
522.177795 157.607437 0.797592 
18
510.395233 169.267960 0.904459 
510.469879 184.033569 0.927867 
488.404022 185.523361 0.838830 
476.613220 207.595978 0.875940 
491.311584 182.548325 0.782484 
533.910156 182.591919 0.876486 
535.485046 206.070007 0.960396 
522.227783 179.604294 0.868729 
491.349274 260.489105 0.766388 
498.603088 308.980103 0.859519 
498.645294 348.757233 0.883568 
522.172607 260.509308 0.847743 
520.724060 308.980133 0.810839 
522.172058 353.106323 0.855339 
501.606842 161.962936 0.907521 
511.967529 160.498291 0.930195 
495.706757 162.016617 0.762621 
522.180786 158.986511 0.801255 
18
510.390717 169.306107 0.908553 
510.442047 184.057480 0.925451 
488.382751 186.950729 0.847588 
476.613586 207.615952 0.868722 
489.883392 182.580795 0.776187 
532.486694 182.620148 0.850708 
535.433777 206.054062 0.975086 
522.196960 179.596924 0.861033 
492.783264 260.487579 0.766155 
498.621246 308.999481 0.871821 
498.645294 350.178345 0.879862 
522.180725 260.492554 0.849346 
520.722900 308.987335 0.817492 
522.173767 353.133240 0.856436 
501.607758 163.436340 0.893003 
511.964294 160.556488 0.907099 
495.705688 163.459366 0.762370 
522.158447 159.018204 0.762284 
18
510.382599 169.346176 0.902602 
510.415436 184.045303 0.922254 
488.390228 185.539734 0.842518 
476.621796 209.002243 0.862574 
489.879700 182.532959 0.779671 
532.427368 182.624634 0.815703 
535.383179 206.043320 0.991295 
522.158813 178.168884 0.837087 
492.781403 260.485138 0.765411 
498.615051 308.997955 0.868477 
498.651672 350.148071 0.888740 
522.176819 260.490723 0.846353 
520.715088 308.994812 0.817009 
522.174561 354.564880 0.863126 
501.602997 164.905594 0.884464 
511.963318 162.000076 0.889508 
495.690430 163.474655 0.754393 
522.145142 159.028473 0.732991 
18
510.370575 169.329056 0.894035 
510.420624 184.037781 0.920310 
488.421539 185.519272 0.833726 
476.664490 207.568909 0.856419 
489.876007 181.114273 0.782709 
531.024780 182.632706 0.803907 
534.021362 206.058624 0.996477 
522.175964 178.146912 0.870461 
494.230713 260.473480 0.756639 
498.612701 308.984741 0.862586 
498.658600 348.734253 0.895216 
522.167358 260.476379 0.837425 
520.712036 308.996185 0.820220 
522.172729 354.567932 0.859312 
501.596741 163.468735 0.877939 
511.955444 161.978134 0.893241 
495.690796 163.461746 0.739560 
522.137085 159.027603 0.734899 
18
510.371094 169.296066 0.901050 
510.439850 182.643066 0.925479 
489.852814 185.484375 0.818435 
476.680145 207.605118 0.858683 
489.828430 182.564545 0.738288 
530.989563 182.577209 0.806548 
534.002747 206.050217 0.998871 
522.179871 179.562546 0.827950 
494.234619 259.021637 0.751075 
498.629395 309.001526 0.874227 
498.657013 350.151245 0.889279 
522.157593 260.448975 0.834224 
520.720825 309.024750 0.818627 
522.180725 354.543884 0.863435 
501.593842 163.445557 0.899656 
511.947876 160.542572 0.923219 
495.715393 163.473328 0.742142 
522.141785 158.986786 0.782440 
18
510.386383 169.296814 0.902883 
510.430206 184.005615 0.925121 
489.836578 185.499329 0.829333 
476.668671 207.601517 0.849696 
489.845947 182.580093 0.768395 
530.993591 182.585037 0.804760 
534.008789 206.024628 0.986860 
522.167542 178.164337 0.853837 
494.242279 259.024414 0.752226 
498.619110 308.987122 0.864913 
498.655975 348.751709 0.888477 
522.159729 259.033875 0.830306 
520.716797 308.993439 0.819228 
522.174805 353.130676 0.864029 
501.607086 163.454391 0.892738 
511.953613 160.549454 0.916130 
495.722534 164.913895 0.761775 
522.132751 158.990631 0.759720 
18
510.413147 169.354523 0.914286 
510.415863 184.033646 0.932347 
488.432556 186.944122 0.833574 
476.682678 207.600159 0.844278 
491.306763 182.517715 0.796499 
530.984253 182.583542 0.808442 
535.360229 204.647202 0.994828 
522.148376 178.156052 0.858208 
494.231445 260.487244 0.758043 
498.617401 309.022156 0.871241 
498.662109 348.729675 0.887496 
522.155212 260.488586 0.833797 
520.717590 309.024506 0.822361 
522.174316 354.553436 0.860547 
501.621552 164.943344 0.875141 
511.975616 161.992767 0.891887 
495.719543 166.388489 0.756908 
522.128723 159.016403 0.714847 
18
510.417297 170.744263 0.926934 
510.435577 184.049881 0.931060 
489.819672 186.970444 0.815104 
478.086365 209.064621 0.831704 
491.333008 182.605927 0.795522 
530.997925 182.599640 0.805606 
534.019165 204.664368 0.997113 
522.183777 179.583221 0.858346 
492.800079 260.476807 0.759202 
498.611328 309.012360 0.865395 
498.666321 348.731476 0.891295 
522.148376 260.477081 0.831074 
520.718445 309.011597 0.820581 
522.169800 354.553406 0.856545 
501.618713 167.830780 0.897909 
511.971954 163.464569 0.888416 
495.724976 169.246368 0.759025 
522.117432 159.067184 0.702068 
18
510.389923 170.782440 0.931722 
510.424164 184.079361 0.920334 
488.439758 188.461945 0.821403 
478.123749 213.432846 0.812344 
489.882935 185.521210 0.701256 
530.990051 182.591904 0.814916 
534.005798 206.026367 0.999300 
522.213623 179.642517 0.873002 
492.767792 260.483704 0.761341 
498.608978 309.016052 0.860261 
498.663025 348.722107 0.897628 
522.141479 260.476288 0.833044 
520.725220 310.403076 0.818287 
522.170288 354.561768 0.850338 
501.583557 169.239487 0.932056 
511.933807 164.916580 0.897661 
495.694611 169.296494 0.784253 
520.713501 159.092255 0.704815 
18
510.382690 170.768356 0.925583 
510.408997 184.076675 0.921845 
488.419037 188.464630 0.827633 
478.143768 214.905167 0.844630 
489.858337 186.982635 0.762085 
530.982971 182.583633 0.826348 
533.974609 206.032074 1.002311 
522.192444 179.629517 0.886377 
492.802551 261.907410 0.766887 
498.609070 310.397888 0.862484 
498.663635 348.725464 0.898215 
522.152527 261.902161 0.844970 
520.729492 310.415771 0.825882 
522.171204 354.554596 0.854525 
500.232574 169.239258 0.935081 
511.914520 164.905518 0.898161 
495.686920 169.298843 0.791819 
520.674744 159.061600 0.676146 
18
510.372955 170.746338 0.925702 
510.409119 184.093979 0.906991 
488.405548 189.883194 0.825264 
479.577728 214.891342 0.843307 
489.854706 186.986786 0.765658 
530.989502 182.600632 0.822406 
533.949036 206.027771 1.002751 
522.177307 179.624084 0.880712 
492.801422 260.480927 0.762431 
498.619598 309.014587 0.866747 
498.655365 350.167419 0.885886 
522.150146 260.467499 0.838814 
520.725952 309.018005 0.818128 
522.175476 354.575531 0.866435 
500.211090 167.867737 0.943501 
511.902649 163.449539 0.908413 
494.254761 169.287903 0.806456 
520.670959 159.022751 0.696059 
18
510.368225 169.340454 0.922000 
510.428680 184.088531 0.910964 
488.407654 189.878952 0.824461 
479.593018 214.915726 0.870342 
489.888367 186.963074 0.783795 
532.426453 182.620834 0.831885 
533.890137 206.083115 0.982919 
522.190369 179.588806 0.944345 
492.795990 260.476379 0.767879 
498.621613 309.007202 0.872428 
498.654266 350.178589 0.886796 
522.152039 260.465851 0.846461 
520.718201 309.010040 0.819393 
522.168152 353.127014 0.861603 
500.187469 167.808014 0.930499 
511.881226 160.549866 0.923424 
494.231537 169.302246 0.812610 
520.661377 157.631638 0.673048 
18
508.951721 167.803925 0.843828 
510.402649 184.084824 0.888017 
488.319427 189.913010 0.844066 
482.474182 216.329453 0.878175 
491.320740 184.077820 0.831940 
532.466370 182.608459 0.849705 
533.887024 206.147110 0.978800 
522.146912 178.159973 0.946527 
492.783081 261.905975 0.779564 
498.613129 309.018250 0.873248 
498.651947 350.170837 0.890575 
522.150818 260.483673 0.852353 
520.708740 309.023285 0.821383 
522.168579 354.552002 0.862979 
500.132477 161.994873 0.914296 
510.476685 159.029663 0.971702 
492.767273 167.872421 0.816245 
519.223938 157.565582 0.714955 
