38
1
18
522.245789 150.218735 0.928341 
519.220093 181.061249 0.900327 
486.869751 178.150543 0.898806 
475.170563 229.562256 0.940980 
473.693542 275.151367 0.939142 
548.649841 182.506210 0.904688 
556.010986 232.569733 0.865603 
558.884766 279.590515 0.899128 
498.600769 270.771667 0.777489 
498.657684 329.563538 0.840468 
498.590698 379.581970 0.837174 
533.980164 272.248871 0.818935 
525.166016 326.643066 0.863060 
526.602478 379.516907 0.819127 
514.850708 145.740936 0.901451 
528.086670 145.801834 0.909057 
503.088898 142.844284 0.885337 
535.453552 145.731903 0.772076 
18
522.242920 150.232742 0.926747 
517.769897 181.056961 0.894855 
486.837982 179.563553 0.894262 
475.128784 229.648209 0.905703 
475.058289 275.213135 0.941661 
547.264160 181.153473 0.912181 
557.399353 231.140335 0.879616 
558.970337 281.066376 0.897599 
497.220184 270.767548 0.757098 
498.651886 329.594391 0.836284 
498.601746 379.590790 0.832753 
533.928467 272.247253 0.801964 
525.157776 326.635315 0.873463 
526.607239 379.520813 0.822024 
514.833435 145.757797 0.907387 
528.066040 145.797318 0.908387 
501.664001 142.850586 0.885702 
535.427307 144.341034 0.689852 
18
522.184937 151.680283 0.913376 
516.297180 181.037506 0.891889 
485.437897 179.571136 0.879710 
475.102142 229.630600 0.917279 
473.686401 275.240753 0.955398 
547.225769 181.109085 0.922045 
557.422058 231.106171 0.900614 
560.410950 282.515350 0.861570 
497.196869 269.315399 0.748522 
498.649475 329.566193 0.837960 
498.603455 379.572144 0.832665 
533.873779 270.763580 0.780859 
525.164307 326.629944 0.878681 
526.611572 379.517395 0.819830 
513.384460 145.786865 0.939074 
526.586609 145.816025 0.915617 
501.643524 142.855667 0.898288 
535.380310 144.317352 0.741797 
18
522.123413 151.679276 0.899272 
514.850281 181.048294 0.902575 
485.391846 179.580185 0.863260 
475.093842 229.603989 0.930101 
473.664551 276.595520 0.944635 
547.213196 181.127090 0.924655 
557.446045 231.132172 0.897986 
560.453125 282.508453 0.859947 
497.164581 270.771393 0.737615 
498.631439 329.587189 0.831941 
498.604767 379.568817 0.835439 
532.496826 272.227478 0.777597 
525.136597 326.659546 0.886442 
526.619629 379.516388 0.820398 
511.980438 145.791077 0.964185 
525.137207 145.815674 0.930034 
501.609833 142.848785 0.901233 
534.009583 144.334854 0.785537 
18
520.726990 151.680771 0.891814 
514.843201 181.057434 0.905620 
485.393738 179.595978 0.865493 
475.089142 229.566010 0.926463 
472.181732 275.145020 0.904368 
547.195618 181.139572 0.925030 
557.441284 231.080353 0.913683 
560.436035 282.536652 0.867836 
497.138977 272.215759 0.736509 
498.626099 331.017883 0.839819 
498.602142 379.585754 0.839419 
532.473877 272.254883 0.778173 
525.130676 328.107025 0.881820 
526.621948 379.533936 0.821674 
511.938477 145.798004 0.983737 
523.746460 145.809143 0.944504 
501.582367 142.873840 0.904722 
533.988464 144.337494 0.813561 
18
520.676575 151.683319 0.874657 
514.827271 181.058655 0.910045 
483.982880 179.596497 0.854575 
475.098816 229.548019 0.937889 
469.268127 273.692566 0.871718 
547.187500 181.147141 0.920373 
557.465637 229.674942 0.933501 
560.421936 279.627380 0.883116 
495.745575 270.774719 0.738271 
498.615631 329.570953 0.837792 
498.604095 379.570160 0.843073 
532.484985 272.232910 0.775862 
525.120117 326.645844 0.892607 
526.626221 379.518127 0.822047 
511.901794 145.801178 0.985960 
523.703430 145.814484 0.959518 
500.184814 142.877792 0.924378 
533.957397 144.340942 0.826058 
18
520.664429 153.149582 0.879702 
513.424194 181.044678 0.913752 
483.962097 179.582977 0.855511 
475.058685 229.577042 0.925945 
467.827911 273.733673 0.880847 
547.165833 181.121841 0.925818 
557.457947 228.204819 0.954252 
559.034729 275.198578 0.947303 
495.733063 270.789001 0.746729 
498.598206 329.563599 0.842266 
498.619812 379.581390 0.852703 
532.460693 272.249817 0.772725 
525.108948 326.658173 0.901040 
526.631653 379.564667 0.844657 
511.900940 145.824280 0.999284 
523.707886 145.864761 0.966547 
500.188171 142.883667 0.921981 
533.951965 145.771988 0.812152 
18
522.113342 156.091812 0.924622 
513.417908 181.033356 0.905551 
483.953735 179.582733 0.847531 
473.666931 229.567627 0.924611 
467.829468 273.688629 0.880034 
547.150208 181.089401 0.910034 
557.471252 228.082352 0.939816 
558.972351 266.355377 0.921145 
495.752472 270.775452 0.754566 
498.597992 329.577026 0.845491 
498.610413 379.595093 0.850117 
532.474548 272.218048 0.768506 
525.107544 326.658051 0.902413 
526.630859 379.538269 0.839039 
511.966309 147.235809 0.984149 
525.141846 147.298904 0.935027 
500.222229 144.305237 0.926608 
533.976013 145.738464 0.668868 
18
522.156738 157.595367 0.953583 
513.393433 181.015778 0.896976 
483.938995 179.579102 0.851982 
473.626617 229.627930 0.913982 
467.806427 273.744659 0.896136 
545.763306 181.062912 0.888228 
558.918091 226.699173 0.909365 
551.584778 251.717957 0.799793 
495.735352 272.224030 0.755943 
498.591736 329.566711 0.845345 
498.597168 379.594696 0.847536 
532.463196 272.220947 0.767497 
525.114502 326.664856 0.889435 
526.647644 379.530487 0.828942 
513.358765 147.362320 0.910120 
526.603943 148.799225 0.884145 
501.603973 144.361954 0.930896 
535.354126 145.773544 0.546775 
18
522.245361 159.086517 0.958195 
513.412048 179.634567 0.892301 
483.953064 179.569733 0.862985 
473.630219 229.567734 0.914697 
466.349121 273.665894 0.869914 
547.122681 181.012039 0.884454 
557.434875 223.700638 0.804417 
557.422729 229.619415 0.735815 
497.137726 269.287781 0.748890 
498.580231 329.564514 0.827770 
498.604584 379.588318 0.844715 
533.872253 269.291687 0.774624 
525.106201 326.627106 0.875263 
526.634399 379.540070 0.823043 
514.867737 153.135696 0.854784 
529.551941 154.626495 0.875026 
503.074097 145.803345 0.931797 
535.430298 145.859833 0.395748 
18
523.667358 163.472885 0.896008 
513.387573 179.612793 0.892380 
483.973572 179.589844 0.873016 
473.619537 229.588058 0.912483 
466.332458 272.244110 0.875006 
545.735168 179.622253 0.874655 
558.988892 228.157013 0.946856 
551.607727 209.050156 0.723935 
495.718689 269.316711 0.745378 
498.594025 329.571228 0.833314 
498.606384 379.568542 0.836706 
532.467468 269.315063 0.749161 
523.752014 326.641785 0.875860 
526.629089 379.522705 0.825979 
519.252502 157.484634 0.887269 
532.459412 157.607056 0.926278 
503.119934 145.862030 0.905964 
536.905090 147.335281 0.064463 
18
523.686646 167.828537 0.915807 
513.362244 179.570343 0.867296 
485.391541 179.573013 0.873089 
473.626709 229.559006 0.921534 
466.368164 272.212341 0.860724 
545.692688 178.165192 0.835189 
558.956299 228.075195 0.948657 
550.151245 200.199646 0.739198 
495.690796 269.307129 0.747996 
498.588959 328.117981 0.836944 
498.607422 379.569092 0.841662 
532.427429 269.289703 0.746560 
523.743530 325.219879 0.886203 
526.634583 379.518768 0.825828 
520.712891 157.592911 0.927638 
532.508240 159.074280 0.908139 
506.034393 147.216614 0.905645 
0.000000 0.000000 0.000000 
18
525.162537 167.852783 0.891462 
513.431763 179.628937 0.889863 
485.405334 179.597733 0.881265 
473.627838 228.185425 0.930140 
467.820679 272.227753 0.855575 
545.765015 179.645660 0.853517 
558.974243 226.689209 0.927096 
547.199951 191.409698 0.776107 
494.237061 272.238953 0.751006 
498.601929 328.136658 0.844468 
498.613403 379.562378 0.845291 
530.990295 270.793091 0.730839 
523.744385 325.224731 0.878923 
528.050415 378.114075 0.822257 
522.168640 157.619675 0.942141 
533.985901 159.083755 0.934538 
507.516754 147.320938 0.916697 
544.213318 157.562607 0.113913 
18
526.625000 164.897278 0.774303 
513.409790 181.007889 0.901928 
485.438538 179.586761 0.885801 
473.674194 228.153488 0.934505 
469.242096 270.785217 0.842805 
545.694824 181.063385 0.818304 
558.992920 223.727005 0.861767 
544.253113 181.122375 0.696602 
494.233337 272.239899 0.754666 
498.591827 328.137817 0.841190 
498.602081 379.553314 0.840912 
529.540283 272.225250 0.736023 
525.104736 325.221405 0.883358 
526.640808 378.114075 0.828070 
522.238953 157.512039 0.889264 
534.004761 159.006165 0.837476 
508.932800 147.306625 0.924766 
542.769104 157.550339 0.067682 
18
528.093689 160.542801 0.747173 
513.420227 181.043823 0.912128 
485.438904 179.584305 0.883661 
473.692719 228.136597 0.931987 
467.828644 269.321228 0.843198 
545.700684 181.137787 0.812573 
560.404297 222.275513 0.853077 
545.665344 181.030869 0.711972 
492.818512 272.219849 0.759568 
498.584991 328.119873 0.842657 
498.603455 379.540833 0.839298 
529.535889 272.222382 0.733907 
525.107849 325.217957 0.883484 
526.634216 378.119781 0.829319 
523.618164 154.650101 0.842580 
535.363953 157.570404 0.793034 
510.362701 147.311752 0.929043 
544.189453 157.546173 0.087695 
18
532.493347 163.451157 0.601620 
513.393982 181.043396 0.911027 
485.422424 179.603195 0.872772 
473.692047 228.162323 0.925611 
469.244873 269.318909 0.840985 
544.273682 182.517822 0.793314 
560.434692 219.368576 0.868365 
545.637573 175.208496 0.793971 
494.236908 272.264099 0.759459 
498.601715 329.563965 0.840331 
498.613129 379.532501 0.834478 
529.527832 272.270325 0.738467 
525.102112 326.635529 0.878263 
526.635986 379.518433 0.836704 
526.591187 157.515564 0.671263 
535.499329 159.053757 0.457828 
511.854950 147.332245 0.924177 
0.000000 0.000000 0.000000 
18
526.631653 166.392990 0.594039 
513.387024 181.022232 0.924726 
485.399719 179.596710 0.870187 
473.691681 228.132813 0.930814 
469.261078 269.284882 0.841730 
545.669067 182.506180 0.802928 
560.485596 217.853073 0.893794 
545.676636 172.303543 0.902493 
492.809235 272.238281 0.762170 
498.604797 328.135254 0.847698 
498.610382 379.537354 0.838679 
529.527222 272.226990 0.734929 
523.750793 326.630951 0.883970 
526.636719 378.125916 0.835807 
523.659180 157.558807 0.656010 
535.379211 159.076385 0.569105 
510.467987 147.321472 0.947569 
545.629639 157.490128 0.172243 
18
525.119934 170.738342 0.706319 
513.383789 179.651978 0.923657 
485.403442 179.583282 0.874238 
473.689850 228.136398 0.932254 
467.817627 269.331085 0.839028 
544.238403 181.127701 0.799665 
564.824829 216.411911 0.886725 
545.716919 172.239670 0.929058 
492.815063 272.236786 0.757061 
498.613434 328.132751 0.846707 
498.607513 379.552307 0.837985 
529.518005 272.229431 0.736115 
525.102905 326.629608 0.887387 
526.627686 378.120758 0.834190 
522.252686 161.963409 0.702417 
533.945374 167.805054 0.630482 
510.435364 147.336823 0.906696 
542.771484 157.566956 0.089839 
18
530.985779 166.393250 0.542861 
511.980560 179.608856 0.914378 
485.392609 179.584412 0.862970 
473.681458 228.072937 0.920861 
466.362732 269.328461 0.859563 
542.779907 181.053864 0.796349 
567.785706 216.312851 0.884598 
545.728149 170.732422 0.946964 
492.794312 273.681854 0.759607 
498.594879 329.591736 0.844991 
498.602020 379.602875 0.849393 
529.544922 272.257294 0.739418 
523.753662 326.662689 0.885461 
526.627747 378.122864 0.828391 
525.171021 159.007004 0.617271 
535.397278 161.967178 0.420148 
511.840912 147.236298 0.931521 
0.000000 0.000000 0.000000 
18
529.533569 163.452377 0.595963 
511.964355 178.162811 0.911139 
485.380402 179.568176 0.856738 
473.655212 228.114075 0.917600 
466.311462 270.781219 0.872726 
542.764526 179.585876 0.775902 
569.179443 211.971970 0.862317 
545.715271 167.870087 0.926262 
492.786835 272.236694 0.749983 
498.587463 329.557007 0.839491 
498.618256 379.558441 0.842263 
529.536438 270.754730 0.727775 
523.741821 326.632233 0.896194 
526.619263 378.122589 0.830077 
523.667358 157.507355 0.663836 
535.384827 157.618286 0.598392 
510.417206 145.871780 0.953774 
0.000000 0.000000 0.000000 
18
528.071350 161.982010 0.629181 
511.948486 176.708008 0.903570 
483.965393 179.570404 0.851684 
472.220978 228.166504 0.909631 
464.917542 272.246857 0.894187 
541.328857 176.663132 0.769091 
569.240601 207.553589 0.899400 
545.706604 164.883606 0.911330 
491.346680 272.226166 0.750912 
498.594849 329.581512 0.845268 
498.614288 379.570160 0.841562 
528.093628 269.325653 0.724939 
523.743713 326.661926 0.887740 
526.599915 378.129791 0.833333 
523.633850 156.098557 0.717331 
534.000854 157.589996 0.622696 
510.363190 145.864243 0.956621 
0.000000 0.000000 0.000000 
18
528.086792 161.990005 0.714882 
511.914032 178.146912 0.915435 
483.951477 179.598679 0.860077 
472.164490 228.177780 0.905537 
464.885040 273.676025 0.927269 
541.290527 176.662598 0.772459 
570.665710 204.672836 0.931977 
545.738525 160.506424 0.902916 
491.338135 272.247742 0.757741 
498.594574 329.598114 0.845423 
498.612488 379.555054 0.845735 
528.097717 270.756042 0.722529 
523.743530 326.684418 0.888567 
526.620544 378.124939 0.831048 
523.640808 157.486481 0.836966 
534.001587 157.633804 0.710260 
510.357025 145.830887 0.941852 
0.000000 0.000000 0.000000 
18
526.626709 164.914688 0.784763 
511.880310 178.122482 0.915431 
482.512543 179.597290 0.856026 
470.751190 228.151001 0.904589 
464.884857 273.715790 0.948003 
539.826416 173.780258 0.796482 
570.773743 201.642471 0.883426 
545.764160 157.600922 0.853066 
491.358337 272.223145 0.749315 
498.576782 329.603821 0.839518 
498.615387 379.576935 0.848762 
528.097168 269.323639 0.721735 
523.737061 326.662292 0.892430 
526.627197 378.117615 0.831658 
523.621094 157.569183 0.902518 
533.980286 159.065033 0.794441 
510.365082 145.774506 0.902130 
0.000000 0.000000 0.000000 
18
528.085815 158.980026 0.796230 
511.876953 176.689880 0.920905 
482.471680 179.602478 0.850754 
470.716919 228.131210 0.898835 
464.881073 273.731415 0.952287 
539.849060 172.334488 0.821111 
573.690613 194.393661 0.878999 
547.150146 156.106506 0.857064 
491.351288 272.240540 0.751063 
498.583618 329.605316 0.845914 
498.627594 379.564148 0.848064 
529.526001 270.762665 0.716372 
523.735168 326.660370 0.889964 
526.618042 378.116821 0.832075 
523.616821 148.784927 0.866267 
533.979858 154.595581 0.703079 
508.957642 144.306183 0.864615 
0.000000 0.000000 0.000000 
18
528.102295 156.055786 0.811708 
511.840302 176.681259 0.909693 
481.019379 179.606812 0.845979 
467.818512 229.542404 0.912295 
464.893890 273.746002 0.953527 
539.815613 172.329742 0.839353 
576.604980 192.855530 0.877971 
547.188721 150.234604 0.778864 
492.812683 272.253723 0.750842 
498.575195 331.021240 0.838166 
498.617859 380.978668 0.848332 
529.535278 270.759888 0.715619 
523.732544 326.673126 0.885937 
526.626404 378.120758 0.819799 
523.598022 147.220322 0.961317 
533.975891 147.338470 0.786547 
507.453125 144.290634 0.876398 
0.000000 0.000000 0.000000 
18
529.515320 151.665558 0.811438 
510.485687 175.237198 0.922859 
481.002502 179.576706 0.839154 
467.776764 229.540512 0.923558 
464.880768 275.142303 0.970559 
538.390503 172.322449 0.848339 
579.505188 186.991257 0.822743 
547.190857 147.229279 0.845829 
494.240936 270.791321 0.741564 
497.201324 329.586334 0.830973 
498.609558 379.591858 0.840012 
529.523682 267.870636 0.715277 
523.728943 326.637299 0.892731 
526.635498 378.124481 0.820365 
522.252258 145.769089 0.971487 
533.967712 145.869720 0.817864 
506.005249 142.844330 0.863200 
0.000000 0.000000 0.000000 
18
528.087341 147.362534 0.847209 
510.480408 178.117889 0.926549 
479.559387 179.600220 0.855912 
466.370544 229.561050 0.926652 
464.874390 275.133301 0.964005 
538.403564 175.239090 0.831059 
579.485107 181.152740 0.892033 
547.150757 144.349670 0.804506 
492.797333 272.214722 0.744397 
497.218323 329.584412 0.839475 
498.601257 379.596771 0.845404 
529.529358 269.306335 0.720310 
523.731750 326.626740 0.897123 
526.630615 378.114197 0.821459 
522.211792 144.290237 0.926040 
533.947144 145.732285 0.804076 
504.523010 142.868790 0.879753 
0.000000 0.000000 0.000000 
18
528.072388 145.814865 0.871942 
510.472961 176.657486 0.919067 
478.133270 179.605286 0.866331 
466.358826 229.617783 0.920995 
464.880127 275.194824 0.971902 
538.391235 175.191574 0.832221 
579.524475 178.114380 0.873062 
545.733765 139.923920 0.766061 
492.809448 272.239044 0.741220 
497.203674 329.578766 0.840290 
498.602783 379.591064 0.837260 
529.530334 269.322845 0.719793 
523.713745 326.634399 0.898599 
526.621948 378.121674 0.823588 
522.187317 137.031769 0.920793 
533.897949 139.906876 0.725014 
503.062317 139.942429 0.879007 
0.000000 0.000000 0.000000 
18
526.637634 144.346542 0.845763 
510.473145 175.208023 0.914287 
478.119202 179.601654 0.865867 
466.359772 229.639404 0.916909 
464.878784 275.194153 0.971589 
539.838440 172.312576 0.835673 
579.533936 172.273865 0.898403 
545.650696 135.510788 0.803358 
494.239410 272.258820 0.741211 
497.195892 329.591644 0.833091 
498.612030 380.972839 0.841328 
529.530273 269.332336 0.715846 
523.714172 326.629578 0.892327 
526.619812 378.105438 0.819028 
522.154236 135.561325 0.956426 
533.881775 136.980225 0.762998 
501.626221 138.454102 0.903356 
0.000000 0.000000 0.000000 
18
526.591797 139.943695 0.806850 
510.466217 173.747421 0.921433 
478.089508 179.580917 0.867276 
466.358826 229.595444 0.920985 
464.868622 275.183838 0.968869 
539.866028 170.877640 0.858985 
578.081116 170.752609 0.919493 
544.230469 133.964172 0.803489 
492.801056 272.243408 0.738063 
497.190216 329.579437 0.836877 
498.607178 380.972382 0.839959 
529.520325 269.316315 0.716884 
523.715332 326.629822 0.891374 
526.617859 378.112671 0.820382 
522.114380 134.097778 0.968105 
532.473999 135.478851 0.745717 
500.227203 137.014786 0.929417 
0.000000 0.000000 0.000000 
18
526.588806 136.990204 0.848980 
510.471405 172.316284 0.933710 
478.079193 179.594650 0.869884 
466.347961 229.614288 0.934715 
464.850067 275.226654 0.988354 
541.282593 170.789398 0.853070 
575.140137 169.280701 0.879875 
542.796265 131.071625 0.735804 
492.800995 272.227478 0.741973 
497.191833 329.570526 0.836744 
498.612701 379.588257 0.846698 
529.533142 267.853912 0.720849 
523.711914 325.211487 0.897999 
526.609863 378.124268 0.826370 
520.731873 134.010849 0.953447 
532.439453 134.039368 0.744177 
500.179932 137.009018 0.938187 
0.000000 0.000000 0.000000 
18
525.176636 135.586624 0.879536 
510.445648 172.291870 0.935712 
476.689026 179.614563 0.882014 
466.346375 229.609894 0.934138 
464.846436 275.238953 0.992350 
539.820190 169.387131 0.849509 
573.681641 167.830688 0.861951 
542.792786 128.178375 0.720221 
494.231262 272.223999 0.736481 
497.195618 329.575958 0.836893 
498.608398 379.573425 0.838156 
529.565735 267.844635 0.720070 
523.717590 325.212982 0.894314 
526.599854 378.109436 0.822581 
520.711548 133.962585 0.932895 
531.022278 134.013641 0.716425 
500.118988 137.011520 0.931538 
0.000000 0.000000 0.000000 
18
525.135071 135.548996 0.907714 
510.440918 172.271896 0.933563 
476.686188 179.619247 0.883932 
466.343872 229.647858 0.924003 
464.828430 275.241089 0.994776 
539.819397 169.350189 0.840306 
572.221985 166.390610 0.876487 
541.312988 126.717957 0.707935 
492.817322 272.234192 0.737752 
497.186005 329.586304 0.833443 
498.613892 379.548737 0.838239 
529.556885 267.852600 0.721873 
523.708740 325.221954 0.891387 
526.617554 378.101196 0.818578 
520.663208 132.595444 0.904167 
530.988586 133.970032 0.719257 
500.086151 137.001434 0.930806 
0.000000 0.000000 0.000000 
18
523.708923 135.556900 0.939573 
510.407227 172.266434 0.922067 
476.683136 179.610031 0.879798 
466.341217 229.641098 0.925504 
464.830719 276.593201 0.995464 
538.340454 169.339844 0.849448 
572.193420 166.371719 0.867766 
539.836487 126.719032 0.705356 
492.813629 272.227631 0.737591 
497.192963 329.579773 0.836417 
498.619507 379.562439 0.840706 
529.568787 267.838440 0.722371 
523.713196 325.212646 0.890038 
526.604797 378.109802 0.823373 
517.758667 132.596771 0.889009 
528.087280 132.585602 0.763927 
498.714752 137.033051 0.911743 
0.000000 0.000000 0.000000 
18
523.680237 135.566483 0.934321 
510.380554 172.251633 0.915851 
476.662994 179.612045 0.886478 
466.345184 229.643356 0.927179 
464.833801 276.606567 0.995474 
536.916565 169.311249 0.851463 
570.801758 166.378601 0.874990 
538.378601 128.161728 0.702398 
492.812317 270.798462 0.736112 
497.192078 329.569916 0.831716 
498.619446 379.557678 0.843795 
529.566956 267.815887 0.725177 
523.716064 325.200043 0.892212 
526.599976 378.114349 0.822573 
516.292297 132.592941 0.880327 
528.071533 133.961105 0.771173 
498.686676 137.021042 0.922077 
0.000000 0.000000 0.000000 
18
523.667603 138.461823 0.871433 
510.355194 172.304459 0.898950 
476.635864 179.634705 0.901918 
466.337830 229.672989 0.922759 
464.850647 276.633453 0.992615 
536.895874 170.747589 0.847293 
570.755676 167.816910 0.896663 
536.886536 129.636475 0.707045 
494.239685 270.796326 0.738115 
497.203278 329.585846 0.833067 
498.615967 379.561310 0.843153 
529.564087 267.820221 0.725467 
523.719543 325.211578 0.892659 
526.612915 378.120819 0.823557 
516.319458 134.052475 0.891856 
526.632141 134.069977 0.809590 
498.669159 137.030838 0.931239 
0.000000 0.000000 0.000000 
18
523.634277 139.905609 0.865492 
508.986267 172.321884 0.885947 
476.624176 179.631943 0.906261 
466.342163 229.640671 0.928293 
464.868011 275.245056 0.971017 
536.887573 170.776077 0.848502 
570.799377 169.261505 0.906225 
535.464905 129.654602 0.719508 
492.800995 272.223083 0.740491 
497.205780 329.608215 0.839424 
498.614746 380.979218 0.851058 
529.540222 267.854767 0.718859 
523.715271 325.226929 0.892441 
526.612000 378.121399 0.824277 
514.864624 134.070450 0.883664 
526.601807 134.102036 0.816197 
498.652313 138.444382 0.918412 
0.000000 0.000000 0.000000 
18
523.616150 141.365509 0.872881 
508.948853 172.322144 0.884902 
476.618805 179.621429 0.904077 
466.344086 229.610352 0.930867 
464.878204 275.211914 0.973631 
535.479248 170.792862 0.861453 
570.775635 169.359436 0.941976 
535.470520 132.517792 0.753572 
492.797546 272.215118 0.740684 
497.191498 329.608643 0.835818 
498.620758 379.589935 0.855650 
528.102051 267.844238 0.717159 
523.709717 325.222198 0.895147 
526.611389 378.106049 0.825850 
513.423096 134.086639 0.897773 
525.188660 135.466125 0.807835 
498.640930 138.483444 0.909824 
0.000000 0.000000 0.000000 
