53
1
18
570.777649 157.521957 0.928963 
547.265442 185.504135 0.734921 
550.134644 191.355896 0.792243 
555.974243 229.683533 0.793685 
566.285767 270.786926 0.662132 
547.196350 184.011887 0.650483 
556.000305 226.678238 0.071178 
0.000000 0.000000 0.000000 
554.531311 263.404510 0.706725 
558.911438 309.005249 0.878405 
544.258667 357.454163 0.801525 
545.740540 260.486908 0.673707 
544.239807 307.521362 0.802569 
542.788147 354.600159 0.611719 
569.236816 148.807388 0.890098 
572.176086 147.369690 0.109860 
555.995850 154.595886 0.766877 
0.000000 0.000000 0.000000 
18
570.798218 157.504425 0.904900 
548.645081 184.083450 0.744494 
550.155090 189.926422 0.783914 
554.558533 229.648666 0.812481 
564.811829 267.837738 0.682516 
547.209229 182.621765 0.655095 
556.027405 226.669922 0.068046 
0.000000 0.000000 0.000000 
554.534424 263.402649 0.700182 
558.940002 309.022308 0.898995 
544.250488 356.068298 0.812137 
545.743591 260.474670 0.671386 
544.256348 307.519653 0.800770 
542.795898 354.566986 0.605094 
569.257690 148.789948 0.877956 
572.183533 147.349060 0.102433 
556.032227 153.180008 0.763274 
0.000000 0.000000 0.000000 
18
570.801758 157.500107 0.916068 
548.652222 184.068649 0.760675 
551.613220 189.908020 0.781692 
555.995239 229.600876 0.836241 
566.275208 266.390930 0.652447 
547.184204 182.605713 0.675119 
554.509460 226.646179 0.081193 
0.000000 0.000000 0.000000 
555.980896 263.382813 0.711289 
558.911987 310.406219 0.911763 
544.246033 357.457428 0.811474 
545.748352 259.033051 0.674541 
544.259033 306.082611 0.800669 
542.784912 354.565826 0.612409 
569.254517 148.786285 0.885363 
572.171143 147.352371 0.119087 
556.024658 154.588531 0.761320 
0.000000 0.000000 0.000000 
18
572.157410 156.104248 0.910077 
548.658447 184.064865 0.766249 
553.045471 189.902542 0.780093 
557.429260 229.652725 0.829883 
566.302734 269.285828 0.698871 
547.173462 182.606308 0.679586 
554.530823 226.661255 0.088158 
0.000000 0.000000 0.000000 
555.977234 263.380066 0.711283 
558.909729 310.420166 0.911327 
544.242615 357.466736 0.817867 
545.733826 259.035400 0.679651 
545.630859 306.086212 0.807338 
544.194031 354.562378 0.616233 
569.264221 148.735489 0.909239 
572.181824 147.325226 0.119691 
557.419250 151.709549 0.770589 
0.000000 0.000000 0.000000 
18
572.180603 156.048935 0.902393 
548.688660 184.033188 0.749985 
553.044373 188.436279 0.774680 
557.420959 229.607162 0.841842 
566.279724 267.824615 0.693828 
547.221619 182.592499 0.661297 
555.982788 225.188354 0.074254 
0.000000 0.000000 0.000000 
555.954224 263.363922 0.704976 
558.921143 309.021637 0.898122 
544.264648 356.079590 0.816746 
545.733154 259.010406 0.679840 
544.274841 306.071655 0.816435 
542.770508 353.135681 0.609962 
569.278870 147.332596 0.936802 
572.192810 147.285873 0.111415 
557.421936 150.241669 0.783592 
0.000000 0.000000 0.000000 
18
572.195190 154.628586 0.887029 
548.712891 184.049332 0.744865 
554.546204 188.467514 0.782164 
557.408447 229.628616 0.874088 
569.193542 264.937073 0.813518 
547.210999 182.605774 0.682842 
554.549377 223.743362 0.070462 
0.000000 0.000000 0.000000 
554.516113 261.922119 0.701819 
558.951111 309.003876 0.902900 
544.255066 356.080627 0.822659 
545.677002 257.538361 0.681337 
544.252380 306.075439 0.809728 
542.783203 354.559082 0.618293 
569.287476 147.301743 0.944280 
572.237000 147.247986 0.102873 
557.442322 150.239792 0.793614 
0.000000 0.000000 0.000000 
18
572.233276 153.162766 0.868657 
551.590271 184.074203 0.738503 
556.032166 189.925186 0.824057 
553.065979 234.045532 0.843407 
570.768066 263.455414 0.788681 
548.634766 182.599075 0.673687 
548.665710 229.584824 0.116178 
0.000000 0.000000 0.000000 
554.562012 261.956848 0.716375 
558.935669 310.432312 0.911321 
544.205811 357.471405 0.789473 
545.708801 258.996826 0.687093 
545.664124 306.080078 0.811772 
544.233826 354.569183 0.626816 
569.304138 147.274170 0.944115 
0.000000 0.000000 0.000000 
557.493774 150.248764 0.794870 
0.000000 0.000000 0.000000 
18
575.117126 153.139709 0.849026 
553.064026 184.062485 0.725337 
555.977478 188.468979 0.790927 
548.643982 235.466049 0.852883 
578.051392 254.597321 0.769038 
550.149475 182.606339 0.646664 
557.502808 229.611053 0.222659 
578.049683 241.355209 0.366539 
555.992981 261.972015 0.739162 
558.943054 310.438965 0.901750 
544.226074 356.069092 0.799550 
547.135925 259.019623 0.671763 
545.644531 306.078918 0.773395 
542.775696 354.576508 0.607331 
570.712402 147.254959 0.926251 
0.000000 0.000000 0.000000 
558.902100 150.198074 0.804526 
0.000000 0.000000 0.000000 
18
576.597229 150.254242 0.876134 
554.500061 184.042984 0.715094 
555.996460 188.466217 0.802745 
547.250427 234.022232 0.844019 
578.079834 244.330811 0.721972 
551.592957 182.580429 0.638171 
557.447998 225.225616 0.181903 
576.607605 235.487976 0.336351 
557.410950 263.441132 0.788159 
558.893005 310.520294 0.934264 
544.219238 357.497650 0.829859 
547.152832 261.915497 0.677359 
544.273376 308.978821 0.788713 
544.194458 356.000458 0.630380 
570.730225 147.220306 0.953546 
0.000000 0.000000 0.000000 
557.541992 150.200790 0.809696 
0.000000 0.000000 0.000000 
18
578.023132 148.811218 0.868085 
555.954102 184.004883 0.732698 
555.981567 188.446320 0.822847 
547.184692 234.015823 0.856316 
578.064758 241.362961 0.817369 
554.537170 182.518158 0.624194 
557.472046 223.715820 0.145305 
576.593201 229.585342 0.221580 
557.403076 263.381683 0.770013 
558.918945 310.469330 0.938284 
544.250549 357.467743 0.832942 
547.212402 260.471649 0.647248 
544.272278 307.538391 0.775648 
542.785828 354.567627 0.630511 
570.724915 145.869858 0.929129 
0.000000 0.000000 0.000000 
558.904480 150.223282 0.792530 
0.000000 0.000000 0.000000 
18
576.572510 150.255737 0.836986 
553.081604 184.052429 0.715653 
556.000549 189.889267 0.811972 
545.759949 235.496475 0.801619 
576.568909 239.935410 0.723918 
551.601013 182.555969 0.617628 
547.170898 229.595871 0.105431 
0.000000 0.000000 0.000000 
556.035217 263.465729 0.781880 
558.905823 310.518982 0.927516 
544.208130 357.486084 0.822755 
547.213501 261.954285 0.656766 
544.271790 308.997437 0.772615 
544.213745 354.584198 0.615983 
570.707703 147.232147 0.915454 
0.000000 0.000000 0.000000 
557.540527 150.243118 0.777820 
0.000000 0.000000 0.000000 
18
578.027283 150.214645 0.842450 
553.083496 185.483566 0.712244 
556.019653 191.331055 0.822463 
545.724182 234.044846 0.794479 
573.642578 241.386795 0.709537 
550.137085 182.585709 0.615950 
545.705566 229.646255 0.106040 
0.000000 0.000000 0.000000 
556.010803 263.467194 0.764499 
558.907288 310.510101 0.927436 
544.225586 357.478088 0.824461 
547.180969 261.948608 0.659725 
544.269653 308.988373 0.769020 
544.217285 354.578094 0.620168 
570.721130 147.217819 0.907872 
0.000000 0.000000 0.000000 
558.886841 151.672195 0.772178 
0.000000 0.000000 0.000000 
18
578.059448 150.209595 0.829261 
551.596863 184.087067 0.736584 
555.974915 191.343338 0.808542 
542.776733 229.646866 0.787076 
544.255310 261.922852 0.547249 
548.646790 182.570129 0.656904 
544.249268 229.598053 0.131047 
0.000000 0.000000 0.000000 
557.450745 264.850128 0.750181 
558.918823 310.501770 0.912701 
544.240662 357.480591 0.825363 
547.229370 261.973541 0.654333 
544.272644 308.975250 0.777471 
544.194458 356.006042 0.634327 
570.777771 147.213165 0.885515 
0.000000 0.000000 0.000000 
558.999512 150.209976 0.778876 
0.000000 0.000000 0.000000 
18
578.059875 150.196686 0.847933 
553.087097 184.027145 0.739666 
554.508118 189.899750 0.785006 
539.851013 231.058517 0.771012 
554.541687 259.010406 0.549377 
553.082458 182.523117 0.630415 
0.000000 0.000000 0.000000 
0.000000 0.000000 0.000000 
555.991272 260.470337 0.696573 
558.931091 310.397858 0.892504 
544.210938 357.475189 0.803151 
547.213989 256.089569 0.607765 
545.661377 304.591309 0.766822 
544.194336 354.578918 0.601297 
570.749695 145.872147 0.891851 
0.000000 0.000000 0.000000 
558.935181 150.215836 0.773755 
0.000000 0.000000 0.000000 
18
576.586914 150.213821 0.861365 
553.069397 182.540115 0.731092 
551.583130 184.067093 0.771746 
541.308899 228.147141 0.800366 
560.427368 251.637924 0.625763 
554.552917 181.074539 0.636737 
554.552734 225.196625 0.116908 
578.049866 241.409210 0.194216 
553.085754 257.546783 0.695086 
558.952026 309.016968 0.872880 
544.198792 357.468750 0.798675 
547.250732 256.055511 0.642592 
545.685669 304.576813 0.790573 
544.227966 354.578918 0.613043 
570.708679 147.211151 0.923293 
0.000000 0.000000 0.000000 
557.538940 150.199692 0.799636 
0.000000 0.000000 0.000000 
18
575.138733 150.227173 0.825868 
550.106995 182.565918 0.760203 
550.138489 185.528458 0.774312 
542.749146 229.680267 0.795458 
558.980652 256.080811 0.667956 
550.114685 181.055313 0.597433 
556.019958 228.080261 0.143434 
572.238892 241.349136 0.204379 
554.541260 260.460754 0.679319 
558.952332 310.411682 0.882570 
544.222534 357.480957 0.823333 
547.147766 256.078949 0.627845 
545.699219 304.578705 0.805658 
544.205933 354.588135 0.605795 
570.696777 147.218796 0.895066 
0.000000 0.000000 0.000000 
558.895142 150.203003 0.776303 
0.000000 0.000000 0.000000 
18
575.099487 153.147552 0.795301 
547.168274 181.142654 0.833328 
551.598877 184.044876 0.806615 
545.674683 229.560303 0.792584 
557.488525 259.037354 0.808801 
539.854980 179.603912 0.675629 
523.633789 201.696487 0.267864 
0.000000 0.000000 0.000000 
554.537109 257.537903 0.643269 
558.898987 310.405029 0.826478 
544.254028 357.520844 0.815931 
545.736145 254.585327 0.635701 
545.674194 306.044403 0.782059 
544.197327 356.010620 0.599741 
570.734314 147.279617 0.871317 
0.000000 0.000000 0.000000 
558.967896 150.214813 0.770115 
0.000000 0.000000 0.000000 
18
575.136780 151.664764 0.774386 
547.165344 181.146500 0.820488 
554.540405 185.494247 0.721613 
554.539795 228.068420 0.798280 
557.426453 254.650497 0.749349 
536.927673 179.576111 0.748342 
520.739502 203.154572 0.566213 
0.000000 0.000000 0.000000 
557.510559 254.612015 0.720625 
559.014893 308.959412 0.841681 
544.245789 357.487396 0.830997 
545.733276 251.683441 0.707016 
545.729614 301.696991 0.796060 
542.784485 354.596985 0.608884 
570.745117 147.243530 0.849593 
0.000000 0.000000 0.000000 
558.974121 150.234207 0.767651 
0.000000 0.000000 0.000000 
18
573.673706 154.585815 0.782949 
547.180786 182.569809 0.864785 
557.443909 185.529770 0.784828 
545.678589 222.270172 0.835639 
545.643799 261.983337 0.924039 
535.475220 181.045563 0.773188 
520.672852 206.024139 0.571030 
532.414429 206.107101 0.093758 
558.932495 263.385254 0.817632 
558.907959 310.535889 0.916069 
544.230164 357.523071 0.845806 
547.169983 261.935242 0.684446 
544.254761 310.450775 0.804094 
541.318542 356.049744 0.600306 
570.712158 147.285919 0.862586 
0.000000 0.000000 0.000000 
558.922729 151.671265 0.774744 
0.000000 0.000000 0.000000 
18
575.130066 151.673065 0.786996 
547.205566 181.139313 0.912364 
558.911499 184.079269 0.848874 
545.759888 222.256226 0.840517 
542.800964 263.415527 0.864169 
535.464233 178.164597 0.786282 
520.669006 206.139435 0.719858 
535.398621 204.621506 0.144554 
558.890076 263.364563 0.809487 
558.938599 310.491577 0.918274 
544.235657 357.499969 0.845310 
545.717285 260.483368 0.674959 
545.674500 310.403870 0.816060 
542.760620 356.018280 0.601075 
570.747864 147.235260 0.857799 
0.000000 0.000000 0.000000 
558.977844 150.208115 0.776515 
0.000000 0.000000 0.000000 
18
576.561157 151.662109 0.797672 
547.230042 181.140274 0.908725 
558.930908 184.075241 0.836291 
545.741028 219.293121 0.816860 
545.675354 261.941223 0.801930 
535.495117 179.586487 0.773435 
520.701721 206.150909 0.764554 
533.958496 197.243484 0.239340 
558.909424 261.916321 0.799861 
558.982910 310.409790 0.848039 
544.269592 357.476074 0.835349 
545.758911 257.561951 0.650524 
545.728821 307.545959 0.773648 
542.752319 356.006989 0.590380 
570.764282 147.230042 0.865226 
0.000000 0.000000 0.000000 
558.986633 150.218643 0.781355 
0.000000 0.000000 0.000000 
18
578.031921 151.688782 0.811120 
548.627991 181.031097 0.798205 
557.488892 182.604263 0.818341 
545.723267 217.793716 0.765321 
557.444702 254.605927 0.815132 
536.941528 173.751282 0.648181 
517.771362 204.636810 0.593157 
534.001770 195.788834 0.238888 
556.005798 257.531555 0.682863 
559.003662 306.059692 0.760408 
544.267212 356.080078 0.793509 
545.702148 253.182922 0.608468 
545.770630 301.628113 0.761016 
544.193298 353.128845 0.565047 
572.158752 147.239761 0.871833 
0.000000 0.000000 0.000000 
558.964294 148.802994 0.775191 
0.000000 0.000000 0.000000 
18
579.472900 151.694977 0.791391 
547.184509 181.140930 0.853265 
557.448914 182.614456 0.834091 
542.790466 216.321854 0.722764 
558.971313 251.610931 0.766695 
536.870605 181.040070 0.737079 
522.135193 204.553528 0.472908 
0.000000 0.000000 0.000000 
555.970642 259.009308 0.680104 
558.915771 309.026337 0.874249 
544.235229 357.472473 0.799029 
544.260071 256.084106 0.637734 
545.695923 307.512238 0.792843 
542.765198 354.588745 0.591502 
572.209106 147.246002 0.831732 
0.000000 0.000000 0.000000 
560.412598 150.231705 0.763970 
0.000000 0.000000 0.000000 
18
579.543457 153.180420 0.851553 
551.601746 184.027283 0.678402 
557.414856 185.529892 0.771435 
541.310364 217.809265 0.827393 
559.015076 254.602524 0.744880 
548.646423 182.578354 0.606144 
536.874329 216.371475 0.140204 
0.000000 0.000000 0.000000 
557.444153 263.388733 0.694732 
558.937744 310.471466 0.907955 
544.212891 356.075714 0.816922 
545.743774 261.928741 0.659730 
545.652649 308.974548 0.827486 
544.200195 354.561951 0.615020 
573.660889 147.283569 0.849202 
0.000000 0.000000 0.000000 
559.027954 150.235718 0.792827 
0.000000 0.000000 0.000000 
18
580.923218 154.606293 0.890002 
551.593689 182.567200 0.698266 
555.970337 184.034256 0.784110 
544.243652 217.892044 0.768894 
558.931946 251.686752 0.654449 
548.656738 181.136978 0.593457 
0.000000 0.000000 0.000000 
0.000000 0.000000 0.000000 
557.458801 261.916504 0.677673 
558.965210 310.416168 0.896374 
544.208435 357.458923 0.815368 
548.667603 259.007050 0.604937 
547.131836 307.507874 0.798055 
545.641357 353.107758 0.636726 
573.686768 147.299484 0.860062 
0.000000 0.000000 0.000000 
560.393372 150.198410 0.804472 
0.000000 0.000000 0.000000 
18
580.938660 154.654144 0.925648 
553.044373 182.504593 0.672521 
556.000549 182.592133 0.809592 
539.813110 216.424850 0.730781 
553.039917 247.245377 0.437929 
548.681946 181.065292 0.544002 
0.000000 0.000000 0.000000 
0.000000 0.000000 0.000000 
557.484070 261.973572 0.704756 
558.913696 310.452179 0.867030 
544.221252 357.493195 0.807832 
548.667114 260.495392 0.612511 
545.765503 308.970276 0.807211 
544.254517 354.578430 0.631739 
575.118652 147.325592 0.876661 
0.000000 0.000000 0.000000 
560.395569 148.800995 0.830103 
0.000000 0.000000 0.000000 
18
580.971802 154.595703 0.931312 
553.076111 182.511795 0.695447 
556.014587 182.633606 0.841725 
536.910645 219.325592 0.704184 
554.515564 247.270340 0.585535 
550.143799 181.072205 0.561581 
538.355957 217.875824 0.105676 
0.000000 0.000000 0.000000 
557.423828 261.928162 0.660049 
558.928894 310.471405 0.878056 
544.226257 357.510742 0.820454 
548.632324 260.457764 0.608108 
547.141785 308.982758 0.764454 
544.255798 354.576538 0.613464 
575.130005 147.294846 0.902367 
0.000000 0.000000 0.000000 
559.033203 148.806976 0.842902 
0.000000 0.000000 0.000000 
18
580.972412 153.178085 0.937786 
553.087891 182.514587 0.720875 
557.438293 182.636047 0.867113 
539.822510 219.361511 0.753354 
557.417053 247.242554 0.635183 
548.706116 181.053711 0.609587 
532.494446 217.893646 0.140000 
0.000000 0.000000 0.000000 
557.419800 263.400970 0.713485 
558.939270 310.477997 0.890302 
544.197815 357.493286 0.814369 
547.167603 261.941986 0.655586 
547.142456 309.006226 0.815190 
545.642029 354.559479 0.620878 
575.124146 147.293076 0.905878 
0.000000 0.000000 0.000000 
560.413940 150.213562 0.834146 
0.000000 0.000000 0.000000 
18
581.008789 153.146576 0.936081 
555.976624 182.535797 0.722647 
557.465576 184.018250 0.868551 
536.928955 223.703217 0.734571 
558.893799 247.262360 0.633895 
554.519592 181.089752 0.577572 
536.882629 220.807968 0.125116 
0.000000 0.000000 0.000000 
556.031494 261.944000 0.698150 
558.960693 309.021973 0.830853 
544.219543 357.479065 0.796412 
547.250244 260.495117 0.598111 
547.171448 307.530304 0.744192 
545.666016 353.118896 0.612664 
576.594055 147.270035 0.899367 
0.000000 0.000000 0.000000 
560.477173 150.194763 0.823060 
0.000000 0.000000 0.000000 
18
581.008240 153.133850 0.920820 
555.957458 182.540375 0.750093 
557.524780 184.056198 0.851875 
538.356018 220.767410 0.726897 
525.152100 226.661774 0.419460 
550.148315 181.056519 0.615936 
535.476685 219.308365 0.135410 
0.000000 0.000000 0.000000 
557.420654 263.394135 0.746088 
558.986145 310.457977 0.862270 
544.211853 357.477386 0.812174 
548.662659 261.968811 0.635031 
547.162231 309.003723 0.783070 
545.645691 353.121033 0.623054 
576.584595 147.280258 0.885030 
0.000000 0.000000 0.000000 
560.476746 150.236115 0.803613 
0.000000 0.000000 0.000000 
18
581.054321 151.694183 0.912373 
557.409302 182.595795 0.726408 
557.543030 184.056335 0.866591 
538.369812 220.807693 0.715935 
532.484131 231.058075 0.372594 
554.515747 181.119461 0.582434 
536.918823 217.874008 0.135180 
0.000000 0.000000 0.000000 
557.534302 263.385162 0.731128 
558.941345 310.425934 0.844849 
544.223755 357.463989 0.795366 
554.558838 261.953369 0.598416 
547.194763 307.533020 0.759158 
544.238770 353.098022 0.626236 
578.034729 147.259918 0.889453 
0.000000 0.000000 0.000000 
561.904297 151.686905 0.797564 
0.000000 0.000000 0.000000 
18
581.057922 151.661087 0.911803 
557.422607 182.571701 0.749292 
558.919373 184.053436 0.872025 
539.863098 220.804123 0.694256 
533.952637 236.986359 0.546227 
553.061768 181.074539 0.607013 
535.407837 217.886917 0.170178 
0.000000 0.000000 0.000000 
558.947937 260.494843 0.713369 
558.898193 309.020721 0.827612 
544.241211 357.466339 0.804626 
557.449951 259.016205 0.621755 
547.218384 307.516479 0.754536 
544.213074 353.096313 0.646511 
576.616028 147.255432 0.887962 
0.000000 0.000000 0.000000 
561.907837 153.149612 0.800316 
0.000000 0.000000 0.000000 
18
581.026917 150.234543 0.917536 
557.466614 182.616791 0.765925 
558.935730 185.477600 0.851068 
542.789368 220.809052 0.710127 
533.926819 239.917145 0.585592 
554.550354 181.139175 0.616300 
535.454468 217.842026 0.168392 
0.000000 0.000000 0.000000 
560.397888 261.915314 0.711669 
558.900269 310.419647 0.846783 
544.242554 357.494568 0.813446 
558.917664 259.008972 0.612729 
548.672913 307.497009 0.732807 
544.247559 353.104187 0.669922 
575.151917 147.247925 0.880430 
0.000000 0.000000 0.000000 
561.906433 153.165253 0.787501 
0.000000 0.000000 0.000000 
18
581.029724 150.204819 0.922826 
557.535889 184.065430 0.758783 
558.989380 186.995682 0.840259 
544.224915 228.073151 0.752502 
535.422729 245.771362 0.538145 
557.453369 182.585968 0.610792 
539.827209 223.723007 0.112623 
0.000000 0.000000 0.000000 
560.429810 261.977234 0.732243 
557.519836 310.481049 0.826481 
544.201050 357.501953 0.781431 
560.461060 260.489197 0.605989 
550.156555 308.967468 0.690183 
545.685120 351.648773 0.697638 
575.139038 147.231430 0.872244 
0.000000 0.000000 0.000000 
561.898987 154.596909 0.778329 
0.000000 0.000000 0.000000 
18
582.423157 151.713760 0.908078 
557.432617 184.049438 0.803872 
560.402588 188.412888 0.848419 
545.697571 226.648178 0.760381 
536.886414 241.348801 0.661831 
548.673462 182.561829 0.707143 
528.114624 216.395569 0.220468 
531.035278 226.677689 0.303997 
560.393250 263.388519 0.772935 
557.491394 310.488678 0.832376 
544.207764 357.490997 0.785623 
557.511475 261.916748 0.627610 
550.135803 310.407349 0.682871 
545.666382 353.087372 0.709408 
579.471741 147.275360 0.872298 
0.000000 0.000000 0.000000 
563.390198 154.592941 0.778144 
0.000000 0.000000 0.000000 
18
582.435913 150.213501 0.924013 
557.489380 184.037354 0.821950 
560.480896 188.432571 0.858060 
545.733887 223.741180 0.776489 
533.947327 251.641479 0.817127 
548.684021 182.536926 0.710089 
533.969727 211.974503 0.283984 
528.099548 219.300964 0.376112 
558.962891 263.447662 0.795042 
557.421326 312.002319 0.770069 
544.201294 357.544403 0.774099 
557.421021 263.381653 0.601575 
553.058716 311.965088 0.644573 
545.744019 354.551727 0.675325 
579.484619 147.227692 0.892623 
0.000000 0.000000 0.000000 
564.852539 153.161179 0.768495 
0.000000 0.000000 0.000000 
18
582.447876 150.220200 0.920556 
557.479065 184.051147 0.842506 
563.376587 188.424759 0.847458 
545.710693 228.123306 0.897259 
533.900818 259.032623 0.831682 
548.646912 182.555328 0.726858 
533.959961 216.354263 0.415707 
523.737854 225.201172 0.388439 
558.899353 264.870483 0.824139 
557.422791 314.860138 0.783196 
544.247925 358.959106 0.815600 
551.599548 263.431549 0.607478 
548.646362 313.391876 0.678824 
544.263428 357.460754 0.669994 
579.496887 147.236710 0.906290 
0.000000 0.000000 0.000000 
566.268616 153.178101 0.779304 
0.000000 0.000000 0.000000 
18
582.494873 150.213394 0.917704 
558.943848 184.061447 0.797206 
564.816040 188.418472 0.823990 
545.684509 228.110733 0.876783 
533.986145 260.480927 0.883201 
551.610657 182.570297 0.615321 
532.492004 219.334839 0.182194 
0.000000 0.000000 0.000000 
557.517029 263.435272 0.783415 
556.008057 313.431152 0.774420 
544.257202 357.576935 0.875767 
556.006653 263.353394 0.581865 
545.683777 310.519165 0.637193 
544.268188 354.552338 0.527508 
579.539856 147.227783 0.919076 
0.000000 0.000000 0.000000 
566.293945 153.166962 0.769594 
0.000000 0.000000 0.000000 
18
582.510315 150.246490 0.892184 
558.899231 184.035614 0.832447 
564.842163 185.535858 0.844814 
547.141907 228.086456 0.881455 
538.347046 259.036102 0.855656 
550.122925 182.591217 0.676446 
525.126343 216.325424 0.377815 
525.186890 217.951614 0.276882 
560.451172 261.921265 0.744255 
558.926392 310.502380 0.866253 
544.236084 357.478882 0.866467 
557.498474 260.476257 0.565290 
557.477478 310.421478 0.678766 
545.733154 350.152802 0.670072 
580.930237 147.234009 0.926358 
0.000000 0.000000 0.000000 
567.724976 153.129272 0.787310 
0.000000 0.000000 0.000000 
18
582.540955 151.686295 0.879905 
558.894165 185.492310 0.796527 
566.311279 188.435455 0.813806 
547.134888 229.572174 0.864453 
542.789490 260.483673 0.756912 
548.698120 182.605835 0.632085 
523.696045 213.448013 0.351791 
523.699768 217.910934 0.075533 
561.927368 263.365204 0.720279 
558.969604 311.916199 0.856979 
544.246643 357.485413 0.828977 
557.522400 261.950378 0.606650 
551.603149 310.493530 0.730353 
545.651611 353.116241 0.679869 
580.970032 147.236572 0.943370 
0.000000 0.000000 0.000000 
567.777588 151.695419 0.801086 
0.000000 0.000000 0.000000 
18
582.507446 151.689682 0.871008 
555.989563 189.911331 0.846465 
567.785156 191.368729 0.889213 
547.131104 229.597534 0.888757 
538.365723 260.507507 0.749281 
538.382080 191.327820 0.705371 
525.150391 211.951385 0.521526 
523.683472 229.569382 0.513016 
561.906006 263.406311 0.745022 
558.987549 311.936951 0.867952 
544.221191 357.493927 0.839710 
554.519348 263.371674 0.570824 
548.657166 310.477264 0.762994 
544.260864 353.127686 0.683469 
580.949707 147.225311 0.936356 
0.000000 0.000000 0.000000 
567.737671 153.150970 0.793572 
0.000000 0.000000 0.000000 
18
582.511169 151.712509 0.870322 
554.546204 191.387283 0.867463 
569.185730 191.406509 0.913675 
547.131104 228.166275 0.827959 
533.918091 256.060913 0.695685 
535.478943 192.874191 0.778746 
525.171692 226.610397 0.504075 
523.698975 244.303116 0.611528 
561.899719 261.963440 0.726638 
559.021179 310.450623 0.840437 
544.239502 357.486877 0.819490 
555.988647 261.930176 0.571647 
554.518494 308.989716 0.674395 
545.683960 351.654999 0.675959 
580.967346 147.247467 0.938506 
0.000000 0.000000 0.000000 
569.175964 154.596512 0.812687 
0.000000 0.000000 0.000000 
18
582.494568 151.691437 0.874766 
557.430420 191.346725 0.875841 
569.218384 192.794113 0.918490 
547.126770 229.561493 0.806949 
533.945740 260.464935 0.639956 
539.840393 189.910156 0.674977 
523.727905 206.101959 0.746877 
523.719482 239.919952 0.746464 
560.444580 261.975281 0.741230 
559.000244 310.461029 0.807322 
544.208801 356.060913 0.793171 
554.520752 261.921234 0.580814 
551.591675 310.412109 0.674801 
544.263611 351.619171 0.685440 
580.944031 147.237213 0.928737 
0.000000 0.000000 0.000000 
569.171631 154.599472 0.818724 
0.000000 0.000000 0.000000 
18
582.483215 151.670975 0.885858 
555.960144 191.393555 0.866855 
569.201904 192.812119 0.907137 
547.130981 231.071198 0.832724 
533.982605 263.466309 0.698669 
535.455688 192.798828 0.751886 
525.106201 206.124146 0.652487 
523.661194 239.879272 0.785499 
560.417542 263.451965 0.743341 
557.499329 311.927460 0.791682 
544.218201 357.473663 0.783325 
555.974426 263.397217 0.563108 
554.542480 311.926605 0.663696 
545.728088 350.190979 0.680384 
580.924194 147.215729 0.937704 
0.000000 0.000000 0.000000 
567.742188 153.172287 0.804289 
0.000000 0.000000 0.000000 
18
582.441406 150.190582 0.900487 
555.984802 191.386551 0.847435 
569.186768 192.836700 0.900697 
547.214233 231.122864 0.863242 
535.475525 263.445587 0.757910 
535.476196 191.397476 0.714904 
523.734741 206.070648 0.678213 
523.704956 239.856766 0.768578 
561.876587 264.860046 0.753147 
557.486328 311.949493 0.788533 
544.210938 357.482758 0.793971 
557.500854 263.423737 0.570836 
557.430786 311.901306 0.627052 
545.742615 350.157806 0.667172 
579.512146 145.849426 0.914284 
0.000000 0.000000 0.000000 
566.315674 153.176651 0.781247 
0.000000 0.000000 0.000000 
18
582.431885 148.797607 0.921600 
556.018066 191.404724 0.846174 
567.752319 192.889832 0.888408 
548.630920 238.382828 0.833416 
542.788940 264.940857 0.806434 
536.922241 191.336441 0.696196 
525.144043 206.102432 0.659524 
529.569946 235.516754 0.794823 
560.458862 264.905579 0.771512 
558.943604 311.911102 0.801562 
544.195374 357.461700 0.792335 
558.920715 263.474365 0.565139 
558.915710 310.509735 0.610053 
545.749695 348.710297 0.649401 
579.493225 145.845016 0.921085 
0.000000 0.000000 0.000000 
566.278442 154.595200 0.782728 
0.000000 0.000000 0.000000 
18
582.407471 148.793686 0.926681 
557.458252 189.891327 0.811097 
563.341675 192.791168 0.863872 
556.002747 239.857300 0.838187 
548.643005 270.783417 0.803330 
547.211121 185.499527 0.684559 
533.919006 206.115738 0.730573 
535.375183 232.546524 0.812983 
563.343811 263.429810 0.733880 
561.907532 310.514893 0.775248 
544.244812 356.036774 0.779813 
555.986450 263.345673 0.586466 
548.662781 310.465881 0.619161 
545.710327 350.188904 0.621361 
578.081482 145.845474 0.909066 
0.000000 0.000000 0.000000 
564.826843 153.146042 0.782076 
0.000000 0.000000 0.000000 
18
581.037170 150.254868 0.918415 
557.425354 188.454895 0.785613 
560.459839 191.402130 0.891082 
557.435303 235.461655 0.907405 
559.005859 266.427856 0.871413 
548.645752 185.502594 0.661506 
0.000000 0.000000 0.000000 
0.000000 0.000000 0.000000 
563.330994 263.400085 0.713147 
558.983521 311.907013 0.796018 
545.658020 357.457825 0.874508 
550.132019 260.482147 0.655990 
525.164734 300.141724 0.475017 
495.718872 329.571991 0.278966 
576.616455 147.234543 0.904718 
0.000000 0.000000 0.000000 
561.897156 153.149551 0.775629 
0.000000 0.000000 0.000000 
18
580.986511 150.232147 0.921051 
556.029236 189.886932 0.754901 
559.036072 192.819641 0.879041 
558.955200 236.920700 0.891991 
569.238953 267.838806 0.893605 
548.654724 185.529922 0.666885 
0.000000 0.000000 0.000000 
0.000000 0.000000 0.000000 
560.411072 260.482391 0.705432 
560.468872 310.473663 0.768577 
544.233948 356.071899 0.752180 
550.119446 257.538696 0.650614 
554.502258 307.532410 0.611631 
545.751892 351.645813 0.554958 
575.117676 147.223129 0.900923 
0.000000 0.000000 0.000000 
560.456055 151.696716 0.780742 
0.000000 0.000000 0.000000 
18
580.930847 150.229111 0.930231 
556.020752 191.354568 0.742242 
559.008667 192.873169 0.890782 
561.918152 236.935852 0.832364 
576.599915 267.851929 0.842433 
548.674500 188.440948 0.641705 
564.870605 228.164780 0.074322 
0.000000 0.000000 0.000000 
558.938538 263.413696 0.750623 
558.996216 311.979858 0.741433 
542.747925 350.143341 0.195499 
554.523132 260.507568 0.600001 
567.728699 311.988342 0.598382 
545.737366 356.079926 0.842914 
572.233826 147.220291 0.928948 
0.000000 0.000000 0.000000 
559.003235 151.700897 0.777486 
0.000000 0.000000 0.000000 
18
579.529663 153.136459 0.903157 
557.446594 189.920853 0.730054 
558.962158 192.828979 0.899711 
563.340271 234.052917 0.806964 
582.439697 263.443878 0.978515 
553.047607 186.959961 0.580179 
570.684326 229.616180 0.289512 
583.938904 239.913162 0.398660 
558.901672 263.371124 0.779346 
557.462891 310.480713 0.617777 
539.850769 354.587891 0.710703 
558.930176 260.462006 0.565577 
580.961243 317.807831 0.385551 
547.171082 348.719543 0.639572 
572.202881 147.270782 0.926214 
0.000000 0.000000 0.000000 
558.983765 153.133881 0.790235 
0.000000 0.000000 0.000000 
18
579.527832 150.238098 0.913526 
557.432678 186.968872 0.758640 
557.520874 191.334671 0.862400 
560.422485 232.553894 0.845449 
583.959473 260.484985 0.943452 
555.971130 184.074814 0.661351 
572.175903 226.652298 0.721218 
594.191650 239.893082 0.848971 
557.404358 260.473633 0.759734 
557.498840 310.454926 0.877070 
547.167419 357.533478 0.737159 
548.681091 257.534454 0.609582 
545.749573 307.497070 0.756938 
541.288574 356.056824 0.687889 
572.190247 147.232712 0.938327 
0.000000 0.000000 0.000000 
558.977905 151.673828 0.809309 
0.000000 0.000000 0.000000 
18
579.530457 150.238998 0.911365 
557.460632 186.951660 0.769556 
558.892761 191.343414 0.867801 
558.909363 232.525192 0.903518 
583.968689 254.664551 0.961789 
554.558655 184.060104 0.667335 
570.740601 226.661255 0.737788 
594.192139 238.433914 0.873553 
557.459167 259.031647 0.758827 
558.910889 310.430389 0.884151 
545.645264 357.448059 0.814968 
548.677795 256.068512 0.613646 
545.755676 304.611053 0.781143 
539.851135 351.648529 0.652174 
572.197632 147.224869 0.939029 
0.000000 0.000000 0.000000 
558.992981 150.226059 0.809929 
0.000000 0.000000 0.000000 
18
579.561096 151.679565 0.923151 
557.446045 185.502884 0.750045 
557.479797 188.464279 0.864472 
557.459473 232.527573 0.855276 
582.499634 253.120605 0.960820 
555.971558 184.027969 0.641976 
570.717529 226.652206 0.714535 
591.303589 238.388306 0.734748 
556.034424 260.487335 0.742439 
558.907654 310.498871 0.867555 
544.269287 357.503387 0.827835 
548.642456 256.084534 0.612026 
545.736389 306.070374 0.779054 
542.767334 353.124420 0.623941 
572.236816 147.243896 0.926301 
0.000000 0.000000 0.000000 
559.003357 150.203842 0.814302 
0.000000 0.000000 0.000000 
