18
1
18
525.157043 148.729691 0.909230 
522.108887 170.812469 0.928384 
488.410614 170.851364 0.941576 
479.543518 220.823090 0.834972 
479.541473 264.841705 0.893877 
550.103333 170.790802 0.879492 
557.506409 217.840225 0.943517 
558.909851 264.879395 0.951270 
504.561676 261.961853 0.754090 
507.469788 316.371796 0.798528 
510.353088 366.332214 0.833189 
538.399231 261.968018 0.766624 
533.968018 314.909180 0.892774 
535.401611 361.956421 0.856291 
520.742310 144.284210 0.903322 
533.887634 144.322342 0.952968 
507.480896 136.991440 0.880563 
535.465942 135.562103 0.209969 
18
525.159973 148.719391 0.908537 
522.138062 170.811096 0.938165 
488.429749 170.836731 0.939123 
479.585449 219.368195 0.849888 
479.558716 263.403900 0.902025 
550.138000 170.808716 0.875420 
557.531555 217.901138 0.933013 
557.548889 264.912201 0.946126 
505.990417 261.970367 0.757076 
506.044678 316.348511 0.799976 
510.364044 364.898315 0.828090 
538.396973 263.363251 0.771762 
533.968506 314.914642 0.896804 
535.401367 363.379761 0.850662 
520.748657 142.889404 0.899338 
533.889648 144.315323 0.945834 
507.483093 136.965744 0.886086 
535.461731 135.562347 0.188203 
18
525.140686 147.335648 0.924833 
522.161316 170.820007 0.938788 
488.447449 170.836533 0.929465 
481.030396 220.823105 0.843687 
483.940094 264.883698 0.908053 
551.581787 170.827087 0.866637 
557.545410 217.928665 0.930748 
557.533325 264.924835 0.952175 
506.027496 261.971588 0.747711 
507.453491 316.347015 0.804794 
510.362701 364.891754 0.829445 
538.402527 263.377167 0.768252 
533.967957 316.337219 0.890570 
535.403320 363.383423 0.849557 
520.743713 142.855484 0.883954 
533.879822 144.294281 0.933283 
508.901855 136.961685 0.893718 
535.519348 135.601669 0.298647 
18
525.165039 147.312073 0.917047 
522.182800 170.827988 0.942296 
488.457306 170.851669 0.917666 
482.494751 223.705399 0.840000 
485.371979 264.867523 0.904327 
551.612000 170.823074 0.869768 
558.901428 217.889328 0.948969 
557.534180 264.944855 0.956493 
506.029144 261.974640 0.746442 
507.461151 316.351746 0.804270 
510.359039 366.308411 0.823628 
538.405762 263.387817 0.772492 
533.964417 316.348358 0.892697 
535.407654 363.394806 0.843482 
522.114990 142.845032 0.885544 
533.889526 142.883347 0.926603 
508.912781 136.967636 0.896222 
535.511780 135.564713 0.298077 
18
525.195007 147.249695 0.914187 
522.201111 170.813431 0.949233 
489.821320 170.843628 0.911432 
482.478271 225.180298 0.842477 
485.450287 264.864288 0.911585 
553.049255 170.795059 0.875685 
558.983948 217.922348 0.929976 
557.542358 264.975586 0.954272 
507.481323 263.376251 0.762576 
507.485291 316.364197 0.806020 
510.357666 364.882782 0.826334 
539.841309 263.412567 0.766520 
533.968750 316.362793 0.886298 
535.404785 363.393066 0.848447 
522.125793 141.369965 0.877236 
533.901184 141.384415 0.918352 
508.909241 136.968796 0.887822 
535.469849 135.506439 0.248378 
18
525.151550 145.870773 0.934932 
522.212830 170.785706 0.950858 
489.834961 170.819717 0.913470 
483.949738 225.224655 0.859702 
486.926025 266.341003 0.913074 
553.054932 170.751343 0.869585 
559.023987 217.875153 0.934411 
557.486816 264.910889 0.955908 
507.504333 261.973907 0.752021 
507.503998 316.358582 0.809023 
510.367462 364.880829 0.830039 
539.820618 263.385681 0.762677 
533.949768 316.333160 0.890579 
535.414001 361.964508 0.847589 
520.747437 138.480972 0.871572 
533.877991 139.915405 0.908290 
508.932587 135.583313 0.910763 
535.519470 135.534088 0.372379 
18
526.586853 145.835129 0.916275 
522.235352 170.751526 0.953166 
489.861755 170.804443 0.907681 
485.449493 225.215500 0.886047 
492.805725 264.967194 0.873856 
553.063538 169.367538 0.857962 
560.447998 217.851608 0.915844 
550.161377 263.478943 0.915228 
508.955933 263.451202 0.777905 
507.503052 319.269501 0.816797 
510.362610 366.333679 0.839154 
539.849915 263.436066 0.755989 
533.955444 316.374756 0.893270 
535.413513 364.844147 0.858626 
522.126343 138.447388 0.889172 
533.903320 138.445175 0.930895 
508.938629 135.591461 0.904348 
535.466736 135.460968 0.300528 
18
525.163147 145.797577 0.926400 
522.253540 169.389603 0.959826 
491.298187 170.760910 0.899931 
486.929413 220.776489 0.908823 
500.179840 263.365814 0.928962 
553.055298 169.329224 0.859138 
558.995972 214.919983 0.915688 
545.781860 248.696869 0.857004 
510.372803 263.385712 0.772492 
507.478180 319.282776 0.805476 
510.365234 366.319427 0.831903 
539.852234 261.950104 0.736914 
533.951965 316.367523 0.872982 
535.431213 363.426483 0.841062 
522.106628 137.012131 0.897002 
533.889465 137.026428 0.941080 
508.974854 135.534836 0.937891 
536.897949 135.506271 0.476281 
18
525.193542 145.746674 0.909590 
522.260254 169.337204 0.950886 
491.352325 169.392624 0.882778 
489.816284 217.874008 0.938543 
514.841492 244.318588 0.800081 
551.625732 169.276352 0.842231 
558.916077 214.925873 0.935628 
534.011230 222.272446 0.734157 
507.462891 260.472198 0.745893 
508.904572 316.348083 0.806196 
510.369263 364.890839 0.827114 
539.862671 257.534607 0.747126 
533.976563 314.914612 0.883168 
535.436462 363.392334 0.839760 
522.126343 136.953262 0.927062 
533.915100 136.962814 0.973601 
510.352234 135.504456 0.941710 
536.912109 135.461502 0.466559 
18
525.190796 144.339310 0.891430 
523.614136 167.888687 0.928161 
494.235291 169.310287 0.848720 
498.697723 216.290222 0.916677 
535.472534 225.153152 0.718475 
551.606628 166.397079 0.813545 
553.065491 207.585419 0.832118 
516.322632 197.273804 0.927693 
507.473969 253.166031 0.770465 
508.898865 314.874695 0.796736 
510.381348 364.891907 0.821590 
539.851501 253.179230 0.752779 
534.002747 313.453064 0.908701 
535.429199 363.398926 0.846724 
522.117493 135.547241 0.952993 
533.909119 135.550659 0.990301 
510.378387 134.098083 0.967956 
538.367065 134.059372 0.651971 
18
525.194641 142.828979 0.880648 
523.617554 164.935791 0.894115 
497.168365 167.876434 0.840846 
504.538116 206.025482 0.842840 
539.837646 198.721069 0.670972 
550.133789 161.985092 0.838529 
550.139343 195.840591 0.814501 
520.696777 182.578659 0.930825 
508.942902 254.649551 0.762269 
508.896088 316.338531 0.790227 
510.377350 366.315735 0.822776 
542.738892 254.643448 0.738605 
533.994446 314.875854 0.894826 
535.433716 363.393982 0.843560 
522.137024 134.111313 0.967019 
533.931091 135.453094 1.005526 
510.400391 134.043182 0.957805 
539.845337 134.079498 0.716976 
18
526.597534 138.430038 0.883564 
523.620605 163.462616 0.911079 
497.182556 166.405563 0.857601 
507.492432 194.316345 0.915573 
533.950684 181.075836 0.752387 
550.143860 160.557495 0.879668 
547.195801 192.787384 0.866677 
525.127075 169.323807 0.544824 
510.342621 256.073059 0.766886 
508.933350 316.336700 0.806835 
510.365509 366.323151 0.822205 
541.328369 256.079071 0.751012 
534.014832 314.908447 0.893033 
535.433228 363.402924 0.841641 
522.143677 134.003937 0.961158 
533.944214 134.023254 0.976470 
510.437347 133.986145 0.958699 
541.277100 134.057159 0.725021 
18
526.597229 137.014160 0.888529 
523.609558 161.994415 0.870896 
497.157349 163.470688 0.851936 
506.028625 188.444305 0.895796 
535.429199 164.929596 0.704106 
548.681213 160.515442 0.810328 
550.108643 185.487137 0.871409 
547.179260 158.995361 0.696603 
510.376282 254.647446 0.783345 
508.915466 314.913879 0.806542 
510.358856 364.883972 0.807145 
541.320679 256.057678 0.747613 
534.022888 314.862854 0.897216 
535.421570 361.962616 0.846826 
522.104187 133.970718 0.929584 
533.931824 133.975693 0.987990 
508.989197 134.055450 0.943863 
541.319580 133.998154 0.707546 
18
526.582703 135.530441 0.898571 
523.703979 160.560410 0.893766 
498.619873 162.000885 0.887887 
507.484467 184.082825 0.906898 
532.475647 159.085052 0.758751 
551.603271 159.105484 0.829357 
551.614075 182.535965 0.903332 
544.233582 156.123535 0.715931 
510.362976 254.607925 0.792230 
508.922638 314.918671 0.804319 
510.363953 364.871033 0.804922 
541.314209 254.615845 0.755092 
535.367432 313.469238 0.902165 
535.422913 363.404877 0.848982 
522.111450 132.567703 0.917924 
533.893494 132.511597 0.930179 
510.468689 134.066513 0.908712 
541.295776 132.554092 0.742046 
18
525.168884 134.064880 0.874481 
523.702515 159.114716 0.903214 
498.670044 160.539932 0.904017 
507.511658 184.012711 0.893236 
533.987488 157.488907 0.748955 
550.139160 159.052628 0.812788 
550.145813 181.060516 0.881288 
542.744934 148.724548 0.656578 
510.387543 254.629608 0.785934 
508.927368 316.331177 0.803138 
510.367432 364.882538 0.810530 
541.316833 254.634918 0.748890 
535.371826 313.468964 0.898827 
535.422485 363.408142 0.848510 
522.130188 129.620483 0.875673 
533.873962 128.139221 0.871431 
511.845245 133.969513 0.860459 
539.843201 131.075226 0.663781 
18
525.137939 133.983704 0.869843 
523.724731 160.502655 0.887225 
498.703033 160.534912 0.912673 
508.929474 182.589508 0.911101 
533.918884 154.588409 0.662213 
553.036621 160.491608 0.826069 
550.154907 181.043137 0.842358 
539.851624 147.287918 0.656194 
510.398926 254.631104 0.783278 
508.948029 314.916595 0.804954 
510.368042 364.895782 0.814963 
542.740417 254.650040 0.741334 
535.377380 314.865601 0.898407 
535.414856 363.422913 0.853518 
522.119263 126.701172 0.894376 
532.488220 125.253265 0.883485 
510.459808 133.986847 0.888017 
538.386902 131.092194 0.607669 
18
525.135132 133.986755 0.883763 
525.144897 160.525497 0.879850 
500.085175 160.544708 0.904188 
508.951721 182.565079 0.909680 
533.938538 154.587219 0.628242 
554.539307 160.513489 0.869728 
551.580017 181.091522 0.867724 
536.930359 148.724731 0.668030 
510.415009 254.607971 0.789683 
508.958160 314.904602 0.808391 
510.371521 366.308624 0.818226 
542.762207 254.642838 0.742460 
535.378296 313.471039 0.900265 
535.413513 364.852936 0.852655 
522.119019 126.708328 0.909274 
532.499084 125.257828 0.892631 
510.480499 134.000641 0.888894 
539.837646 131.128525 0.642668 
18
525.170166 133.996399 0.860327 
525.130981 160.545486 0.876758 
500.094391 160.553101 0.898877 
510.369995 182.564346 0.948557 
535.422180 154.589264 0.647923 
553.079224 160.527512 0.853113 
551.619873 181.063034 0.896757 
539.836609 148.727661 0.657452 
510.446808 254.633240 0.793582 
508.983368 314.922577 0.813136 
510.376770 366.315765 0.821553 
542.763672 256.054077 0.744075 
535.388611 314.878815 0.891347 
535.408875 364.867737 0.853710 
522.140442 126.724846 0.898451 
533.889465 125.278900 0.894135 
511.848541 134.018478 0.903392 
539.860413 132.536270 0.663541 
18
526.588867 133.959900 0.835011 
526.635376 160.531006 0.872074 
500.135712 160.540665 0.908237 
508.985229 182.612823 0.907017 
535.450134 156.063660 0.634541 
557.420532 160.521423 0.917909 
553.097412 181.026825 0.874516 
539.812744 148.756165 0.709046 
510.449341 254.624008 0.794027 
510.343353 316.356262 0.814691 
510.374115 366.328186 0.820107 
542.782410 254.637741 0.745304 
535.410095 314.904236 0.887788 
535.423645 364.852509 0.852088 
522.174622 126.680290 0.916407 
533.934326 125.246513 0.917490 
511.881409 133.991730 0.868435 
542.751953 132.533768 0.659803 
