75
1
18
510.464661 195.823318 0.939701 
513.358887 213.408356 0.868717 
494.232208 211.989288 0.863335 
482.509644 241.387665 0.902475 
489.839539 254.617355 0.867305 
535.402222 213.455627 0.902226 
544.199341 244.308823 0.848783 
523.615784 253.205704 0.829818 
503.103760 263.388336 0.823562 
511.952515 288.394836 0.770287 
513.384155 336.963013 0.818006 
533.899902 263.393005 0.760035 
508.912292 278.133484 0.599520 
476.668854 320.720154 0.811405 
506.047150 192.880035 0.956577 
513.428528 192.874832 0.918321 
500.127808 192.815201 0.624911 
523.626282 192.811722 0.955763 
18
510.470642 195.824265 0.941967 
511.980865 213.424377 0.878106 
492.798462 213.410873 0.867269 
482.480377 241.389221 0.910260 
489.875153 254.667435 0.852427 
535.385498 214.850861 0.904366 
542.796875 244.294739 0.844830 
523.679626 253.205750 0.835960 
503.067596 263.426849 0.825129 
513.352844 288.423859 0.740718 
513.375854 336.975220 0.813141 
532.437561 263.431885 0.755249 
508.953217 279.579895 0.583336 
478.060577 320.718903 0.796389 
506.035004 192.882172 0.948228 
514.815247 192.863907 0.919097 
500.096008 192.821793 0.716551 
523.605286 192.790466 0.948725 
18
510.470581 195.820114 0.943977 
511.965393 213.408432 0.880978 
492.775879 211.987991 0.868453 
481.033447 241.356857 0.913445 
489.866455 254.580185 0.876045 
535.378174 214.845291 0.904006 
542.747009 244.314880 0.844002 
522.233154 253.199631 0.827692 
500.191376 263.415985 0.848444 
511.956055 289.879425 0.752422 
513.383484 336.985870 0.810926 
528.050598 263.436310 0.755467 
508.935303 279.598358 0.555822 
479.543762 320.734436 0.792083 
506.026764 192.883514 0.948906 
513.430542 192.860245 0.919709 
500.088531 192.834976 0.729359 
523.602478 192.781601 0.944418 
18
510.458282 197.242523 0.929492 
511.961548 211.991852 0.881219 
491.352234 211.984436 0.869944 
481.047760 241.358597 0.909252 
489.867035 254.608459 0.863214 
535.376404 213.450104 0.907136 
542.742371 244.287903 0.840559 
523.645569 253.169754 0.838221 
500.193420 263.426544 0.858093 
511.973053 289.898804 0.756469 
513.388550 336.987396 0.810793 
526.626953 263.426819 0.751272 
508.935242 279.625977 0.559413 
478.123779 322.160278 0.811416 
506.003143 192.913223 0.946426 
513.416931 192.885086 0.923681 
500.073303 192.848541 0.702998 
523.596252 192.787811 0.953546 
18
510.412262 197.266052 0.916076 
511.959717 211.968353 0.876244 
491.342865 211.966415 0.867434 
481.051819 241.351135 0.900258 
488.455811 253.216522 0.875212 
535.375671 213.424957 0.899984 
541.328979 244.291992 0.843696 
523.619202 253.199432 0.820661 
500.178253 263.403168 0.860961 
513.369690 288.436768 0.729456 
513.378357 336.989258 0.814115 
528.088440 263.402405 0.755484 
510.405518 276.698120 0.591377 
478.106659 322.175110 0.831561 
503.119080 194.264801 0.946248 
513.369751 192.899597 0.930485 
498.711151 192.878891 0.641297 
522.256409 192.804352 0.979224 
18
510.378601 197.266479 0.906991 
511.955933 211.985062 0.874253 
491.333984 211.991592 0.866864 
481.042572 241.330902 0.901357 
489.841431 253.201813 0.877895 
535.369873 213.429535 0.900672 
542.776245 242.900482 0.865027 
523.683716 253.192001 0.842215 
500.154297 263.399323 0.870609 
513.406738 288.409088 0.743911 
513.374329 336.987274 0.811277 
528.063904 263.415283 0.755795 
510.437164 278.111450 0.579000 
478.143494 320.748322 0.801191 
503.070465 194.268509 0.959197 
511.975189 192.899765 0.940811 
498.673279 192.897095 0.636090 
522.232361 192.804871 0.974720 
18
510.388458 197.277328 0.894835 
511.948303 211.991562 0.869039 
491.329132 213.406586 0.867148 
482.503357 241.335052 0.899902 
488.441162 253.170578 0.893271 
535.367126 213.433594 0.898320 
542.756104 242.841553 0.861817 
525.113647 253.142166 0.841657 
500.179840 263.385376 0.872488 
513.417969 288.429413 0.756420 
513.394409 338.415863 0.801262 
526.586548 263.403442 0.762200 
510.433105 278.164398 0.566705 
481.027344 319.260712 0.769804 
503.072571 194.281174 0.947638 
511.974152 192.904800 0.934363 
498.670990 192.903824 0.689951 
522.203979 192.784760 0.940196 
18
510.356415 197.280289 0.885847 
511.930023 211.962433 0.869590 
491.323029 213.406006 0.866062 
482.508820 241.342133 0.902310 
488.448273 253.200104 0.872384 
534.019653 213.398117 0.882651 
541.308167 242.851776 0.863102 
522.221680 254.615158 0.761737 
500.187958 263.367188 0.852681 
514.827271 288.419312 0.767227 
513.390137 338.421509 0.804531 
526.591370 263.382751 0.763484 
510.435852 278.110443 0.565943 
482.486847 319.260712 0.786580 
501.653442 194.288559 0.958464 
511.945679 192.909317 0.941256 
498.650726 192.906815 0.685410 
522.167480 192.777100 0.932614 
18
508.967651 197.272736 0.881489 
511.903748 211.982346 0.871441 
491.293793 213.433029 0.866643 
482.472534 241.359467 0.895191 
488.443268 253.180222 0.877903 
533.999146 211.988007 0.884526 
541.311829 242.877487 0.858202 
522.183044 254.627655 0.776913 
500.158112 263.368378 0.861573 
514.818909 288.409027 0.738097 
513.383118 338.418457 0.805734 
526.582092 263.384338 0.752187 
510.442902 278.109192 0.583294 
482.492096 319.306244 0.792761 
501.620239 194.290466 0.968849 
511.907745 192.901459 0.953522 
498.619324 192.922470 0.701267 
522.113159 191.412659 0.917323 
18
508.978149 197.258591 0.885202 
511.891235 211.972595 0.870268 
489.891022 213.429611 0.875035 
482.481049 241.372696 0.892743 
489.838043 254.605438 0.857185 
533.991577 211.969833 0.881736 
541.307312 242.869644 0.861305 
522.143311 254.628754 0.771715 
500.153687 263.384491 0.856347 
513.419922 288.412659 0.737529 
513.393311 338.406738 0.803816 
525.163513 263.397125 0.763261 
510.440826 278.147766 0.592816 
482.519836 319.311249 0.794377 
501.624573 194.284256 0.965984 
511.906891 192.885986 0.956398 
498.617340 192.906555 0.710284 
520.742493 191.378494 0.882353 
18
508.975494 197.243622 0.882580 
511.877747 213.412979 0.870894 
489.872375 213.457428 0.882830 
481.048004 241.373383 0.890755 
489.844330 254.580353 0.858015 
533.972107 211.992569 0.879878 
542.764832 242.837936 0.869154 
525.120850 253.150497 0.833353 
500.141144 263.415619 0.861686 
514.820618 288.442871 0.729388 
513.390442 338.386536 0.809776 
525.124146 263.426758 0.755135 
510.443665 279.598053 0.566201 
483.964783 317.845978 0.790079 
501.615662 194.274719 0.955959 
511.902649 192.872314 0.954170 
498.597443 194.261841 0.775618 
520.727478 191.395660 0.877889 
18
508.975067 197.246277 0.882278 
511.875488 213.418579 0.871977 
489.873413 214.851654 0.883367 
481.053528 241.360901 0.889090 
489.822357 253.220993 0.863877 
533.963135 211.991486 0.879423 
542.782959 241.438278 0.889077 
526.586365 253.142532 0.857641 
500.152374 263.412689 0.867903 
513.410706 289.882111 0.736559 
513.390442 338.412354 0.808742 
525.139832 263.419952 0.765412 
510.431274 281.066254 0.567788 
483.940247 317.851227 0.784011 
501.609070 194.282059 0.955589 
511.897339 192.868576 0.953175 
498.589172 194.290085 0.817483 
520.716003 191.388168 0.865453 
18
510.346252 197.247681 0.887896 
511.865448 211.974228 0.864528 
489.858215 213.454620 0.878156 
481.034760 241.367111 0.879939 
489.837158 253.217148 0.865421 
533.947815 211.957855 0.872882 
542.754578 241.363159 0.888033 
528.072937 253.195877 0.813972 
501.588989 263.372589 0.849747 
514.823303 288.456238 0.759773 
513.383240 338.446167 0.792076 
525.180237 263.366425 0.747853 
510.404724 282.517273 0.592289 
482.477631 320.710449 0.783365 
501.625336 194.288239 0.950305 
511.907196 192.871902 0.956709 
498.590485 194.293015 0.840800 
520.714600 191.388199 0.856999 
18
508.986938 197.290573 0.878864 
511.850677 213.402161 0.864839 
489.839905 214.852127 0.879086 
481.015137 241.378143 0.885129 
489.854584 254.586624 0.857809 
533.929443 211.968842 0.869836 
542.743652 241.399353 0.886752 
526.584412 253.208557 0.809338 
501.590363 263.408936 0.856507 
514.842957 288.450684 0.757332 
513.382263 338.432983 0.800711 
526.626221 263.384674 0.746004 
510.423279 281.058777 0.585023 
482.513184 319.280182 0.775090 
501.620789 194.310928 0.948447 
511.906769 192.897629 0.964062 
498.577545 194.306702 0.838241 
520.715576 191.410492 0.879234 
18
510.343872 197.307404 0.872489 
511.852020 211.984009 0.858658 
489.848236 213.457489 0.876241 
481.022797 241.365265 0.884166 
489.887421 254.621140 0.849007 
533.927124 211.967499 0.864958 
542.761780 241.368668 0.884973 
528.070129 253.185593 0.805928 
500.198975 263.392975 0.850438 
514.839600 288.449402 0.756755 
513.389587 338.437469 0.795433 
526.584656 263.375977 0.742455 
510.429291 281.058716 0.574623 
482.488861 319.277374 0.771529 
501.620667 194.323303 0.943180 
511.915314 192.905853 0.957247 
497.225311 194.329239 0.853158 
520.732788 192.768951 0.879756 
18
510.344696 198.734009 0.872768 
511.847382 211.978592 0.854793 
489.839081 213.450638 0.876117 
481.046265 241.367966 0.882273 
489.855743 254.591141 0.854635 
533.932068 211.965179 0.871476 
544.189331 241.353699 0.901728 
530.987915 253.174774 0.861827 
500.196106 263.415985 0.847111 
514.865479 288.452911 0.734202 
513.380188 339.857300 0.788674 
526.601196 263.418854 0.742802 
510.482574 279.616699 0.575903 
482.500366 319.290436 0.778603 
501.627075 194.334915 0.937243 
511.917938 192.922592 0.958155 
498.573181 194.321976 0.855356 
520.722229 192.778854 0.863434 
18
508.975891 198.725571 0.872522 
511.842621 211.989563 0.854579 
489.827881 213.460068 0.877255 
481.055511 241.384323 0.887510 
489.895691 254.670441 0.807799 
533.926270 211.965363 0.867008 
542.777954 241.354889 0.887733 
529.559265 253.183105 0.858470 
500.182983 263.419891 0.841718 
516.289917 288.429749 0.721733 
513.382690 338.426483 0.795232 
525.164978 263.412079 0.730079 
510.454773 281.045776 0.570121 
482.510254 319.283905 0.774083 
501.614807 194.329102 0.942857 
511.904633 192.917465 0.963370 
497.224731 194.321594 0.853813 
520.702759 192.781036 0.868288 
18
510.363129 198.727219 0.882293 
511.849213 211.981583 0.851788 
489.827087 213.452240 0.880041 
481.043518 241.379288 0.890001 
491.296753 254.659241 0.814539 
533.939758 211.972534 0.869276 
542.763184 241.350998 0.881494 
529.522522 253.150009 0.847561 
500.191742 263.398987 0.843692 
516.286316 288.419739 0.743105 
513.385254 338.431702 0.793904 
525.177795 263.386078 0.736381 
510.460938 279.611694 0.578352 
482.514923 319.294922 0.781601 
501.645111 194.332245 0.927920 
511.929413 192.918793 0.961491 
498.574341 194.316452 0.869251 
520.720276 192.773743 0.848287 
18
510.386963 198.711838 0.892574 
511.846283 211.984421 0.859018 
489.824738 214.848526 0.885246 
481.053497 241.375305 0.893587 
489.873810 254.630524 0.836336 
533.927002 211.951294 0.868463 
541.324097 241.337677 0.880053 
529.523193 253.159622 0.830749 
500.193634 263.386292 0.844630 
514.870667 288.424561 0.714918 
513.383057 339.863831 0.795720 
525.176636 263.369751 0.736149 
510.485687 278.128632 0.592656 
483.946411 319.262054 0.785184 
501.663910 194.328354 0.920457 
511.942749 192.908524 0.962836 
497.212250 194.336884 0.875585 
520.726807 192.771637 0.824826 
18
510.405579 198.735672 0.892616 
511.838593 213.411484 0.860864 
489.820374 214.850143 0.883068 
481.037506 241.373032 0.891114 
489.847534 254.597595 0.853890 
533.917847 211.979843 0.865117 
541.315247 241.372589 0.882620 
528.079346 253.166946 0.826914 
500.192993 263.412720 0.850442 
514.864990 288.458649 0.726166 
513.385986 339.884979 0.789854 
525.176270 263.388458 0.737691 
510.468506 278.154175 0.579707 
483.937714 319.268555 0.778331 
503.073242 194.340149 0.907242 
511.956909 194.257050 0.958861 
497.208344 194.334244 0.879926 
520.707642 191.410126 0.767752 
18
510.355103 198.762070 0.874417 
511.837463 213.412643 0.861773 
488.452087 214.868500 0.892535 
481.005768 241.390610 0.892965 
489.875488 254.638214 0.813846 
533.929565 211.972549 0.872405 
541.287354 241.352997 0.867206 
528.097473 253.186066 0.847577 
500.187469 263.412506 0.845004 
516.305725 288.403839 0.718950 
513.377747 339.875031 0.791833 
526.596863 263.393066 0.732774 
511.858429 278.134857 0.573962 
483.931030 319.264221 0.780917 
501.638794 194.357361 0.918520 
511.914703 194.269348 0.958258 
497.190002 194.342102 0.865963 
520.685913 192.776154 0.809530 
18
508.957886 200.197250 0.869787 
511.836609 213.419540 0.861183 
488.460052 214.868835 0.891312 
481.016785 241.379608 0.888412 
489.842590 254.598129 0.846280 
533.916931 211.983322 0.864466 
542.740173 241.310089 0.867198 
531.006897 253.145004 0.849571 
500.168640 263.400269 0.841264 
516.298279 288.399261 0.699369 
513.377991 339.866241 0.789454 
525.142700 263.397552 0.740618 
511.885559 278.115631 0.573920 
483.943542 319.284576 0.792459 
501.608429 194.371567 0.931445 
511.889832 194.285904 0.962319 
497.190948 194.351364 0.844789 
520.679504 192.800934 0.856065 
18
508.949615 200.232178 0.869080 
511.835999 213.424515 0.855801 
488.457794 214.865463 0.885547 
479.594910 241.382538 0.889875 
489.850494 254.586212 0.865730 
533.921631 211.992447 0.857892 
542.736084 241.364548 0.871109 
528.077820 253.184631 0.807806 
501.580902 263.399506 0.840498 
516.288879 288.395416 0.701012 
513.375305 339.858734 0.792394 
528.053528 263.382782 0.730533 
511.891113 276.694336 0.603707 
483.932037 319.306671 0.795029 
501.602356 194.388428 0.926802 
511.886841 194.308945 0.962491 
497.178894 194.357849 0.842506 
520.676697 192.824036 0.862496 
18
508.971985 200.217148 0.876763 
510.497101 213.428894 0.860777 
488.446655 214.869370 0.896045 
481.026703 241.374222 0.893309 
489.856598 254.604340 0.857271 
533.915588 211.989716 0.861669 
542.752808 241.304672 0.863835 
532.432495 253.128540 0.857466 
501.598999 263.399933 0.833126 
514.871887 288.408020 0.726395 
513.387512 338.429352 0.799063 
528.066956 263.379822 0.728471 
511.862030 278.131805 0.592451 
482.502167 320.710846 0.789884 
501.622406 194.379303 0.922522 
511.900879 194.302399 0.966743 
497.195740 194.356491 0.851931 
520.682800 192.825989 0.850998 
18
508.984894 200.215073 0.880927 
511.834900 213.410126 0.859381 
489.824249 214.871735 0.885993 
481.018585 241.366730 0.886760 
489.829681 253.217407 0.873256 
533.906799 211.959946 0.859682 
544.215942 239.892975 0.877930 
533.957397 253.067764 0.932647 
501.624420 263.418365 0.824826 
516.286560 288.432404 0.717974 
513.386841 338.424744 0.790259 
526.612427 263.396942 0.732947 
511.859955 279.579773 0.571762 
483.952148 319.317810 0.799479 
501.630951 194.382111 0.918971 
511.906342 194.298431 0.964488 
497.196747 194.369385 0.850475 
520.685425 192.817490 0.833679 
18
510.348724 201.634796 0.881626 
511.836975 211.992111 0.856179 
489.835846 214.861145 0.883088 
481.012207 241.357025 0.891036 
489.831451 253.223068 0.865946 
533.901978 211.955811 0.856110 
544.201233 239.882462 0.888021 
533.959656 253.112427 0.938928 
501.652435 263.429718 0.821431 
516.311279 288.426331 0.710219 
513.383057 338.438293 0.787972 
528.065979 263.414154 0.740913 
511.864899 279.579010 0.586251 
483.944824 319.315674 0.791223 
501.643250 194.392273 0.908453 
511.916046 194.313873 0.960452 
497.202545 194.362869 0.849914 
520.691833 192.820755 0.825461 
18
510.363556 201.638718 0.888410 
511.844513 213.419998 0.859317 
489.821136 214.877274 0.890879 
481.015259 241.368912 0.883379 
488.458771 253.198730 0.876940 
533.927002 211.972839 0.866829 
544.202332 239.925903 0.880442 
533.938293 253.102600 0.924956 
501.627716 263.423737 0.828062 
516.290466 288.402252 0.705364 
513.386658 338.436157 0.780878 
528.093933 263.406555 0.731913 
511.877197 278.135651 0.608322 
483.940918 319.317444 0.791683 
501.650452 194.394379 0.904198 
511.928314 194.310181 0.960160 
497.196198 194.369385 0.856661 
520.702148 192.811584 0.824775 
18
510.369049 200.222015 0.885766 
511.856293 213.413910 0.862975 
489.841644 214.871399 0.886448 
481.020386 241.359741 0.884583 
488.449097 253.198853 0.877059 
533.929749 211.975540 0.874148 
542.802368 239.949188 0.873384 
533.913574 253.112518 0.920544 
501.618896 263.410797 0.836267 
516.281555 288.404724 0.725674 
513.392151 338.418793 0.788087 
526.627991 263.387360 0.737530 
511.865387 278.160431 0.584198 
483.935699 319.311951 0.789041 
501.651215 194.386658 0.906308 
511.934418 194.300476 0.957887 
497.209778 194.376328 0.842053 
520.726990 192.811523 0.854770 
18
510.384491 200.195633 0.884938 
511.866852 213.436401 0.872214 
489.856384 214.891953 0.893488 
481.039703 241.358749 0.875952 
488.397766 253.166382 0.911584 
533.937195 211.979935 0.875263 
542.793823 239.880524 0.869539 
533.977600 253.107376 0.945317 
501.642456 263.420868 0.835739 
516.282715 288.396729 0.707524 
513.384033 338.442047 0.789955 
529.532288 263.420837 0.750537 
511.887268 278.121521 0.594165 
482.506226 320.711945 0.790553 
501.666382 194.374161 0.900874 
511.942200 194.286087 0.953999 
497.215576 194.380234 0.841765 
520.736084 192.807785 0.846991 
18
510.368561 200.190048 0.879522 
511.861542 213.427383 0.869892 
489.852814 214.886871 0.892057 
481.032288 241.349289 0.870995 
488.382629 253.164124 0.907694 
533.937561 211.975464 0.869325 
544.229309 239.872147 0.885212 
535.384460 253.115891 0.940902 
501.629578 263.430389 0.845419 
514.850220 288.406647 0.728144 
513.379089 338.442871 0.792995 
529.534302 263.427582 0.764234 
511.856659 278.151093 0.592066 
482.507019 319.317352 0.786710 
501.649109 194.371567 0.910462 
511.929901 194.280365 0.955794 
497.218262 194.380478 0.837609 
520.729370 192.798492 0.853719 
18
510.364685 200.210434 0.880704 
511.865143 213.454529 0.870562 
489.845459 214.897980 0.898624 
481.030029 241.369308 0.860076 
488.362457 253.162338 0.906984 
533.931274 213.398911 0.868055 
544.216980 239.877289 0.879880 
535.399353 253.151932 0.917866 
503.099396 263.419098 0.822632 
516.308350 288.405945 0.707413 
513.385254 339.862152 0.798575 
531.019043 263.407349 0.771092 
511.905670 276.677673 0.617835 
483.936798 319.302917 0.788953 
501.644867 194.376587 0.907244 
511.931366 194.293060 0.954645 
497.183716 194.385330 0.847776 
520.733276 192.825287 0.854594 
18
510.366486 200.206741 0.884654 
511.868011 213.457504 0.870280 
489.854523 214.895020 0.896313 
481.033356 241.365677 0.875403 
488.375153 253.189255 0.901707 
533.938232 213.407059 0.873893 
544.225769 239.912735 0.878930 
535.405457 253.129608 0.923735 
503.059998 263.420624 0.826123 
516.296570 288.406860 0.708458 
513.377686 338.448792 0.789421 
529.541443 263.414856 0.755397 
511.889099 276.681549 0.618361 
482.510742 320.718597 0.791050 
501.645721 194.376190 0.911138 
511.934784 194.291946 0.956355 
497.196838 194.383804 0.843675 
520.734741 192.821701 0.854453 
18
510.361908 200.206161 0.884362 
511.863617 213.458344 0.867839 
489.846863 214.893677 0.896206 
481.033844 241.352478 0.866327 
488.358734 253.160522 0.910447 
533.932617 213.400177 0.867189 
544.244751 239.910522 0.886851 
535.404297 253.153915 0.926986 
503.097229 263.404053 0.822375 
516.283752 288.411499 0.704482 
513.376343 339.884125 0.788036 
531.001465 263.402435 0.771985 
511.911224 276.703461 0.614232 
483.933868 319.304565 0.781346 
501.646759 194.372162 0.909634 
511.932648 194.298767 0.957085 
497.192322 194.383377 0.852878 
520.732727 192.855530 0.855004 
18
510.398071 200.224243 0.897916 
511.859772 213.455048 0.866007 
489.843628 214.886307 0.899265 
481.050262 241.358047 0.869484 
488.352264 253.164124 0.916595 
533.929871 213.408600 0.865623 
544.207947 239.881638 0.874766 
535.436340 253.196854 0.909170 
504.520264 263.389557 0.814495 
516.299683 288.428894 0.709554 
513.389038 338.443878 0.788814 
529.553772 263.389618 0.761995 
511.887878 278.111969 0.607480 
482.503387 320.713501 0.785136 
503.085693 194.387268 0.892626 
511.957397 194.318161 0.953134 
498.584137 194.372482 0.861014 
520.726563 192.846771 0.798002 
18
508.971436 201.665649 0.887122 
511.853363 213.454498 0.861851 
489.834625 214.895340 0.901247 
481.035645 241.359848 0.869828 
488.358643 253.166901 0.911800 
533.924316 213.413162 0.857892 
544.186035 239.845169 0.833476 
535.482117 253.167053 0.876738 
503.098907 263.375885 0.819057 
516.299438 288.411957 0.702189 
513.384583 339.859589 0.788145 
529.533325 263.366394 0.751753 
511.898865 278.112885 0.599379 
483.939697 319.312378 0.787145 
501.631073 194.413406 0.911558 
511.903809 194.343811 0.959926 
497.213287 194.381668 0.829140 
520.691345 192.870239 0.855868 
18
508.942505 201.698654 0.882115 
511.868683 214.850327 0.866860 
489.859192 214.907715 0.898307 
482.471710 241.364716 0.868923 
488.364532 253.178345 0.909837 
533.935486 213.431610 0.863485 
542.789856 239.869629 0.821466 
535.483459 253.168030 0.860359 
504.521973 263.388824 0.813346 
516.312256 288.392487 0.689887 
513.391418 338.435699 0.788894 
530.977478 263.381622 0.757755 
511.918793 276.676941 0.611561 
482.512909 320.720642 0.792203 
501.600739 195.792252 0.917758 
511.882446 194.364655 0.947961 
497.212433 194.391281 0.790733 
520.680420 192.881592 0.863850 
18
508.954987 203.129852 0.901133 
511.883362 214.858765 0.877592 
489.881500 214.902267 0.899981 
482.476013 241.339661 0.873854 
488.364655 253.143921 0.933940 
533.938110 213.452591 0.873803 
542.801147 239.860733 0.812716 
536.892700 253.137604 0.833722 
504.543365 263.390686 0.823134 
514.864075 289.894073 0.721304 
513.382446 339.864685 0.784947 
529.534607 263.379639 0.756654 
511.859283 278.146698 0.572163 
483.944794 320.711273 0.806878 
501.622131 195.856049 0.896846 
511.881409 194.410126 0.930867 
498.581055 194.412491 0.730066 
520.669189 192.888641 0.844971 
18
507.477386 204.536972 0.893665 
511.887695 214.856934 0.874702 
489.880951 214.918152 0.905480 
482.486359 241.336334 0.864274 
488.363068 253.149139 0.928533 
533.940918 213.446136 0.869009 
542.793457 238.440613 0.800258 
538.390564 253.067856 0.858581 
505.988525 263.415833 0.824002 
514.866882 289.905396 0.707887 
513.378052 339.867767 0.791011 
530.990540 263.406738 0.769479 
511.876892 278.149536 0.569610 
483.967865 319.318817 0.803498 
500.180542 198.710831 0.909486 
510.457794 195.830933 0.902081 
497.195801 195.809967 0.547252 
519.239624 194.265030 0.865917 
18
506.030396 204.547379 0.889930 
511.894287 214.876587 0.890991 
489.879120 216.291412 0.913816 
482.470856 241.341019 0.861594 
488.360687 253.139771 0.947438 
533.950806 213.449692 0.877752 
544.224304 239.816299 0.819826 
539.831421 251.729752 0.828603 
506.037415 263.443634 0.818446 
516.288635 289.905762 0.693816 
513.374756 339.860138 0.793206 
532.453613 263.416779 0.774891 
511.901184 278.128815 0.584054 
483.933197 320.713013 0.798461 
500.152435 198.722946 0.911062 
510.420959 195.842148 0.895745 
497.195160 195.839447 0.431841 
519.224670 194.271255 0.865886 
18
507.464630 204.542023 0.893961 
511.889771 214.869446 0.880047 
489.881989 216.294312 0.909536 
482.495697 241.338760 0.858148 
488.354950 253.153976 0.931118 
533.940247 213.432556 0.862782 
544.253357 238.449554 0.811700 
541.308838 253.082977 0.802160 
506.031097 263.417206 0.823117 
514.869080 289.921509 0.719998 
513.370361 338.449310 0.791107 
531.029419 263.397461 0.767563 
511.845245 279.603333 0.571494 
483.957672 319.322693 0.798274 
500.172821 198.730530 0.906781 
510.441254 195.835068 0.896965 
497.187164 195.850723 0.525115 
517.804871 194.265305 0.842790 
18
507.452301 204.547302 0.892325 
511.904022 214.874115 0.880996 
489.901855 216.292694 0.905451 
482.486633 241.319321 0.861850 
488.352173 253.146194 0.940358 
533.948914 213.460297 0.869820 
545.670227 238.436951 0.810270 
544.256531 251.624222 0.834202 
506.031158 263.412598 0.812018 
514.835022 292.821503 0.721426 
513.381470 339.875580 0.795665 
530.987061 263.411133 0.764183 
510.457977 281.060577 0.545722 
483.958771 320.730408 0.808691 
500.160065 198.734146 0.913489 
510.433868 195.839355 0.898656 
497.191833 195.847626 0.489261 
519.214783 194.264267 0.851388 
18
506.020355 204.553848 0.891724 
511.895203 214.860840 0.876883 
489.896332 214.930817 0.906745 
482.475677 241.313080 0.863277 
488.349518 253.143692 0.940054 
533.937744 213.447647 0.864711 
545.660278 238.409409 0.806508 
544.242554 251.651245 0.848060 
507.453400 263.412750 0.809807 
514.830994 292.814056 0.729573 
513.380188 338.448914 0.800435 
530.982910 263.397461 0.756235 
510.423126 282.526947 0.557311 
485.376984 320.748413 0.816664 
500.144531 198.740005 0.913640 
510.419281 195.847290 0.895775 
497.165833 195.854416 0.467251 
517.793152 194.277832 0.851099 
18
506.015533 204.550552 0.883518 
511.875122 214.862823 0.881359 
489.874786 216.289520 0.919103 
482.492493 239.944122 0.851208 
488.313599 253.102875 0.944042 
533.916992 213.459503 0.857636 
542.802612 238.399490 0.773478 
545.643921 251.678345 0.848500 
504.526001 261.960297 0.830732 
513.421265 291.354492 0.743520 
513.411499 338.447632 0.790043 
528.049927 261.951477 0.750607 
510.400238 285.428070 0.595050 
485.417053 320.754181 0.838523 
500.141479 198.740982 0.906568 
510.409912 197.236816 0.886438 
497.150513 197.259354 0.465337 
517.772278 194.295807 0.845263 
18
507.512970 204.553192 0.904133 
511.885010 214.903763 0.899904 
489.868866 216.311203 0.927382 
481.057983 241.332199 0.874722 
488.347351 253.149307 0.970334 
533.942932 214.875641 0.881275 
544.199951 238.396332 0.723063 
545.708618 251.600998 0.836607 
504.559662 261.979736 0.820550 
514.855286 291.347015 0.715900 
513.398804 339.899719 0.784817 
530.976563 261.983490 0.759570 
511.854645 279.592926 0.586152 
485.398041 320.741638 0.835456 
500.198486 198.760605 0.883202 
510.470581 195.848145 0.895604 
497.165924 197.282181 0.583030 
519.218079 194.286148 0.825697 
18
507.511475 204.573410 0.910000 
511.906586 214.903381 0.890442 
489.876312 216.291412 0.916185 
481.044495 241.353134 0.874826 
488.370300 253.145340 0.951587 
533.986084 214.881439 0.900559 
544.244629 242.851807 0.740638 
539.832458 253.116989 0.682564 
504.520447 263.372223 0.819419 
516.297852 288.460693 0.672770 
513.392456 339.879333 0.786074 
532.431702 263.396332 0.778836 
511.897949 276.690125 0.647439 
485.394562 320.732361 0.835611 
500.198700 200.183563 0.890514 
510.480072 197.242035 0.890904 
497.172699 197.242096 0.590033 
519.242065 194.284363 0.837122 
18
508.916321 204.579590 0.925753 
511.906464 214.912369 0.894558 
489.875427 216.317291 0.914392 
481.056274 241.367203 0.877380 
488.366638 253.145248 0.945907 
533.979431 213.444305 0.886585 
545.694763 241.366837 0.929513 
530.978760 253.098099 0.768438 
503.103302 263.436279 0.831155 
514.872131 289.920776 0.719252 
513.405518 341.329376 0.779679 
531.036926 263.404327 0.759617 
511.853119 278.135345 0.602786 
485.390991 320.737305 0.828777 
500.212708 200.192459 0.892614 
510.491333 195.856094 0.891206 
497.176270 197.264053 0.624248 
519.244995 194.283447 0.834726 
18
510.385559 204.566879 0.962555 
511.895813 214.919159 0.897216 
489.854614 216.321579 0.915147 
481.027039 241.364792 0.886283 
488.356201 253.131409 0.954321 
533.972717 213.456665 0.895622 
545.775391 241.324600 0.928150 
532.441589 251.649979 0.859839 
501.628693 263.436157 0.858174 
514.825684 289.920410 0.761720 
513.394165 339.898834 0.789982 
528.081055 263.419739 0.770277 
510.423828 283.993134 0.595494 
485.393280 320.746674 0.830559 
501.665222 200.177994 0.862691 
511.922333 195.826904 0.912026 
498.579224 197.295090 0.758468 
520.679016 194.266449 0.795955 
18
510.388794 204.570847 0.971851 
511.897644 216.296021 0.903910 
489.859070 216.328217 0.925159 
481.042664 241.364288 0.910021 
488.436859 253.166580 0.920192 
533.981079 214.854172 0.899666 
545.762695 241.401566 0.943974 
525.141296 251.704224 0.856036 
501.608490 263.449615 0.866395 
513.406433 292.829742 0.762597 
513.396484 339.906647 0.793623 
526.612793 263.428040 0.772545 
510.356171 286.888214 0.591072 
485.380493 320.764191 0.829989 
503.056183 200.175674 0.864690 
511.928680 195.836838 0.913681 
498.590210 197.297440 0.776635 
520.677612 194.287796 0.796289 
18
510.396240 204.550079 0.957284 
511.891235 216.303925 0.908985 
489.855835 216.337265 0.921166 
481.014404 241.383698 0.905871 
489.823761 253.193161 0.893628 
533.973450 214.850189 0.894625 
545.747681 241.413437 0.943544 
523.699219 253.066330 0.826122 
503.097748 264.844055 0.815176 
514.856995 291.343353 0.736756 
513.417786 339.885956 0.784779 
531.015991 263.418610 0.776483 
510.416473 281.084381 0.599455 
485.390015 320.766083 0.834452 
503.071045 198.741028 0.856437 
511.937622 195.815735 0.917293 
497.225800 197.285370 0.778038 
520.681335 194.283432 0.774184 
18
510.408295 204.547760 0.958661 
511.876221 216.292786 0.902600 
489.834198 216.333466 0.918464 
481.018799 241.392654 0.907219 
489.829498 253.201614 0.882860 
533.961670 213.456070 0.891475 
545.742065 241.369217 0.945050 
525.160461 251.719635 0.822137 
501.637054 263.470581 0.838054 
514.836914 291.349731 0.747948 
513.407776 339.874725 0.779339 
528.094666 263.414795 0.749651 
510.373718 282.545197 0.572004 
485.416290 320.742950 0.828247 
503.084412 198.739395 0.853582 
511.950928 195.813004 0.916430 
498.585754 197.267242 0.780167 
520.683838 194.272110 0.753103 
18
510.393097 204.547821 0.953169 
511.895691 214.922684 0.896095 
489.861908 216.316391 0.908953 
481.035461 241.381699 0.905044 
488.417053 253.200165 0.895553 
533.982361 214.844727 0.894346 
545.747803 241.358688 0.940311 
528.051941 251.709930 0.854596 
501.606598 263.442993 0.862686 
514.832703 289.915802 0.756475 
513.411682 338.429535 0.787779 
528.067078 263.410248 0.769448 
510.385162 282.539856 0.594605 
485.399567 320.775696 0.843864 
503.071075 198.733200 0.859437 
511.938538 195.810822 0.914928 
498.589264 197.245667 0.771627 
520.695801 194.263306 0.793797 
18
510.376556 204.545471 0.951018 
511.886658 214.928848 0.895588 
489.851624 216.322632 0.912368 
481.051331 241.389771 0.898805 
488.412933 253.206329 0.886380 
533.974609 213.457733 0.892338 
545.764832 241.345016 0.939946 
528.080688 251.702545 0.845217 
501.622406 263.453278 0.856798 
514.841553 291.341095 0.744921 
513.395508 339.891479 0.781350 
528.074707 263.418152 0.770408 
510.404144 282.542877 0.585361 
485.425140 320.745178 0.840409 
501.662659 198.736526 0.866297 
511.923370 195.807800 0.921264 
498.578156 197.244659 0.766638 
520.674622 194.261276 0.790190 
18
510.388702 204.556656 0.960491 
511.885803 214.934326 0.894543 
489.835754 216.337219 0.913483 
481.034760 241.399216 0.896857 
488.403870 253.206757 0.898460 
533.976563 213.449921 0.893970 
547.129272 241.310852 0.936109 
532.482666 251.707977 0.881222 
503.073334 263.472382 0.829375 
514.853088 289.909454 0.745071 
513.393066 339.896301 0.781097 
531.012390 263.427216 0.785373 
510.434601 281.063446 0.606205 
485.402466 320.757935 0.833217 
503.055420 198.754730 0.864304 
511.930328 195.812805 0.921850 
497.218475 197.255936 0.772260 
520.675415 192.907150 0.788523 
18
508.976318 204.538071 0.931445 
511.885315 214.921219 0.883444 
489.859436 216.323532 0.903240 
481.024292 241.382568 0.895318 
488.409271 253.216263 0.890445 
533.969177 213.443405 0.877373 
547.161194 241.317169 0.941630 
532.476624 251.733902 0.840372 
504.549286 263.462982 0.816153 
514.865173 289.929749 0.742356 
513.405396 339.889618 0.772112 
532.438354 263.414276 0.780177 
510.432343 281.063141 0.604044 
485.403137 320.743439 0.830186 
501.617676 198.716324 0.881028 
511.877563 195.806702 0.922365 
497.208435 195.850052 0.751947 
519.259399 192.916763 0.809017 
18
508.928406 203.171860 0.904055 
511.877319 216.294449 0.890113 
489.845673 216.319733 0.906857 
481.019165 241.390335 0.896149 
488.403320 254.597641 0.889633 
533.964355 214.856461 0.878822 
547.203430 239.971832 0.928872 
533.936951 251.682770 0.873974 
507.476990 263.468964 0.805498 
516.311829 289.917908 0.705518 
513.391846 339.878387 0.783330 
532.498962 263.419159 0.781256 
511.856964 278.153900 0.620532 
485.403656 320.726776 0.822781 
500.222778 197.274857 0.892163 
511.849274 195.791977 0.914756 
497.199280 195.836334 0.743844 
519.259216 194.278732 0.830873 
18
508.976837 203.155762 0.910866 
511.871216 216.299637 0.898377 
489.820709 216.337875 0.914696 
481.005005 241.404633 0.892036 
488.397186 254.580643 0.904544 
533.956848 213.457672 0.880723 
547.253113 239.921997 0.928242 
533.995972 251.698288 0.899413 
507.492035 263.486420 0.807411 
516.297668 289.926422 0.736611 
513.381714 339.890411 0.785656 
532.508240 263.425964 0.793227 
510.477509 279.585144 0.610356 
485.402313 320.713745 0.810113 
501.620239 197.274475 0.873492 
511.887756 195.773148 0.925504 
497.196503 195.850601 0.777596 
519.277283 192.911316 0.817990 
18
510.347198 203.124847 0.903789 
511.847137 214.933945 0.893332 
488.456940 216.331268 0.916705 
481.018951 241.404938 0.883254 
488.369507 253.200150 0.916654 
533.925659 213.435562 0.865534 
547.201965 239.899857 0.937991 
533.913391 251.727798 0.869822 
507.471039 263.484619 0.803796 
516.291565 289.920410 0.729685 
513.390747 339.882355 0.789152 
532.496216 263.423279 0.781626 
511.847443 278.135010 0.609031 
485.407349 320.734894 0.821018 
501.640259 197.243225 0.866247 
511.900696 194.401352 0.932662 
497.194305 195.839493 0.801140 
519.262451 192.906570 0.777876 
18
508.949432 203.104111 0.890004 
511.843048 214.920227 0.882998 
488.458740 216.321106 0.909674 
481.005402 241.403641 0.880339 
488.376373 253.200333 0.920138 
533.922546 213.429871 0.855703 
547.225952 239.865417 0.921633 
533.992554 251.688538 0.874455 
507.456024 263.468719 0.799277 
516.313293 288.471985 0.708861 
513.394714 339.860809 0.790263 
532.491028 263.410980 0.779957 
511.878540 276.707397 0.626201 
485.421326 320.736725 0.818686 
501.602844 195.834259 0.887046 
511.870911 194.386978 0.937280 
497.177979 195.827896 0.804729 
519.244934 192.913132 0.796312 
18
508.940216 201.701950 0.882116 
511.846771 214.925079 0.885228 
488.457428 216.330704 0.914898 
481.036560 241.408020 0.882817 
488.385651 253.215073 0.926477 
533.928101 213.437088 0.856684 
547.276306 239.821045 0.879340 
535.462036 251.643173 0.866937 
507.473389 264.842041 0.792562 
516.323669 289.874115 0.690162 
513.401306 338.438385 0.787483 
533.892029 263.445190 0.774308 
511.883972 276.663544 0.619460 
485.423309 320.740234 0.824466 
501.592163 195.802628 0.899556 
511.867157 194.367172 0.946028 
497.176788 195.813705 0.811400 
519.249329 192.913177 0.804252 
18
508.960022 201.687683 0.884498 
511.849823 214.915115 0.877033 
488.455963 216.319626 0.909953 
481.011932 241.387329 0.879825 
488.370911 253.181732 0.944147 
533.932495 213.425613 0.854897 
548.645874 239.838654 0.883464 
535.476746 251.664780 0.863333 
506.011566 263.478546 0.794203 
516.330261 289.875824 0.683329 
513.401489 338.432983 0.791784 
532.505188 263.428894 0.776565 
511.892395 276.626953 0.629628 
485.419830 320.747284 0.828688 
501.613281 195.793625 0.896510 
511.884277 194.359558 0.953730 
497.191986 195.802673 0.821032 
519.271912 192.912964 0.803970 
18
508.971252 203.080673 0.890374 
511.869232 214.909180 0.878744 
489.857269 216.299561 0.889278 
481.013916 241.371399 0.874260 
488.393494 253.150970 0.925945 
533.933960 213.439804 0.854657 
547.239990 239.907547 0.921177 
533.974365 253.110443 0.792990 
508.917725 263.475525 0.800024 
517.750122 289.889313 0.702380 
513.395508 339.886169 0.778272 
533.912964 263.423523 0.784611 
511.893188 276.693451 0.633953 
485.397217 320.741089 0.820377 
501.624054 195.807373 0.894213 
511.892517 194.366440 0.951453 
497.195343 195.796295 0.817407 
519.272339 192.892746 0.790209 
18
508.970001 203.089615 0.891569 
511.862030 214.908005 0.876591 
489.837677 216.298492 0.896975 
481.017456 241.379623 0.864307 
488.391083 253.142731 0.915020 
533.936096 213.437943 0.853743 
547.243286 239.910492 0.916523 
533.968628 253.125793 0.767192 
507.464630 263.451569 0.804472 
516.294495 288.461060 0.728702 
513.396729 339.873505 0.784498 
533.885925 263.420349 0.783933 
511.844208 278.112305 0.643452 
485.389221 320.743561 0.820471 
501.622131 195.814957 0.890022 
511.891296 194.374756 0.944830 
497.189453 195.797272 0.823721 
519.262939 192.898590 0.775707 
18
508.954742 203.088043 0.889789 
511.852814 214.886871 0.871102 
489.836670 216.301056 0.897632 
481.008270 241.363937 0.867565 
488.366760 253.149216 0.944737 
533.925476 213.420273 0.843647 
547.248413 238.403748 0.868462 
536.936707 251.676376 0.852218 
507.486694 263.468048 0.801251 
516.300232 289.893585 0.710803 
513.388245 339.901825 0.782187 
532.473877 263.441071 0.776496 
511.872070 278.137299 0.614554 
485.397705 320.722626 0.815468 
501.615082 195.815933 0.893479 
511.877930 194.379333 0.945117 
497.197235 195.797729 0.814986 
519.257446 192.911316 0.796682 
18
508.969238 203.088593 0.893256 
511.865875 214.902573 0.878154 
489.837463 216.309891 0.904161 
481.022125 241.366837 0.869728 
488.369293 253.150665 0.944772 
533.942505 213.429764 0.856169 
547.250549 238.387146 0.858401 
539.839661 251.624557 0.855010 
507.480316 263.468170 0.804464 
516.287842 291.345551 0.715726 
513.388062 339.889923 0.782419 
532.455505 263.437714 0.771377 
510.484222 279.589722 0.587454 
485.417999 320.722229 0.824288 
501.624115 195.814178 0.892845 
511.892273 194.375519 0.949193 
497.199524 195.795868 0.814968 
520.661255 192.906281 0.803571 
18
508.977325 201.697800 0.888480 
511.881836 214.909622 0.880893 
489.855621 216.312912 0.899006 
481.024872 241.375839 0.865780 
488.372681 253.155472 0.939423 
533.956726 213.434494 0.867434 
547.242065 238.412704 0.881587 
541.283020 251.631851 0.867736 
507.464142 263.465820 0.797853 
516.293274 289.924957 0.692568 
513.389709 339.885925 0.782522 
532.457092 263.447571 0.774321 
511.852753 278.130280 0.604672 
485.424072 320.712860 0.817137 
501.631378 195.799576 0.891830 
511.902954 194.363419 0.947929 
497.201813 195.794937 0.816873 
520.686096 192.908951 0.820875 
18
508.973328 201.703674 0.888817 
511.895752 214.892212 0.874925 
489.876312 214.934341 0.888100 
481.029144 241.345428 0.870744 
488.363678 253.148193 0.941795 
533.969116 213.426529 0.866978 
547.216431 238.448990 0.899722 
538.399475 251.701508 0.873830 
506.037201 263.451599 0.795359 
516.300964 289.925629 0.696637 
513.389282 339.892731 0.781652 
532.431335 263.435669 0.765558 
511.873474 278.154144 0.587004 
485.424835 320.715790 0.817897 
501.626617 195.807892 0.894885 
511.900574 194.365128 0.947748 
497.204529 195.793503 0.801871 
520.686157 192.897720 0.830561 
18
508.978729 203.093140 0.895727 
511.882690 214.891190 0.878474 
489.847107 216.296982 0.905417 
481.039917 241.365356 0.872328 
488.367889 253.151474 0.944395 
533.962402 213.420334 0.859969 
547.183411 238.416428 0.887766 
541.305847 251.682999 0.863893 
507.489075 263.472168 0.801062 
516.295044 291.365448 0.712695 
513.392761 339.908813 0.780801 
532.478210 263.439026 0.780443 
511.843597 279.587891 0.570835 
485.379761 320.746948 0.814994 
501.631165 195.817780 0.893932 
511.905365 194.376724 0.944486 
497.220825 195.791885 0.796693 
520.691711 192.902740 0.834094 
18
508.986847 203.118317 0.904521 
511.898682 214.903946 0.879733 
489.864166 216.304840 0.902563 
481.042572 241.353790 0.862026 
488.374359 253.138885 0.937697 
533.977600 213.431183 0.868274 
547.252747 238.428360 0.867817 
544.193604 251.651794 0.853884 
508.924500 263.460571 0.805242 
516.296631 291.345734 0.708726 
513.387451 339.894562 0.780753 
532.506836 263.430328 0.783802 
510.476196 278.141083 0.608495 
485.377502 320.743805 0.817550 
501.634583 195.850510 0.881190 
511.908234 194.394501 0.933716 
497.213226 195.829880 0.787154 
520.688965 192.906433 0.814134 
18
510.361633 203.155853 0.915787 
511.909393 214.904602 0.881938 
489.868652 216.309021 0.904467 
481.033661 241.336060 0.869455 
488.361542 253.123505 0.948179 
533.985291 213.435654 0.876019 
547.273499 238.399857 0.865029 
545.645630 251.606812 0.884877 
507.466370 263.456970 0.801989 
514.869385 291.360413 0.727896 
513.390747 339.857483 0.795787 
532.454834 263.448425 0.787983 
510.434326 281.071320 0.574852 
485.379944 320.743835 0.811809 
501.646393 197.283417 0.868038 
511.919830 195.775223 0.920104 
497.208893 195.841782 0.778865 
520.701050 192.895920 0.814486 
18
510.359924 204.523941 0.925307 
511.890198 214.887543 0.877092 
489.843170 216.303085 0.912325 
481.043732 241.344711 0.867183 
488.360657 253.131302 0.946752 
533.975952 213.419434 0.870692 
547.246704 238.372345 0.861287 
545.656311 251.617111 0.885825 
506.002106 263.428833 0.807892 
514.875671 291.377319 0.710351 
513.388184 341.331299 0.787398 
531.023132 263.423676 0.785020 
510.480927 279.590454 0.566688 
485.398560 320.737244 0.817126 
501.639343 198.711411 0.868749 
511.917816 195.793839 0.918306 
497.200470 195.845093 0.774041 
520.692932 192.901337 0.801850 
18
510.362793 203.174759 0.927634 
511.898621 214.886719 0.877119 
489.854095 216.298737 0.910775 
481.040985 241.334671 0.865977 
488.344788 253.120895 0.956332 
533.982178 213.423035 0.869877 
547.269104 236.969482 0.851688 
545.722290 250.183762 0.886235 
506.005096 263.438416 0.807773 
514.851807 292.822815 0.730438 
513.382080 341.333527 0.791236 
531.025208 263.429901 0.783764 
510.442413 281.065857 0.559060 
485.397339 320.727356 0.812661 
501.653015 197.300934 0.866939 
511.921295 195.798874 0.917918 
497.213409 195.830994 0.782608 
520.685181 192.909958 0.775649 
18
508.979523 204.524353 0.923533 
511.893433 214.882813 0.878928 
489.855377 216.296692 0.913714 
481.038422 241.334763 0.874740 
488.360748 253.128418 0.963419 
533.979126 213.427811 0.871154 
548.690613 236.981339 0.842173 
545.749634 250.199387 0.905951 
506.010376 263.415436 0.812554 
514.850403 294.292053 0.742210 
513.378052 341.361664 0.789897 
531.008423 263.395935 0.783271 
510.429016 282.549713 0.544661 
483.994659 320.764282 0.808511 
501.630035 197.295609 0.873675 
511.896179 195.809723 0.917949 
497.204346 195.824997 0.770887 
520.672791 194.276627 0.788026 
18
508.984161 204.522537 0.922085 
511.887451 214.912628 0.886087 
489.845917 216.312515 0.915494 
481.023132 241.338196 0.866215 
488.338867 253.114960 0.980436 
533.977783 214.859375 0.884524 
550.150452 238.412033 0.822721 
547.153137 250.161591 0.876192 
506.030762 263.432678 0.797746 
514.858521 292.831970 0.713495 
513.399780 341.334320 0.786255 
532.476929 263.415222 0.791325 
511.869354 278.153839 0.554270 
485.394775 320.730927 0.811616 
501.634949 197.294189 0.869362 
511.901550 195.812393 0.917158 
497.211670 195.832672 0.776784 
520.684570 194.294952 0.801324 
18
508.950012 204.522827 0.912471 
511.888062 214.921509 0.887633 
489.845490 216.320847 0.920845 
481.037842 241.342590 0.865331 
488.337341 253.124161 0.970707 
533.976196 214.867371 0.885845 
550.135986 238.389816 0.825287 
547.156982 250.178497 0.883639 
506.029236 263.437195 0.800343 
514.833618 294.300598 0.724568 
513.391296 341.348358 0.784464 
532.453186 263.418182 0.788971 
510.486481 279.600037 0.548625 
485.419434 319.320923 0.808958 
501.601685 197.288223 0.878792 
511.875244 195.804657 0.918881 
497.195618 195.827835 0.753439 
520.668091 194.289001 0.822177 
18
508.940430 203.168701 0.909190 
511.894287 214.917435 0.887483 
489.859741 216.317017 0.916204 
481.033081 241.339203 0.860556 
488.336700 253.124359 0.966299 
533.979736 214.860947 0.884910 
550.163269 236.953949 0.811046 
547.209167 248.732376 0.864081 
507.453125 263.423126 0.806084 
514.835754 294.279419 0.713149 
513.391663 341.340302 0.786974 
532.469421 263.407990 0.798764 
511.859406 278.159515 0.571086 
485.401886 320.715759 0.812530 
501.596649 197.271545 0.885119 
511.868011 195.798920 0.919276 
497.200348 195.822708 0.740261 
520.667480 194.299225 0.825003 
18
508.927399 204.529068 0.911070 
511.896729 214.910889 0.887184 
489.860016 216.324051 0.918077 
481.021454 241.344757 0.855522 
488.331238 253.121048 0.974483 
533.986877 214.855270 0.885252 
551.618408 236.947632 0.798526 
548.639038 248.723770 0.869794 
507.465515 263.425385 0.801128 
514.846252 292.838409 0.687022 
513.402283 338.428833 0.794666 
532.509338 263.406036 0.785851 
511.883545 278.107330 0.583260 
485.423767 320.709167 0.814669 
501.580170 197.297104 0.885776 
511.854950 195.807510 0.917922 
497.186951 195.833633 0.717969 
519.275818 194.285858 0.824439 
