17
1
18
510.384705 159.018372 1.006279 
507.492126 184.075806 0.878169 
481.035706 184.024277 0.869772 
476.588654 228.100006 0.937807 
476.591339 258.991882 0.916453 
532.473694 185.508987 0.835532 
535.458679 226.695602 0.925028 
533.968933 260.445587 0.891548 
491.328857 254.610886 0.790234 
498.609161 300.175140 0.895650 
498.716827 342.827606 0.903152 
522.111755 254.593185 0.818205 
517.771729 300.201904 0.817341 
520.688843 344.292175 0.852242 
501.643341 154.597198 0.880374 
513.393738 154.650742 0.909307 
495.744415 154.600067 0.800805 
522.221802 157.479935 0.825670 
18
510.370209 159.009186 1.004905 
507.487030 184.072189 0.877185 
481.043518 184.004425 0.873703 
476.560577 228.064453 0.915377 
476.556305 257.572327 0.905367 
532.461731 185.511810 0.831844 
535.454163 228.056137 0.929156 
533.959961 260.485870 0.901166 
491.310333 254.624771 0.797696 
498.596680 300.164429 0.894342 
498.725586 342.801117 0.903157 
522.111755 254.615158 0.812179 
517.755798 300.184906 0.816952 
520.702454 344.300934 0.855807 
501.628967 153.171997 0.880686 
513.384155 154.636963 0.911046 
495.747650 153.174530 0.782683 
522.212219 156.120712 0.822074 
18
510.362579 158.995468 0.999650 
507.486816 184.084213 0.869905 
481.054749 182.647141 0.874196 
476.550018 226.682281 0.911327 
476.552765 257.571442 0.903978 
532.452942 185.543091 0.823682 
535.440857 228.109970 0.937686 
533.923401 261.939209 0.906184 
489.889038 254.616653 0.803588 
498.604126 300.173615 0.907165 
498.725677 342.814941 0.915261 
520.714172 254.618301 0.807501 
517.755005 300.180725 0.815085 
520.709473 344.293243 0.857812 
501.629639 153.142593 0.876596 
513.378113 154.620529 0.908879 
497.143921 153.138977 0.777843 
522.219421 156.111908 0.847620 
18
510.361267 158.978912 0.997822 
507.475647 185.486816 0.864323 
481.040558 184.030807 0.868399 
475.205841 226.691162 0.908090 
475.191833 257.550751 0.900025 
532.443481 186.956131 0.823365 
535.434326 228.111969 0.937793 
533.920593 261.955719 0.907878 
489.883911 254.627426 0.803590 
498.599274 300.180695 0.900879 
498.727142 342.808167 0.914603 
520.713196 254.625992 0.801727 
516.332642 300.188232 0.819398 
520.717407 344.294464 0.861529 
501.623901 151.710510 0.876106 
513.374146 154.590622 0.904383 
497.151825 153.145935 0.780970 
522.225891 156.096512 0.870206 
18
510.369537 157.626831 1.001299 
507.477509 185.480515 0.864584 
481.042480 184.028824 0.866833 
475.200134 226.697449 0.904208 
475.177307 257.544861 0.905160 
532.443115 186.951782 0.825550 
535.431641 228.138626 0.939438 
533.904053 261.983612 0.908007 
489.886841 254.622528 0.802541 
498.588104 300.189758 0.893940 
498.729279 342.813904 0.918844 
520.708679 254.615921 0.798598 
516.332397 300.196320 0.820322 
520.720215 344.295380 0.861795 
501.638245 151.676254 0.873721 
513.374756 153.158707 0.903080 
497.157288 153.129242 0.788868 
522.221802 156.079514 0.862550 
18
510.362305 157.606964 0.998776 
507.489868 185.486816 0.867213 
481.046265 184.032104 0.868383 
475.180237 228.076462 0.919554 
476.554810 259.006775 0.927794 
532.458740 186.948380 0.826830 
535.429504 228.090302 0.933753 
533.949280 263.342590 0.923610 
489.902618 256.089722 0.781163 
498.594513 300.227295 0.880002 
498.726257 342.813202 0.916290 
520.744385 256.070770 0.796321 
517.761292 300.216064 0.815013 
520.719482 344.291931 0.854386 
501.635162 150.241928 0.882629 
513.367432 153.128662 0.904752 
497.172302 151.690536 0.774683 
522.221619 156.064850 0.856911 
18
510.375336 157.561447 0.996771 
507.481293 185.488922 0.865126 
481.012268 184.028152 0.872341 
475.199280 228.136292 0.939653 
481.027649 259.004364 0.854969 
532.467957 186.967926 0.832492 
535.458191 229.558975 0.933197 
533.982056 263.493073 0.945784 
492.791718 256.095978 0.760684 
498.612946 301.628540 0.847022 
498.730652 342.811157 0.897267 
522.180054 256.062622 0.826304 
519.222595 300.193268 0.812248 
520.728271 344.250153 0.853726 
501.644379 148.804016 0.889200 
513.372437 150.257889 0.904231 
497.162231 151.700195 0.797131 
522.212341 156.062988 0.840173 
18
510.379730 157.543610 0.995747 
508.902069 184.068924 0.875206 
482.470978 182.630157 0.870599 
475.124847 220.794937 0.892506 
485.419067 245.760132 0.845293 
532.495728 185.518814 0.857695 
536.907654 228.196899 0.930769 
533.896240 264.855072 0.943425 
491.319092 253.160889 0.761234 
498.581757 298.765839 0.861724 
500.068146 341.355408 0.894539 
522.156555 254.597366 0.830755 
516.285828 298.726074 0.793872 
520.738403 342.816071 0.851813 
501.653961 148.789368 0.891126 
513.371765 150.238953 0.912384 
497.168030 151.708603 0.802486 
522.198853 156.064072 0.842245 
18
510.383087 157.562683 0.993807 
507.479767 184.012115 0.892060 
481.053772 182.607864 0.873734 
472.212494 217.854889 0.824732 
488.345276 228.142487 0.871360 
532.448364 184.083862 0.852156 
536.919922 222.249146 0.872890 
526.640076 251.597610 0.909061 
489.845917 253.146210 0.834984 
498.595245 300.159546 0.899192 
498.721008 342.815674 0.920440 
519.268372 253.163712 0.795111 
516.315613 300.140442 0.830843 
520.742371 344.232574 0.852765 
501.646576 148.807007 0.878681 
513.370972 150.251251 0.899615 
497.146881 151.695587 0.805492 
522.190308 156.036835 0.802466 
18
510.372803 157.574570 0.995361 
507.457794 182.565842 0.906466 
481.036499 182.535965 0.885113 
473.670349 213.463593 0.851942 
495.737335 206.060959 0.814897 
530.999023 182.570557 0.871227 
538.385010 216.356079 0.915828 
522.207214 228.112366 0.916187 
489.895966 251.702362 0.842735 
498.607361 298.761780 0.916754 
498.735565 342.801697 0.915732 
522.132141 251.691086 0.849579 
517.787537 300.119873 0.862677 
520.744019 344.249969 0.852911 
501.651215 150.202011 0.881060 
513.354736 151.686905 0.891589 
495.745941 151.685837 0.766236 
522.166748 156.063400 0.734867 
18
510.410248 157.576065 0.982022 
508.906799 181.153351 0.914043 
485.400177 181.124176 0.864425 
475.188049 204.574722 0.930535 
501.591217 188.421066 0.803974 
530.995544 181.113953 0.865542 
542.784851 206.097717 0.841253 
519.268799 204.641037 0.822972 
491.328003 251.704971 0.839689 
498.606995 298.766113 0.906105 
498.723572 342.806732 0.911154 
522.167236 251.691956 0.863727 
517.786743 298.773987 0.843311 
520.715820 344.264465 0.844681 
501.673492 150.251282 0.868396 
513.391785 153.130753 0.876466 
495.737671 153.174393 0.802509 
522.196045 156.066864 0.664656 
18
510.377838 157.593384 0.966444 
508.981201 181.068558 0.922229 
485.466827 181.043991 0.828308 
475.175812 204.535233 0.941026 
495.717194 181.064163 0.801301 
531.033875 179.640945 0.849109 
536.947388 201.704361 0.887490 
516.329590 182.590881 0.824232 
491.324371 251.700043 0.812078 
498.615631 298.760315 0.907240 
498.727753 342.801453 0.906136 
522.152832 251.709442 0.860351 
519.210754 298.770905 0.836175 
520.744019 344.247101 0.839293 
501.642761 151.673904 0.906078 
513.380554 153.176331 0.916911 
495.738800 154.647446 0.777090 
523.620667 157.559586 0.935668 
18
510.349030 157.600449 0.867229 
506.025146 179.607574 0.876597 
482.479614 179.641068 0.812329 
479.532562 194.285767 0.845199 
498.633484 170.876312 0.789596 
529.570435 179.576172 0.809365 
535.506836 194.341171 0.885780 
513.392761 170.815720 0.862880 
491.311798 251.711151 0.805897 
498.637115 298.733307 0.915593 
498.727966 342.795929 0.902954 
522.134827 251.690872 0.860363 
519.213806 298.757355 0.829441 
520.724548 344.238983 0.831305 
500.221741 153.128845 0.897407 
511.954590 151.704437 0.907969 
489.906525 156.100342 0.907516 
522.196350 156.052811 0.809710 
18
508.967712 156.076767 0.532125 
505.998230 181.032776 0.853791 
483.938446 179.641144 0.791492 
483.950409 189.927170 0.749850 
501.592072 163.465775 0.722301 
526.613892 181.043808 0.779136 
535.467529 189.940323 0.849684 
514.822083 161.981003 0.803178 
491.313477 253.078049 0.809970 
498.629242 298.762268 0.914491 
498.728241 342.813660 0.909442 
522.117981 251.701950 0.879010 
519.219238 300.117065 0.836977 
520.730652 344.243652 0.842366 
501.631348 148.740143 0.573908 
511.929047 150.194611 0.612260 
491.356049 148.776428 0.644348 
522.111084 148.769836 0.532733 
18
507.479126 153.174606 0.178748 
507.506714 181.147568 0.854752 
486.866730 181.075760 0.789187 
479.584442 189.904785 0.741587 
501.588654 164.922699 0.718073 
526.608154 182.571274 0.769945 
536.933044 185.502869 0.799946 
514.835632 159.074570 0.814508 
491.296509 253.086975 0.804651 
498.607605 298.769989 0.894024 
498.724854 341.373138 0.901772 
520.751892 253.082169 0.862971 
517.802856 300.117310 0.827821 
520.724670 344.244934 0.837119 
501.584473 147.319931 0.212759 
510.454346 148.717911 0.229330 
494.258057 150.215485 0.183158 
520.665833 150.209717 0.390736 
18
511.946533 148.756546 0.167250 
507.482147 181.112000 0.871720 
486.883118 181.044388 0.810124 
478.130157 191.368652 0.726921 
501.597778 163.459991 0.736361 
525.181091 182.514465 0.788333 
539.852112 185.496292 0.801928 
517.785706 159.065781 0.853660 
489.896149 251.715622 0.805229 
498.626190 298.754974 0.907390 
498.725372 342.794037 0.906753 
522.110535 251.706650 0.864142 
519.232971 298.771240 0.829915 
520.730774 344.229431 0.834216 
508.950287 145.830399 0.198231 
514.835938 147.304092 0.168575 
498.625305 148.777084 0.311781 
514.855286 148.735565 0.251015 
18
508.935059 147.335831 0.246313 
508.922058 178.154266 0.845125 
486.906189 178.159561 0.795499 
478.108063 192.832642 0.674133 
500.203949 161.987228 0.722343 
526.631470 178.152542 0.745949 
538.397949 184.040436 0.819302 
516.324951 157.629623 0.871205 
491.291443 251.680435 0.805407 
498.625427 298.750214 0.908679 
498.735870 342.795929 0.910479 
522.127869 251.677139 0.859373 
519.237244 298.774170 0.829644 
520.729370 344.233795 0.833459 
503.074493 145.753250 0.277630 
511.883667 145.762482 0.283728 
497.203583 147.318649 0.299028 
519.267273 147.212738 0.419473 
18
510.463654 147.350662 0.178074 
507.479797 178.159515 0.834887 
486.862946 179.573700 0.785440 
476.681702 191.362610 0.703064 
501.628479 160.514877 0.750533 
525.178711 178.156326 0.748076 
538.342102 182.544357 0.855085 
517.757263 157.571716 0.820391 
491.297882 251.677475 0.802062 
498.636749 298.764404 0.911337 
498.737671 341.365997 0.904799 
522.135681 251.661880 0.856976 
519.237366 300.126831 0.827340 
520.738770 344.232300 0.831668 
507.463379 145.738022 0.193619 
513.369385 145.806000 0.174041 
498.620239 147.315247 0.319110 
517.789368 147.202423 0.308033 
