47
1
18
550.117615 159.012421 0.926615 
523.724365 195.764450 0.751339 
530.982422 201.652725 0.766513 
534.011780 247.224579 0.843711 
545.646912 279.606506 0.919647 
522.176331 192.863464 0.626524 
542.730713 229.622284 0.103018 
547.221313 239.855362 0.156179 
523.716431 269.310883 0.766566 
523.621887 317.806030 0.781617 
520.729492 363.420837 0.742955 
517.764648 264.914917 0.624440 
523.652405 313.447113 0.696190 
522.254395 357.523529 0.733224 
545.739319 154.634766 0.889309 
0.000000 0.000000 0.000000 
531.029053 159.004135 0.802681 
0.000000 0.000000 0.000000 
18
550.123962 159.015762 0.943280 
523.718750 195.765442 0.756467 
528.097900 201.649963 0.786467 
533.913574 244.316681 0.843411 
544.198425 279.589417 0.919165 
522.205933 192.866486 0.619831 
0.000000 0.000000 0.000000 
0.000000 0.000000 0.000000 
523.663574 267.854645 0.765180 
523.618774 316.374329 0.768962 
520.736633 363.421936 0.739259 
520.675171 264.892487 0.626162 
523.715881 313.431274 0.703786 
522.240845 357.507080 0.733554 
545.746826 154.640839 0.901038 
0.000000 0.000000 0.000000 
531.027771 159.009125 0.816086 
0.000000 0.000000 0.000000 
18
550.139099 158.982712 0.946367 
523.688049 195.794510 0.757203 
528.078857 201.688156 0.802549 
532.468506 244.310211 0.858129 
541.304932 278.147308 0.924041 
520.742493 192.860580 0.633531 
0.000000 0.000000 0.000000 
0.000000 0.000000 0.000000 
523.677917 269.313141 0.763341 
523.645020 317.827332 0.775509 
522.113770 364.854034 0.740182 
519.238708 264.930206 0.628373 
523.665161 313.450226 0.693511 
522.250671 357.540863 0.719562 
545.748108 154.597794 0.895937 
0.000000 0.000000 0.000000 
531.027161 159.003845 0.812091 
0.000000 0.000000 0.000000 
18
550.135315 159.007538 0.939785 
523.668030 195.819138 0.748168 
528.052673 203.097748 0.812554 
531.025146 244.342499 0.848802 
541.293762 278.162140 0.926118 
520.720947 192.882706 0.629309 
0.000000 0.000000 0.000000 
0.000000 0.000000 0.000000 
523.665283 269.314880 0.757304 
523.666687 317.820099 0.777166 
520.740295 363.431030 0.743691 
519.258728 264.937927 0.620686 
523.661682 313.444794 0.684538 
522.241333 357.539215 0.717133 
545.750916 154.620239 0.894636 
0.000000 0.000000 0.000000 
530.999023 158.999466 0.797902 
0.000000 0.000000 0.000000 
18
550.118042 159.007675 0.932746 
523.653320 197.242752 0.752917 
528.084290 203.140366 0.816677 
531.022583 245.779358 0.847987 
541.300537 278.169220 0.928255 
519.269958 194.275070 0.631835 
0.000000 0.000000 0.000000 
0.000000 0.000000 0.000000 
523.682739 269.321686 0.754773 
523.670166 319.274017 0.787850 
520.744202 363.423950 0.741907 
517.779175 264.944427 0.627051 
522.235107 314.870453 0.679356 
522.217896 357.538879 0.706415 
545.741638 154.628342 0.894079 
0.000000 0.000000 0.000000 
530.992981 159.017258 0.793902 
0.000000 0.000000 0.000000 
18
548.699768 158.982330 0.937490 
523.701965 197.300888 0.758392 
528.089600 204.541916 0.811792 
530.991211 247.237656 0.798720 
541.307373 278.180115 0.904590 
522.176453 194.320679 0.641855 
533.992920 239.919785 0.310555 
547.220886 251.627167 0.664584 
523.689209 270.792572 0.747928 
523.626648 320.727936 0.778584 
522.120178 363.426727 0.738573 
520.732178 264.935181 0.582139 
523.669250 316.353027 0.673043 
522.246399 357.528870 0.702949 
545.707092 154.603851 0.889348 
0.000000 0.000000 0.000000 
529.534058 159.046021 0.789489 
0.000000 0.000000 0.000000 
18
548.693542 159.022141 0.932725 
523.661011 197.276825 0.789520 
529.527161 204.562073 0.822340 
532.464783 244.313934 0.811131 
542.751648 278.173309 0.895378 
520.680298 194.287811 0.667627 
535.392883 238.377792 0.363148 
548.681824 241.376968 0.674277 
523.673645 270.750244 0.761456 
523.655762 317.830780 0.770846 
520.687622 363.416534 0.751479 
514.863220 264.898193 0.604221 
523.692139 313.445648 0.666672 
522.216675 357.517822 0.682682 
545.702820 154.650269 0.888465 
0.000000 0.000000 0.000000 
529.543762 159.083694 0.794230 
0.000000 0.000000 0.000000 
18
548.667664 159.092712 0.923313 
523.650391 198.720322 0.812050 
529.569641 204.596619 0.829016 
533.951355 245.810471 0.867350 
544.217468 278.168549 0.950953 
519.224792 194.301331 0.704979 
539.824768 216.402664 0.389980 
558.970581 220.771774 0.678855 
523.729004 272.256287 0.765099 
523.681030 320.724670 0.818133 
520.689514 363.414490 0.759397 
513.419373 266.362640 0.650771 
522.252136 314.914642 0.665114 
522.185913 357.548645 0.690599 
545.725769 156.114944 0.914568 
0.000000 0.000000 0.000000 
532.431824 159.098953 0.793735 
0.000000 0.000000 0.000000 
18
548.663940 159.094482 0.904081 
523.617371 197.261734 0.829139 
529.549438 204.613602 0.867075 
534.007996 248.745621 0.890022 
545.631165 278.145111 0.960290 
517.757507 192.848892 0.730786 
541.297974 206.072418 0.541064 
560.405518 198.726089 0.773167 
525.127930 272.214813 0.761512 
523.693542 319.314423 0.815114 
520.703125 363.406372 0.754009 
513.399658 264.956390 0.682595 
522.255310 314.903351 0.671448 
522.194458 357.536835 0.714055 
545.742126 157.499298 0.907182 
0.000000 0.000000 0.000000 
533.885864 159.117264 0.809180 
0.000000 0.000000 0.000000 
18
548.633606 159.088898 0.817724 
523.681091 195.770187 0.825848 
529.574890 204.549042 0.812645 
534.018066 247.240280 0.865275 
545.678467 276.700958 0.957711 
519.266479 191.382584 0.700289 
545.712708 194.292984 0.734475 
564.831299 176.683182 0.786135 
525.110046 270.788300 0.746102 
523.720337 319.301697 0.826267 
520.729126 363.401367 0.775951 
516.312134 264.950653 0.664349 
523.608704 314.898956 0.676216 
522.210144 357.550690 0.708060 
545.728821 157.501648 0.918883 
0.000000 0.000000 0.000000 
533.889160 159.116943 0.812228 
0.000000 0.000000 0.000000 
18
545.755859 161.992020 0.775190 
523.622620 195.792587 0.868454 
532.446533 203.172455 0.825196 
535.397827 245.784912 0.847144 
545.783203 276.702759 0.950155 
514.831421 191.399506 0.723913 
544.236145 194.307312 0.606007 
556.005981 170.804077 0.785186 
525.117188 269.321075 0.743139 
523.727844 319.290771 0.821197 
520.738220 363.402191 0.776191 
514.865784 264.896423 0.665447 
522.246094 314.889130 0.674340 
522.213623 357.550110 0.710959 
542.799316 157.632263 0.853340 
0.000000 0.000000 0.000000 
529.527710 160.536316 0.711848 
0.000000 0.000000 0.000000 
18
544.210449 164.884918 0.233875 
523.602783 195.807861 0.875183 
532.508545 204.551514 0.833143 
535.441589 247.239548 0.844579 
547.187012 278.106018 0.936402 
513.348267 191.390259 0.713116 
542.786987 188.451889 0.550617 
553.041443 164.916458 0.843197 
525.138977 270.746002 0.746908 
523.733704 317.809845 0.810898 
520.744446 363.388641 0.773901 
513.411255 264.901947 0.659449 
523.643982 313.434845 0.674228 
522.220276 357.505646 0.712647 
536.909607 159.100067 0.319637 
0.000000 0.000000 0.000000 
533.914551 166.392441 0.636528 
511.921356 163.472122 0.118279 
18
547.167847 167.795853 0.205762 
523.600281 197.295044 0.839080 
532.484009 204.562897 0.840625 
535.457642 247.228043 0.841088 
547.208069 276.694397 0.948073 
511.944458 192.849686 0.689008 
536.931396 189.929459 0.432295 
548.688843 166.370575 0.690814 
525.173401 272.222534 0.752186 
523.733704 317.829498 0.811781 
520.698547 364.850037 0.761944 
514.832825 266.351715 0.662559 
523.675903 313.462006 0.688980 
522.233887 357.546875 0.706434 
545.668274 161.978241 0.274284 
0.000000 0.000000 0.000000 
535.409729 166.415573 0.648406 
511.914886 163.459412 0.098954 
18
547.206909 169.253342 0.323437 
523.613464 198.737869 0.826459 
532.512817 204.584717 0.860596 
535.458191 247.249847 0.844699 
547.205627 276.714966 0.951766 
511.954773 192.874191 0.706444 
536.927673 192.876038 0.349142 
548.671875 167.824905 0.599227 
525.167480 270.795532 0.744320 
523.727234 316.374542 0.813950 
520.710083 363.403748 0.770905 
516.293152 264.955658 0.644065 
523.733887 313.441345 0.689814 
522.251587 357.518951 0.709483 
545.710938 163.437103 0.385376 
0.000000 0.000000 0.000000 
535.379944 167.837128 0.684107 
511.971954 166.412735 0.079479 
18
550.126404 170.820313 0.654796 
523.612488 201.662460 0.821644 
533.897583 204.632675 0.867831 
535.464539 247.270248 0.849650 
547.209595 276.714905 0.960190 
513.347351 194.308823 0.695254 
0.000000 0.000000 0.000000 
0.000000 0.000000 0.000000 
525.163452 272.228851 0.747841 
523.721619 317.842468 0.815632 
520.734741 363.397797 0.769015 
516.290222 266.371124 0.633417 
523.670532 314.870178 0.692577 
522.245911 357.535767 0.725120 
547.211914 167.853714 0.672966 
0.000000 0.000000 0.000000 
535.401367 169.268097 0.697525 
0.000000 0.000000 0.000000 
18
551.609985 170.761871 0.640902 
523.641113 201.696609 0.822991 
533.941895 204.647095 0.870618 
535.456909 247.256165 0.860426 
547.204346 276.702972 0.958996 
513.364624 194.328827 0.689377 
0.000000 0.000000 0.000000 
0.000000 0.000000 0.000000 
525.186096 272.217499 0.742802 
523.725525 319.294922 0.824374 
520.687439 363.410736 0.757250 
514.871094 266.362122 0.638177 
523.672119 314.901276 0.690421 
522.238464 357.546143 0.729805 
548.646606 166.368835 0.647460 
0.000000 0.000000 0.000000 
535.458679 167.852066 0.709917 
0.000000 0.000000 0.000000 
18
551.617920 170.814331 0.646497 
523.640808 203.093735 0.827930 
533.952759 204.660156 0.876669 
535.460693 248.686401 0.864186 
547.199585 276.728546 0.953772 
513.349121 194.339676 0.691214 
0.000000 0.000000 0.000000 
0.000000 0.000000 0.000000 
525.178223 272.240906 0.755783 
523.721069 320.711975 0.834021 
520.708191 363.414764 0.763294 
514.823547 266.381622 0.646463 
523.637451 316.331879 0.684642 
522.218262 357.543335 0.717734 
548.652893 167.822861 0.666222 
0.000000 0.000000 0.000000 
535.472107 167.862396 0.711637 
0.000000 0.000000 0.000000 
18
553.051392 170.848465 0.622064 
523.658936 203.111481 0.829993 
533.968140 204.670868 0.874571 
535.471741 247.275757 0.858173 
547.203308 276.738190 0.947596 
513.365784 194.361359 0.693453 
0.000000 0.000000 0.000000 
0.000000 0.000000 0.000000 
525.171204 272.217804 0.754712 
523.743103 319.276245 0.821906 
520.723328 363.399292 0.768694 
514.815613 266.364685 0.653447 
523.647888 314.874512 0.691439 
522.215820 357.529999 0.717807 
548.668823 167.873184 0.662005 
0.000000 0.000000 0.000000 
536.876465 169.295761 0.714693 
0.000000 0.000000 0.000000 
18
551.578796 169.281525 0.479209 
523.642334 201.678696 0.840181 
533.948059 204.654556 0.872957 
535.494812 247.277481 0.846722 
547.214355 278.142792 0.928879 
513.358276 194.322784 0.714892 
0.000000 0.000000 0.000000 
0.000000 0.000000 0.000000 
525.148743 270.792053 0.752171 
523.745850 317.837341 0.814957 
520.698792 363.400177 0.767678 
513.382935 264.956360 0.668355 
523.661865 313.451019 0.687559 
522.241699 357.522919 0.718551 
548.633972 162.006882 0.522768 
0.000000 0.000000 0.000000 
536.909607 167.834366 0.679797 
514.868591 167.846542 0.063908 
18
550.133545 170.788910 0.554853 
523.648804 201.645660 0.832382 
533.949646 204.633423 0.877820 
535.487915 248.684311 0.854887 
547.219116 278.134003 0.929510 
513.381042 194.303070 0.699905 
0.000000 0.000000 0.000000 
0.000000 0.000000 0.000000 
525.162354 272.217041 0.753292 
523.721008 319.286926 0.826867 
520.718262 363.389282 0.774650 
513.406250 266.343262 0.656804 
523.660706 314.886200 0.677434 
522.225464 357.515747 0.712947 
547.219482 167.831436 0.589188 
0.000000 0.000000 0.000000 
535.438904 169.285492 0.711401 
514.823975 167.863129 0.052746 
18
545.776917 166.394684 0.215684 
523.658630 200.181107 0.832200 
533.911621 204.637146 0.881473 
535.509216 248.686630 0.842387 
547.229858 278.172455 0.915011 
514.828613 192.859726 0.664729 
541.313843 191.378494 0.417936 
550.123169 164.938507 0.630358 
525.185425 272.258179 0.759185 
523.690918 319.318970 0.829991 
520.727356 361.971863 0.763621 
514.840149 266.365479 0.645396 
523.681274 316.338501 0.675590 
522.242737 357.502991 0.728607 
544.223267 161.961975 0.282655 
0.000000 0.000000 0.000000 
534.003601 167.863571 0.627739 
511.888855 166.413605 0.104772 
18
547.244080 159.062408 0.389293 
523.615662 197.281479 0.851474 
533.898438 204.582474 0.872455 
535.488892 247.233383 0.849681 
547.222229 278.135101 0.928734 
513.367065 192.829468 0.710116 
0.000000 0.000000 0.000000 
0.000000 0.000000 0.000000 
525.158569 270.797821 0.750171 
523.700562 319.273804 0.823289 
520.739929 361.954437 0.773780 
513.410950 264.937225 0.656031 
523.671875 314.882599 0.683450 
522.231018 357.487152 0.716577 
545.692688 157.551682 0.475839 
0.000000 0.000000 0.000000 
533.967407 164.930786 0.639728 
511.941040 166.405365 0.069901 
18
548.676941 157.628479 0.869212 
523.607544 197.238251 0.828349 
532.493286 203.167007 0.842285 
535.508911 245.805756 0.828676 
547.210999 278.115906 0.928991 
513.375549 192.822479 0.691690 
0.000000 0.000000 0.000000 
0.000000 0.000000 0.000000 
525.156006 270.780060 0.750211 
523.709351 317.832397 0.814965 
520.750244 361.950256 0.778696 
514.825500 264.927551 0.651628 
523.708618 314.861481 0.684818 
522.237183 357.476349 0.707669 
545.649780 154.623459 0.818158 
548.725708 151.662567 0.222691 
529.519226 159.106247 0.724764 
0.000000 0.000000 0.000000 
18
548.686279 159.049911 0.885108 
523.623840 197.257324 0.818546 
532.493103 204.561462 0.842377 
536.883240 245.804138 0.815343 
547.212402 278.110840 0.931290 
513.408630 192.850266 0.676674 
511.952820 189.922531 0.115629 
0.000000 0.000000 0.000000 
525.176941 270.765778 0.739561 
523.698792 317.830017 0.811507 
522.112427 361.962311 0.767484 
514.857727 264.929230 0.651963 
523.691162 313.461884 0.683342 
522.229736 357.500366 0.707792 
544.226135 156.095383 0.833232 
548.678894 154.616638 0.445402 
525.158569 160.548691 0.725715 
0.000000 0.000000 0.000000 
18
548.630005 161.952866 0.888008 
523.603394 198.748276 0.815051 
532.492615 204.609604 0.862945 
535.506470 248.706573 0.842922 
547.235474 278.106598 0.938411 
513.358215 192.888870 0.685500 
511.922638 191.348953 0.116217 
0.000000 0.000000 0.000000 
525.182556 272.228699 0.758260 
523.706177 319.294434 0.819758 
520.675964 364.865662 0.764793 
514.822510 266.363586 0.651060 
523.680420 314.888733 0.673303 
523.620239 357.546112 0.712000 
544.193481 157.581192 0.876554 
550.151123 157.558945 0.727672 
525.110718 160.547043 0.727994 
0.000000 0.000000 0.000000 
18
548.678223 160.509369 0.903339 
523.613525 198.720215 0.814496 
532.492249 204.606033 0.871944 
535.514282 248.708817 0.841975 
547.234558 276.729553 0.943620 
513.376831 192.875259 0.694147 
0.000000 0.000000 0.000000 
0.000000 0.000000 0.000000 
525.167786 270.777924 0.748830 
523.712769 317.840576 0.803509 
520.715454 363.413727 0.767449 
514.825745 264.940491 0.665973 
523.676208 313.454498 0.682054 
523.621033 357.509460 0.716156 
544.265198 157.524033 0.893754 
551.567444 157.531815 0.660421 
525.115479 159.028854 0.737087 
0.000000 0.000000 0.000000 
18
548.703491 160.512634 0.862988 
522.249146 198.722092 0.809378 
532.496643 204.610840 0.874293 
535.503784 248.735626 0.855023 
547.238342 278.106659 0.940606 
511.944397 192.872025 0.691192 
0.000000 0.000000 0.000000 
0.000000 0.000000 0.000000 
525.169128 270.794708 0.747686 
523.712158 317.832855 0.802937 
520.719360 363.403137 0.763340 
514.831665 264.949615 0.653074 
523.729980 313.453461 0.667009 
523.607666 357.512177 0.698484 
545.650879 157.541138 0.862157 
550.134033 157.487015 0.440434 
525.164246 159.080353 0.729034 
0.000000 0.000000 0.000000 
18
548.652283 162.004166 0.814803 
522.250610 198.708817 0.819383 
532.513245 204.603638 0.880734 
536.866882 248.734680 0.847961 
547.243530 278.143158 0.920006 
511.939697 192.856339 0.694562 
0.000000 0.000000 0.000000 
0.000000 0.000000 0.000000 
525.167847 270.771393 0.738365 
523.715210 316.376862 0.795777 
520.719055 363.398712 0.764206 
514.816284 264.927948 0.664930 
523.725098 313.418976 0.668512 
523.603943 357.485657 0.689585 
544.245850 158.991180 0.847424 
550.109497 157.584106 0.491091 
525.172974 160.559280 0.706182 
0.000000 0.000000 0.000000 
18
550.103760 161.990234 0.829394 
523.612061 198.725403 0.810189 
532.485901 204.601654 0.864417 
536.871704 248.725647 0.852317 
547.251282 278.168854 0.914854 
513.382751 192.880829 0.673960 
0.000000 0.000000 0.000000 
0.000000 0.000000 0.000000 
525.179810 270.776276 0.730832 
523.707092 317.810242 0.800471 
520.739258 363.399414 0.766000 
516.296692 264.932129 0.632849 
525.130432 313.439209 0.674441 
523.606079 357.491791 0.697056 
544.274170 157.621262 0.856255 
550.172119 157.574234 0.563834 
525.176208 161.986542 0.693786 
0.000000 0.000000 0.000000 
18
550.106323 160.500534 0.755951 
523.650940 195.825226 0.843038 
532.509644 204.563660 0.864096 
536.873535 248.701477 0.851841 
547.255920 278.169952 0.917066 
514.824707 192.796799 0.673808 
542.789795 194.282242 0.392188 
554.517029 169.281448 0.475543 
526.581238 269.318420 0.726273 
523.721680 317.802612 0.807299 
522.113708 361.969879 0.787672 
516.286743 264.887024 0.648909 
523.722534 313.431427 0.683064 
523.612610 357.473175 0.690649 
545.730713 157.562897 0.815905 
550.183472 157.480515 0.205605 
532.491638 160.564926 0.691977 
0.000000 0.000000 0.000000 
18
551.596924 161.992020 0.677744 
523.671448 197.295441 0.812137 
533.921570 204.599030 0.871512 
536.884705 248.726883 0.860195 
547.265686 278.176422 0.920069 
514.833496 192.855865 0.691349 
0.000000 0.000000 0.000000 
0.000000 0.000000 0.000000 
526.609619 270.796753 0.723406 
523.739441 320.714722 0.827524 
520.696411 364.850891 0.755571 
516.289063 266.350891 0.649238 
523.612305 314.909210 0.705398 
522.221069 358.969055 0.728069 
547.166870 157.615875 0.759659 
0.000000 0.000000 0.000000 
534.001892 160.560486 0.706818 
0.000000 0.000000 0.000000 
18
550.155212 160.522690 0.488572 
523.681213 200.202499 0.827488 
533.961914 204.634003 0.894993 
536.902405 250.162338 0.869818 
548.627563 281.056519 0.907799 
514.819580 194.287720 0.710193 
541.317810 192.835129 0.249305 
554.530640 170.804428 0.547279 
526.610413 272.211487 0.724120 
525.124695 319.275269 0.819165 
520.715759 363.404480 0.771231 
514.859192 264.956390 0.642404 
523.605835 314.858917 0.705135 
522.214600 357.558807 0.713155 
547.143799 157.601212 0.601011 
0.000000 0.000000 0.000000 
535.404236 166.368378 0.678640 
513.405762 167.838928 0.051463 
18
554.561462 164.907288 0.517014 
525.109436 201.646515 0.793178 
534.007385 204.641052 0.870911 
536.894897 250.168823 0.880003 
548.638489 279.631470 0.912536 
516.318970 194.330017 0.683911 
0.000000 0.000000 0.000000 
0.000000 0.000000 0.000000 
528.059998 272.243225 0.716718 
525.119385 319.280212 0.808420 
522.117920 361.966827 0.766163 
517.760376 266.387146 0.628175 
523.619873 314.869568 0.713739 
522.218933 357.521881 0.720720 
550.109192 159.059464 0.573485 
0.000000 0.000000 0.000000 
538.365417 163.440491 0.677844 
517.771423 166.359253 0.061911 
18
554.518860 161.969360 0.571410 
525.123352 201.633591 0.799282 
535.408630 204.644653 0.858708 
536.925476 250.160889 0.843276 
548.655457 279.575775 0.913990 
514.874817 194.301010 0.696727 
0.000000 0.000000 0.000000 
0.000000 0.000000 0.000000 
528.072754 272.226624 0.703523 
525.118042 319.277405 0.808071 
520.743347 363.388031 0.766186 
517.760681 266.365814 0.625045 
523.649231 314.873566 0.714443 
522.239075 357.512634 0.711077 
548.629822 157.599319 0.641850 
0.000000 0.000000 0.000000 
536.883728 163.433167 0.663306 
514.835510 166.397766 0.064512 
18
553.072449 159.104248 0.551044 
525.124329 198.750992 0.781528 
535.414063 204.600906 0.843311 
538.349609 248.707245 0.808581 
548.684204 278.136261 0.921827 
516.324402 192.883514 0.683469 
0.000000 0.000000 0.000000 
0.000000 0.000000 0.000000 
528.074402 270.764984 0.690847 
525.164307 317.841797 0.784781 
520.749573 361.949890 0.755930 
516.307251 264.939606 0.650291 
523.602417 313.452576 0.736191 
522.212402 357.512634 0.707522 
547.236511 157.526550 0.611421 
0.000000 0.000000 0.000000 
536.871094 161.979050 0.653644 
0.000000 0.000000 0.000000 
18
551.619934 159.056320 0.538066 
525.127869 198.731155 0.791674 
535.444092 204.615433 0.838110 
539.847717 247.241608 0.793407 
548.720581 278.115906 0.910613 
516.302979 192.866287 0.693772 
0.000000 0.000000 0.000000 
0.000000 0.000000 0.000000 
528.064697 269.296082 0.695830 
525.170166 316.358612 0.783167 
520.749634 361.950745 0.760456 
516.284790 264.891479 0.648440 
523.656433 313.417786 0.743760 
522.219910 357.510376 0.706548 
547.204041 156.118729 0.608231 
0.000000 0.000000 0.000000 
536.893311 161.988647 0.662770 
511.977509 167.842163 0.052504 
18
553.073120 159.087784 0.549329 
525.145508 201.682068 0.805371 
535.484680 204.657120 0.854237 
541.300598 247.246658 0.805838 
550.125977 278.144501 0.913298 
514.869751 194.354630 0.694054 
0.000000 0.000000 0.000000 
0.000000 0.000000 0.000000 
529.539490 270.764069 0.694542 
528.061462 316.380096 0.763023 
520.721069 361.967316 0.754772 
516.292480 264.927521 0.657319 
523.616272 313.418060 0.772542 
522.218933 357.539246 0.723421 
547.246155 157.535522 0.609885 
0.000000 0.000000 0.000000 
536.917114 162.012039 0.662287 
511.968750 167.855499 0.053661 
18
553.066650 158.981125 0.505306 
525.190002 203.083176 0.808536 
536.878235 204.662689 0.849055 
541.316833 247.227539 0.805904 
550.157043 276.736816 0.916445 
516.334778 195.783112 0.696409 
0.000000 0.000000 0.000000 
0.000000 0.000000 0.000000 
529.559448 269.331177 0.693377 
528.047546 317.838989 0.759538 
522.108948 361.947296 0.761333 
516.283142 264.916168 0.674020 
522.255493 313.442352 0.772831 
522.205627 357.533142 0.721175 
547.227478 156.071426 0.560979 
0.000000 0.000000 0.000000 
538.343323 161.994507 0.648826 
513.370972 169.244781 0.069622 
18
550.154297 159.002182 0.239238 
526.603760 200.223602 0.794584 
535.515686 204.621124 0.841559 
539.854309 245.788818 0.798527 
550.154663 276.693451 0.921997 
519.221680 194.353745 0.697305 
0.000000 0.000000 0.000000 
0.000000 0.000000 0.000000 
530.993042 269.312500 0.688318 
528.076416 317.830170 0.754157 
520.736877 361.925690 0.761763 
516.293457 264.904541 0.688007 
522.245728 313.440277 0.793583 
522.193115 357.536255 0.714167 
547.191284 157.554520 0.330100 
0.000000 0.000000 0.000000 
538.394287 163.470047 0.605124 
513.425537 167.842422 0.114457 
18
554.528625 159.102676 0.365925 
526.613647 200.214996 0.784337 
536.879578 204.613617 0.831061 
541.281372 245.801804 0.800873 
551.579224 276.704163 0.908620 
519.219971 194.371994 0.682080 
0.000000 0.000000 0.000000 
0.000000 0.000000 0.000000 
530.986084 269.299255 0.690816 
528.054565 316.377563 0.752478 
522.111755 361.919769 0.764877 
514.874146 264.896851 0.684557 
522.243408 313.411865 0.783186 
522.202637 357.518616 0.714043 
548.664978 157.588196 0.447846 
0.000000 0.000000 0.000000 
539.851074 161.987274 0.642640 
513.380737 167.789886 0.077076 
18
553.074524 159.041626 0.395607 
526.638062 198.755005 0.764336 
536.863953 204.586914 0.832711 
541.281006 245.794876 0.800873 
550.163879 276.725403 0.902296 
519.272949 194.337799 0.690922 
0.000000 0.000000 0.000000 
0.000000 0.000000 0.000000 
530.982544 269.307220 0.682804 
528.051941 316.376190 0.756781 
520.718262 360.498932 0.763113 
516.318481 264.901184 0.669795 
522.228943 313.406433 0.775071 
522.173523 357.507202 0.704663 
547.235840 157.524490 0.482246 
0.000000 0.000000 0.000000 
538.352051 161.962662 0.641476 
513.423340 166.382767 0.071861 
18
548.633423 159.037613 0.187794 
526.630310 197.247940 0.785751 
535.495789 203.152237 0.838059 
541.283325 245.785126 0.794368 
550.151367 276.722382 0.902998 
519.262329 192.842987 0.678230 
542.761963 182.565506 0.393134 
548.717957 163.427109 0.658408 
529.559326 267.861694 0.683712 
528.062134 316.356445 0.760280 
520.723022 360.513855 0.758474 
516.291565 264.866974 0.683969 
522.236023 313.398834 0.776847 
522.178345 357.510681 0.696685 
545.739990 157.547272 0.261912 
0.000000 0.000000 0.000000 
536.909363 162.010696 0.549959 
513.371094 166.349258 0.096666 
18
545.749512 157.610199 0.152233 
526.626709 197.265686 0.782904 
535.487976 203.174133 0.851308 
541.328186 245.812042 0.797077 
550.152405 278.105713 0.901716 
519.264465 192.837692 0.672727 
542.793152 184.026398 0.457914 
548.694275 164.890747 0.758520 
530.989563 270.750580 0.696032 
525.173889 319.274048 0.773392 
520.697693 361.967560 0.735634 
516.322510 264.903717 0.679790 
523.620056 314.862000 0.746709 
522.237793 357.539093 0.739007 
544.212341 157.541092 0.208755 
0.000000 0.000000 0.000000 
535.432861 163.443481 0.540914 
513.373108 164.907837 0.112529 
18
545.651672 159.064957 0.087643 
526.614136 198.710464 0.788895 
535.500854 203.165909 0.852167 
542.751953 245.774872 0.796175 
550.161926 276.733276 0.906618 
519.235535 192.884415 0.675901 
544.212463 184.019577 0.436350 
550.108398 164.917557 0.739724 
531.035645 269.331085 0.700102 
525.175171 319.312775 0.780530 
520.732178 363.395355 0.736266 
517.757019 264.899200 0.677212 
523.603516 314.902283 0.739854 
522.240540 357.561401 0.735830 
538.392883 160.487518 0.135025 
0.000000 0.000000 0.000000 
535.475525 166.392639 0.512023 
513.364258 166.386108 0.160853 
18
547.133423 159.059464 0.114134 
526.632813 200.184616 0.799015 
536.876526 204.582474 0.873106 
542.750732 245.784485 0.799369 
550.158081 276.711639 0.916680 
519.259827 194.337982 0.685886 
542.774353 184.039795 0.346181 
551.585205 166.362396 0.643312 
532.447327 269.307556 0.703348 
526.603088 319.285736 0.771361 
520.734863 363.385742 0.741285 
517.770813 264.897858 0.695446 
522.239929 314.883148 0.763205 
522.231018 357.566345 0.731670 
544.251770 159.034897 0.176013 
0.000000 0.000000 0.000000 
536.908508 166.409958 0.560243 
514.833557 167.848846 0.156952 
18
545.745544 158.993271 0.150269 
526.613098 198.756271 0.809810 
536.877563 204.564285 0.871682 
542.759460 245.771896 0.809672 
551.574341 276.718842 0.912610 
519.225159 194.337463 0.702861 
542.794250 182.570465 0.369289 
551.583496 163.467575 0.676916 
532.465881 269.286316 0.707587 
528.083557 317.825684 0.747355 
520.726257 361.950134 0.737075 
516.335327 264.883362 0.705435 
522.248596 313.440094 0.784562 
522.247131 357.559540 0.737733 
544.210693 157.589462 0.220670 
0.000000 0.000000 0.000000 
535.475586 166.397873 0.593102 
513.408508 169.279205 0.139471 
18
548.692200 158.996262 0.195382 
526.617371 200.181580 0.811077 
536.904785 204.552612 0.860457 
542.766541 245.779831 0.809363 
551.604126 276.696075 0.918767 
517.800598 194.356628 0.703929 
542.786072 184.060486 0.303591 
553.047607 164.918549 0.571471 
532.499390 269.297546 0.715545 
528.090271 319.268982 0.752985 
520.747742 361.944275 0.740145 
517.771484 264.896271 0.704838 
522.247131 314.868683 0.790907 
522.219055 358.950195 0.736978 
547.140015 157.553543 0.281013 
0.000000 0.000000 0.000000 
536.917542 164.931076 0.597538 
514.837097 169.235611 0.133302 
18
545.768311 159.076233 0.130134 
526.620239 200.184250 0.806963 
536.895020 204.560837 0.859700 
542.798035 245.758133 0.810497 
553.061035 276.713074 0.905210 
517.809448 194.359894 0.691954 
544.235107 184.017075 0.437651 
550.146973 163.453659 0.689350 
532.502136 269.307861 0.716976 
529.533691 317.847382 0.753190 
520.748291 361.916718 0.751255 
517.772888 264.890503 0.709508 
522.242859 313.462128 0.801564 
522.201111 357.551056 0.730012 
544.244507 159.022858 0.192596 
0.000000 0.000000 0.000000 
535.481079 166.394135 0.538255 
513.393982 167.866592 0.158959 
