32
1
18
554.522888 157.589462 0.923271 
529.530090 194.387909 0.713338 
533.983887 201.666077 0.848651 
536.938843 242.821091 0.872598 
556.014648 275.115631 0.939207 
523.691162 192.868683 0.627716 
545.656677 229.654526 0.181609 
557.409241 239.849304 0.434362 
532.504944 266.391785 0.751392 
526.616211 313.408203 0.760152 
522.180725 359.020660 0.855100 
523.716187 264.872711 0.656830 
528.070618 311.958008 0.758998 
523.724670 353.130676 0.687708 
547.212463 151.696106 0.868678 
0.000000 0.000000 0.000000 
534.010681 157.593170 0.837278 
0.000000 0.000000 0.000000 
18
555.968994 157.579758 0.937652 
530.992737 194.368927 0.700341 
533.996094 201.656082 0.844675 
536.886047 241.447311 0.850366 
554.544861 275.108887 0.915786 
525.149109 192.835403 0.595844 
545.644592 232.556946 0.238870 
557.422974 239.896927 0.560189 
532.493835 266.389252 0.752662 
526.578552 313.431366 0.771683 
522.186646 359.043488 0.871868 
525.165161 264.866577 0.614374 
528.095032 311.989899 0.738692 
525.115112 353.126953 0.675892 
547.256531 151.663116 0.856517 
0.000000 0.000000 0.000000 
535.372803 157.546875 0.820679 
0.000000 0.000000 0.000000 
18
555.965271 157.600266 0.943614 
529.548706 194.348816 0.712999 
533.996094 200.212906 0.843427 
536.915527 242.829651 0.844701 
551.621033 275.237213 0.927102 
525.108093 192.829849 0.612125 
545.685303 231.114761 0.201117 
557.393188 239.897552 0.401652 
532.497925 266.394897 0.740442 
525.151917 314.885162 0.755826 
522.170898 359.046722 0.847487 
525.128174 264.856293 0.616875 
528.092468 312.005035 0.704428 
525.112427 353.134430 0.681903 
547.258606 151.671707 0.861054 
0.000000 0.000000 0.000000 
534.014771 157.523514 0.830687 
0.000000 0.000000 0.000000 
18
555.992615 159.008469 0.948713 
529.523315 194.385071 0.727923 
535.380798 201.659210 0.862315 
536.942932 242.822479 0.861710 
548.704163 276.606323 0.948445 
523.636719 192.870575 0.648591 
523.711914 229.656128 0.055986 
0.000000 0.000000 0.000000 
532.437683 264.957916 0.736885 
526.585876 313.387665 0.760262 
522.169983 359.032623 0.849110 
522.229675 263.442047 0.683555 
528.068604 311.907593 0.704097 
523.741516 353.130035 0.688600 
548.655029 154.618790 0.868156 
0.000000 0.000000 0.000000 
535.385010 157.601196 0.847377 
0.000000 0.000000 0.000000 
18
556.001526 159.032669 0.947200 
528.080139 194.387421 0.737193 
535.407593 201.644958 0.852806 
536.902893 242.823990 0.872579 
550.119751 275.243927 0.937442 
522.193787 192.867188 0.674136 
522.209717 229.651367 0.055847 
0.000000 0.000000 0.000000 
532.443665 266.352600 0.735241 
526.587097 313.414185 0.762656 
522.175415 359.025879 0.853844 
522.195007 263.453033 0.679945 
526.620056 311.943909 0.717333 
525.128723 353.122284 0.698338 
548.665344 156.039246 0.874739 
0.000000 0.000000 0.000000 
535.379761 157.613480 0.844248 
0.000000 0.000000 0.000000 
18
556.018738 158.988846 0.923459 
529.527039 194.305542 0.696651 
533.983337 198.759155 0.837752 
535.467346 241.414627 0.921276 
557.502014 267.839905 0.936324 
523.684265 192.785675 0.607776 
526.599060 231.094528 0.070314 
0.000000 0.000000 0.000000 
530.999695 264.962494 0.742046 
525.139771 313.459167 0.788620 
522.207275 359.047546 0.850603 
525.173096 263.464630 0.610177 
528.058716 312.000854 0.726541 
523.725342 354.563507 0.679098 
548.708008 153.170700 0.828815 
0.000000 0.000000 0.000000 
535.454712 157.548157 0.834425 
0.000000 0.000000 0.000000 
18
557.410034 159.034775 0.909515 
529.536194 194.338531 0.682778 
533.984070 198.735352 0.820451 
536.870667 242.841827 0.857765 
569.188782 253.153763 0.900189 
523.659302 192.829956 0.618549 
523.715393 229.641251 0.075729 
558.875610 241.364960 0.071893 
530.981018 264.940796 0.771018 
525.118713 314.897980 0.778770 
522.172546 359.052124 0.796844 
523.645020 263.429962 0.634709 
526.612793 313.398804 0.675209 
523.637268 356.034760 0.676734 
550.162598 154.647583 0.814603 
0.000000 0.000000 0.000000 
536.883667 157.580215 0.805802 
0.000000 0.000000 0.000000 
18
557.424072 159.034515 0.917519 
530.986572 194.283432 0.714174 
529.572327 197.257965 0.806508 
535.482056 239.953995 0.950339 
567.765564 228.104660 0.858700 
531.025696 192.790558 0.608456 
544.247437 225.209946 0.217377 
561.885132 222.252914 0.338400 
528.079529 266.382935 0.777935 
525.108582 313.460724 0.807934 
522.199036 359.021179 0.853686 
533.915344 264.899261 0.676096 
529.562378 312.009613 0.704931 
523.690918 353.095215 0.658924 
551.607056 154.646408 0.797794 
0.000000 0.000000 0.000000 
536.911255 157.553192 0.801731 
0.000000 0.000000 0.000000 
18
557.404114 159.011185 0.914372 
532.452026 194.309113 0.725984 
526.616821 195.835144 0.827344 
547.186646 235.505630 0.929909 
567.721741 207.551895 0.876811 
533.969971 192.857056 0.691126 
548.644165 228.153549 0.334571 
567.713623 206.046158 0.417707 
526.608582 264.958862 0.776198 
523.739746 314.879608 0.805053 
522.212158 359.049011 0.840729 
535.398499 264.921570 0.754988 
529.516785 313.414734 0.718353 
523.651123 354.582306 0.652163 
551.624573 154.609039 0.791681 
0.000000 0.000000 0.000000 
536.936890 157.561401 0.776320 
0.000000 0.000000 0.000000 
18
555.966736 157.613724 0.815739 
529.543518 192.878738 0.704764 
525.122803 195.815857 0.819721 
559.024780 229.574265 0.945324 
558.947937 192.900497 0.996086 
533.897217 191.380249 0.636952 
554.527649 225.189301 0.158763 
0.000000 0.000000 0.000000 
528.076721 264.921295 0.758575 
525.126526 313.446594 0.792559 
522.215210 359.039948 0.829090 
533.963135 264.852325 0.674585 
529.531189 311.996674 0.716911 
523.652649 354.579254 0.658054 
548.707458 153.145630 0.761308 
0.000000 0.000000 0.000000 
535.456726 157.559784 0.787841 
0.000000 0.000000 0.000000 
18
557.440674 159.097672 0.581137 
526.610352 194.369965 0.709020 
531.016113 201.644913 0.825438 
569.174500 222.252655 0.856242 
555.982361 189.877563 0.966734 
525.142212 192.860672 0.608112 
557.476990 220.821243 0.094396 
0.000000 0.000000 0.000000 
532.443115 266.396942 0.770515 
523.741882 316.332794 0.770633 
522.207947 359.056885 0.791633 
528.072876 264.923462 0.601598 
526.581543 313.430359 0.719351 
523.656921 356.027802 0.696192 
551.572083 158.988510 0.623111 
0.000000 0.000000 0.000000 
536.931274 166.389587 0.828803 
0.000000 0.000000 0.000000 
18
556.010071 159.111343 0.364064 
528.065369 194.360260 0.741137 
533.965576 201.659927 0.858625 
569.237183 216.323242 0.919295 
551.611023 184.056076 0.915876 
523.677795 192.838165 0.658283 
558.913940 216.324158 0.077804 
0.000000 0.000000 0.000000 
533.888733 264.959290 0.786055 
525.138794 314.886078 0.756654 
522.189880 359.058716 0.774478 
523.671143 264.852783 0.663440 
525.160461 313.397919 0.740770 
523.672729 356.063629 0.723175 
548.680237 159.057922 0.448655 
0.000000 0.000000 0.000000 
536.897278 167.820221 0.759715 
0.000000 0.000000 0.000000 
18
554.556030 159.045624 0.552898 
529.522705 194.312347 0.756793 
532.471252 198.749817 0.803231 
569.256714 209.020340 0.914458 
548.713684 181.113525 0.852132 
526.603027 191.411499 0.630579 
559.010071 206.101624 0.109236 
0.000000 0.000000 0.000000 
532.508728 264.938324 0.774485 
525.142273 313.466431 0.766665 
522.187134 359.048553 0.803174 
528.075684 263.481049 0.627226 
526.634949 311.997589 0.715448 
523.672729 356.011139 0.699274 
548.653076 157.578918 0.622959 
0.000000 0.000000 0.000000 
535.486084 163.475021 0.790426 
0.000000 0.000000 0.000000 
18
554.544617 159.083832 0.711092 
528.102600 192.900970 0.731289 
528.069275 195.774368 0.814421 
569.302917 204.564789 0.939641 
548.676880 179.585312 0.792895 
0.000000 0.000000 0.000000 
0.000000 0.000000 0.000000 
0.000000 0.000000 0.000000 
532.457703 264.940796 0.753086 
525.128662 314.889252 0.772708 
522.190918 359.046326 0.811396 
532.490356 264.865723 0.656284 
528.051270 313.394287 0.718027 
523.683777 356.001129 0.688451 
548.679321 157.537231 0.762496 
0.000000 0.000000 0.000000 
535.462158 159.038376 0.864897 
0.000000 0.000000 0.000000 
18
553.049316 162.005508 0.621216 
526.642395 192.880188 0.733661 
530.988342 194.401291 0.837686 
570.690796 195.847198 0.908958 
547.251038 175.209030 0.745983 
525.158569 191.387482 0.603179 
564.836548 194.368240 0.118303 
0.000000 0.000000 0.000000 
532.499939 264.947845 0.760517 
525.141357 314.890686 0.760159 
522.174194 359.048676 0.793791 
526.624512 264.853394 0.648719 
526.599487 313.397949 0.726803 
523.698669 356.007843 0.703871 
547.250793 159.035507 0.724140 
0.000000 0.000000 0.000000 
535.427979 160.544174 0.835528 
0.000000 0.000000 0.000000 
18
548.669617 164.903870 0.323344 
528.054077 194.269592 0.720322 
531.001770 194.381088 0.844815 
570.711792 192.893295 0.957362 
547.132507 170.839752 0.791885 
525.142822 192.849075 0.579991 
570.674927 184.043549 0.110733 
547.173706 169.333023 0.125440 
532.507568 266.355621 0.755523 
525.130127 314.891479 0.747096 
522.186279 359.010559 0.782224 
526.621521 264.879486 0.659811 
526.594666 313.401917 0.721126 
523.683472 356.004089 0.707037 
547.180176 159.088821 0.400997 
0.000000 0.000000 0.000000 
535.449585 161.971558 0.678134 
0.000000 0.000000 0.000000 
18
547.188477 167.826752 0.285677 
526.636230 194.266754 0.708383 
532.449219 194.342194 0.883599 
570.743530 191.377716 0.879755 
547.187378 170.761429 0.762331 
525.125977 192.847885 0.571188 
0.000000 0.000000 0.000000 
0.000000 0.000000 0.000000 
532.500671 264.928650 0.763891 
525.173401 313.441925 0.749230 
522.178650 359.020233 0.810107 
528.062317 263.478668 0.646934 
529.521118 311.964813 0.716497 
523.714478 354.582001 0.698081 
545.715759 161.958389 0.333982 
0.000000 0.000000 0.000000 
535.390564 164.919571 0.625538 
0.000000 0.000000 0.000000 
18
545.727417 167.832077 0.219412 
528.097778 194.274506 0.716294 
533.924805 194.347626 0.884778 
570.768982 188.461334 0.877104 
547.147156 170.756912 0.784913 
525.121948 192.878265 0.581854 
0.000000 0.000000 0.000000 
0.000000 0.000000 0.000000 
533.882141 264.892975 0.759539 
525.181763 313.441132 0.741761 
522.182556 359.021820 0.812394 
526.630737 263.434326 0.656596 
529.536438 311.946564 0.704591 
523.723145 354.565948 0.686376 
539.872314 161.977142 0.237346 
0.000000 0.000000 0.000000 
535.406494 167.821686 0.549099 
0.000000 0.000000 0.000000 
18
0.000000 0.000000 0.000000 
528.087830 192.900925 0.726580 
533.974365 194.342514 0.867052 
570.782837 188.447098 0.887518 
545.733765 170.783905 0.799956 
523.669800 192.834473 0.613039 
0.000000 0.000000 0.000000 
0.000000 0.000000 0.000000 
533.914917 263.461395 0.760954 
528.095459 311.951385 0.741876 
522.183960 358.982117 0.820395 
526.592407 263.379700 0.674330 
532.440674 310.477570 0.709563 
525.138855 353.096191 0.685134 
0.000000 0.000000 0.000000 
0.000000 0.000000 0.000000 
535.474304 167.828323 0.464320 
0.000000 0.000000 0.000000 
18
545.689514 166.397995 0.189817 
526.634644 192.895828 0.716340 
533.911682 194.335709 0.880297 
572.156555 188.425873 0.881726 
545.735779 170.753738 0.786796 
523.676697 192.812393 0.577208 
0.000000 0.000000 0.000000 
0.000000 0.000000 0.000000 
533.932678 264.873138 0.772243 
528.064270 312.014832 0.731613 
522.177795 359.004608 0.802116 
525.170227 263.407074 0.682006 
529.544373 311.919983 0.698830 
525.126038 353.133667 0.686763 
538.401245 160.548996 0.208836 
0.000000 0.000000 0.000000 
535.417297 166.379837 0.497060 
0.000000 0.000000 0.000000 
18
545.754089 166.376007 0.223428 
526.626038 192.865707 0.743247 
533.932129 194.321716 0.891675 
572.192871 188.446487 0.873102 
547.155457 170.739975 0.768467 
523.641907 191.390656 0.614582 
0.000000 0.000000 0.000000 
0.000000 0.000000 0.000000 
533.920410 263.456329 0.771415 
528.082947 311.972137 0.739012 
522.179504 359.005859 0.822429 
526.582336 263.370636 0.677559 
531.027344 310.494751 0.698306 
525.152771 353.099030 0.689326 
542.775330 160.545044 0.249004 
0.000000 0.000000 0.000000 
535.461182 164.930984 0.555319 
0.000000 0.000000 0.000000 
18
547.131042 166.367233 0.334716 
526.576782 192.840744 0.746243 
532.498657 194.319000 0.898807 
572.201050 191.331390 0.865628 
547.255981 169.384079 0.753922 
522.238647 189.931854 0.585193 
0.000000 0.000000 0.000000 
0.000000 0.000000 0.000000 
533.927124 263.460876 0.774936 
528.072083 311.981445 0.738330 
522.183655 359.000519 0.820768 
526.619446 263.373291 0.662884 
532.430054 310.500092 0.692084 
525.125549 353.116760 0.686881 
544.245789 160.503998 0.361912 
0.000000 0.000000 0.000000 
535.434082 162.001495 0.598970 
0.000000 0.000000 0.000000 
18
550.132385 160.539474 0.316506 
526.635376 192.845367 0.752426 
533.949524 194.337082 0.891186 
572.187195 191.404144 0.890943 
547.259155 170.765793 0.730920 
523.667358 191.376816 0.621982 
0.000000 0.000000 0.000000 
0.000000 0.000000 0.000000 
533.932007 263.464386 0.778361 
528.078125 311.966766 0.749581 
522.183105 358.986572 0.826135 
526.606750 263.373047 0.671771 
532.430847 310.494629 0.704298 
525.146118 353.089691 0.684793 
547.222229 159.012711 0.378544 
0.000000 0.000000 0.000000 
538.344177 161.964386 0.607148 
0.000000 0.000000 0.000000 
18
554.527954 160.544479 0.515990 
529.520203 192.798630 0.757865 
535.393555 194.324493 0.901303 
573.642700 192.851349 0.886479 
550.130005 170.835007 0.684143 
523.692139 189.929169 0.632543 
0.000000 0.000000 0.000000 
0.000000 0.000000 0.000000 
533.922913 264.863831 0.785560 
528.065491 311.967224 0.750860 
522.182617 358.992706 0.820726 
526.612793 263.390747 0.669141 
531.031921 310.510681 0.703999 
525.107910 353.122131 0.686871 
550.109253 157.620865 0.591831 
0.000000 0.000000 0.000000 
536.930237 159.084183 0.759509 
0.000000 0.000000 0.000000 
18
553.082520 163.476929 0.556412 
529.551941 192.843445 0.758091 
535.380859 194.351776 0.891336 
575.126160 192.860657 0.867382 
550.134094 173.717377 0.658537 
525.110168 191.366318 0.638326 
569.208008 186.964340 0.060367 
0.000000 0.000000 0.000000 
533.940247 264.891022 0.776272 
526.596497 312.012817 0.732800 
522.182129 359.012268 0.817866 
525.178650 263.415649 0.674861 
529.523254 311.906677 0.692398 
525.116333 354.556244 0.697248 
548.647827 159.062439 0.631243 
0.000000 0.000000 0.000000 
535.439575 161.964096 0.741321 
0.000000 0.000000 0.000000 
18
554.551025 161.984390 0.657892 
530.989441 192.838684 0.766824 
533.989319 194.327103 0.874581 
576.565247 192.910080 0.859212 
553.064270 172.319153 0.650861 
525.164734 191.369370 0.643083 
569.193359 192.859253 0.075084 
0.000000 0.000000 0.000000 
533.924622 264.860535 0.770012 
526.613464 311.999481 0.734764 
522.187683 358.992889 0.816819 
528.048462 263.392975 0.655552 
529.558838 310.519135 0.690446 
523.718567 354.552032 0.686345 
548.704163 158.974945 0.742785 
0.000000 0.000000 0.000000 
536.882568 160.487152 0.817655 
0.000000 0.000000 0.000000 
18
555.990601 160.492432 0.744652 
531.025146 192.833908 0.775327 
535.445923 194.357208 0.876120 
576.608643 192.868622 0.865513 
551.589417 172.286346 0.621422 
525.141968 191.349823 0.656709 
569.163025 192.824081 0.073543 
0.000000 0.000000 0.000000 
533.952026 264.850281 0.780893 
526.594543 311.998901 0.753317 
522.188477 358.998047 0.811820 
526.587524 263.372009 0.671417 
528.100098 311.919556 0.706806 
523.723267 354.578918 0.691998 
550.111084 157.565704 0.776225 
0.000000 0.000000 0.000000 
536.877075 159.105820 0.839179 
0.000000 0.000000 0.000000 
18
556.013062 159.095444 0.792513 
532.468079 192.815918 0.776373 
535.481201 194.321213 0.876973 
576.598450 192.878067 0.871661 
553.063416 172.300079 0.623500 
526.589233 191.340103 0.651937 
569.167786 192.861374 0.068174 
0.000000 0.000000 0.000000 
533.940002 263.414551 0.769277 
526.621094 311.946289 0.757478 
522.185364 358.977783 0.827244 
528.060852 261.943268 0.652117 
531.028992 310.488678 0.696867 
523.733154 353.120331 0.676390 
550.126709 157.505264 0.799461 
0.000000 0.000000 0.000000 
536.895264 159.025406 0.870981 
0.000000 0.000000 0.000000 
18
556.012817 159.056564 0.780710 
532.459167 192.811310 0.783931 
536.883606 194.340912 0.874918 
576.613708 192.858810 0.879749 
553.066101 172.279800 0.628888 
525.148926 189.924149 0.661156 
567.709900 192.828644 0.060268 
0.000000 0.000000 0.000000 
533.966736 261.976288 0.770457 
528.075867 311.896484 0.743171 
522.173889 358.958618 0.820413 
525.148865 260.474243 0.664429 
531.005676 310.421539 0.683645 
523.727905 353.103699 0.680503 
550.120483 156.120453 0.770622 
0.000000 0.000000 0.000000 
536.904968 159.042984 0.864844 
0.000000 0.000000 0.000000 
18
555.982300 159.047363 0.762272 
532.477600 192.812469 0.788922 
536.876160 194.349548 0.865575 
578.045105 192.872650 0.881375 
553.039307 172.247604 0.615918 
525.178711 189.934616 0.665582 
569.177307 192.828232 0.075289 
0.000000 0.000000 0.000000 
533.975220 263.392395 0.768650 
528.079529 311.921661 0.742054 
522.174805 358.965057 0.810474 
525.150513 260.508118 0.667825 
530.986938 310.451141 0.685958 
523.714844 354.550629 0.683666 
548.699829 156.110184 0.761228 
0.000000 0.000000 0.000000 
536.888611 159.037216 0.864331 
0.000000 0.000000 0.000000 
18
555.956604 158.972092 0.745331 
533.910156 192.802063 0.815144 
536.921814 194.332016 0.874405 
578.086853 192.909897 0.903812 
555.985596 170.855011 0.626343 
528.055603 189.925766 0.678373 
569.183533 192.862381 0.071534 
0.000000 0.000000 0.000000 
534.006470 263.431702 0.791826 
528.084290 311.950989 0.750817 
522.180054 358.969147 0.806633 
525.136719 261.951019 0.694782 
529.534851 310.490784 0.712924 
523.722900 354.586487 0.697029 
548.659180 154.642456 0.751885 
0.000000 0.000000 0.000000 
536.905884 159.009720 0.876480 
0.000000 0.000000 0.000000 
18
553.072266 157.567108 0.695312 
532.482422 192.796402 0.812277 
536.884033 194.370590 0.862428 
579.482117 194.284363 0.898839 
556.021790 170.803787 0.569814 
526.589661 189.898163 0.672861 
557.495422 185.514023 0.063124 
0.000000 0.000000 0.000000 
533.993713 263.409668 0.791710 
528.096985 311.943848 0.748093 
522.180420 358.967041 0.790973 
526.581604 261.934784 0.673148 
528.103455 310.498047 0.710945 
523.702148 354.595062 0.703287 
547.234680 153.165619 0.721604 
0.000000 0.000000 0.000000 
536.882202 159.005539 0.852840 
0.000000 0.000000 0.000000 
18
553.062988 157.518280 0.731170 
532.477600 192.795822 0.810011 
535.487122 194.359650 0.864620 
579.490967 194.335724 0.899101 
555.994629 175.188965 0.615898 
526.602356 189.917542 0.683166 
548.684509 182.573303 0.065885 
0.000000 0.000000 0.000000 
534.006287 263.412689 0.791798 
528.098938 311.958191 0.746266 
522.190247 358.953735 0.785808 
525.152039 261.934540 0.691095 
528.058105 310.500549 0.719077 
523.695801 354.596741 0.707632 
547.242615 151.699890 0.757581 
0.000000 0.000000 0.000000 
536.893860 157.604965 0.870506 
0.000000 0.000000 0.000000 
