64
1
18
629.487000 122.321060 1.002901 
594.293701 157.594696 0.854551 
600.099609 166.390182 0.826064 
600.127563 216.372574 0.904694 
607.462952 257.560669 0.852242 
591.265503 153.141830 0.649099 
0.000000 0.000000 0.000000 
0.000000 0.000000 0.000000 
592.790955 247.268768 0.752540 
588.350586 300.138153 0.805658 
582.487854 350.186127 0.829078 
583.939392 241.432755 0.647911 
582.445251 298.691345 0.779585 
580.966614 344.309052 0.672587 
626.544312 117.865021 0.896931 
0.000000 0.000000 0.000000 
607.521484 123.715736 0.888826 
0.000000 0.000000 0.000000 
18
629.460022 122.325867 0.993654 
594.284241 157.600525 0.841353 
598.637085 166.403351 0.825554 
600.126648 216.372192 0.893914 
608.938477 256.076080 0.853017 
591.281738 153.156128 0.632587 
0.000000 0.000000 0.000000 
0.000000 0.000000 0.000000 
594.172485 247.239380 0.762234 
589.805908 298.759155 0.846762 
582.496582 350.161407 0.845712 
583.969543 241.410995 0.665976 
581.036987 298.658539 0.823153 
578.041260 344.265991 0.669076 
626.523560 117.881836 0.883098 
0.000000 0.000000 0.000000 
607.525940 123.705666 0.892647 
0.000000 0.000000 0.000000 
18
628.115479 122.298988 0.994729 
594.287903 157.595154 0.842535 
598.632324 167.812286 0.828148 
601.557251 216.400665 0.895987 
610.412781 256.076477 0.847977 
591.287842 153.138000 0.622528 
0.000000 0.000000 0.000000 
0.000000 0.000000 0.000000 
592.820801 247.224899 0.762917 
589.828613 298.739136 0.861245 
582.496826 350.156036 0.866802 
583.934937 241.401413 0.677605 
581.003113 297.257782 0.821976 
573.644653 341.374115 0.684866 
625.109741 117.865158 0.876992 
0.000000 0.000000 0.000000 
607.512756 123.722786 0.900612 
0.000000 0.000000 0.000000 
18
628.110291 122.300644 0.995036 
594.292664 157.591339 0.844671 
597.220581 167.806076 0.825476 
601.600891 216.362671 0.899621 
613.309814 254.665405 0.857136 
591.298035 153.136566 0.615005 
606.005981 170.807449 0.058410 
0.000000 0.000000 0.000000 
594.186218 247.247375 0.758259 
589.789551 300.155701 0.839049 
582.485168 350.163910 0.862298 
583.934753 241.425247 0.681740 
581.014099 298.694946 0.842565 
575.101868 342.809265 0.668397 
625.109131 117.858284 0.873502 
0.000000 0.000000 0.000000 
607.502319 123.699570 0.909814 
0.000000 0.000000 0.000000 
18
628.097412 122.303535 0.993090 
594.285095 157.598282 0.841745 
597.210205 166.413269 0.827685 
603.023621 216.383606 0.896420 
614.809570 254.591125 0.908460 
591.281799 153.141983 0.607452 
605.983459 170.785767 0.057200 
0.000000 0.000000 0.000000 
594.210388 247.244598 0.752707 
588.354858 300.171143 0.829205 
582.471069 350.172943 0.844865 
583.962952 242.823517 0.682123 
581.006714 298.706238 0.859716 
578.052002 344.249146 0.659497 
625.096741 117.857887 0.869331 
0.000000 0.000000 0.000000 
607.493774 123.690155 0.915668 
0.000000 0.000000 0.000000 
18
628.092346 122.283600 0.986721 
594.282593 157.612518 0.837458 
597.205994 167.805695 0.828658 
603.036560 216.389130 0.903582 
614.841187 253.218994 0.917704 
591.276245 153.168442 0.609461 
0.000000 0.000000 0.000000 
0.000000 0.000000 0.000000 
594.243347 247.235977 0.749750 
588.360718 300.166840 0.830782 
582.468384 350.154694 0.848918 
583.970825 241.424347 0.680433 
580.980591 298.708954 0.854806 
578.078247 344.246948 0.645704 
625.093933 116.422150 0.865867 
0.000000 0.000000 0.000000 
607.502869 122.349915 0.919747 
0.000000 0.000000 0.000000 
18
628.102539 122.294060 0.976825 
594.276306 157.617020 0.864716 
598.676086 167.813583 0.823287 
603.027344 216.392487 0.888380 
614.844727 253.203110 0.929213 
589.808105 153.161057 0.635808 
0.000000 0.000000 0.000000 
0.000000 0.000000 0.000000 
594.244873 247.240463 0.757022 
588.324402 300.158691 0.817621 
582.459473 350.165497 0.846639 
583.981445 241.427383 0.666569 
581.027039 298.706909 0.846142 
578.051025 344.251556 0.645191 
625.119385 116.429916 0.868294 
0.000000 0.000000 0.000000 
608.919495 123.685539 0.904931 
0.000000 0.000000 0.000000 
18
629.454590 122.348244 0.963089 
594.254822 157.583328 0.898801 
601.572021 166.361053 0.819768 
604.449158 216.383408 0.851114 
614.825195 254.597366 0.892025 
586.890198 151.710770 0.691109 
604.579346 204.614426 0.224325 
622.193787 206.105713 0.521171 
594.200989 245.792801 0.737574 
588.331299 300.162567 0.835534 
582.471313 350.176300 0.865834 
582.484009 241.354218 0.700724 
580.952026 298.682404 0.835177 
573.675476 342.798401 0.657691 
626.555908 117.873528 0.874961 
0.000000 0.000000 0.000000 
610.424500 122.313553 0.881666 
0.000000 0.000000 0.000000 
18
629.472717 123.730156 0.928081 
594.216675 157.590042 0.911646 
601.553833 164.942123 0.810167 
604.477417 216.382919 0.902491 
614.776367 254.629517 0.898548 
585.448242 151.689865 0.720152 
608.927490 178.148956 0.439041 
629.490845 184.030167 0.444172 
592.822693 247.260361 0.760357 
588.339111 300.166809 0.841739 
582.466675 350.169769 0.863486 
582.466370 241.412262 0.693385 
580.950378 298.704834 0.823444 
578.038147 344.243286 0.641392 
626.605164 119.339127 0.870773 
0.000000 0.000000 0.000000 
614.783508 122.318787 0.889715 
0.000000 0.000000 0.000000 
18
629.483032 123.794571 0.880078 
592.782043 157.551315 0.921378 
601.554016 164.899704 0.814520 
604.466064 216.376755 0.914957 
613.357483 256.068054 0.858279 
582.542786 150.206009 0.812853 
607.490723 173.729202 0.512175 
630.964905 169.378677 0.804855 
592.804016 245.788422 0.752371 
588.335754 300.145691 0.848054 
582.466675 350.184937 0.870093 
581.024475 241.361267 0.723691 
580.924561 298.650970 0.798539 
575.127258 341.365723 0.648129 
628.000061 120.822144 0.896521 
0.000000 0.000000 0.000000 
616.249329 122.338211 0.921234 
0.000000 0.000000 0.000000 
18
629.460388 123.793999 0.749468 
592.743347 157.563110 0.909981 
600.116028 166.381088 0.817764 
604.469116 216.425491 0.884300 
613.367004 257.531982 0.838790 
582.509460 148.789749 0.826986 
613.358887 172.284607 0.685701 
629.570801 157.503632 0.812614 
592.753052 244.325943 0.734948 
588.347473 298.754913 0.856075 
582.459717 350.164246 0.871568 
580.974304 239.938828 0.712946 
579.526428 297.211426 0.764813 
573.678101 341.328217 0.647034 
628.035278 122.198341 0.819761 
0.000000 0.000000 0.000000 
616.330566 122.340874 0.965891 
0.000000 0.000000 0.000000 
18
628.107117 123.767807 0.630885 
592.772705 157.560211 0.903355 
600.112793 166.409653 0.813181 
603.082397 217.800797 0.890191 
613.350586 260.448944 0.834269 
582.514832 148.773788 0.808991 
616.311340 173.760880 0.820686 
629.516907 148.741379 1.021897 
592.745544 244.314529 0.732670 
588.361389 298.760071 0.857459 
582.465271 350.173889 0.874339 
580.975220 239.935776 0.725217 
579.497620 297.213470 0.746046 
575.106506 341.347717 0.643814 
627.999512 122.224907 0.756333 
0.000000 0.000000 0.000000 
616.316772 123.713249 1.001488 
0.000000 0.000000 0.000000 
18
628.116089 123.776604 0.579624 
594.179321 157.544785 0.893790 
600.132629 166.367859 0.798122 
603.058044 216.381561 0.885499 
611.901123 259.015869 0.831098 
583.942383 148.755493 0.772993 
617.811890 175.190018 0.853018 
628.101501 147.262421 1.036193 
592.792419 245.756897 0.747906 
589.789795 300.127563 0.862829 
582.477356 350.175720 0.856304 
581.030884 241.329102 0.723861 
579.483704 297.202332 0.759323 
575.106750 342.795593 0.656148 
628.014954 122.227249 0.704756 
0.000000 0.000000 0.000000 
616.309448 122.325333 0.978643 
0.000000 0.000000 0.000000 
18
629.592041 123.788475 0.626145 
594.230164 157.516541 0.882774 
600.120239 166.365402 0.797129 
603.006653 216.397781 0.885003 
611.866882 257.563660 0.825575 
585.411499 147.323166 0.728792 
620.719910 172.287186 0.865976 
628.080505 145.769348 1.017337 
592.768188 244.302017 0.751987 
588.355957 298.738129 0.846465 
582.470276 348.752869 0.855168 
582.427307 239.939819 0.708762 
579.511963 297.190979 0.762104 
576.585632 342.811707 0.643652 
629.465576 122.214272 0.757200 
0.000000 0.000000 0.000000 
616.341187 122.311913 0.990218 
0.000000 0.000000 0.000000 
18
630.966064 123.774490 0.637534 
594.222839 157.537842 0.883406 
601.546387 166.410995 0.812455 
601.565186 216.422562 0.885391 
610.414429 259.002014 0.823029 
585.402527 147.314911 0.750692 
622.145630 172.279953 0.849768 
628.081604 145.790054 1.025887 
592.747620 245.777771 0.741628 
585.444336 300.136688 0.849197 
582.463257 348.744904 0.863708 
582.439514 241.357361 0.691014 
579.555542 298.651611 0.778865 
578.056702 344.245697 0.650082 
629.466125 122.212273 0.767599 
0.000000 0.000000 0.000000 
616.342407 122.335396 0.990172 
0.000000 0.000000 0.000000 
18
629.555298 123.739746 0.659394 
594.232849 157.541992 0.882506 
601.582153 167.824890 0.830215 
600.116150 216.415466 0.888614 
608.969604 257.564240 0.829548 
583.994324 147.288651 0.760034 
619.244141 173.738953 0.807539 
628.057007 145.846359 1.040347 
592.748108 245.792679 0.751173 
585.422791 300.161987 0.845602 
582.445984 348.744629 0.868486 
582.443909 241.371628 0.689980 
580.973816 298.713287 0.793583 
578.068909 342.838562 0.644603 
628.074097 120.817528 0.768173 
0.000000 0.000000 0.000000 
616.313232 122.311600 0.995774 
0.000000 0.000000 0.000000 
18
630.976318 123.722313 0.725077 
594.260376 157.519455 0.883212 
601.576660 167.810837 0.816764 
598.676392 216.437027 0.880280 
608.932068 257.558960 0.817732 
585.437622 147.261353 0.737616 
620.681152 173.714127 0.825462 
628.071899 145.839279 1.036335 
591.296936 244.299118 0.727663 
585.417053 300.141541 0.855389 
582.452637 348.754578 0.865132 
581.023254 239.935349 0.674387 
580.943542 298.678497 0.750423 
576.596252 342.808136 0.637264 
629.463013 120.798927 0.809248 
0.000000 0.000000 0.000000 
616.328491 122.304634 0.986532 
0.000000 0.000000 0.000000 
18
629.602295 123.727654 0.745714 
594.263550 157.509232 0.885306 
601.568665 167.820084 0.822227 
597.211365 217.837097 0.889371 
608.948181 257.556000 0.818963 
585.430969 145.848404 0.737502 
619.257019 172.247955 0.862413 
628.053711 145.861053 1.054776 
591.298340 244.298172 0.721427 
585.428711 300.131439 0.850257 
582.469421 348.739929 0.865550 
581.021301 239.933395 0.671976 
580.946655 298.668030 0.751077 
576.586243 342.815704 0.640842 
628.113708 120.803360 0.831577 
0.000000 0.000000 0.000000 
616.328674 122.312073 0.978712 
0.000000 0.000000 0.000000 
18
631.036255 125.191856 0.761802 
594.233032 157.552917 0.902751 
601.587280 167.841385 0.852535 
594.328064 217.859100 0.914236 
613.311218 253.212082 0.875313 
583.989502 147.269608 0.769896 
617.802551 172.291245 0.824645 
628.008057 147.312744 1.037072 
592.763733 245.800232 0.755222 
585.394226 300.155090 0.839192 
582.456360 350.156250 0.846208 
582.522095 241.396133 0.667827 
580.990479 298.720184 0.815014 
579.550964 345.696198 0.670408 
629.521973 122.237343 0.881523 
0.000000 0.000000 0.000000 
616.344788 122.343346 0.985675 
0.000000 0.000000 0.000000 
18
630.993286 125.196159 0.761169 
594.207214 157.587692 0.899472 
602.997009 167.856827 0.894563 
594.194092 217.856415 0.949242 
617.754822 242.860046 0.913980 
583.957886 147.306503 0.782108 
616.289185 173.740479 0.728659 
627.974609 150.194977 0.978517 
594.250793 245.798615 0.767388 
585.413574 300.140015 0.833785 
582.460815 348.747711 0.845850 
586.867371 242.820343 0.644144 
581.009766 298.686279 0.808756 
579.501587 344.260071 0.655392 
629.483643 122.239456 0.888914 
0.000000 0.000000 0.000000 
616.328247 122.341362 0.996410 
0.000000 0.000000 0.000000 
18
633.945923 125.203773 0.844213 
594.201782 157.589874 0.887902 
601.571167 167.866333 0.873025 
592.756775 217.809082 0.896140 
626.539246 228.057709 0.915537 
583.963440 147.325211 0.757250 
613.309570 169.315323 0.347125 
626.525879 154.627686 0.439062 
594.237122 244.320404 0.776176 
586.872925 300.134216 0.865934 
582.472839 350.162140 0.858237 
585.406067 241.400925 0.634088 
580.947266 297.265564 0.792729 
575.127136 341.374939 0.645722 
629.592468 122.220497 0.912436 
0.000000 0.000000 0.000000 
617.731506 123.714417 0.962060 
0.000000 0.000000 0.000000 
18
635.413635 123.820961 0.838642 
594.201416 157.561935 0.923156 
600.109436 167.838257 0.864529 
598.666992 216.362564 0.900157 
632.442993 203.131241 0.865100 
583.996460 147.311157 0.777135 
607.469360 170.808350 0.530114 
625.062561 159.000671 0.849273 
594.282776 242.865860 0.772232 
586.901001 300.124298 0.850672 
582.462097 350.162018 0.848067 
582.528442 239.937103 0.689842 
580.937134 298.637787 0.788516 
576.602295 342.817749 0.646553 
630.977966 122.232430 0.920246 
0.000000 0.000000 0.000000 
617.724304 123.802727 0.969738 
0.000000 0.000000 0.000000 
18
632.483276 125.254662 0.769498 
594.202942 157.552856 0.903990 
598.633972 167.814224 0.841028 
607.444336 213.423294 0.900066 
632.470154 181.133728 0.897804 
585.436707 148.760818 0.734663 
610.416748 166.404663 0.474080 
622.192871 159.072495 0.654533 
594.255615 241.402969 0.811264 
586.872131 298.739288 0.828752 
582.457336 350.157043 0.843957 
585.401306 239.860291 0.628046 
581.035767 298.632660 0.787594 
578.053101 344.253265 0.646973 
629.544556 122.297920 0.910312 
0.000000 0.000000 0.000000 
616.340942 123.831902 0.957316 
0.000000 0.000000 0.000000 
18
630.972900 128.139893 0.735523 
592.773743 157.532089 0.872045 
595.767883 163.448227 0.827101 
617.739075 206.089462 0.994202 
629.544922 169.301025 1.007288 
583.953613 150.248688 0.756610 
604.564209 170.825363 0.168335 
0.000000 0.000000 0.000000 
594.248840 241.366547 0.810645 
585.440430 298.744537 0.821404 
582.462769 348.760620 0.837915 
586.858948 239.870895 0.610342 
581.046387 298.653809 0.774451 
578.055542 344.258545 0.638590 
629.480469 122.345688 0.874229 
0.000000 0.000000 0.000000 
616.318542 125.193733 0.964040 
0.000000 0.000000 0.000000 
18
631.005188 129.640076 0.796070 
592.763428 156.111618 0.822161 
595.704529 160.525070 0.866268 
627.978821 204.543060 0.964085 
628.081177 164.912094 0.873881 
585.405945 151.673050 0.699549 
604.474915 170.795105 0.182040 
0.000000 0.000000 0.000000 
594.194275 241.336624 0.802332 
585.417236 298.729309 0.831762 
582.435120 348.749237 0.843391 
588.352783 239.869797 0.598156 
582.429077 298.665833 0.779616 
580.979065 345.697021 0.661728 
629.466614 123.756538 0.935072 
0.000000 0.000000 0.000000 
616.276489 125.251549 0.973548 
0.000000 0.000000 0.000000 
18
631.028137 128.144745 0.782065 
592.690247 156.119583 0.848675 
595.754578 160.546082 0.855915 
628.089478 201.684357 0.938439 
627.983704 161.987045 0.860715 
582.504456 150.200684 0.763962 
604.550049 169.337372 0.138493 
0.000000 0.000000 0.000000 
592.821472 241.354523 0.796981 
585.448364 298.739532 0.832026 
582.434265 348.747498 0.831622 
583.950073 239.867767 0.649598 
582.419250 298.674469 0.793340 
581.004944 345.709656 0.670293 
629.490601 123.702164 0.906225 
0.000000 0.000000 0.000000 
616.289063 125.264206 0.971530 
0.000000 0.000000 0.000000 
18
631.006836 128.161835 0.765182 
591.319275 156.110916 0.844587 
595.757507 160.517883 0.867265 
628.079895 201.668640 0.943073 
626.599365 160.542328 0.861588 
582.497681 150.211014 0.755947 
604.558960 169.324387 0.150552 
0.000000 0.000000 0.000000 
592.803772 241.365646 0.799606 
585.433594 298.750916 0.833347 
582.424438 350.160004 0.840437 
583.951416 239.875565 0.659455 
581.033142 298.651428 0.786437 
579.498230 344.273132 0.646651 
629.483704 123.722351 0.903443 
0.000000 0.000000 0.000000 
616.316650 126.674133 0.976555 
0.000000 0.000000 0.000000 
18
630.999939 129.634064 0.768927 
591.300537 157.501099 0.860258 
595.750671 160.552063 0.859074 
628.016418 203.101395 0.933128 
625.138123 164.919266 0.783467 
582.472107 150.231491 0.776508 
604.555542 166.405991 0.176996 
0.000000 0.000000 0.000000 
592.818726 241.360046 0.811761 
585.437805 298.743713 0.841239 
582.424377 350.149597 0.839370 
582.499634 239.847549 0.674326 
580.982849 297.257355 0.769702 
579.507629 344.259491 0.640564 
629.484924 123.759003 0.910433 
0.000000 0.000000 0.000000 
616.335510 126.687469 0.973823 
0.000000 0.000000 0.000000 
18
631.033386 132.538712 0.758683 
591.269897 156.124908 0.848353 
595.720703 160.528305 0.885444 
628.020447 201.666748 0.925023 
625.072693 163.423309 0.750985 
582.459167 150.244186 0.757577 
604.589172 163.472961 0.192049 
0.000000 0.000000 0.000000 
594.184082 241.345322 0.814730 
586.908630 298.726440 0.848188 
582.434570 350.163971 0.847599 
582.480164 238.458328 0.681491 
580.979065 297.204315 0.775962 
576.586914 342.833160 0.647113 
629.532593 125.214920 0.874335 
0.000000 0.000000 0.000000 
616.353088 128.174484 0.984045 
0.000000 0.000000 0.000000 
18
631.029480 134.007858 0.817206 
591.240234 156.104919 0.835051 
595.704407 160.490234 0.905881 
628.030090 200.216736 0.934589 
625.111816 160.551056 0.804591 
582.435608 150.235504 0.763401 
604.529419 170.775787 0.147676 
0.000000 0.000000 0.000000 
592.798401 239.946671 0.810829 
586.905273 298.725128 0.842899 
582.421265 350.166962 0.850987 
582.446106 238.440613 0.691784 
580.971436 297.205505 0.767813 
576.574280 342.832825 0.639244 
629.536865 126.715843 0.877634 
0.000000 0.000000 0.000000 
616.339539 129.642456 0.990055 
0.000000 0.000000 0.000000 
18
631.045532 133.990005 0.762320 
591.267151 156.093948 0.836635 
595.703613 159.117630 0.905730 
628.020081 198.735916 0.931592 
626.593689 160.482025 0.848234 
582.462219 150.210922 0.766744 
604.520874 170.825287 0.149246 
0.000000 0.000000 0.000000 
592.815857 241.379852 0.802777 
586.873535 298.763489 0.831305 
582.416687 350.180267 0.829461 
582.494385 239.883209 0.686567 
580.979065 298.644867 0.772618 
580.995422 345.698700 0.659379 
629.568054 126.710732 0.847639 
0.000000 0.000000 0.000000 
617.721802 129.650513 0.988183 
0.000000 0.000000 0.000000 
18
630.994507 134.002808 0.756951 
591.253479 156.069809 0.833918 
595.710205 159.108871 0.902085 
628.015808 197.262131 0.943853 
628.000000 159.098450 0.862423 
582.436035 150.196411 0.772813 
604.512817 170.874161 0.135419 
0.000000 0.000000 0.000000 
594.191406 241.380234 0.801660 
585.430969 298.767883 0.832849 
582.445496 350.172668 0.832398 
582.474487 239.879868 0.695888 
580.997437 298.663330 0.778597 
580.993347 345.709412 0.664801 
629.524231 126.730171 0.835145 
0.000000 0.000000 0.000000 
616.348083 129.648819 0.980487 
0.000000 0.000000 0.000000 
18
631.023376 134.026123 0.757869 
591.258484 156.074860 0.830287 
595.706665 159.120102 0.893301 
628.025024 197.262466 0.936682 
628.011414 160.519836 0.862096 
582.447937 150.194550 0.768289 
604.503845 170.878662 0.136716 
0.000000 0.000000 0.000000 
592.812500 241.371155 0.801285 
585.420105 298.770050 0.841570 
582.445129 350.178497 0.829708 
582.448547 239.872772 0.698853 
579.555908 297.256073 0.747786 
579.552673 344.289642 0.649643 
629.550293 128.160477 0.824827 
0.000000 0.000000 0.000000 
617.706055 129.645416 0.983324 
0.000000 0.000000 0.000000 
18
631.026184 134.017197 0.741648 
591.265137 156.053619 0.831414 
595.725647 159.103607 0.898850 
628.003662 195.853180 0.939808 
628.004395 160.481598 0.857360 
582.437988 148.771271 0.777266 
604.475769 170.860748 0.132649 
0.000000 0.000000 0.000000 
592.816406 241.351456 0.800198 
585.421326 298.751038 0.842499 
582.439575 350.157867 0.832469 
582.456970 239.852295 0.694243 
580.917542 297.238434 0.749591 
579.537903 344.294189 0.659259 
629.552246 128.154541 0.813773 
0.000000 0.000000 0.000000 
617.719421 129.625443 0.980789 
0.000000 0.000000 0.000000 
18
632.500305 133.996628 0.745256 
591.283264 156.059311 0.831964 
595.729614 159.107071 0.898808 
628.002380 195.830093 0.945924 
628.007202 160.488892 0.864134 
582.454041 148.766464 0.769277 
604.446472 172.312042 0.132409 
0.000000 0.000000 0.000000 
592.805359 241.369080 0.796680 
585.417236 300.128693 0.846480 
582.454224 350.179779 0.830241 
582.449524 239.870712 0.692544 
579.540894 298.634125 0.742825 
579.541870 345.700439 0.657202 
630.973999 126.717819 0.812408 
0.000000 0.000000 0.000000 
617.735413 129.633820 0.978829 
0.000000 0.000000 0.000000 
18
632.477051 134.040466 0.746199 
591.262573 156.059875 0.826220 
595.721436 159.102570 0.905874 
627.977661 197.238953 0.930182 
626.582336 160.509750 0.833300 
582.441284 148.773438 0.782574 
604.468506 170.868454 0.135731 
0.000000 0.000000 0.000000 
592.796997 241.352982 0.802992 
585.408447 298.769745 0.849436 
582.456177 350.180481 0.834939 
582.424561 239.846832 0.695859 
579.468994 297.226563 0.741832 
579.505371 344.297119 0.653473 
629.598572 128.185669 0.811606 
0.000000 0.000000 0.000000 
617.721985 131.068359 0.990883 
0.000000 0.000000 0.000000 
18
633.921875 134.022552 0.793453 
591.284790 156.078644 0.838126 
595.739746 159.118301 0.898915 
627.965942 197.274780 0.925465 
626.599060 159.107269 0.815937 
582.446045 148.785049 0.779775 
604.473938 170.867188 0.130281 
0.000000 0.000000 0.000000 
594.184387 241.366837 0.810584 
586.872437 298.768616 0.858249 
582.418762 351.638611 0.848215 
582.430725 239.849289 0.697237 
580.918457 297.251923 0.773482 
575.117920 342.837463 0.651230 
630.990845 128.145935 0.848564 
0.000000 0.000000 0.000000 
617.731201 129.610123 0.987692 
0.000000 0.000000 0.000000 
18
632.460144 133.998367 0.775192 
591.292053 156.068954 0.830597 
595.734192 159.105408 0.901330 
627.962097 198.718948 0.918886 
626.559143 160.522842 0.797816 
582.462891 148.784714 0.773705 
604.496765 170.805389 0.147175 
0.000000 0.000000 0.000000 
594.180847 241.364639 0.811153 
586.881775 298.763458 0.857648 
582.433350 350.194763 0.849429 
581.040955 239.837784 0.695404 
579.518555 297.206024 0.754464 
575.114014 342.789185 0.637882 
629.602112 126.704475 0.843858 
0.000000 0.000000 0.000000 
617.728638 128.167618 0.979892 
0.000000 0.000000 0.000000 
18
631.021606 133.966248 0.790071 
591.292786 156.057968 0.826546 
595.722168 159.097000 0.908418 
626.600830 198.739120 0.918183 
626.552185 159.107956 0.790956 
582.474487 148.783157 0.769200 
604.532654 169.350677 0.156967 
0.000000 0.000000 0.000000 
594.187012 241.357758 0.811119 
586.861267 298.757629 0.853846 
582.432434 350.178680 0.856070 
582.442078 239.839371 0.692163 
579.523071 297.210297 0.751746 
573.672180 342.793304 0.648113 
629.548401 126.674515 0.867278 
0.000000 0.000000 0.000000 
617.713989 128.140701 0.972398 
0.000000 0.000000 0.000000 
18
631.008118 132.573456 0.791930 
591.298767 156.054901 0.827238 
595.721436 159.093338 0.909437 
626.592163 198.729401 0.916562 
626.541565 159.050125 0.803263 
582.478760 148.781403 0.772043 
604.553162 167.884247 0.164383 
0.000000 0.000000 0.000000 
594.190613 241.361115 0.809135 
585.434265 298.773071 0.855078 
582.433105 350.200653 0.842598 
582.456970 239.847839 0.691035 
579.524597 297.254028 0.754725 
576.613586 344.275879 0.643345 
629.520264 125.254761 0.887936 
0.000000 0.000000 0.000000 
616.348755 128.136780 0.968768 
0.000000 0.000000 0.000000 
18
630.999695 132.561554 0.797588 
591.316650 156.056931 0.832574 
595.745056 159.082108 0.904005 
626.594604 197.270767 0.920021 
626.544006 159.040451 0.811044 
582.483154 148.777588 0.775450 
604.548462 166.413300 0.161332 
0.000000 0.000000 0.000000 
594.190491 241.377060 0.805521 
585.438232 300.133667 0.853744 
582.432190 350.181030 0.847052 
582.445374 239.861359 0.698207 
579.518799 297.261353 0.762089 
576.590820 344.256195 0.647266 
629.507874 125.240524 0.900686 
0.000000 0.000000 0.000000 
616.340515 126.723419 0.968388 
0.000000 0.000000 0.000000 
18
629.607422 132.560684 0.787638 
591.307068 156.063004 0.815757 
595.731140 159.070786 0.903181 
626.582153 195.813797 0.940331 
626.561768 160.482391 0.788442 
582.501648 150.194199 0.763837 
604.514587 170.794907 0.147831 
0.000000 0.000000 0.000000 
594.187500 241.345108 0.798427 
586.875916 298.750031 0.852329 
582.436462 350.176910 0.841043 
582.456970 239.835129 0.693767 
579.522156 297.206818 0.766231 
576.601746 344.243011 0.645441 
629.492065 125.232292 0.889947 
0.000000 0.000000 0.000000 
616.337830 126.684998 0.974376 
0.000000 0.000000 0.000000 
18
629.612854 132.517090 0.748065 
591.308289 156.073792 0.812352 
595.730591 159.056519 0.904126 
626.545898 195.819214 0.935611 
625.137329 159.092499 0.779709 
582.511047 150.223099 0.765209 
604.525146 164.958542 0.148935 
0.000000 0.000000 0.000000 
594.193420 241.359802 0.798761 
586.878845 298.745300 0.855272 
581.063782 350.175354 0.840133 
582.461182 239.852570 0.694528 
580.938049 297.239868 0.768962 
579.497559 344.267548 0.638739 
629.496460 125.193878 0.877484 
0.000000 0.000000 0.000000 
616.347534 126.675591 0.975418 
0.000000 0.000000 0.000000 
18
631.006714 131.076660 0.734843 
592.700684 156.077591 0.814331 
595.746033 159.068085 0.884312 
626.557983 195.831284 0.938473 
625.076843 159.092957 0.756088 
582.528137 150.225327 0.744344 
604.607117 162.016449 0.189511 
0.000000 0.000000 0.000000 
592.821533 241.345108 0.798472 
586.860474 298.741486 0.849440 
582.415405 350.159607 0.839634 
582.491943 239.848572 0.678937 
580.949402 297.247650 0.765954 
579.524109 344.278351 0.643483 
629.514160 123.792107 0.882818 
0.000000 0.000000 0.000000 
616.342346 125.266945 0.991016 
0.000000 0.000000 0.000000 
18
631.043335 128.183456 0.679065 
591.305481 156.074844 0.821416 
595.748169 159.065765 0.898377 
626.553162 195.828903 0.945105 
620.705505 159.062790 0.797101 
582.493103 150.207031 0.762751 
604.589722 161.982010 0.188732 
0.000000 0.000000 0.000000 
594.192261 241.353287 0.798817 
585.444092 298.757935 0.852422 
582.418518 350.169922 0.845837 
582.482788 239.855484 0.681955 
579.559143 297.247925 0.766441 
576.596741 344.242188 0.642867 
629.523254 123.751373 0.847003 
0.000000 0.000000 0.000000 
616.337524 125.275581 1.002081 
0.000000 0.000000 0.000000 
18
631.017517 128.178986 0.659974 
591.321838 156.087128 0.834647 
595.771423 159.061203 0.888781 
626.584351 195.812653 0.961402 
619.292847 159.027832 0.838539 
582.497559 150.212555 0.767056 
604.597229 162.009338 0.168457 
0.000000 0.000000 0.000000 
594.194885 241.376907 0.795451 
585.436584 298.761169 0.849888 
582.413574 350.162567 0.846785 
582.509033 239.874191 0.680744 
580.937195 298.631775 0.788638 
578.050232 344.243011 0.637611 
629.507690 123.761459 0.840867 
0.000000 0.000000 0.000000 
616.332764 126.684166 0.998437 
0.000000 0.000000 0.000000 
18
630.998901 129.608597 0.639530 
591.305847 156.101288 0.840731 
595.775513 159.071426 0.882976 
627.972412 194.398560 0.983818 
619.270569 159.006989 0.845517 
582.472595 150.219040 0.776412 
604.568542 163.473419 0.152277 
0.000000 0.000000 0.000000 
594.187561 241.375397 0.797100 
586.886841 298.751373 0.844866 
581.061279 350.163971 0.845757 
582.454041 239.864807 0.699046 
580.968201 297.252350 0.791804 
578.079956 344.248993 0.642300 
629.509399 123.772804 0.827538 
0.000000 0.000000 0.000000 
616.333496 126.688560 1.002460 
0.000000 0.000000 0.000000 
18
629.572693 133.966217 0.662236 
591.280518 156.100037 0.831688 
595.752625 159.077347 0.889955 
627.985535 194.350739 1.003147 
619.268555 159.011429 0.809399 
582.444275 150.218658 0.779323 
604.547424 163.490402 0.149009 
0.000000 0.000000 0.000000 
594.197693 241.395157 0.797236 
586.909729 298.766083 0.847421 
582.411316 350.172577 0.846383 
582.452576 239.876099 0.700795 
580.957886 297.263458 0.793196 
578.055176 344.248810 0.639868 
629.500183 126.681084 0.783749 
0.000000 0.000000 0.000000 
616.329285 126.721176 0.999871 
0.000000 0.000000 0.000000 
18
630.967102 132.590729 0.662382 
591.270691 156.096085 0.826463 
595.751038 159.049057 0.899896 
627.978699 194.370529 1.002466 
619.272827 157.596649 0.816784 
582.432190 150.226776 0.768815 
604.552307 162.047333 0.142283 
0.000000 0.000000 0.000000 
594.191345 241.376266 0.802902 
588.338562 298.734070 0.852486 
582.432068 350.159149 0.850730 
582.424561 239.852905 0.703650 
580.913757 297.197815 0.779351 
575.113708 342.785706 0.653246 
629.524963 126.668297 0.809734 
0.000000 0.000000 0.000000 
616.346252 128.159683 1.004189 
0.000000 0.000000 0.000000 
18
629.555603 134.054749 0.785497 
591.265320 156.107452 0.822728 
595.751160 159.045197 0.896194 
627.970947 194.361313 1.003253 
619.236938 157.619232 0.798095 
581.060242 150.222412 0.774129 
604.549194 163.484085 0.125917 
0.000000 0.000000 0.000000 
594.190308 241.383194 0.806329 
588.325012 298.737946 0.846486 
582.429504 350.197144 0.852696 
581.033386 239.852142 0.711441 
579.544739 295.781097 0.774970 
573.648682 341.357544 0.661833 
629.484497 128.163773 0.858048 
0.000000 0.000000 0.000000 
616.334351 128.142532 0.985196 
0.000000 0.000000 0.000000 
18
629.601563 134.047638 0.738226 
591.246460 156.109512 0.821530 
595.743042 159.053055 0.903457 
627.985229 194.304794 1.015612 
619.218445 157.597885 0.800735 
581.052429 150.225342 0.770570 
604.504761 166.421173 0.121294 
0.000000 0.000000 0.000000 
594.193420 241.397614 0.799677 
586.903748 298.750916 0.849914 
582.426941 350.193695 0.850961 
582.425598 239.878036 0.702974 
580.921143 297.202148 0.767755 
575.103271 341.365753 0.646161 
629.528442 128.175018 0.837005 
0.000000 0.000000 0.000000 
616.352905 128.178131 0.994664 
0.000000 0.000000 0.000000 
18
629.591980 134.039825 0.708390 
591.257385 156.106354 0.816502 
595.735718 159.041428 0.902733 
627.994507 194.307220 1.020052 
619.224670 157.564346 0.824994 
582.442688 150.244690 0.757783 
604.502563 164.955658 0.113740 
0.000000 0.000000 0.000000 
594.186462 241.391342 0.797929 
586.902344 298.747253 0.853111 
582.425110 350.187561 0.850510 
582.463074 239.877182 0.693825 
580.944214 297.220184 0.778370 
575.147888 342.816895 0.650827 
629.528015 128.169449 0.813214 
0.000000 0.000000 0.000000 
617.719910 128.154648 0.987448 
0.000000 0.000000 0.000000 
18
629.566528 134.057297 0.734896 
591.250671 156.098083 0.812650 
595.720215 159.039795 0.903091 
627.965515 194.351974 1.009255 
619.214905 158.992325 0.845247 
582.441040 150.239273 0.757066 
604.544067 162.049896 0.128674 
0.000000 0.000000 0.000000 
594.188843 241.394699 0.796030 
586.889587 298.756866 0.845951 
582.436096 350.184875 0.851059 
582.477417 239.875763 0.690372 
580.936890 297.242493 0.791233 
575.106018 342.808044 0.656392 
629.501465 129.601059 0.818749 
0.000000 0.000000 0.000000 
617.718323 128.157227 0.983447 
0.000000 0.000000 0.000000 
18
629.572083 134.048187 0.767092 
591.282776 156.114639 0.806570 
595.723694 159.049423 0.891671 
627.969238 194.358749 1.007759 
619.278809 159.031143 0.810417 
582.476379 150.248672 0.745158 
604.575867 162.045212 0.130156 
0.000000 0.000000 0.000000 
594.184753 241.399185 0.792621 
586.887512 298.757782 0.844181 
582.437012 350.183990 0.852958 
582.512756 239.886963 0.668755 
580.936768 297.237488 0.786103 
573.679138 341.372070 0.655822 
629.500916 128.168701 0.848922 
0.000000 0.000000 0.000000 
617.724915 128.166870 0.975273 
0.000000 0.000000 0.000000 
18
629.606873 134.067047 0.773103 
591.281738 156.115097 0.799523 
595.691528 159.045456 0.895036 
626.603271 194.367203 1.012924 
619.216614 157.611038 0.866142 
582.506775 151.671799 0.725663 
604.566040 163.481552 0.111138 
0.000000 0.000000 0.000000 
594.182861 241.412918 0.777214 
586.876465 298.768280 0.846599 
582.447388 350.201660 0.837831 
583.954895 239.925323 0.653512 
580.922974 297.267700 0.781540 
576.598267 342.840088 0.652520 
629.521484 128.186478 0.849929 
0.000000 0.000000 0.000000 
617.704590 128.176605 0.978537 
0.000000 0.000000 0.000000 
18
630.983643 134.024124 0.750818 
591.280212 156.106461 0.806533 
595.707153 159.062820 0.892390 
626.602417 194.393372 0.999291 
619.247314 159.024506 0.870038 
582.486694 150.248001 0.738662 
604.583435 162.043259 0.130936 
0.000000 0.000000 0.000000 
594.191284 241.419861 0.782665 
586.866516 300.125610 0.835569 
582.446838 350.179291 0.838227 
583.920105 239.924622 0.664645 
580.950378 298.636505 0.779928 
576.594055 342.820770 0.648122 
629.549011 128.140610 0.836353 
0.000000 0.000000 0.000000 
617.733704 128.163147 0.986834 
0.000000 0.000000 0.000000 
18
629.577515 133.964951 0.769518 
591.286499 156.070801 0.804099 
595.701599 159.049301 0.901597 
626.594849 195.799042 0.965014 
619.269409 157.626923 0.854667 
582.492432 150.213715 0.749740 
604.573303 163.490005 0.135107 
0.000000 0.000000 0.000000 
594.193298 241.393661 0.787033 
586.856812 300.133514 0.839834 
582.445313 350.187164 0.842027 
582.516052 239.894821 0.675161 
580.925537 298.641602 0.777709 
576.582825 342.840607 0.647086 
629.496338 125.280479 0.865521 
0.000000 0.000000 0.000000 
617.703857 125.282051 0.984373 
0.000000 0.000000 0.000000 
18
632.455444 131.119583 0.736630 
591.313110 156.073410 0.812275 
595.729004 159.074951 0.889806 
626.605652 197.291718 0.928755 
619.273865 159.024963 0.806066 
582.516479 150.220718 0.745952 
604.620239 162.035690 0.164010 
0.000000 0.000000 0.000000 
594.219360 241.379852 0.793552 
586.890198 298.764160 0.846804 
582.433350 350.169006 0.841903 
582.503235 239.875992 0.675788 
580.918762 297.249634 0.773706 
578.046631 342.832886 0.645080 
629.599548 123.808853 0.877893 
0.000000 0.000000 0.000000 
617.720825 125.239784 1.012305 
0.000000 0.000000 0.000000 
18
630.996033 132.540924 0.741969 
591.306458 156.114655 0.822187 
595.740723 160.490112 0.870345 
626.598022 201.678925 0.921577 
620.701416 160.498627 0.785741 
582.515930 150.249542 0.746686 
604.632813 164.942871 0.177795 
0.000000 0.000000 0.000000 
594.221680 241.394058 0.805283 
586.875793 298.769653 0.846830 
582.440308 350.167542 0.845524 
582.484497 239.882401 0.685024 
579.558411 297.262299 0.777452 
578.066650 344.254242 0.645519 
629.552185 123.825035 0.860091 
0.000000 0.000000 0.000000 
617.700439 125.255341 0.981860 
0.000000 0.000000 0.000000 
18
631.045105 126.718491 0.733462 
591.314514 156.101547 0.840576 
595.758118 160.495682 0.871201 
626.590454 203.140228 0.941712 
620.721680 159.094635 0.766907 
582.512573 150.235092 0.765941 
605.908142 163.500977 0.200125 
0.000000 0.000000 0.000000 
594.221313 241.384583 0.804396 
586.872620 300.123840 0.844030 
582.438660 350.181763 0.846809 
582.469360 239.866959 0.691569 
579.517639 297.233398 0.774745 
573.673706 342.812561 0.656407 
629.519775 122.344368 0.884212 
0.000000 0.000000 0.000000 
616.345581 125.214920 0.990497 
0.000000 0.000000 0.000000 
18
632.475525 125.193504 0.762914 
592.727417 156.094528 0.829852 
595.774780 160.504074 0.861634 
626.585876 204.531296 0.950527 
620.739624 160.494720 0.749409 
583.946350 150.241669 0.732037 
605.952393 163.495819 0.207609 
0.000000 0.000000 0.000000 
594.215149 241.368149 0.805079 
586.862122 298.763031 0.842747 
582.428955 350.182220 0.844818 
583.947876 239.866669 0.659168 
580.934937 298.634277 0.783823 
579.542297 344.298187 0.656265 
629.525757 122.254250 0.879339 
0.000000 0.000000 0.000000 
616.345703 125.208839 0.984846 
0.000000 0.000000 0.000000 
18
632.490479 123.775276 0.866809 
592.776794 156.063736 0.818575 
597.190125 159.093613 0.858079 
626.542480 204.571655 0.941876 
623.641846 160.536240 0.727076 
583.979797 148.796646 0.716675 
605.964355 163.469711 0.202949 
0.000000 0.000000 0.000000 
594.214355 241.379715 0.800071 
586.865784 298.755493 0.838520 
582.429016 350.161285 0.848987 
585.387207 239.883789 0.640443 
580.940430 297.257568 0.781177 
579.493958 344.273376 0.650415 
629.511597 120.827499 0.917451 
0.000000 0.000000 0.000000 
616.332214 123.816582 0.952284 
0.000000 0.000000 0.000000 
18
632.450745 123.718384 0.832736 
592.788269 156.052048 0.821120 
597.194275 159.110611 0.859389 
626.551147 204.615860 0.961917 
625.102173 161.986603 0.739560 
585.394836 148.791061 0.721774 
605.903625 163.487152 0.194415 
0.000000 0.000000 0.000000 
594.234192 241.379852 0.803883 
586.884399 298.738129 0.842535 
582.432190 350.160919 0.849267 
583.952209 239.873703 0.653929 
580.925598 297.234009 0.782167 
578.067627 344.262238 0.645417 
629.492493 120.765678 0.876551 
0.000000 0.000000 0.000000 
616.347351 123.790024 0.974283 
0.000000 0.000000 0.000000 
18
630.979248 122.333824 0.853991 
592.788330 154.645203 0.821800 
597.195129 159.100433 0.854561 
626.538696 204.669266 0.967737 
625.127625 166.352814 0.725994 
584.001770 148.749161 0.742913 
605.919678 163.489243 0.216155 
0.000000 0.000000 0.000000 
594.228210 241.358856 0.805715 
586.856750 298.737183 0.838682 
582.453186 350.170624 0.849887 
583.919617 239.854553 0.655760 
579.521667 297.200714 0.762717 
575.143311 342.807068 0.647041 
628.095886 117.899742 0.876085 
0.000000 0.000000 0.000000 
616.321228 123.742287 0.962733 
0.000000 0.000000 0.000000 
18
629.568176 123.701942 0.866260 
592.786743 156.075333 0.844443 
598.655212 160.492981 0.832860 
625.115295 206.032211 0.968560 
627.984863 167.833984 0.807015 
583.959167 148.761353 0.780208 
604.576782 164.946945 0.208818 
0.000000 0.000000 0.000000 
594.242859 241.353287 0.807989 
586.871033 298.738922 0.842218 
582.450623 350.160736 0.850810 
582.510742 239.841324 0.669557 
579.557678 297.211212 0.768607 
576.572327 342.815826 0.643388 
628.054565 119.336891 0.878285 
0.000000 0.000000 0.000000 
616.310669 123.730125 0.947547 
0.000000 0.000000 0.000000 
