34
1
18
501.659821 161.965332 0.913186 
500.168335 191.393616 0.932818 
476.563904 191.373016 0.903870 
472.220032 231.126373 0.838651 
473.624207 264.966125 0.887346 
525.107361 192.823410 0.885537 
533.936035 231.085342 0.895777 
532.485291 267.818390 0.881031 
486.957428 261.957764 0.844202 
497.189911 310.475616 0.904549 
500.102020 351.659546 0.895928 
516.298645 261.929443 0.794160 
514.866394 310.459869 0.810387 
522.150024 354.590057 0.872263 
498.668060 157.572266 0.984313 
510.417145 157.594528 0.981983 
488.450195 157.623459 0.860092 
517.794922 159.009644 0.794274 
18
501.654114 161.967514 0.915943 
500.167267 191.375916 0.929591 
476.563263 191.352951 0.901060 
472.203064 231.100784 0.836811 
473.627441 264.950623 0.888817 
523.748657 192.809326 0.882351 
533.935486 231.080353 0.899088 
532.481628 267.820343 0.879292 
486.946289 261.929291 0.836146 
497.197906 310.460876 0.903935 
500.120758 351.634888 0.899544 
516.287476 261.906494 0.788298 
514.830444 310.441986 0.826172 
522.147278 354.581268 0.876044 
498.658020 157.574997 0.982211 
510.412384 157.592316 0.980536 
488.452332 157.621735 0.838727 
519.208740 159.002167 0.805804 
18
501.656067 161.975159 0.913906 
500.164612 191.373322 0.930901 
476.561249 191.357147 0.902102 
472.191742 231.099014 0.837843 
473.620300 264.956421 0.888240 
523.746033 192.797089 0.878118 
533.934998 231.080688 0.897665 
532.471191 267.835449 0.875008 
486.946533 261.963287 0.846022 
497.197906 310.494415 0.911142 
500.117004 351.662140 0.898670 
516.288086 261.927490 0.790880 
514.825806 310.452698 0.830999 
522.156372 354.597137 0.883357 
498.658905 157.579346 0.982329 
510.414368 157.598938 0.980319 
488.454773 157.624069 0.828649 
517.795776 159.009766 0.786847 
18
501.661163 161.990036 0.910254 
500.166840 191.389282 0.934379 
476.558777 191.367401 0.904178 
472.188629 231.103317 0.835574 
473.624390 264.945618 0.889076 
525.104187 192.816208 0.881270 
533.934998 231.086807 0.898670 
532.473328 267.830597 0.878711 
486.945129 261.974854 0.847667 
497.192200 310.505432 0.908787 
500.127014 351.657532 0.898135 
514.878174 261.936249 0.793569 
514.830139 310.477051 0.833011 
522.156128 354.604858 0.886416 
498.663879 157.587524 0.986899 
510.420380 157.606201 0.980605 
489.822937 157.627991 0.807750 
519.211914 159.014328 0.784291 
18
501.658203 161.976517 0.911689 
500.179352 191.388733 0.933259 
476.564911 191.378159 0.907858 
472.197815 231.116241 0.835402 
473.624237 264.949310 0.884782 
525.119690 192.804535 0.876445 
533.938477 231.087616 0.896303 
532.474854 267.838959 0.878849 
486.952423 263.359100 0.852218 
497.200195 310.515259 0.909191 
500.125061 351.654846 0.895685 
516.288574 261.949829 0.794412 
514.818237 310.490631 0.836604 
522.165771 356.003143 0.890289 
498.663635 157.580276 0.984145 
510.416656 157.596878 0.977550 
489.824554 157.617508 0.808979 
519.219116 159.004608 0.803656 
18
501.663696 161.976929 0.910379 
500.184631 191.380829 0.932170 
476.575256 191.357147 0.903998 
472.182251 231.087296 0.840143 
473.613922 264.941101 0.888097 
525.120605 192.803360 0.876559 
533.950134 231.100845 0.897811 
532.476501 267.830017 0.880718 
486.952545 261.954956 0.847638 
497.206238 310.496643 0.921227 
500.124786 351.656921 0.900858 
516.292542 261.930939 0.792632 
513.423950 310.486572 0.848417 
522.163513 356.026123 0.897073 
498.666321 157.581924 0.983768 
510.421661 157.594543 0.978979 
489.830048 157.623001 0.805888 
519.236877 159.001709 0.819391 
18
501.664490 161.972900 0.908378 
500.192841 191.408630 0.930436 
476.571716 191.391174 0.906599 
472.187347 231.093170 0.842952 
473.635162 264.946991 0.890276 
525.135864 192.825531 0.872416 
533.955444 231.098602 0.894289 
532.446472 267.819366 0.875340 
486.950439 263.358032 0.854864 
497.186218 310.494110 0.915573 
500.105927 351.646759 0.901241 
514.870422 261.956116 0.799545 
514.837830 310.481018 0.827760 
522.158630 356.027557 0.892466 
498.674774 157.579514 0.987160 
510.423218 157.600693 0.977743 
489.837830 157.630875 0.807084 
519.227234 159.024002 0.808467 
18
501.667236 161.979172 0.908615 
500.199127 191.412369 0.930334 
476.573914 191.380524 0.906274 
472.195007 231.084656 0.841587 
473.640289 264.965057 0.882291 
525.145386 192.834671 0.871252 
533.973511 231.140549 0.889596 
526.633667 267.856812 0.854701 
486.953888 263.382294 0.868497 
497.195740 310.533325 0.924919 
500.113922 351.633118 0.903830 
514.833679 263.362122 0.811449 
514.819214 310.500153 0.843806 
522.161072 356.031708 0.900710 
498.680176 157.579788 0.992704 
510.430115 157.602524 0.981470 
489.842346 157.621658 0.805886 
519.242676 159.020874 0.816238 
18
503.067169 161.960175 0.902004 
500.204376 192.772415 0.933983 
476.575439 191.398941 0.915407 
472.191101 231.127533 0.823277 
473.658295 264.964020 0.872519 
525.150818 192.837357 0.865623 
535.409668 229.686859 0.908866 
523.727234 263.389130 0.902784 
486.946289 261.972290 0.865434 
497.167908 310.452026 0.908290 
500.135498 350.185577 0.916674 
514.847351 261.913544 0.792180 
513.420837 310.409729 0.838132 
522.165344 355.996185 0.891749 
498.687439 157.569382 0.988023 
510.439728 157.585114 0.977663 
489.833679 157.618362 0.827643 
519.245300 158.999832 0.810765 
18
503.082214 160.549774 0.907190 
501.613190 191.364990 0.918500 
476.646332 191.374390 0.914681 
472.227814 231.109406 0.847982 
473.688690 264.940643 0.875328 
526.587524 191.399124 0.846821 
535.491882 228.120621 0.933806 
522.145142 245.782562 0.825981 
488.377594 261.973328 0.834402 
497.182220 310.456177 0.896498 
500.129333 350.195160 0.909670 
517.801392 261.936981 0.776366 
514.882446 310.403900 0.820822 
522.161133 354.569275 0.874212 
498.703979 157.550140 0.990881 
510.446198 157.571762 0.979993 
489.843811 157.591400 0.863873 
519.261292 158.995377 0.857070 
18
503.098450 160.515991 0.906153 
501.603119 191.323166 0.922312 
476.600494 191.365555 0.914649 
473.635895 231.061493 0.871610 
475.078308 264.957153 0.882821 
526.609314 189.905014 0.834864 
539.836853 228.179565 0.881198 
511.929413 226.611771 0.817749 
488.350555 261.931702 0.881903 
497.174133 310.405273 0.892005 
500.125183 350.175476 0.920507 
519.215210 260.458191 0.784237 
514.848328 308.960327 0.829419 
522.160645 354.568878 0.865088 
498.703705 157.515930 0.975358 
510.454315 157.531937 0.977940 
489.825989 157.572739 0.875418 
520.671387 157.623810 0.839143 
18
503.119202 160.519730 0.902836 
501.608429 188.428986 0.882373 
476.624237 191.326248 0.901501 
473.663300 231.082336 0.873987 
475.087311 264.948120 0.893302 
526.603638 185.536392 0.812159 
538.354736 228.140701 0.910627 
510.440582 210.497452 0.817987 
488.358459 260.456390 0.845692 
497.191833 310.402435 0.894231 
500.120850 350.181274 0.909952 
519.254639 257.525726 0.779108 
514.857849 307.553467 0.816530 
522.162109 354.590118 0.867449 
498.718262 157.516586 0.967001 
510.474762 157.530884 0.976333 
489.835175 157.565826 0.866111 
520.696167 157.633896 0.858620 
18
503.118927 160.545486 0.899144 
501.653961 188.413010 0.865774 
476.683594 189.936554 0.890572 
473.669800 231.097122 0.873075 
475.122070 264.925964 0.899531 
526.627258 185.523376 0.797887 
535.441040 226.635132 0.917287 
510.431671 206.114944 0.906859 
488.381866 260.489716 0.834257 
497.223083 310.423309 0.907378 
500.107544 351.627991 0.913367 
519.266846 257.571198 0.788329 
516.287659 308.957306 0.816216 
522.148804 354.584015 0.867730 
498.721527 157.538177 0.972563 
510.482697 157.552750 0.978999 
489.846985 157.589081 0.858244 
520.711304 158.992203 0.879854 
18
503.107758 162.019470 0.872549 
501.634003 188.417740 0.859591 
476.649811 191.384644 0.901428 
473.688141 231.118530 0.866040 
475.161713 264.882263 0.904301 
528.057312 185.482269 0.803907 
533.963501 226.611664 0.915862 
506.017151 204.598740 0.866246 
488.383789 260.503571 0.830792 
498.581482 310.427002 0.899634 
500.115570 351.624939 0.911780 
519.241821 257.554993 0.783187 
516.293945 307.545380 0.813210 
522.158264 354.584259 0.873140 
498.703735 157.612839 0.979594 
510.469360 157.604263 0.971704 
489.847809 159.005341 0.810693 
520.718811 159.012238 0.852844 
18
501.659424 169.252441 0.916025 
501.618622 187.001755 0.861071 
476.640717 191.400238 0.909888 
473.685211 231.114487 0.862557 
475.160736 264.896179 0.912660 
526.622864 184.072739 0.820170 
533.906555 226.670807 0.913481 
504.529785 204.589584 0.866362 
488.376251 260.472595 0.832992 
498.583038 310.417786 0.904508 
500.109375 351.619995 0.907968 
519.209595 256.105347 0.782630 
514.875427 307.521729 0.818201 
522.151489 354.576080 0.873554 
498.672058 159.107437 0.964703 
510.412048 159.120926 0.931774 
489.824280 159.051315 0.712711 
520.699463 159.106766 0.823572 
18
500.227509 170.806091 0.961251 
501.653687 188.415512 0.855732 
476.659760 191.396622 0.908979 
473.668427 229.676132 0.870547 
475.150940 264.841583 0.923005 
528.058411 185.493927 0.817488 
532.468567 228.049805 0.912871 
501.598419 204.546478 0.858399 
488.371033 260.459473 0.834090 
498.585907 310.409302 0.900668 
500.108612 350.205658 0.914025 
519.219666 256.098877 0.789384 
514.884949 307.539185 0.815158 
522.158813 354.581848 0.867103 
498.601654 166.383224 0.918986 
510.350708 166.379272 0.892777 
488.410339 161.981293 0.585537 
519.264709 163.433273 0.777371 
18
500.224762 175.213333 0.891276 
501.660248 186.984055 0.843590 
476.675598 191.384628 0.887521 
473.672913 229.639450 0.877969 
475.140869 263.479584 0.924190 
528.072388 185.530838 0.790055 
530.986389 228.090820 0.896883 
500.195374 204.593918 0.858514 
488.380737 259.005829 0.841872 
498.584961 310.406342 0.899406 
500.103851 351.635620 0.913140 
519.220886 256.062439 0.797500 
514.883972 307.514679 0.816259 
522.163940 354.591309 0.871855 
498.618835 169.378036 0.978962 
508.971130 169.383438 0.935954 
488.425446 167.812881 0.618304 
517.763611 167.874619 0.810907 
18
500.187561 181.113647 0.961953 
501.616913 186.996414 0.846725 
476.620422 192.821152 0.915455 
473.666443 229.660095 0.870634 
475.130524 263.478821 0.917588 
528.047913 185.504532 0.807875 
528.072388 228.164108 0.920019 
500.144562 204.680161 0.867840 
488.376862 259.019836 0.842063 
498.582977 310.391876 0.895391 
500.120880 350.197296 0.919279 
517.806396 256.071838 0.789549 
514.879517 307.515045 0.815683 
522.161804 354.572144 0.867842 
497.199585 175.197998 0.901835 
508.899994 173.766373 0.871531 
488.354279 169.368408 0.665712 
516.317261 170.749634 0.825223 
18
500.221527 182.618927 0.926542 
501.644104 188.441696 0.846089 
476.648529 192.821289 0.908245 
473.677185 229.609085 0.872064 
475.136230 263.396271 0.908082 
526.630127 188.434311 0.784516 
528.048462 229.556473 0.914588 
500.155823 206.095200 0.881678 
488.359619 258.990692 0.842329 
498.580872 308.991882 0.889340 
500.122498 350.185974 0.918554 
517.806396 256.061279 0.779000 
514.866821 306.058685 0.817568 
522.169617 354.583496 0.868261 
498.597229 179.646271 0.961368 
508.940491 179.619629 0.898908 
488.370209 172.246078 0.646796 
517.770569 172.284637 0.760811 
18
500.208282 185.486496 0.881798 
503.116913 188.419968 0.841183 
478.072815 191.354721 0.865673 
475.073425 229.562775 0.879888 
475.143341 261.951385 0.891974 
529.524597 189.904251 0.787354 
526.644043 229.659195 0.882315 
500.192474 207.536896 0.872493 
488.355499 256.086700 0.858915 
498.586121 308.977905 0.891880 
500.128479 350.175293 0.917506 
517.803284 254.643951 0.774560 
514.872620 306.065247 0.820373 
522.159424 354.561768 0.864045 
498.598602 181.111511 0.966292 
508.932922 181.108047 0.909755 
488.371704 173.712448 0.475094 
517.782227 172.305206 0.747557 
18
500.152252 188.418121 0.888370 
503.102448 188.435196 0.854975 
478.092468 191.351669 0.869230 
475.084381 229.552185 0.892772 
475.136475 261.905182 0.873445 
528.097839 189.882080 0.786940 
529.543152 229.678131 0.871570 
500.151917 207.589844 0.866704 
488.380493 256.061859 0.867537 
498.591797 308.968567 0.883862 
500.123657 350.182556 0.912323 
519.246277 254.619156 0.787028 
514.882751 304.602051 0.817852 
522.159668 354.549133 0.861041 
497.195618 182.526642 0.938574 
507.481079 182.533890 0.888354 
488.354675 175.187759 0.430562 
514.869934 173.765427 0.710194 
18
500.128876 189.890244 0.896939 
503.089569 189.897217 0.858699 
478.094757 192.789886 0.885380 
475.082367 229.560059 0.892592 
475.138580 261.898621 0.865331 
528.066223 191.336548 0.812063 
528.051270 231.072876 0.862494 
500.188141 209.011627 0.842429 
488.383301 256.106781 0.861509 
498.588989 308.969421 0.890558 
500.123657 350.183533 0.917667 
519.215210 256.066559 0.773728 
514.880798 306.047913 0.814740 
522.165283 354.564697 0.864776 
497.166962 182.562454 0.923002 
507.454956 182.580215 0.887745 
488.332611 173.773514 0.421655 
514.821716 176.695465 0.705105 
18
500.086243 189.915436 0.890957 
503.116180 191.332581 0.847551 
478.118317 191.411362 0.865260 
475.089111 228.202316 0.895474 
475.116516 260.461090 0.857701 
528.058472 191.398941 0.818680 
525.168335 231.059708 0.891253 
501.631439 209.022903 0.850308 
488.387970 256.095459 0.855510 
498.586517 307.554962 0.883368 
500.127045 350.179932 0.917882 
519.214417 256.068665 0.774663 
514.877380 304.600800 0.820675 
522.166809 354.561096 0.869622 
495.727295 182.559631 0.922951 
506.002960 182.601578 0.877592 
488.349426 172.314224 0.294400 
514.860901 176.687042 0.700412 
18
500.092926 189.883133 0.903324 
505.997833 191.368835 0.853796 
479.542725 192.784317 0.854159 
475.087769 228.173782 0.893086 
475.116211 260.481384 0.863191 
529.544617 192.789169 0.824752 
525.138977 231.070190 0.898167 
501.599762 207.614334 0.870639 
488.400330 256.083862 0.862455 
498.588867 307.550354 0.882676 
500.129700 350.160431 0.916672 
519.219604 256.056305 0.783558 
514.868042 304.600586 0.823487 
522.168335 354.549194 0.867891 
495.732117 182.548065 0.945546 
505.995667 182.567841 0.892113 
488.372284 173.757980 0.243123 
514.851563 175.196930 0.716659 
18
498.685059 188.439575 0.883671 
506.010193 192.776199 0.846356 
479.552948 192.821136 0.850854 
475.102081 229.561310 0.876717 
475.138519 261.934662 0.887410 
529.543457 192.811020 0.822309 
525.110962 231.105011 0.893650 
500.210876 207.564301 0.902330 
488.399780 256.104248 0.848848 
498.581573 308.952881 0.891120 
500.102661 351.619141 0.913513 
519.224670 256.072662 0.779096 
514.834412 307.510406 0.825226 
522.164001 354.597839 0.877401 
494.240112 182.517456 0.927072 
503.099396 182.553787 0.895000 
488.356537 172.293777 0.134506 
514.850952 176.670395 0.733014 
18
498.671082 188.448334 0.883060 
506.007721 191.374237 0.835201 
479.575836 192.805099 0.835155 
475.107605 229.558578 0.876802 
475.124695 261.912506 0.867874 
529.514954 192.779907 0.821648 
523.728271 229.677567 0.917037 
500.188721 207.548782 0.911644 
488.395874 256.067078 0.863260 
498.593811 308.968140 0.893484 
500.103424 351.643097 0.906064 
519.229248 254.640213 0.794242 
514.843872 307.515289 0.827100 
522.155396 354.587616 0.874163 
492.808655 182.538452 0.923524 
503.076691 182.562225 0.910422 
488.335388 172.286011 0.128174 
513.426392 175.228394 0.748153 
18
498.688507 186.989960 0.888037 
507.457916 191.347855 0.838781 
481.039063 192.787476 0.815012 
475.132233 229.568146 0.868092 
475.120880 261.929504 0.873851 
529.562683 191.388016 0.826748 
523.735229 229.648026 0.936544 
500.126862 206.143631 0.926624 
488.399658 256.097595 0.846750 
498.586700 308.960754 0.886803 
500.100952 351.626984 0.905890 
519.226135 256.064056 0.784893 
514.844116 307.518097 0.822041 
522.155762 354.557281 0.865992 
492.816406 182.516678 0.940043 
503.091675 182.521408 0.914820 
488.330597 173.714645 0.158081 
513.401123 173.718842 0.775069 
18
498.696320 186.966705 0.892821 
505.999359 191.363403 0.844240 
479.597534 192.837891 0.824422 
475.124481 229.585312 0.872315 
475.116516 261.927765 0.873794 
528.058594 191.376480 0.829693 
525.111206 229.648727 0.929262 
500.158661 207.541916 0.907012 
488.407776 256.103302 0.846558 
498.581909 308.960693 0.880582 
500.097351 351.635345 0.902408 
519.213196 256.063507 0.786034 
514.849487 306.079193 0.821261 
522.153320 354.542664 0.865543 
492.810791 182.505829 0.943302 
503.082794 181.141327 0.908602 
486.971588 176.649261 0.225030 
513.368347 172.295181 0.789226 
18
498.698700 185.520920 0.895856 
504.567383 191.398010 0.847674 
479.598145 192.894730 0.824902 
475.117096 229.662949 0.861251 
475.107849 261.961151 0.868147 
526.604797 191.378784 0.831485 
523.685974 229.602524 0.954560 
500.163574 206.130463 0.889390 
488.401978 257.537354 0.846863 
497.222382 308.979431 0.881562 
500.107635 350.200348 0.900770 
517.800903 256.076294 0.785941 
514.848938 307.512634 0.823553 
522.153320 354.547821 0.867276 
492.799255 181.158234 0.948909 
503.065063 181.110703 0.913415 
486.963898 178.128448 0.236265 
513.345947 172.270950 0.794186 
18
498.673828 184.033203 0.932326 
504.533478 191.407547 0.841189 
481.009888 192.902054 0.831224 
475.128845 229.616058 0.884362 
475.074585 261.926117 0.850471 
526.595581 191.386017 0.825756 
523.622559 229.550491 0.968965 
498.652313 206.028427 0.908825 
488.389099 257.562256 0.852774 
498.578918 308.996033 0.882834 
500.098572 350.208069 0.894094 
517.796082 256.105896 0.783966 
514.862427 307.533356 0.820838 
522.144836 354.548737 0.864571 
491.331390 181.093307 0.990203 
501.645874 181.035980 0.929007 
486.878632 178.107666 0.403164 
511.943420 172.252121 0.801833 
18
498.627533 182.610672 0.935132 
501.654877 191.375259 0.837134 
479.581177 194.277740 0.828414 
475.128204 229.583176 0.885387 
475.077118 261.903687 0.849679 
523.734924 191.361023 0.833366 
522.161377 228.200027 0.964974 
497.186462 204.640701 0.895509 
488.380188 257.566193 0.839298 
498.584473 308.984070 0.880407 
500.104706 350.187317 0.901398 
517.787354 257.535858 0.781252 
514.856323 307.534729 0.822912 
522.159668 354.565033 0.863965 
489.879913 181.021362 0.995592 
500.229797 179.580902 0.910232 
485.420502 175.214188 0.499091 
511.879028 170.810013 0.803207 
18
497.211975 182.554291 0.928434 
500.214966 191.372452 0.847277 
479.534332 194.311752 0.843049 
475.107941 229.636108 0.882561 
475.074188 261.938660 0.862122 
523.623108 189.898895 0.843696 
522.123840 228.188522 0.948908 
497.188202 204.597610 0.872153 
488.372192 259.024384 0.844927 
498.582672 309.016052 0.881923 
500.108795 350.188568 0.906183 
517.768982 257.524170 0.778487 
514.842041 308.951447 0.830290 
522.152222 354.586761 0.865159 
488.464081 179.632813 1.003883 
500.147888 176.682190 0.910688 
483.955872 175.198029 0.474704 
510.471130 169.339417 0.826440 
18
495.695129 181.114029 0.894996 
500.188263 191.334595 0.854596 
478.096863 194.263031 0.880441 
475.105865 229.600403 0.893026 
475.066376 261.930115 0.861043 
523.606689 188.440811 0.842227 
520.703308 228.135544 0.934732 
494.259308 204.532074 0.884394 
488.344513 260.454620 0.855074 
498.582977 309.006317 0.888935 
500.104706 351.629089 0.910716 
516.317322 257.539948 0.776926 
514.841492 308.951111 0.824506 
522.156616 354.592346 0.872975 
488.365631 178.112595 0.960771 
498.704956 173.721848 0.924585 
481.021942 172.297073 0.378759 
510.362762 167.859131 0.858889 
18
489.899170 179.633163 0.887509 
500.187347 188.459763 0.841938 
478.138702 192.879410 0.860054 
475.135895 228.189743 0.879401 
475.060364 261.933563 0.860923 
522.239441 185.532776 0.834655 
516.337952 226.691452 0.887973 
491.315765 201.679382 0.874359 
488.337158 260.464813 0.854905 
497.211975 310.402435 0.885630 
500.109039 350.186798 0.909742 
516.287659 257.546356 0.775603 
513.426941 308.983582 0.843401 
522.147278 354.601074 0.876515 
486.876434 172.298187 0.977331 
497.213470 170.832642 0.952310 
476.676178 170.793854 0.271392 
508.902924 166.385239 0.792667 
18
489.826355 172.321259 0.918395 
500.144257 188.433243 0.862109 
478.079102 192.855850 0.878714 
475.104370 228.175049 0.842440 
475.070099 261.952820 0.858781 
522.256042 185.504791 0.843071 
514.848145 226.668854 0.879834 
488.444855 200.221497 0.917602 
486.966339 260.477570 0.851182 
497.218048 310.447388 0.892631 
500.107483 351.658142 0.899436 
514.872192 257.570221 0.775024 
513.399170 310.416687 0.861105 
522.148682 356.037994 0.881339 
485.448822 169.380981 1.029300 
497.143250 169.275803 0.925651 
476.639618 169.321228 0.301989 
506.004242 161.959366 0.753120 
