24
1
18
520.745789 206.056442 0.928604 
511.877136 219.379410 0.892151 
486.941193 222.255035 0.875188 
464.896851 254.583862 0.906491 
467.825836 275.174255 0.910542 
535.474487 219.334488 0.871989 
557.542358 248.712646 0.896268 
569.261169 266.395294 0.869337 
500.138367 281.060242 0.819664 
501.625641 325.157196 0.876728 
513.383240 361.919495 0.847903 
533.929199 276.666046 0.859505 
554.552368 313.420044 0.870457 
547.171387 359.030334 0.881797 
513.370728 201.682907 0.862310 
523.638794 203.084702 0.880999 
501.595367 195.832108 0.899150 
525.139709 195.789841 0.083731 
18
522.096619 206.064270 0.932908 
511.882141 220.770004 0.889160 
486.933746 222.276031 0.867831 
464.897919 254.585159 0.906083 
469.237061 275.199799 0.916729 
535.493042 219.334061 0.862515 
557.539429 248.719879 0.890057 
569.257446 266.365387 0.884458 
500.148956 281.061340 0.820106 
501.612122 323.757080 0.889293 
513.398071 361.923279 0.841228 
533.965332 276.660400 0.866673 
554.560486 313.420837 0.874398 
547.151367 359.005371 0.884618 
513.375671 201.691528 0.864824 
523.649536 203.090759 0.891811 
501.601898 195.823257 0.903249 
525.162170 195.796860 0.092530 
18
522.116211 206.088211 0.936060 
511.893066 220.764725 0.889704 
486.947510 222.265091 0.870701 
464.892792 254.582443 0.904600 
469.249817 275.179657 0.905761 
535.498535 219.331329 0.865508 
557.531311 248.730164 0.895530 
569.263367 266.353577 0.895068 
500.153107 281.073334 0.822448 
501.623993 323.748413 0.892194 
513.397400 360.506592 0.848254 
533.973328 276.671539 0.873900 
555.947937 313.447845 0.870791 
547.151306 358.962189 0.889698 
513.394165 203.098328 0.874327 
523.674255 203.107544 0.889484 
501.599091 195.812042 0.907993 
526.576965 194.364120 0.078871 
18
522.137329 206.098114 0.941287 
511.903015 220.767441 0.890933 
486.949097 222.262650 0.871974 
464.897034 254.574203 0.900866 
467.822083 275.152466 0.899650 
536.873291 219.343567 0.859139 
557.542725 248.724167 0.893459 
569.256470 266.347626 0.887709 
500.152557 281.083069 0.821822 
501.616974 323.780518 0.883668 
513.388428 361.924103 0.845051 
533.976563 276.676147 0.875292 
555.955750 313.428101 0.880319 
547.155823 358.966461 0.898196 
513.420410 203.115677 0.874079 
523.694763 203.116119 0.887129 
501.608673 195.822418 0.906804 
526.573914 194.324310 0.069422 
18
522.149292 206.114182 0.941389 
511.892456 220.774918 0.891927 
486.942841 222.284241 0.868631 
464.900208 254.576431 0.902428 
467.815277 275.165100 0.905344 
535.499146 219.338577 0.863255 
558.879761 248.713898 0.892394 
569.262939 266.371735 0.882411 
500.160889 281.082977 0.819736 
501.609558 323.770477 0.886565 
513.391968 361.934357 0.845035 
533.971130 276.667053 0.875862 
555.950562 313.424774 0.874969 
547.147034 358.970032 0.893808 
513.434875 203.130371 0.875947 
523.710083 203.128845 0.880935 
501.598358 195.826874 0.905056 
0.000000 0.000000 0.000000 
18
522.155823 207.548981 0.914912 
511.915253 220.790131 0.882930 
486.964233 222.265213 0.870078 
464.910370 253.220322 0.904501 
469.257568 275.179199 0.917399 
536.882568 220.765991 0.850595 
558.887695 248.718018 0.897391 
569.272400 266.380096 0.881865 
500.157318 281.075409 0.817865 
501.615082 323.779999 0.888420 
513.387207 361.935638 0.847411 
533.979431 276.671326 0.873146 
554.541382 312.028625 0.882557 
547.145447 358.979675 0.890738 
514.828918 204.549713 0.900770 
523.736389 204.565475 0.895467 
501.620667 197.264664 0.873957 
0.000000 0.000000 0.000000 
18
522.164124 214.860992 0.913692 
511.910614 222.245255 0.858266 
486.964844 223.724899 0.862206 
464.903015 253.185745 0.914533 
469.252960 275.124054 0.885345 
535.500366 220.823868 0.839625 
557.538269 248.689194 0.896130 
569.241272 266.350403 0.888997 
500.123840 281.052765 0.827232 
501.634521 323.699646 0.896083 
513.391235 360.489319 0.860887 
533.926697 276.659302 0.868782 
554.511292 311.981903 0.891095 
547.145020 358.974274 0.891938 
514.848389 206.106094 0.899172 
523.753723 206.142975 0.896261 
501.643738 201.686340 0.860903 
0.000000 0.000000 0.000000 
18
522.194519 217.827774 0.935045 
511.950317 223.744171 0.846648 
488.361145 225.209778 0.872710 
464.893524 253.189163 0.919029 
469.239349 275.128235 0.900876 
536.904785 223.719528 0.834822 
558.914429 247.262253 0.869962 
569.246033 264.953217 0.887530 
500.094421 279.628784 0.840186 
501.624481 323.661987 0.892918 
513.352905 360.463074 0.876035 
533.931274 276.636597 0.871299 
554.503845 310.540894 0.908402 
547.149170 358.974182 0.899531 
517.751282 213.431473 0.837157 
526.578064 214.860535 0.842889 
504.529327 204.611069 0.871113 
0.000000 0.000000 0.000000 
18
522.195313 226.636993 0.909396 
511.986053 223.701553 0.833126 
488.367584 225.214752 0.879629 
464.843384 251.725250 0.954482 
469.285431 275.139343 0.914917 
538.346863 222.257950 0.830505 
559.030640 247.224579 0.857084 
569.297852 266.354828 0.899144 
498.736633 278.164337 0.863495 
501.635956 322.277069 0.886441 
511.965820 360.493805 0.873592 
533.913757 276.612610 0.879797 
554.500732 310.534210 0.918600 
547.141846 359.015045 0.895498 
517.770020 217.920547 0.859568 
525.186401 217.922195 0.827232 
506.010284 207.610718 0.827667 
525.174377 206.100784 0.064536 
18
522.244934 228.125916 0.867133 
513.411926 225.195145 0.862520 
488.378937 226.698532 0.926641 
461.864319 250.190231 0.892106 
469.237457 273.714905 0.917656 
539.827148 223.718521 0.823608 
561.910828 241.457077 0.885245 
570.705322 266.413757 0.895761 
500.102966 278.134277 0.877156 
501.632019 322.270233 0.895212 
511.941406 360.512024 0.885271 
533.889465 276.610626 0.893005 
553.089417 310.498718 0.920576 
547.148804 358.942596 0.897662 
520.680603 222.272751 0.751555 
526.592712 222.270203 0.681359 
510.362396 214.936234 0.802468 
532.474976 216.386185 0.158175 
18
522.239014 235.513229 0.796722 
514.884216 228.071350 0.859112 
488.408264 228.151703 0.950859 
454.575134 244.335815 0.881466 
469.235931 273.676239 0.919304 
542.738342 226.692688 0.810357 
569.248962 239.822006 0.937003 
570.735779 264.910522 0.936409 
500.158173 278.155487 0.855081 
503.056122 322.231262 0.867946 
511.947937 360.507324 0.885697 
533.961548 276.648621 0.895902 
554.513123 310.487305 0.908454 
545.763489 357.577362 0.897570 
520.682556 229.613251 0.771219 
526.613464 229.630600 0.738601 
510.403137 219.343903 0.719958 
533.882813 223.729614 0.265514 
18
522.154114 239.898682 0.909807 
519.228699 229.602570 0.850231 
491.294891 229.666092 0.900626 
453.125732 241.373688 0.984633 
467.806061 273.713593 0.935064 
542.795288 229.584824 0.855127 
570.760498 231.113876 0.892833 
570.678223 264.860626 0.959240 
501.583954 278.163849 0.837713 
501.645538 322.242828 0.896170 
511.963623 360.505646 0.883492 
533.954163 276.673798 0.869487 
553.075928 310.479156 0.913320 
544.277222 357.467529 0.865850 
517.755676 232.585388 0.727224 
525.113281 235.483292 0.782221 
510.394714 225.229050 0.642107 
533.910706 228.165833 0.448910 
18
523.688721 244.315536 0.786474 
520.743958 231.123047 0.837916 
492.778900 232.548233 0.826765 
453.132355 239.919281 0.987113 
467.767700 273.674683 0.942432 
545.676636 231.050842 0.871778 
575.149841 229.598083 0.882340 
570.746704 264.873016 0.954400 
501.596649 281.062378 0.817530 
503.061066 322.188110 0.890101 
511.972931 360.485413 0.884840 
533.991882 278.146393 0.836034 
553.072021 311.968384 0.884077 
541.288574 356.019653 0.850986 
522.146545 239.953140 0.801255 
530.980347 239.968811 0.769522 
511.861298 228.186020 0.777950 
535.409058 229.692261 0.348195 
18
526.621033 250.219269 0.874503 
522.186707 236.983383 0.797082 
495.727142 236.981323 0.806376 
453.152252 239.867294 0.949560 
466.358429 273.711182 0.949656 
547.147705 236.930176 0.769929 
580.962891 229.557877 0.897911 
572.176575 266.342834 0.865576 
500.190796 279.625519 0.814096 
501.669891 322.226227 0.902063 
513.373169 360.518402 0.857156 
533.932678 278.134857 0.813967 
554.507874 313.449280 0.844122 
539.849060 354.601471 0.849418 
523.654724 241.454742 0.906339 
533.969299 242.851715 0.850776 
513.348206 231.081375 0.819402 
539.857361 231.141830 0.186449 
18
530.983704 250.212997 0.877626 
523.728943 238.440109 0.829682 
498.689178 238.373779 0.838895 
454.548279 239.920837 0.945126 
467.768005 273.740387 0.934045 
548.705017 238.410080 0.786587 
582.453369 229.670990 0.915943 
573.641174 267.818207 0.818670 
501.608978 281.087585 0.809940 
503.107025 322.208893 0.902227 
513.355225 360.481812 0.873411 
533.984070 281.049255 0.800581 
554.533875 316.386810 0.826730 
539.819885 353.122650 0.844325 
523.731995 241.445175 0.888186 
535.407837 242.842239 0.875110 
516.309265 231.085663 0.723715 
545.698730 235.498001 0.280506 
18
529.532959 250.211288 0.893239 
525.160828 238.404221 0.796289 
500.107574 238.372055 0.839823 
454.568176 239.933075 0.921013 
466.371094 275.132050 0.942716 
553.057190 238.378983 0.776676 
583.940247 232.537308 0.867364 
572.227783 269.324799 0.808722 
503.091492 281.052216 0.783636 
506.024261 323.653717 0.897846 
513.391846 361.915192 0.848444 
535.419434 279.583893 0.810534 
554.509460 320.730499 0.833288 
539.852539 354.603119 0.829493 
523.725342 241.418442 0.932366 
535.403748 242.875977 0.905017 
517.800903 229.650848 0.772059 
545.767090 236.954681 0.369090 
18
532.460938 241.411957 0.932454 
528.078552 232.575165 0.794454 
500.155914 231.137421 0.862298 
457.481628 239.954590 0.879395 
466.369202 275.144257 0.946368 
555.978699 234.029266 0.781961 
583.970093 235.502869 0.872109 
572.205933 269.293701 0.844588 
506.033600 279.602448 0.784019 
510.406281 325.229095 0.897031 
513.411682 363.413483 0.797863 
536.865967 279.580658 0.791017 
554.544800 320.773285 0.853827 
541.301697 357.457550 0.846876 
526.577332 236.982071 0.874988 
535.504150 239.854828 0.932430 
520.742310 225.178055 0.826487 
547.128052 231.076736 0.435168 
18
536.874329 231.118439 0.900733 
528.099304 228.197372 0.792458 
501.588806 229.567993 0.887578 
461.867035 239.945557 0.884549 
467.788605 275.111755 0.931494 
554.546570 229.608704 0.812368 
585.430298 234.038940 0.822938 
572.222534 266.399261 0.847841 
508.923187 278.107635 0.834203 
510.487793 329.560730 0.885078 
514.818909 364.889252 0.774034 
538.395203 276.660004 0.797679 
554.517395 322.239868 0.874840 
542.746826 356.051483 0.854800 
533.955017 228.065948 0.952917 
545.631775 228.148315 0.942487 
522.239624 216.366180 0.951979 
547.207336 216.413147 0.080404 
18
541.296387 216.446350 0.901393 
531.034912 217.879990 0.856382 
501.638336 217.910828 0.854728 
464.794678 239.966644 0.963033 
467.804443 275.110718 0.933985 
557.445984 219.287842 0.844201 
583.944275 231.136047 0.856751 
570.788452 266.403687 0.902988 
510.350311 275.186920 0.841196 
511.861725 328.131195 0.861925 
514.823853 364.868256 0.764282 
542.744995 273.685394 0.792888 
554.509216 322.218262 0.865288 
542.794312 356.073914 0.849111 
535.411682 209.053970 0.891194 
547.132019 211.993286 0.924894 
523.651123 201.687210 0.909728 
550.137085 204.621582 0.107223 
18
545.659546 203.160477 0.939066 
533.893372 209.026215 0.846290 
504.559540 207.594925 0.792389 
472.212006 239.897583 0.890159 
470.707062 275.149353 0.902327 
558.895813 209.055771 0.837410 
581.053528 232.570801 0.865793 
570.725159 266.361969 0.947542 
510.444885 272.244995 0.815289 
511.915375 328.099121 0.863432 
514.822815 364.864166 0.745898 
545.690796 269.300812 0.813683 
554.547607 322.221649 0.868008 
544.233521 356.057220 0.856418 
536.934814 194.331970 0.935142 
548.665100 195.786453 0.922033 
523.725708 187.002533 0.907175 
0.000000 0.000000 0.000000 
18
545.706970 184.017288 0.949699 
534.020691 201.680481 0.873434 
508.979767 200.191254 0.821240 
482.491333 238.386017 0.827301 
473.693634 275.185333 0.948991 
559.019653 203.104492 0.839231 
575.126221 231.065247 0.789119 
572.164001 264.913025 0.941136 
510.482269 267.863342 0.818004 
511.904877 328.106842 0.862887 
514.823486 366.343994 0.768742 
547.127563 266.377441 0.823679 
555.993652 322.195984 0.865450 
542.759399 357.462067 0.826494 
538.344360 179.601776 0.906586 
550.120605 181.061996 0.942599 
525.160828 172.302734 0.899744 
557.490906 181.002411 0.236060 
18
545.752075 170.743576 0.984216 
535.401001 191.392090 0.915238 
508.920898 191.387207 0.863770 
488.337921 234.017105 0.858014 
476.638336 269.332916 0.898183 
561.924011 191.373520 0.827143 
570.731750 228.200089 0.920994 
570.727234 263.432281 0.936605 
511.863983 264.881744 0.866023 
511.962585 326.624176 0.887021 
513.378052 361.965332 0.790405 
547.211548 263.433441 0.827244 
555.988037 320.748352 0.855198 
542.761414 356.078461 0.835957 
539.829956 162.008606 0.839709 
550.156799 166.366760 0.875504 
526.580261 159.060684 0.937749 
557.473145 166.410690 0.248583 
18
547.122314 157.597717 0.993115 
535.506104 182.534439 0.935018 
508.968475 181.109024 0.917767 
489.899017 228.181396 0.899150 
485.459351 266.392792 0.909074 
569.167725 184.007462 0.869532 
570.693848 226.699341 0.902756 
570.657715 261.961517 0.915462 
511.905670 261.953949 0.827943 
511.953125 323.720642 0.919272 
513.350342 360.521179 0.811366 
547.277405 261.910217 0.787423 
555.953552 317.812653 0.807760 
542.761963 357.473572 0.831701 
541.304504 148.806839 0.842568 
551.604126 153.155960 0.871882 
526.594055 148.720963 0.902849 
557.498169 157.473175 0.343680 
18
547.156982 147.213303 1.011576 
535.490295 173.762726 0.905617 
508.952637 173.738327 0.863190 
494.261505 225.188599 0.845876 
488.438599 264.920166 0.925665 
567.781128 175.212234 0.841706 
570.674622 217.806839 0.928810 
570.712769 254.589691 0.884047 
513.407593 257.535797 0.781981 
511.987152 320.758240 0.886618 
511.985321 361.940125 0.827811 
550.155945 256.055725 0.754052 
554.540283 314.896393 0.803506 
544.194397 357.454926 0.820296 
542.739990 139.923203 0.849676 
553.078857 142.858261 0.880545 
526.593079 138.471573 0.878538 
557.498413 145.768875 0.285512 
