51
1
18
519.263245 192.782318 0.927914 
519.255249 214.893021 0.883516 
498.630432 213.440140 0.892514 
486.962738 239.856522 0.949423 
498.700653 244.284607 0.822692 
536.937012 216.368179 0.857637 
545.717102 247.225296 0.902511 
523.679932 250.225800 0.721925 
500.186829 263.464417 0.930353 
497.191895 303.130585 0.828204 
498.647095 342.792450 0.712442 
525.147400 264.969940 0.833807 
511.959106 307.548889 0.864765 
500.213928 354.595978 0.852477 
513.350708 185.487625 0.916194 
523.616760 186.951035 0.912725 
510.340546 186.986969 0.757366 
532.463013 189.884613 0.855788 
18
520.677429 192.788986 0.941678 
519.271545 214.890961 0.885773 
498.633667 213.426224 0.890321 
486.967468 239.889984 0.959998 
500.087189 244.304840 0.827764 
538.363892 216.370514 0.850756 
545.703979 247.269150 0.894778 
522.221313 250.226044 0.691213 
500.190521 263.481750 0.931284 
498.580902 303.137268 0.865096 
498.691345 342.800842 0.724970 
525.176331 266.349670 0.825736 
513.371704 307.546997 0.846857 
500.200897 356.014435 0.885871 
513.381104 185.480881 0.911714 
523.643738 185.542358 0.915422 
510.357941 185.534698 0.777388 
532.506714 188.449341 0.865505 
18
520.727234 192.798645 0.963373 
520.685242 214.896988 0.893678 
498.644653 213.427612 0.894095 
486.953949 239.856216 0.947284 
498.716766 242.865845 0.838879 
538.402405 216.381989 0.849781 
545.694275 247.242996 0.885913 
523.704468 250.162796 0.703602 
500.195892 264.842773 0.930755 
498.582977 304.581085 0.870566 
498.683411 342.804230 0.734864 
525.180664 266.365997 0.830082 
513.392761 308.986298 0.858102 
500.222595 356.055847 0.875328 
513.430237 185.484787 0.896889 
523.692932 186.962326 0.910034 
510.381134 185.540543 0.784776 
533.907410 189.894455 0.883874 
18
522.137085 192.842773 0.996407 
520.695618 214.914413 0.892901 
498.625153 213.450363 0.875137 
486.952332 239.874725 0.936705 
500.115234 244.286514 0.804926 
539.853943 216.406158 0.847630 
545.704651 247.237900 0.877198 
525.169861 250.185806 0.694770 
500.202881 264.855194 0.920793 
498.601532 304.594788 0.867434 
498.685791 342.834686 0.740112 
526.582153 266.387726 0.816231 
513.427795 308.966766 0.839307 
501.587280 356.076935 0.878337 
516.291626 186.949066 0.877014 
523.748169 188.441605 0.886779 
510.412354 185.511902 0.764574 
533.955688 189.912048 0.877075 
18
522.147766 192.880829 1.002616 
520.715210 214.877075 0.886437 
498.637482 213.408157 0.867937 
486.955475 239.857834 0.929711 
500.148163 242.883728 0.786325 
541.286133 216.378799 0.843578 
545.724731 245.765427 0.873677 
528.058228 250.158630 0.725839 
500.207245 263.485382 0.933376 
498.597931 303.147278 0.872451 
498.686890 341.362457 0.734910 
526.587463 266.364197 0.824628 
514.827698 308.949188 0.832675 
501.588806 356.030304 0.872606 
516.304077 188.423721 0.885185 
525.110352 189.909058 0.897118 
510.433655 185.530228 0.716316 
533.977539 189.934891 0.886873 
18
522.154602 192.885117 1.004451 
520.732727 214.879730 0.888355 
498.651306 213.410110 0.878197 
488.322388 239.895645 0.941464 
503.074066 244.330994 0.764440 
542.742615 216.379684 0.854600 
545.749878 245.788773 0.883415 
529.537903 248.735153 0.758356 
500.221649 264.843628 0.926728 
498.612488 303.145569 0.878932 
498.675964 342.810425 0.729577 
526.594482 266.403839 0.815103 
514.858154 308.952820 0.825732 
501.603790 356.040161 0.880227 
516.311768 188.433792 0.884708 
525.113281 189.914429 0.894333 
510.450043 185.514084 0.734962 
533.975464 189.927261 0.883098 
18
522.131531 192.919388 0.989650 
520.742737 214.884293 0.888389 
498.653473 213.430054 0.871807 
488.321259 239.923737 0.931203 
500.199890 244.308731 0.777352 
542.761963 216.374466 0.855885 
547.154053 247.237473 0.892803 
530.994751 248.727310 0.743375 
501.592743 264.887787 0.914332 
498.629303 304.578644 0.883991 
498.672882 342.802124 0.780992 
526.614624 267.843323 0.812872 
516.287231 309.023163 0.840685 
501.665009 356.038452 0.864317 
514.867859 188.465988 0.893679 
525.103882 191.338104 0.905132 
510.408447 186.981766 0.688863 
533.989197 191.367371 0.903849 
18
522.137390 194.270355 0.988375 
522.114868 214.877975 0.883228 
498.679230 213.437973 0.873385 
488.316528 239.941025 0.907105 
500.179443 242.847015 0.797662 
542.783020 216.363815 0.853326 
547.215698 248.685776 0.894616 
531.023315 245.812805 0.745223 
501.601471 264.884064 0.908102 
498.644745 304.601563 0.888730 
498.672058 342.792999 0.781913 
526.627808 267.849640 0.810704 
514.878601 310.434235 0.858429 
501.664276 356.063110 0.870290 
514.860962 189.902939 0.898149 
525.107666 191.352463 0.907629 
510.396942 186.992279 0.710030 
533.992737 191.355087 0.906075 
18
522.123535 194.275620 0.982536 
522.119263 214.864685 0.880963 
498.690308 213.412003 0.880502 
488.316223 239.907166 0.909015 
500.135895 241.436325 0.834155 
542.770508 216.360275 0.846074 
547.200745 248.704269 0.901054 
528.072449 244.305893 0.736661 
501.608429 264.859039 0.916288 
498.646423 304.599945 0.893693 
498.663300 342.835541 0.775198 
526.622131 266.425293 0.814736 
514.852234 310.430664 0.866512 
501.658966 357.459076 0.876877 
514.839478 189.912231 0.904146 
523.738586 191.354126 0.910863 
510.389343 186.997116 0.706042 
533.983521 191.345993 0.905546 
18
522.114441 194.281876 0.982764 
522.120239 214.893433 0.892505 
498.697174 213.443848 0.891932 
488.331848 239.921616 0.914827 
500.155792 241.444061 0.836455 
542.773254 216.378372 0.856450 
547.212830 248.703003 0.899994 
528.099487 244.291412 0.749862 
501.600159 264.868317 0.919796 
498.628967 303.149170 0.891042 
498.667664 342.788452 0.773777 
526.604797 267.834320 0.813427 
514.863647 309.021332 0.848795 
501.646576 356.055481 0.871977 
514.821167 189.924377 0.911546 
523.726746 191.355316 0.915415 
510.378296 188.442078 0.695180 
533.979309 191.348999 0.908986 
18
520.748596 194.279480 0.978367 
520.750122 214.890732 0.888707 
498.682587 213.454010 0.888493 
488.346893 239.956207 0.922409 
501.605957 242.822220 0.815007 
542.744080 216.364197 0.846411 
547.187500 248.705704 0.900601 
526.639160 244.291382 0.731595 
501.599609 264.870331 0.919196 
498.640472 304.580994 0.892253 
498.673950 342.802979 0.772009 
526.614990 267.813812 0.818778 
514.864624 309.017853 0.849225 
501.650177 356.034607 0.872076 
513.428162 189.922577 0.911972 
523.713745 191.352036 0.917299 
510.370880 188.458466 0.709238 
533.961670 191.351273 0.904916 
18
520.717712 194.272873 0.974265 
520.724915 214.900940 0.887047 
498.659851 213.461884 0.888092 
488.327911 239.950241 0.921132 
500.207550 242.833893 0.809547 
541.320862 216.373749 0.839266 
547.165405 248.685242 0.894814 
528.068726 244.332901 0.715270 
501.596802 264.874878 0.914871 
498.626526 304.583679 0.879613 
498.672211 342.797455 0.765756 
526.633179 267.817108 0.814942 
514.858032 309.014343 0.847057 
501.667999 356.032654 0.871225 
513.401428 189.909592 0.917778 
523.687317 191.346710 0.924101 
510.354034 188.462173 0.697297 
533.937866 191.366501 0.908940 
18
520.705688 194.257690 0.974014 
520.705994 214.902939 0.883131 
498.655121 213.453934 0.887755 
488.355591 239.957489 0.920325 
501.603973 242.882446 0.799117 
541.275330 216.369919 0.833610 
547.158081 247.259064 0.886256 
528.063477 244.338562 0.718407 
501.606232 264.867554 0.913282 
498.640564 303.154266 0.880755 
498.660706 341.368774 0.763633 
526.629272 266.406372 0.817352 
514.874207 308.971161 0.827146 
501.649048 356.052490 0.869677 
513.394348 189.905075 0.907813 
523.664978 191.327072 0.917710 
510.359375 189.899078 0.755177 
533.889709 191.353775 0.883516 
18
520.681946 194.263092 0.969425 
520.687012 214.907227 0.881451 
498.656647 213.450775 0.891118 
488.355804 239.968170 0.929403 
501.650085 244.333084 0.789379 
539.830872 216.376358 0.837227 
547.159241 247.269104 0.877735 
529.532532 245.765930 0.714591 
501.616974 264.848236 0.907335 
498.649933 304.572845 0.883210 
498.676239 342.815155 0.749590 
526.610718 266.398193 0.822466 
514.858093 309.005951 0.835505 
501.635254 356.036591 0.870401 
513.366577 189.927383 0.914717 
523.636353 191.324036 0.919962 
510.343781 189.913773 0.771022 
532.494446 191.328384 0.863151 
18
519.271912 194.277267 0.954385 
520.666809 214.908737 0.874612 
498.645203 213.456741 0.894304 
488.356689 241.309525 0.924869 
501.597778 245.769806 0.784667 
538.391418 216.371841 0.834047 
547.154541 247.269394 0.878933 
528.093933 245.793442 0.695909 
501.618500 264.854279 0.905595 
498.629242 303.131836 0.881746 
498.679352 341.341553 0.749319 
526.610229 266.400574 0.820036 
514.842957 308.998047 0.840237 
501.614471 356.064728 0.882051 
513.349731 191.331726 0.924998 
523.610474 191.346939 0.929132 
508.978241 189.918823 0.757552 
532.454590 191.340927 0.850869 
18
519.266663 194.285721 0.952619 
519.261902 214.926361 0.872835 
498.623993 214.870880 0.896579 
488.342224 241.336334 0.923267 
501.592438 244.338242 0.784669 
538.365662 216.372681 0.838639 
547.152344 247.250214 0.879031 
529.560791 245.781219 0.720444 
501.613007 264.855591 0.905345 
498.628815 303.145844 0.882297 
498.658447 342.812469 0.771488 
526.596985 266.393921 0.828280 
514.835999 308.985474 0.841194 
501.615356 357.455414 0.866960 
513.346130 191.347961 0.931887 
523.605164 191.359497 0.930102 
508.972656 191.332336 0.775573 
532.437073 191.361450 0.842950 
18
520.661377 194.289383 0.956338 
519.254333 216.305679 0.878573 
498.639893 214.881958 0.905290 
488.330231 241.329971 0.922709 
500.161255 244.302078 0.801078 
536.941589 216.399857 0.853766 
547.165405 247.259201 0.875061 
530.983948 245.802979 0.698250 
501.611481 264.849884 0.905314 
498.630463 303.122650 0.883345 
498.653473 342.805237 0.764318 
526.603516 266.382050 0.827414 
514.830200 307.548645 0.825461 
501.612793 356.072815 0.866469 
513.358154 191.347275 0.925621 
523.617981 191.367935 0.930317 
508.975037 191.335938 0.797889 
532.435669 191.382141 0.819983 
18
520.658997 194.261185 0.960553 
519.245605 216.303116 0.878389 
498.634186 214.887863 0.901794 
488.343628 241.347931 0.916936 
500.165497 244.323441 0.786941 
536.933899 216.405930 0.851607 
547.142700 248.683441 0.872324 
529.540222 247.254440 0.687142 
501.598938 264.861938 0.905692 
498.615814 303.151428 0.881211 
498.656128 342.824127 0.769249 
526.592773 266.389496 0.823225 
514.819397 308.972260 0.834625 
501.611176 357.456604 0.867104 
513.346924 189.922668 0.916543 
523.615540 191.331360 0.920546 
508.965698 189.931747 0.788236 
532.429504 191.367798 0.809538 
18
519.239868 192.839584 0.934751 
519.220032 214.935608 0.873425 
498.620056 214.866272 0.895502 
488.340790 241.351791 0.923273 
500.194458 244.342041 0.765624 
536.910522 216.398666 0.854702 
545.756409 248.716553 0.882735 
523.640015 248.714920 0.668962 
501.597382 264.852844 0.902026 
498.595154 301.682220 0.885255 
498.717682 339.891113 0.752898 
526.618774 266.372559 0.811854 
513.414307 307.520966 0.823410 
501.587708 356.013336 0.845192 
511.971283 186.962296 0.907023 
522.249878 188.440109 0.906506 
508.962555 188.420258 0.772770 
531.000549 191.329269 0.815825 
18
519.238770 192.804214 0.923844 
519.219604 216.298553 0.873809 
498.626678 214.861984 0.892548 
488.344513 241.323578 0.929220 
500.211548 245.777771 0.762097 
536.905090 216.425507 0.856427 
545.750610 248.709473 0.882258 
523.705933 250.151443 0.723846 
501.605804 263.474762 0.896376 
498.590851 301.645599 0.887659 
498.699158 341.358551 0.761564 
526.614624 264.974854 0.813398 
514.825562 306.056915 0.812511 
501.599792 354.583008 0.845540 
511.983551 185.498428 0.915068 
523.599915 188.412415 0.911509 
508.983093 186.956985 0.780211 
531.024292 191.360367 0.856027 
18
520.706848 192.839890 0.965164 
519.235779 216.318863 0.883392 
498.616455 214.864502 0.892703 
488.313171 241.338181 0.905226 
500.105072 242.884293 0.806877 
536.901672 217.802811 0.868861 
545.674988 250.178619 0.871963 
523.709534 242.855011 0.773958 
501.584045 264.870331 0.907377 
498.584564 301.704468 0.867635 
498.690277 341.350708 0.746276 
526.604187 266.394318 0.817950 
513.415466 307.496185 0.824153 
501.581696 356.014709 0.865427 
513.430847 185.512527 0.890648 
523.692932 189.882462 0.903891 
510.386017 185.548187 0.755036 
533.884033 192.795059 0.927145 
18
520.719360 192.874161 0.985862 
520.665283 216.370804 0.905221 
498.657013 214.883545 0.899054 
488.334381 241.380188 0.885146 
500.150909 241.429657 0.765782 
536.922180 217.896454 0.870853 
541.330750 251.645706 0.792323 
525.145142 239.877579 0.820977 
500.204559 264.890045 0.901389 
498.584045 301.685242 0.863423 
498.661499 341.350189 0.749044 
526.579163 267.828033 0.792697 
513.399780 306.054108 0.831822 
501.594452 356.019684 0.858902 
514.828491 186.949234 0.894897 
523.714233 189.923340 0.916561 
510.398743 186.995132 0.593384 
533.943176 192.844406 0.960974 
18
520.715820 192.860397 0.979273 
520.699768 216.348251 0.904631 
498.698944 213.452820 0.903551 
488.361969 239.872559 0.869462 
497.166229 247.228958 0.769111 
536.926270 217.878845 0.859772 
538.397705 251.637161 0.810215 
523.725342 235.488602 0.864939 
500.216766 264.855530 0.909216 
498.590179 301.684601 0.868783 
498.681152 341.367310 0.747267 
525.164368 266.412262 0.787610 
513.396729 306.039124 0.828806 
501.600983 356.018768 0.858332 
514.826355 185.534866 0.893846 
523.713013 189.899979 0.905531 
510.410004 187.009979 0.560937 
533.957581 192.842911 0.970499 
18
520.699219 192.869278 0.973397 
520.715698 216.353241 0.915954 
498.696838 214.848526 0.915254 
489.836151 241.363068 0.895147 
500.157593 254.628113 0.805645 
538.378052 217.870407 0.858500 
539.825684 251.648102 0.823042 
523.699524 229.672897 0.967888 
501.621460 264.882111 0.843592 
498.614716 303.124817 0.843444 
498.690887 342.830994 0.737172 
526.618042 266.397064 0.785816 
513.360352 306.085602 0.843256 
501.581940 356.033203 0.866574 
513.431213 185.544907 0.890609 
523.692993 189.899063 0.898506 
510.400909 187.001587 0.515762 
533.952576 192.825089 0.944038 
18
520.679688 192.881119 0.966240 
520.694214 216.306778 0.887764 
498.681946 214.856857 0.926906 
488.428406 241.417877 0.890489 
500.140076 261.979736 0.856272 
538.377747 217.796707 0.843416 
542.787842 251.639374 0.866852 
523.736877 229.635345 0.985154 
501.613190 264.934265 0.814695 
498.608704 303.103027 0.831676 
498.675659 342.795288 0.774408 
528.048889 269.289642 0.751983 
513.349854 306.077148 0.841393 
501.636047 356.046631 0.847622 
513.401794 186.965530 0.892699 
523.660034 189.908585 0.900930 
510.356720 186.999863 0.647293 
533.910522 192.793549 0.935893 
18
517.766479 192.892334 0.932111 
520.705688 216.298691 0.886079 
498.691528 213.462112 0.914330 
489.898804 245.784119 0.823141 
501.641235 266.394958 0.801284 
538.387390 216.443024 0.842298 
542.769470 251.600952 0.863072 
525.145081 229.628143 0.945836 
501.588806 264.929443 0.833591 
498.655304 303.161957 0.849149 
498.663971 342.823425 0.796915 
526.596619 267.840576 0.803242 
513.370178 307.527130 0.866558 
501.617188 356.074890 0.860977 
511.971039 186.980118 0.931085 
522.249329 189.931808 0.913314 
510.348145 187.002975 0.453886 
533.895874 192.811569 0.934783 
18
516.323730 192.897263 0.933002 
520.728455 216.310730 0.898123 
498.705414 214.868393 0.931276 
495.714844 250.141235 0.843322 
508.899414 272.215668 0.807657 
538.400208 216.439301 0.845286 
539.850586 251.585693 0.849593 
525.176880 228.181000 0.912219 
501.591797 264.922852 0.830373 
498.639587 304.621613 0.831487 
498.647369 344.240570 0.792795 
525.185608 267.814514 0.801328 
513.365723 310.409271 0.901730 
501.615356 357.480347 0.882273 
511.953979 187.002777 0.942650 
522.226257 191.325836 0.919139 
508.989594 189.906296 0.408290 
533.880371 192.832092 0.913084 
18
516.338257 192.906769 0.926487 
520.722351 214.927216 0.887189 
498.703430 214.887665 0.921869 
497.158539 250.210068 0.856858 
510.442505 275.194122 0.930964 
538.383545 216.381119 0.845297 
541.302673 250.197632 0.847136 
525.175720 228.079773 0.879736 
501.588226 264.933716 0.802621 
498.674164 304.623657 0.799421 
498.641327 344.271942 0.825985 
525.183838 266.421112 0.803079 
513.352112 310.402954 0.866914 
501.616974 357.504517 0.877791 
511.951721 188.449387 0.936829 
522.220032 191.324280 0.917903 
508.959747 191.358307 0.460281 
532.503784 192.823135 0.900719 
18
514.874573 192.900589 0.927690 
520.690857 214.882050 0.875721 
498.690582 214.895660 0.921003 
498.590668 251.652222 0.870726 
510.488861 276.641632 0.956669 
538.359619 216.307159 0.849571 
542.760925 248.743774 0.833020 
526.613342 223.721039 0.827797 
501.628143 264.901520 0.797489 
498.671173 303.162811 0.795299 
498.644714 344.265564 0.822019 
525.189392 266.361633 0.817190 
511.986237 307.552765 0.859326 
501.633850 357.487976 0.854848 
511.918182 188.461990 0.952689 
522.170349 191.335312 0.923604 
508.915344 191.343475 0.454391 
531.039978 192.835617 0.891789 
18
516.296204 192.893311 0.928234 
520.676270 214.887711 0.873329 
498.681152 214.892868 0.928225 
498.609070 251.655289 0.877931 
510.497314 276.689484 0.958267 
538.342468 216.309677 0.841477 
542.755066 248.724075 0.828692 
528.082581 222.252853 0.824397 
501.623932 264.921082 0.791793 
498.681183 304.584381 0.795209 
498.668640 342.814240 0.805972 
525.179932 266.391602 0.808610 
513.367554 308.974518 0.872556 
501.623566 357.469940 0.859034 
511.924774 188.450043 0.952095 
522.183105 191.323792 0.925684 
508.910614 191.357758 0.511704 
531.037537 192.844818 0.895385 
18
516.299866 192.894547 0.931247 
520.669800 214.890106 0.871790 
498.677307 214.895248 0.929111 
498.600586 251.653717 0.872546 
510.489807 276.715210 0.962764 
538.338684 216.305847 0.845311 
542.751099 248.711761 0.822448 
528.056091 222.253662 0.818020 
501.620605 264.924561 0.798995 
498.690460 304.589050 0.793831 
498.670349 342.832794 0.811164 
525.163147 266.377502 0.812537 
513.393738 307.541748 0.849043 
503.070007 356.072601 0.843999 
511.929840 188.448563 0.957945 
522.188477 191.330795 0.933436 
508.916443 191.355377 0.516049 
531.032776 192.861191 0.898792 
18
516.295471 192.903168 0.934779 
520.670898 214.895630 0.876932 
498.659180 214.903900 0.926298 
498.613770 251.675568 0.879945 
511.838898 276.741638 0.961959 
538.357117 216.310257 0.844216 
542.751404 248.725357 0.828088 
526.619324 222.273514 0.828641 
503.049072 264.938080 0.788660 
498.690491 304.578796 0.798282 
498.697235 341.358337 0.803889 
526.591309 266.375244 0.812394 
514.845459 307.550781 0.853613 
501.658264 357.460541 0.856336 
511.930573 188.449860 0.961957 
522.194397 191.342575 0.937670 
508.917084 191.337021 0.501915 
532.438721 192.868011 0.909321 
18
516.310852 192.905792 0.932414 
519.269958 214.910187 0.873657 
498.655884 214.924454 0.920548 
498.637787 251.666214 0.893454 
511.851898 276.730713 0.985204 
538.338684 216.315521 0.849255 
541.320374 248.714050 0.824071 
526.601746 223.729752 0.837007 
503.087036 266.344116 0.772747 
498.721680 306.064392 0.813157 
498.696930 342.815094 0.801561 
526.583435 267.813843 0.804725 
516.302124 309.006348 0.844201 
503.057129 356.077454 0.868517 
511.939636 188.455612 0.953594 
522.198853 191.350525 0.939510 
508.922119 191.346100 0.539762 
532.426453 192.887024 0.909475 
18
516.339661 192.909515 0.926518 
519.252014 214.916870 0.868066 
498.648071 216.309875 0.918710 
498.664032 251.692322 0.902084 
511.872375 278.097290 0.974038 
536.932129 214.939514 0.839237 
542.759216 248.707230 0.828775 
526.621704 222.262939 0.829839 
504.535370 266.374481 0.768627 
500.078033 303.153656 0.796702 
498.700226 341.338684 0.810328 
528.053833 266.412872 0.792142 
519.245789 310.405151 0.835054 
503.075226 357.456604 0.851736 
511.955139 189.881027 0.939568 
522.203125 191.357452 0.937075 
508.922424 191.360321 0.650965 
530.997986 192.893341 0.893999 
18
517.748474 192.912369 0.929559 
519.249084 214.879105 0.857454 
498.645020 214.931686 0.901495 
498.686096 251.682526 0.904381 
511.917084 276.739868 0.976434 
536.935303 214.902802 0.828395 
542.786438 247.275864 0.829362 
526.623962 220.809723 0.852501 
504.558105 266.353485 0.758797 
500.160645 303.138763 0.805573 
498.667664 342.827087 0.817525 
526.642883 266.390320 0.808224 
520.710083 309.026215 0.860206 
504.529907 356.071167 0.839430 
511.953979 189.886047 0.940854 
522.203308 191.357239 0.939563 
508.909882 191.365417 0.659005 
530.990051 192.888596 0.884628 
18
516.321655 192.910248 0.926833 
519.261047 214.862946 0.858536 
498.650238 216.301743 0.909361 
498.699554 251.670685 0.900936 
511.900513 278.111359 0.980483 
536.939392 214.867554 0.829892 
542.798462 245.795715 0.825803 
526.581299 219.320557 0.854908 
505.990417 266.370026 0.754736 
500.159302 304.621826 0.792449 
498.679840 342.818604 0.796006 
528.081726 266.389069 0.812252 
520.714050 310.466492 0.864894 
503.114532 357.456726 0.848366 
511.939636 189.890884 0.945714 
522.189331 191.352463 0.932009 
508.903961 191.352341 0.617459 
530.992310 192.866486 0.897541 
18
514.867676 192.894775 0.934755 
519.243958 214.851135 0.854609 
498.644836 214.925644 0.904456 
498.692291 251.682053 0.891669 
511.914215 276.730103 0.982343 
536.915039 214.867416 0.823890 
544.201050 245.791061 0.828782 
526.606445 219.321167 0.862540 
504.551025 266.357117 0.753435 
500.158264 306.063141 0.824674 
498.643097 342.826416 0.820693 
526.643494 266.385162 0.820596 
520.689209 310.477753 0.861707 
504.519806 357.463593 0.852396 
511.912018 188.454193 0.958399 
522.161377 191.344681 0.931332 
507.503662 191.353088 0.533608 
530.991699 192.879608 0.898676 
18
514.870056 192.893402 0.929179 
519.230286 214.866302 0.851994 
498.640656 216.302780 0.908682 
498.699036 251.679276 0.903462 
511.917267 276.731750 0.979337 
536.897034 214.873871 0.826674 
544.207947 245.784073 0.831164 
526.612488 219.342957 0.858137 
504.563629 266.346191 0.746846 
500.145630 306.043182 0.823756 
498.655823 342.830383 0.818248 
528.050537 266.361816 0.821660 
520.745239 310.459290 0.870653 
503.110229 357.481842 0.853413 
511.908600 188.454391 0.952934 
522.161438 191.339172 0.927369 
507.487549 191.357651 0.569841 
529.570984 192.875046 0.886824 
18
514.852905 192.909576 0.934024 
519.253723 214.861282 0.854785 
498.653290 216.299728 0.904546 
498.700470 251.675201 0.900469 
511.921112 276.736176 0.977475 
536.907288 214.874268 0.833619 
544.215271 245.784348 0.831710 
526.619812 220.816544 0.841911 
505.990509 264.965179 0.752521 
500.162018 306.052307 0.821138 
498.676239 344.261292 0.811977 
528.067444 266.357330 0.826893 
520.721313 310.464386 0.866972 
503.110535 357.482391 0.850616 
511.902039 189.880600 0.955066 
522.149475 191.357132 0.930687 
507.479279 191.366837 0.515696 
530.982666 192.871170 0.886561 
18
514.838196 194.259949 0.930695 
519.235962 214.876602 0.855467 
498.643524 216.314972 0.904408 
498.693085 251.671921 0.897875 
511.913177 276.729645 0.979966 
536.894104 214.876511 0.837492 
544.215759 245.795731 0.825562 
526.617493 222.254013 0.838235 
505.994049 264.967377 0.753839 
500.170624 304.618011 0.828816 
498.680939 344.246765 0.805421 
528.080261 266.355377 0.822381 
520.733704 310.443726 0.868848 
503.086090 357.459747 0.852259 
511.889893 189.900818 0.953878 
522.132324 191.370789 0.924362 
507.460938 191.376968 0.537559 
529.535034 192.881378 0.872300 
18
513.429504 194.279770 0.943622 
519.225708 214.883255 0.851169 
498.633209 216.318100 0.897053 
498.686218 251.671600 0.900975 
511.894836 276.730316 0.979375 
536.885742 214.885025 0.842040 
542.794006 245.779785 0.812031 
526.623962 223.725037 0.829150 
505.988312 266.342072 0.754339 
500.160919 306.053925 0.822878 
498.677734 342.803314 0.808982 
528.062744 266.353943 0.820290 
520.708313 310.498291 0.861902 
503.097229 357.501373 0.854763 
511.871094 189.930038 0.963551 
522.117065 191.389908 0.933131 
506.033875 191.398758 0.513283 
529.530762 192.892242 0.880237 
18
514.823486 194.280212 0.934293 
519.238159 214.895065 0.857525 
498.639038 216.326416 0.900886 
498.681152 251.675110 0.907854 
511.902405 276.719757 0.982618 
536.906433 214.897125 0.844225 
542.776245 247.238495 0.811476 
526.582214 223.735229 0.849817 
504.543365 264.961609 0.760621 
500.126007 304.574738 0.824922 
498.678253 341.361359 0.813227 
526.638855 266.358856 0.818963 
520.699280 310.440277 0.867959 
503.095520 357.500946 0.852706 
511.871643 189.933212 0.952055 
522.121826 191.382492 0.923184 
506.010223 192.774994 0.549978 
529.542297 192.889145 0.885620 
18
513.423645 194.276123 0.940768 
519.220947 214.905518 0.853839 
498.630768 216.328308 0.912187 
498.682220 251.676682 0.917231 
511.905853 276.728516 0.978578 
536.879761 214.914932 0.844523 
542.745605 247.250504 0.812849 
525.171814 225.166092 0.852581 
504.530853 266.357117 0.756051 
500.138397 304.623779 0.821732 
498.702789 342.798401 0.787515 
526.604126 266.383118 0.804871 
519.239624 310.427795 0.848144 
503.064301 356.058685 0.847065 
511.861664 189.915970 0.954080 
522.114319 191.379532 0.923219 
506.004791 192.764771 0.500081 
529.555664 192.894058 0.880005 
18
513.386841 194.268555 0.949270 
517.796692 214.895844 0.852243 
498.626648 216.320847 0.913430 
498.669495 251.668015 0.923197 
511.857819 276.715027 0.973971 
536.863647 214.903900 0.841108 
539.866882 247.280457 0.805853 
525.159180 225.171371 0.849504 
504.526581 264.957184 0.767978 
500.096527 306.063751 0.814922 
498.679932 341.355225 0.808008 
526.627014 266.342377 0.807882 
517.758972 310.456451 0.851004 
503.059631 357.468781 0.850518 
510.492432 189.913422 0.940813 
520.717957 191.366165 0.908256 
504.561096 192.779282 0.472229 
528.085876 192.884979 0.873109 
18
513.367981 192.917221 0.950801 
517.792358 214.876160 0.846486 
498.629242 214.933762 0.909462 
498.649017 251.669983 0.911692 
511.853241 276.701019 0.992537 
536.866882 214.899933 0.839213 
539.820923 247.273376 0.809737 
525.108643 223.725616 0.850474 
503.107178 264.950043 0.767487 
500.093567 306.075500 0.824855 
498.669586 342.815338 0.822765 
526.590942 266.339752 0.811603 
516.330444 310.419952 0.843742 
503.066772 357.483368 0.854874 
510.484314 189.888657 0.932799 
520.698059 191.350281 0.896989 
504.555664 191.407684 0.441432 
528.057129 192.866425 0.877307 
18
513.357849 192.909317 0.955295 
517.775940 214.893524 0.848021 
498.615326 216.298019 0.902862 
498.642090 251.650787 0.912269 
511.843964 276.705688 0.981700 
535.497925 214.917007 0.848039 
539.820496 248.707230 0.817578 
523.735962 225.187439 0.866490 
503.094147 264.957367 0.769447 
500.067780 304.608307 0.818374 
498.660889 342.818573 0.826477 
526.592346 266.375671 0.815582 
514.868225 310.399963 0.842667 
503.073975 357.498230 0.860907 
510.476288 188.473083 0.929701 
520.692505 191.344772 0.895004 
504.538879 192.767258 0.447550 
526.643616 192.880035 0.876713 
18
513.350525 192.911179 0.956565 
517.765076 214.894150 0.850185 
498.616638 214.934616 0.908269 
498.654907 251.665741 0.919286 
511.843048 276.734131 0.985843 
535.483093 214.921722 0.847687 
538.395813 248.722641 0.812486 
523.732727 225.197769 0.869803 
504.533966 264.955322 0.770233 
498.708679 306.045074 0.826963 
498.683655 341.363953 0.804561 
526.619385 266.362213 0.811145 
514.880676 309.011108 0.843047 
503.054688 357.491333 0.871037 
510.476379 188.470825 0.930625 
520.690002 191.353104 0.897818 
504.534485 191.407974 0.438210 
528.050598 192.894928 0.883943 
18
513.344910 192.909958 0.959312 
516.329407 214.881470 0.845569 
498.604034 214.928955 0.901223 
498.650360 251.654327 0.917671 
511.845428 276.734039 0.982676 
535.459717 214.899384 0.851066 
538.376526 248.709763 0.817275 
523.693726 225.212204 0.874790 
504.535767 264.944977 0.769777 
498.712921 306.056335 0.815175 
498.681946 342.816101 0.804290 
526.623169 266.345001 0.815851 
514.861511 308.995148 0.854087 
503.050964 357.518555 0.879017 
510.466583 189.879318 0.924869 
520.674194 191.345047 0.891021 
504.527313 191.401901 0.458655 
526.602661 192.877029 0.879829 
18
511.976959 194.260361 0.960776 
516.309143 214.877319 0.845940 
498.595764 214.918121 0.906571 
498.661346 251.674957 0.911704 
511.843719 276.748657 0.985592 
535.445007 214.888901 0.849182 
538.384338 248.697998 0.811536 
523.685181 225.175171 0.870157 
503.098541 264.936340 0.771385 
498.686554 307.509064 0.814586 
498.670258 342.822144 0.827114 
526.608521 264.965240 0.821748 
514.845764 310.443970 0.868600 
503.051758 357.535187 0.856674 
510.452606 189.899734 0.927076 
520.663391 191.363739 0.891356 
503.109100 192.769821 0.437803 
526.608521 192.899673 0.878463 
18
511.984772 194.267136 0.959067 
516.288696 214.868790 0.840761 
498.594299 214.916748 0.899665 
498.659973 251.655792 0.911776 
511.849640 278.102539 0.996067 
535.420349 214.888824 0.846626 
538.369812 248.689819 0.818130 
523.662170 225.197327 0.882958 
504.518768 264.932190 0.766817 
498.703827 306.076019 0.807584 
498.678345 342.825714 0.823830 
526.601563 264.967865 0.823326 
516.296204 309.028351 0.845961 
501.665344 357.544952 0.863247 
510.454102 189.910629 0.927293 
520.662720 191.371613 0.890567 
503.112335 191.397034 0.480582 
526.587402 192.892838 0.872549 
18
511.984772 194.262039 0.955447 
514.873840 214.875641 0.843429 
498.596130 214.918365 0.906895 
498.664978 251.656906 0.919332 
511.857513 276.746094 1.000915 
535.402405 214.899551 0.844030 
538.341675 248.682831 0.813785 
523.637451 225.166428 0.880880 
504.535004 264.934662 0.768886 
498.714264 307.499939 0.819251 
498.669495 344.271545 0.820622 
526.608582 264.965240 0.824296 
514.872192 309.011566 0.846148 
503.060089 357.528259 0.866893 
510.455963 189.905365 0.926975 
519.274902 191.366165 0.885096 
503.113464 191.398148 0.486746 
525.189453 192.893936 0.869921 
18
511.974213 194.271530 0.964324 
514.863953 214.879333 0.847072 
498.584503 214.920395 0.898984 
498.656982 251.648224 0.913785 
511.847870 276.732910 1.002159 
535.393677 214.909149 0.841992 
536.957825 248.708282 0.822422 
523.629395 223.744751 0.880696 
504.548035 264.926086 0.769948 
498.727783 306.055115 0.807877 
498.668427 342.829529 0.818561 
526.614319 264.960632 0.832227 
514.879150 309.000244 0.841068 
501.662262 357.539276 0.861029 
510.445862 189.911621 0.933227 
519.267395 191.375504 0.891133 
503.094177 191.387833 0.484427 
526.579956 192.899765 0.874961 
