21
1
18
536.926941 142.872162 0.901841 
533.991211 170.799255 0.955092 
501.637756 169.374725 0.927310 
488.416656 216.426926 0.950616 
476.661285 253.192917 0.943904 
563.357605 172.274002 0.849601 
569.297546 217.858170 0.948721 
578.033813 259.009735 0.813574 
510.403595 260.469788 0.792738 
507.456299 320.736877 0.804116 
507.474030 367.761719 0.808722 
547.127747 263.357849 0.822297 
536.896973 319.273071 0.845704 
535.448242 366.356110 0.871518 
533.864685 135.488968 0.946502 
545.679688 135.506195 0.983078 
522.153870 135.561813 0.968629 
551.592224 135.544052 0.720263 
18
536.955505 142.828613 0.889626 
534.013977 170.784760 0.962443 
501.667480 169.341248 0.919568 
489.865814 217.794235 0.926205 
483.973083 254.634766 0.886237 
564.814331 172.285324 0.841010 
569.245178 219.305389 0.910493 
576.611084 263.398071 0.881340 
510.429474 259.028687 0.788689 
507.487030 319.319824 0.802050 
508.904144 366.309814 0.803300 
547.133179 261.913177 0.806611 
535.494568 317.816284 0.853680 
535.435547 366.321716 0.861708 
533.904053 134.117142 0.973087 
545.720093 135.490021 0.988563 
522.214355 135.521332 0.999196 
554.502441 135.583939 0.770369 
18
536.952271 139.917572 0.886798 
534.011292 170.758850 0.967606 
503.076965 169.306061 0.901690 
489.895935 216.435486 0.909468 
486.893677 256.072052 0.913093 
563.365906 172.255066 0.855248 
569.248108 219.368805 0.902496 
573.640076 264.965759 0.892580 
510.452057 257.546387 0.782778 
508.932159 319.304443 0.805596 
508.963226 366.305817 0.805535 
547.133240 260.459198 0.801747 
535.485596 316.359924 0.849573 
535.426453 364.883789 0.855765 
533.920532 134.064209 0.977943 
545.721558 135.443405 0.986364 
522.238037 135.492828 1.004633 
553.080811 135.575668 0.772870 
18
536.940430 138.460693 0.899936 
533.991760 170.747879 0.966379 
503.059418 169.285873 0.894761 
489.884766 217.788284 0.908918 
488.410797 257.566406 0.897543 
561.923950 170.885803 0.861559 
569.249146 220.781006 0.893717 
572.178101 267.838440 0.864478 
510.492798 261.937531 0.793732 
510.414246 320.733643 0.860106 
510.359253 366.321655 0.830950 
547.147278 261.975281 0.812404 
535.503662 317.827789 0.837424 
535.420288 364.849518 0.859989 
533.890198 134.039536 0.965519 
545.693481 134.070892 0.985370 
522.179932 135.463791 1.001422 
551.624634 135.491608 0.767944 
18
536.897522 137.029892 0.921652 
533.939514 169.391800 0.963726 
501.623291 169.252930 0.904241 
488.447968 217.851715 0.956141 
488.404907 260.459229 0.929916 
560.456787 170.846786 0.890995 
569.223267 219.375610 0.898009 
570.694885 266.422119 0.879494 
510.487427 261.911804 0.791573 
510.423920 319.275818 0.858266 
510.386871 366.327484 0.842236 
547.137817 261.942535 0.815257 
535.469849 316.378418 0.855150 
535.402893 364.843719 0.857870 
532.514099 133.995056 0.937574 
545.646790 134.033615 0.967735 
522.153564 134.042908 0.995736 
550.156250 135.446609 0.797560 
18
535.495300 136.993332 0.942016 
533.882385 169.362823 0.951247 
500.211243 167.889771 0.912643 
488.381989 216.414520 0.970728 
486.974915 260.465149 0.934437 
560.405457 170.796432 0.912103 
569.220886 217.932144 0.906018 
569.272766 264.931702 0.886299 
510.464417 260.500702 0.792286 
510.360779 319.274811 0.838461 
510.350250 366.308075 0.826151 
545.760315 261.943390 0.815583 
535.451477 317.796997 0.854201 
535.416260 363.419830 0.856614 
532.456482 133.963913 0.908834 
544.226074 134.018158 0.941958 
520.743835 134.001785 0.979787 
548.686584 134.103790 0.794107 
18
535.402466 136.955933 0.956098 
532.453003 169.363953 0.933434 
500.153107 169.263489 0.946634 
488.359436 216.432114 0.962192 
486.830048 260.449799 0.890664 
558.966675 170.774567 0.948271 
569.265076 217.854523 0.937019 
570.654053 264.873474 0.922272 
510.376617 261.903473 0.787890 
508.978729 317.795624 0.819665 
508.988373 366.329285 0.822407 
545.676392 261.966095 0.817454 
535.412415 316.340363 0.879558 
535.412048 364.848267 0.869150 
530.974548 132.601288 0.878802 
541.325928 134.010513 0.899837 
520.683655 133.988831 0.966896 
547.233337 135.470581 0.871871 
18
533.961365 135.595825 0.944588 
530.984741 169.378571 0.915107 
500.086151 169.282318 0.949665 
488.307800 217.871979 0.932408 
486.823364 261.938507 0.907834 
558.928589 170.770798 0.953347 
570.759888 217.792465 0.955783 
581.011902 263.481384 0.913108 
510.352631 259.016785 0.782579 
508.974396 316.357605 0.812160 
508.990173 366.342743 0.829189 
544.270691 260.472015 0.785394 
535.410217 316.335510 0.881311 
535.407654 364.870270 0.868672 
525.192932 132.583588 0.881534 
538.362488 133.967819 0.881609 
517.756653 133.978302 0.922287 
547.178223 134.084045 0.933308 
18
533.882080 135.601883 0.935786 
529.551697 169.358292 0.921231 
498.705444 169.269226 0.944416 
488.325012 217.853317 0.941553 
485.442291 260.476837 0.883951 
558.921265 170.762527 0.951595 
579.504822 214.915176 0.885180 
595.747375 254.604172 0.886446 
510.344269 257.554565 0.778945 
508.951050 316.340515 0.818182 
510.347961 366.346619 0.826018 
544.263245 260.462616 0.778065 
535.399170 313.470795 0.906690 
535.408569 364.850525 0.868327 
525.102417 132.585236 0.909841 
536.888550 133.962860 0.906598 
514.853333 133.980011 0.926410 
547.120422 134.069107 0.955684 
18
532.437866 136.963104 0.908091 
529.522461 169.317886 0.916790 
498.684021 169.261429 0.938260 
486.947021 217.880569 0.939680 
486.852386 260.466858 0.905067 
558.925964 169.364578 0.942887 
588.375793 206.123703 0.871214 
614.844543 235.481003 0.818663 
510.371246 260.490967 0.794404 
508.954651 317.815491 0.818512 
510.341583 366.357361 0.825232 
544.234070 261.910522 0.774806 
535.388733 316.362518 0.898273 
535.410950 364.849396 0.870300 
523.689636 132.593155 0.927375 
535.464539 133.974854 0.929125 
513.414917 133.988480 0.929143 
545.733582 134.100143 0.964375 
18
531.019775 136.986374 0.896814 
528.105042 169.304199 0.928320 
498.660614 169.291367 0.942255 
486.949585 217.876160 0.951632 
488.313080 260.489349 0.936195 
558.951599 169.283813 0.930757 
594.189880 197.273056 0.875050 
627.994507 213.403214 0.790125 
508.976349 261.950287 0.790500 
508.916351 317.842224 0.815041 
510.342316 366.331787 0.825138 
542.754150 263.360962 0.776757 
535.371765 317.797821 0.897276 
535.420471 363.429016 0.873721 
523.661072 133.962906 0.938504 
535.430725 133.988068 0.949115 
513.390930 133.993546 0.939189 
545.704834 134.089005 0.971150 
18
531.008484 136.989349 0.893566 
528.104126 169.282913 0.922009 
498.661194 169.313477 0.949076 
486.973297 217.854553 0.944503 
488.367035 261.905396 0.965348 
558.963257 167.849243 0.914738 
601.595581 188.462006 0.781640 
610.432739 181.050217 0.685181 
508.944122 261.942993 0.780513 
508.911865 317.816803 0.809664 
510.348328 366.310760 0.825151 
541.304504 261.976349 0.773785 
535.369324 316.353485 0.897244 
535.417908 363.417053 0.867308 
523.641785 133.966949 0.934836 
535.424194 133.987198 0.958824 
513.367493 134.013351 0.949486 
545.693481 134.070938 0.973310 
18
530.978699 136.988937 0.906290 
529.540283 169.271286 0.924422 
498.658325 169.334427 0.952579 
488.355682 217.819656 0.953634 
486.917938 259.031555 0.927492 
558.988892 167.840759 0.909797 
606.079834 176.686996 0.844963 
598.664734 151.673553 0.739810 
508.952209 261.929535 0.793857 
507.511078 316.384949 0.793740 
510.351288 366.326508 0.835697 
542.759888 261.958862 0.776332 
535.358887 316.345398 0.892774 
535.418213 363.427094 0.859257 
523.620483 133.964462 0.946869 
535.411194 133.983002 0.964487 
513.349365 134.034698 0.942501 
545.696228 134.074356 0.962867 
18
529.551941 136.991516 0.909751 
528.099243 169.258759 0.912957 
498.657166 169.345795 0.955162 
488.348602 217.830261 0.956777 
486.863312 259.020569 0.915489 
558.945984 167.805817 0.899351 
606.040955 170.813370 0.917524 
583.977539 139.954315 0.752525 
508.906342 261.941528 0.778841 
508.898285 317.797913 0.793946 
510.352142 366.308380 0.830313 
541.331543 261.954773 0.768810 
534.018005 314.916809 0.893367 
535.413452 363.391541 0.862301 
523.616394 133.954529 0.955374 
535.419495 133.996063 0.970962 
511.982147 134.021454 0.952887 
545.702576 134.094559 0.929859 
18
529.516052 136.977142 0.903477 
526.579163 169.267868 0.915592 
498.630829 169.363586 0.948558 
488.334808 217.904617 0.933298 
486.818298 259.020447 0.885439 
557.468079 167.810699 0.905058 
606.041931 169.287720 0.892261 
579.518860 138.463333 0.813748 
507.502808 261.973297 0.785805 
507.514221 316.363434 0.802449 
510.359192 364.861908 0.828975 
541.308960 263.361603 0.771136 
534.022095 316.338165 0.893583 
535.414917 363.401001 0.860290 
523.614380 132.592331 0.957088 
535.399475 134.015259 0.966959 
511.965759 134.021652 0.964993 
545.633606 135.496521 0.816683 
18
528.049561 136.977280 0.903354 
525.137146 167.886139 0.922926 
497.209290 169.358078 0.920851 
486.959045 219.295715 0.914603 
485.410370 260.453857 0.862704 
557.420166 166.371429 0.880374 
605.991150 169.248108 0.894791 
578.062805 139.937057 0.779011 
507.489014 261.974335 0.790188 
507.511719 317.817657 0.800741 
510.352814 364.875824 0.826927 
541.313049 261.977417 0.776409 
534.019043 317.800690 0.885479 
535.413269 363.421570 0.857765 
523.598816 132.585083 0.954335 
535.353821 134.040939 0.965746 
511.931671 133.980728 0.974678 
542.790649 135.527710 0.727680 
18
526.630493 136.992645 0.901985 
523.732178 169.264603 0.944292 
497.150909 169.377380 0.906535 
486.945587 217.933441 0.923889 
485.420471 260.498138 0.877840 
556.010193 166.402618 0.867675 
604.574890 167.850708 0.906506 
575.151367 138.471176 0.774892 
507.482513 261.978210 0.790116 
508.900085 317.837036 0.799078 
510.358429 364.878510 0.829829 
541.301270 263.362396 0.778474 
534.014038 316.365265 0.888736 
535.416809 363.395996 0.861070 
522.259521 132.585236 0.957773 
534.016541 134.056458 0.973584 
511.894531 132.601105 0.967396 
542.771973 135.539230 0.653223 
18
526.609985 137.021362 0.897323 
523.705505 169.272339 0.957225 
495.716949 169.390411 0.893882 
486.947601 217.892548 0.954149 
485.391052 261.899902 0.876064 
555.966553 167.813690 0.853325 
604.545288 169.260284 0.897600 
572.195190 139.939301 0.763444 
507.493469 261.969910 0.800225 
507.507996 317.848694 0.800229 
510.351471 366.306549 0.830617 
541.302673 261.962646 0.773265 
534.022400 316.369293 0.890566 
535.423767 363.411896 0.864018 
522.245361 133.952148 0.963294 
534.005920 134.072647 0.976147 
511.876831 132.589890 0.970530 
542.765137 135.531143 0.664041 
18
526.608337 137.029541 0.892774 
523.681030 169.287247 0.961553 
495.700043 169.397308 0.891844 
486.948730 217.900513 0.946846 
485.394287 260.490814 0.872270 
554.529724 167.857468 0.858443 
604.502197 169.273621 0.905640 
570.705688 138.492737 0.799654 
507.498962 261.950256 0.795813 
508.921844 317.824738 0.806384 
510.361725 364.884033 0.828964 
541.304565 261.944550 0.768366 
534.019592 316.349884 0.891134 
535.403076 363.395844 0.862865 
522.248474 133.954529 0.966710 
534.008972 134.081909 0.983354 
511.864777 132.585876 0.967027 
542.761108 135.549377 0.615740 
18
525.192993 137.032181 0.894991 
523.655884 169.297760 0.970267 
494.257904 170.744003 0.892084 
486.947723 217.901413 0.940633 
485.390137 261.905975 0.869694 
553.093140 167.864761 0.851392 
604.458740 169.269379 0.900940 
570.701416 139.907455 0.806493 
508.903198 261.953369 0.799117 
508.919647 317.814972 0.801759 
510.354919 364.882568 0.829617 
541.311157 261.933258 0.766281 
534.020752 314.920837 0.892030 
535.402527 363.393799 0.863548 
522.216797 133.954926 0.963214 
533.980469 134.086166 0.984334 
510.495178 132.588135 0.971577 
541.326355 135.561981 0.602021 
18
525.170227 137.027740 0.903305 
523.640381 169.290756 0.966777 
494.236755 170.750168 0.893891 
486.939789 217.912064 0.934065 
485.394379 261.914093 0.863476 
553.070862 167.849182 0.852256 
603.039917 169.280548 0.887542 
570.725586 139.938812 0.809147 
507.494934 261.943024 0.789579 
508.922211 317.810852 0.801221 
510.349976 364.896332 0.825840 
541.299622 261.921143 0.763454 
535.358276 314.904327 0.894082 
535.408936 363.401642 0.861507 
522.196594 133.949600 0.958306 
533.966003 134.085083 0.982634 
510.477356 132.600861 0.977001 
541.317017 135.572433 0.630027 
