41
1
18
533.913879 157.624283 0.975918 
511.956177 195.779449 0.821919 
508.986542 203.117783 0.826538 
522.227234 241.378433 0.840995 
545.767029 256.116821 0.889708 
522.142822 192.854904 0.728719 
533.877258 235.468369 0.376102 
545.668945 250.189453 0.405761 
508.954956 264.884003 0.774454 
513.391785 309.007965 0.713037 
503.059906 356.067841 0.734241 
522.184937 263.432373 0.773563 
532.452026 301.708191 0.842641 
508.924713 335.468628 0.711364 
525.190002 154.653198 0.865645 
0.000000 0.000000 0.000000 
511.980682 159.109100 0.856104 
0.000000 0.000000 0.000000 
18
533.907654 158.996582 0.969553 
510.438965 194.377960 0.822582 
510.371094 204.590042 0.854293 
522.208740 245.766235 0.826351 
545.767212 264.940308 0.975873 
513.387085 191.380356 0.593726 
526.580017 238.440338 0.095334 
541.277222 253.136887 0.075226 
508.969055 264.959045 0.767998 
513.436951 310.435699 0.720993 
501.657532 356.041107 0.727564 
519.257446 263.438751 0.685438 
533.927979 301.671204 0.887073 
511.884521 335.449768 0.771681 
525.189209 156.088455 0.881148 
0.000000 0.000000 0.000000 
511.982086 160.496506 0.857076 
0.000000 0.000000 0.000000 
18
533.902771 159.024902 0.967741 
510.355377 194.395416 0.813954 
510.378571 204.658966 0.858988 
522.135071 250.148956 0.827446 
539.819824 275.156403 0.900321 
510.451782 191.356567 0.551975 
523.715698 232.564240 0.123617 
535.456665 241.377686 0.166241 
508.936829 266.387756 0.757868 
511.971588 311.918915 0.786680 
501.661682 357.504364 0.826104 
516.329956 264.846039 0.646569 
533.942261 301.709869 0.869543 
511.937195 341.341705 0.751670 
525.181885 156.111160 0.892430 
0.000000 0.000000 0.000000 
511.938293 160.501038 0.857094 
0.000000 0.000000 0.000000 
18
533.895569 158.979828 0.966695 
508.985901 194.399033 0.826243 
510.411713 206.057541 0.853260 
520.683838 250.214005 0.820339 
533.963135 283.972870 0.885230 
510.419220 191.352936 0.530050 
467.794525 213.459503 0.136314 
476.584961 200.215073 0.225216 
507.480835 264.965851 0.748886 
513.401611 310.404510 0.758103 
501.627167 357.473145 0.817203 
513.380005 263.393066 0.586169 
530.982117 300.222321 0.729749 
511.859161 345.703339 0.817655 
525.168701 156.057571 0.880698 
0.000000 0.000000 0.000000 
511.937134 160.497589 0.851991 
0.000000 0.000000 0.000000 
18
533.915649 157.623535 0.976613 
511.907318 195.826981 0.805666 
510.440582 204.655182 0.833819 
517.748535 251.637863 0.755321 
525.158630 287.009796 0.897178 
520.685791 192.844055 0.622352 
532.466919 231.129013 0.061612 
0.000000 0.000000 0.000000 
507.474152 264.882507 0.735048 
511.933929 310.460205 0.764543 
504.546814 357.564026 0.792983 
519.244385 261.931091 0.597631 
525.116028 304.599487 0.748613 
511.849640 347.226410 0.724733 
525.180237 156.052826 0.876395 
0.000000 0.000000 0.000000 
511.971405 160.548767 0.840339 
0.000000 0.000000 0.000000 
18
533.929016 157.605209 0.989253 
513.346680 195.816879 0.789245 
510.477020 204.655457 0.832642 
511.849640 250.202667 0.777726 
517.808594 288.472168 0.904518 
522.148071 192.830688 0.663783 
533.978088 229.628326 0.058755 
0.000000 0.000000 0.000000 
510.384216 264.859680 0.784548 
513.411865 308.985352 0.734132 
503.098724 357.576263 0.788254 
522.190552 263.362061 0.710713 
523.675476 306.072937 0.777523 
511.863434 347.280273 0.730311 
526.583923 156.044296 0.875869 
0.000000 0.000000 0.000000 
513.354980 160.520355 0.832842 
0.000000 0.000000 0.000000 
18
533.943665 157.589645 0.989823 
513.358887 195.777710 0.789035 
510.443634 204.611191 0.848116 
510.396179 251.666641 0.799603 
511.897278 289.922272 0.960130 
522.189270 192.808807 0.657258 
0.000000 0.000000 0.000000 
0.000000 0.000000 0.000000 
510.447083 264.940613 0.737738 
510.420471 311.960083 0.713625 
503.078217 359.028625 0.754683 
523.609802 264.856384 0.761510 
520.669556 310.522552 0.760452 
511.877441 351.661652 0.731685 
526.598755 154.627930 0.866862 
0.000000 0.000000 0.000000 
513.353760 160.481613 0.830419 
0.000000 0.000000 0.000000 
18
533.935547 157.578949 0.990048 
513.424622 194.401840 0.800334 
510.459991 203.171753 0.855923 
508.992889 251.647369 0.782261 
511.887207 288.490997 0.981920 
523.617371 192.827560 0.707755 
0.000000 0.000000 0.000000 
0.000000 0.000000 0.000000 
510.463989 266.392487 0.744233 
510.450012 311.965118 0.720750 
503.068604 359.013031 0.749789 
523.603943 264.942230 0.782464 
516.309875 311.955597 0.760039 
511.842438 353.084015 0.738215 
526.588074 154.625946 0.867664 
0.000000 0.000000 0.000000 
513.363770 160.479965 0.831729 
0.000000 0.000000 0.000000 
18
533.898132 157.575378 0.983476 
511.943604 194.325378 0.852280 
508.938202 203.099930 0.789480 
508.972290 250.176956 0.749068 
520.721497 286.916046 0.945562 
522.150146 191.381058 0.727175 
526.629822 231.076950 0.353070 
536.906982 253.199814 0.545171 
504.543640 263.438019 0.681966 
508.920624 311.932770 0.680018 
501.673187 358.982941 0.761344 
519.240051 261.936035 0.650499 
513.435425 310.428223 0.742840 
510.483215 351.615356 0.728785 
525.134705 154.617752 0.882156 
526.640503 148.806488 0.095733 
511.907440 159.125046 0.855243 
0.000000 0.000000 0.000000 
18
532.492004 158.972794 0.952697 
511.946411 195.810669 0.886342 
506.023773 204.559479 0.784924 
511.853119 253.124466 0.822845 
535.411011 276.707458 0.867619 
522.224182 192.891312 0.796883 
535.398010 228.079697 0.909093 
555.986389 251.643463 0.917259 
504.569153 264.924896 0.714504 
507.515991 311.993683 0.733715 
503.098816 358.977356 0.773769 
522.125671 264.857391 0.660136 
513.416138 311.936310 0.720535 
511.844879 350.168884 0.715456 
523.735962 156.057098 0.895921 
531.021240 154.621124 0.132643 
511.838959 159.117355 0.847843 
0.000000 0.000000 0.000000 
18
530.983582 158.994873 0.946958 
511.906403 194.396179 0.876729 
500.203186 203.121048 0.847617 
514.847351 247.264389 0.801393 
557.493469 261.937134 0.908313 
523.653931 192.838074 0.831755 
545.750183 223.750336 0.843515 
573.647522 241.315033 0.851601 
500.201752 264.918335 0.756000 
508.924438 311.971313 0.801284 
504.533997 358.976196 0.774211 
520.682373 263.466949 0.771618 
514.831970 311.943848 0.774902 
510.482391 350.180878 0.745972 
523.613892 156.063232 0.935209 
529.510864 154.593552 0.262056 
508.976166 159.112762 0.836790 
0.000000 0.000000 0.000000 
18
526.580200 158.975342 0.948354 
510.432983 194.292664 0.914155 
498.688934 201.648056 0.856379 
523.626038 241.345703 0.926663 
566.283081 241.342560 0.828216 
523.663391 191.347610 0.846327 
548.704224 216.366821 0.898363 
579.517517 219.323181 0.893221 
501.599365 264.866364 0.785849 
508.953033 311.958344 0.795857 
504.562012 359.003967 0.774824 
522.183960 263.391266 0.816535 
514.868103 311.912354 0.758462 
511.886047 350.186157 0.740556 
522.190125 154.642929 0.926433 
525.202454 153.158722 0.334873 
506.022583 158.972412 0.848776 
0.000000 0.000000 0.000000 
18
523.702271 157.596939 0.991402 
510.428009 192.838577 0.945970 
498.587097 197.247375 0.857894 
526.629395 229.699310 0.973645 
570.667114 219.309570 0.839270 
523.687439 186.971054 0.857340 
556.013672 206.027130 0.955113 
581.022217 204.611313 0.900071 
505.993561 263.437866 0.750787 
510.376678 311.913361 0.810411 
504.543671 358.991089 0.760176 
523.618835 260.493011 0.788983 
516.337646 311.895203 0.740297 
510.448578 353.092499 0.709940 
520.713989 154.626663 0.912733 
523.676697 153.133591 0.256488 
503.082855 158.990921 0.861268 
0.000000 0.000000 0.000000 
18
522.231750 157.534286 0.988782 
510.407227 189.940079 0.914850 
497.209900 195.775040 0.846086 
532.450134 223.725235 0.902321 
569.256470 206.057693 0.902723 
523.661499 182.594589 0.889470 
557.425354 194.357468 0.906673 
580.982788 192.793777 0.841123 
504.537781 263.356110 0.750265 
510.392578 310.509888 0.808311 
503.111298 358.988403 0.772105 
523.620789 260.455292 0.802889 
519.218567 310.475464 0.753225 
511.856110 351.637817 0.720676 
516.311157 153.159073 0.870913 
522.205811 151.659836 0.400109 
500.204956 157.608917 0.870818 
0.000000 0.000000 0.000000 
18
522.163513 156.061844 0.930426 
510.406677 188.425446 0.888711 
497.197540 194.337265 0.860058 
533.914063 216.375824 0.930301 
570.705444 192.859680 0.832396 
523.668579 181.124237 0.858174 
550.140564 189.934265 0.749143 
573.642639 182.631638 0.751448 
504.569794 263.404816 0.763437 
510.397583 310.504181 0.808808 
504.538055 358.961487 0.755617 
523.656250 261.948486 0.816809 
519.226501 310.494141 0.755797 
511.849274 350.199890 0.722256 
513.381714 150.213898 0.889688 
522.112610 148.738861 0.466222 
500.098053 157.635223 0.887319 
0.000000 0.000000 0.000000 
18
520.749329 153.148651 0.897248 
510.453766 186.973587 0.891089 
497.209991 194.317169 0.884292 
532.471924 207.558945 0.842068 
569.250793 182.628342 0.751431 
523.708069 181.037262 0.851633 
557.467285 184.002884 0.794966 
576.600769 172.324860 0.755675 
507.498413 263.417908 0.800343 
510.385925 311.922363 0.804094 
503.119019 358.985138 0.762963 
523.707336 261.949005 0.815186 
517.791626 311.893158 0.758478 
511.852020 351.641998 0.727074 
511.943542 148.724274 0.953016 
519.262451 147.271271 0.467775 
498.719116 157.613480 0.886461 
0.000000 0.000000 0.000000 
18
520.715820 153.178802 0.890248 
510.459045 185.486542 0.902576 
497.138519 192.904480 0.888954 
526.634277 204.580322 0.812565 
564.833252 179.619781 0.700366 
526.577881 181.033096 0.883914 
560.401794 181.093979 0.753216 
575.103027 166.405136 0.707330 
508.957825 263.381683 0.815425 
510.380951 311.918610 0.797839 
503.115112 358.959808 0.766252 
525.158630 261.946442 0.789051 
519.254089 310.513580 0.778477 
511.883057 350.168854 0.739948 
511.914032 148.719315 0.954476 
519.254700 147.313782 0.509108 
498.689270 157.594742 0.899585 
0.000000 0.000000 0.000000 
18
520.704224 153.160965 0.882451 
510.477509 184.059814 0.929166 
497.148804 192.893723 0.915932 
528.089539 198.748199 0.787701 
560.433899 173.740158 0.824540 
526.591492 179.610336 0.858172 
558.926208 179.610199 0.672768 
570.722656 164.923065 0.620791 
510.376617 263.364288 0.821632 
510.418762 311.906525 0.798147 
503.096649 358.976746 0.773969 
525.188049 261.926849 0.766607 
520.672424 310.488556 0.774337 
511.896423 350.196777 0.732208 
511.890320 147.355682 0.958699 
519.262451 147.303131 0.562381 
498.676697 157.592789 0.936442 
0.000000 0.000000 0.000000 
18
520.664673 154.608551 0.872934 
510.428894 184.013947 0.927810 
495.699554 192.831711 0.870830 
526.622009 195.839294 0.860657 
558.886841 170.756516 0.933052 
525.109009 178.160049 0.829489 
557.465149 179.632568 0.557216 
569.219849 166.396988 0.604271 
510.364227 263.356506 0.813765 
510.401886 311.931274 0.792437 
503.088257 359.024414 0.778996 
526.632141 261.928406 0.755340 
520.686646 310.502716 0.785270 
511.896667 351.648773 0.736078 
511.842804 147.366409 0.952941 
519.245850 147.305222 0.626498 
498.650055 157.597244 0.938019 
0.000000 0.000000 0.000000 
18
519.216003 154.630356 0.874043 
510.405762 182.645264 0.885490 
494.252838 192.778809 0.827249 
522.213745 195.771133 0.844469 
556.036926 170.754318 0.860484 
523.714050 179.593369 0.812283 
558.935303 179.628021 0.745898 
569.259705 160.485168 0.729771 
510.395111 261.983276 0.810049 
510.413116 311.946655 0.788487 
503.102325 359.027466 0.766626 
526.634705 261.932007 0.742467 
520.684937 310.528992 0.776565 
511.867218 353.095612 0.730154 
510.467346 148.715561 0.953334 
519.269470 147.322372 0.758355 
498.601746 157.588959 0.913710 
0.000000 0.000000 0.000000 
18
519.221313 154.597778 0.870673 
510.420532 184.008240 0.887567 
495.687500 191.402481 0.834551 
525.128418 192.860718 0.719481 
556.017212 166.368362 0.825325 
525.132141 181.048889 0.770101 
558.904480 181.030533 0.783743 
569.265930 159.013306 0.745608 
510.420349 263.369934 0.819685 
510.434692 311.962433 0.803967 
504.533997 359.041962 0.777076 
529.516052 261.936981 0.739981 
520.706848 311.895538 0.791889 
511.909454 353.095795 0.724915 
510.451019 147.340271 0.975324 
520.662048 147.310471 0.784417 
497.226715 157.576797 0.897785 
0.000000 0.000000 0.000000 
18
517.793030 153.165619 0.864238 
510.418427 182.620789 0.875104 
494.267487 191.366470 0.829759 
525.126526 191.339783 0.707070 
555.984619 164.899261 0.834964 
525.158447 179.641708 0.740022 
558.912964 176.677246 0.743108 
570.658386 157.593140 0.729145 
510.412384 263.376678 0.817529 
510.431641 311.970795 0.796139 
503.114349 359.038635 0.773199 
529.569031 261.937195 0.750842 
520.708862 310.532013 0.790634 
511.908112 351.635437 0.735457 
510.433167 147.341064 0.974628 
520.671753 147.303436 0.822783 
497.205048 157.595566 0.889195 
0.000000 0.000000 0.000000 
18
517.793823 153.162781 0.866329 
510.416534 182.631897 0.879631 
494.279449 191.365082 0.828821 
528.073547 186.997925 0.677070 
556.015259 163.464310 0.832962 
525.147583 181.045319 0.745997 
557.467957 178.152496 0.633357 
569.204712 159.007065 0.680606 
510.443176 263.362762 0.819460 
510.447876 311.945343 0.804171 
503.101654 359.038696 0.780339 
530.988464 261.927673 0.751180 
520.740173 310.527100 0.800081 
511.917206 351.637329 0.733549 
510.428528 147.336655 0.976962 
520.689575 147.296417 0.851321 
497.200470 157.593704 0.885862 
0.000000 0.000000 0.000000 
18
519.227661 154.619492 0.869115 
510.376465 184.020905 0.853000 
494.280548 191.350143 0.816644 
528.056091 186.972229 0.688838 
557.404358 161.971390 0.826263 
523.690308 181.123444 0.740834 
557.444275 176.700363 0.627419 
567.774902 157.608902 0.651395 
510.445160 263.366119 0.820951 
510.467163 311.944305 0.805931 
503.106140 359.026947 0.780862 
530.997314 261.937469 0.758184 
520.739014 310.523804 0.802693 
511.893860 351.625854 0.738418 
510.457977 147.338699 0.976259 
520.721985 147.332413 0.825298 
497.219086 157.546432 0.879591 
0.000000 0.000000 0.000000 
18
519.255920 156.052078 0.882703 
510.373474 184.034271 0.839784 
495.721680 191.325439 0.822078 
526.582458 186.959320 0.708764 
557.405457 160.539490 0.862766 
523.674622 182.538162 0.729260 
557.513245 175.230530 0.670264 
569.220947 157.517166 0.644694 
510.444641 263.380585 0.812253 
510.475037 311.955414 0.813212 
503.096741 359.033752 0.781349 
529.518616 261.963348 0.745275 
520.717407 311.896423 0.792444 
511.881653 353.081665 0.750349 
510.481598 148.720535 0.964159 
522.108521 148.730759 0.828177 
498.601746 157.557159 0.877270 
0.000000 0.000000 0.000000 
18
520.661377 156.093842 0.898230 
510.390656 184.025726 0.834406 
495.738983 191.336487 0.827515 
523.665588 189.886749 0.737624 
555.966980 160.546387 0.872318 
523.706421 182.523514 0.714345 
558.967468 170.845779 0.739034 
570.681824 154.598709 0.676380 
510.422333 263.381866 0.817196 
510.433350 311.946167 0.804703 
503.059357 359.032104 0.793663 
529.550842 261.964050 0.746652 
520.739990 310.525116 0.796198 
511.938965 351.664917 0.747391 
510.490448 148.760437 0.948487 
522.130859 148.753098 0.840130 
498.595551 157.605194 0.869342 
0.000000 0.000000 0.000000 
18
520.670044 156.108154 0.899667 
510.385071 184.008209 0.852088 
495.710327 191.340500 0.827741 
523.715332 189.887787 0.737154 
555.954468 161.954010 0.899090 
523.704895 181.111481 0.730020 
558.915344 172.285507 0.632888 
569.276611 157.530045 0.576812 
510.440399 263.388306 0.823195 
510.467804 311.938721 0.812551 
503.083923 359.014526 0.793848 
531.015930 261.962799 0.760593 
522.117737 310.518524 0.799331 
511.963135 351.628113 0.748438 
511.831848 148.776764 0.939679 
522.138916 148.772430 0.839688 
498.615021 157.590576 0.879895 
0.000000 0.000000 0.000000 
18
520.691040 156.119797 0.914707 
510.411621 184.011642 0.859705 
495.702728 191.342484 0.832211 
525.137207 189.894226 0.695434 
554.549988 162.010986 0.861990 
525.128845 181.104309 0.737680 
557.490845 175.217545 0.661861 
570.688965 157.499268 0.648726 
510.435760 263.366943 0.816639 
510.465271 311.929138 0.812599 
503.081268 359.027008 0.787586 
531.028442 261.930511 0.759084 
522.114685 310.502808 0.803586 
511.935455 351.645538 0.743397 
511.856659 148.782394 0.940790 
522.156250 148.779800 0.833310 
498.635529 157.598679 0.889402 
0.000000 0.000000 0.000000 
18
520.726685 157.473648 0.933296 
510.465637 184.023712 0.874927 
495.726105 191.348770 0.847564 
525.174500 188.445587 0.656177 
553.069336 163.445023 0.870670 
526.626709 181.112885 0.748587 
557.464111 181.031479 0.778578 
573.633606 157.549561 0.749092 
510.441254 261.962921 0.817493 
510.474365 311.917786 0.818217 
503.094086 359.034668 0.780307 
531.030945 260.505707 0.752944 
522.123413 310.491669 0.809946 
511.911346 351.642487 0.738553 
511.886719 148.796539 0.938942 
522.172791 148.791000 0.804988 
498.661377 157.629410 0.901543 
0.000000 0.000000 0.000000 
18
520.717102 156.123688 0.924129 
510.459900 184.015213 0.878297 
495.721680 191.344635 0.837055 
526.597107 189.880096 0.643139 
554.558411 166.355179 0.850991 
526.608276 181.098343 0.750516 
557.424622 181.074448 0.753331 
572.171875 159.019638 0.739324 
510.424805 263.376587 0.817244 
510.443665 311.936554 0.796127 
503.086273 359.032532 0.784347 
531.029480 261.949432 0.758709 
520.748291 310.516785 0.803279 
511.910980 351.634918 0.733666 
511.882935 148.776199 0.940825 
522.187073 148.773636 0.852403 
498.649506 157.566666 0.884654 
0.000000 0.000000 0.000000 
18
520.725220 157.478317 0.933143 
510.492432 182.641541 0.896107 
495.728333 191.353195 0.841721 
525.144287 191.358826 0.610354 
555.958557 166.387527 0.832142 
528.088501 181.059631 0.773007 
558.911011 179.601028 0.788427 
573.655640 157.612915 0.774439 
510.453186 261.935242 0.815249 
510.479126 311.934357 0.826804 
503.106934 358.977692 0.774407 
532.442871 260.487305 0.751036 
522.133972 310.500854 0.812712 
511.864471 351.616119 0.735172 
511.883118 148.796417 0.936680 
522.169067 148.772812 0.840811 
498.665314 157.605011 0.915316 
0.000000 0.000000 0.000000 
18
522.118591 157.495041 0.952662 
510.486969 182.640778 0.903553 
495.728668 191.356812 0.846413 
526.620056 191.381027 0.634393 
556.009033 167.802521 0.845327 
528.070313 181.059906 0.766183 
558.922974 181.056671 0.768942 
573.634827 159.010727 0.764436 
510.465820 261.909393 0.804801 
511.858002 311.908386 0.836041 
504.539673 358.955841 0.784542 
532.449341 260.454712 0.738177 
522.142273 310.487610 0.811286 
511.898132 350.175415 0.732998 
511.924713 150.188553 0.927023 
522.208069 148.792099 0.846313 
498.702667 157.592896 0.907639 
0.000000 0.000000 0.000000 
18
522.110229 157.514709 0.940365 
511.861115 182.649750 0.890827 
497.150421 191.348129 0.858673 
525.172363 191.402847 0.699749 
556.000732 167.824860 0.868228 
528.081543 181.058960 0.752885 
558.924255 181.111649 0.739659 
570.750610 160.530579 0.745604 
510.475220 261.940094 0.819786 
511.865692 311.919586 0.838859 
503.102325 358.981201 0.791208 
532.470093 260.488892 0.760224 
522.176392 310.492950 0.818146 
511.927826 350.166473 0.749533 
511.917450 150.204010 0.922922 
522.223206 150.198502 0.848596 
498.698029 157.575333 0.886696 
0.000000 0.000000 0.000000 
18
522.149536 157.541489 0.961969 
511.894348 182.647675 0.883983 
497.164032 191.339020 0.860354 
528.083618 189.920685 0.647890 
556.011963 166.386536 0.868191 
530.986389 181.077194 0.760511 
558.904114 182.596191 0.794476 
570.718445 160.544785 0.766954 
510.467224 261.941956 0.819482 
511.852814 311.924194 0.829501 
503.111694 358.997009 0.787836 
532.473206 260.509430 0.761553 
522.165039 310.511505 0.820879 
511.927094 350.198975 0.743092 
511.962952 150.243103 0.908773 
523.600464 150.240585 0.856535 
498.730042 157.595810 0.884680 
0.000000 0.000000 0.000000 
18
522.178345 157.515976 0.967234 
511.923065 182.636353 0.885143 
497.174835 191.333252 0.868173 
528.090942 189.915756 0.664819 
555.951660 166.383301 0.881109 
532.442505 181.065353 0.776088 
559.002747 184.045731 0.803867 
570.715759 159.097809 0.774796 
510.471710 261.912170 0.816065 
511.876587 311.905334 0.836521 
503.103485 358.980042 0.799446 
532.485168 260.477600 0.761241 
522.198486 310.485199 0.820538 
511.943970 350.169678 0.746453 
513.351563 150.220444 0.906392 
523.642822 150.196411 0.874002 
500.110046 157.582596 0.883718 
0.000000 0.000000 0.000000 
18
522.206604 157.508102 0.969160 
513.355042 182.636566 0.860484 
497.215942 189.933655 0.869766 
525.117432 191.383148 0.704668 
553.060303 167.826660 0.862789 
533.909119 181.086426 0.813838 
559.011230 185.513306 0.835670 
569.270935 160.493530 0.805014 
510.474457 260.503448 0.808395 
511.888916 311.894318 0.835481 
504.549164 358.984283 0.797505 
532.466858 260.476410 0.758100 
522.178711 310.479767 0.816186 
511.925446 350.180786 0.738723 
513.395386 150.229156 0.898233 
523.687439 148.799271 0.895893 
500.152283 157.606598 0.885114 
0.000000 0.000000 0.000000 
18
522.242004 157.540955 0.983148 
513.368591 182.617340 0.873413 
497.204468 189.932953 0.864340 
523.694763 192.843292 0.743864 
551.618958 167.845779 0.876686 
533.936279 181.055405 0.841461 
558.989502 186.955246 0.820777 
569.262817 160.530334 0.807464 
510.467712 260.480957 0.811776 
511.859955 311.903931 0.839213 
503.099121 359.022797 0.798630 
532.498779 260.461090 0.762889 
522.188171 310.465057 0.824830 
511.922211 351.655426 0.745873 
514.827759 151.695267 0.879705 
523.708923 150.232285 0.886997 
500.177979 157.621796 0.892816 
0.000000 0.000000 0.000000 
18
523.599976 157.538315 0.985504 
513.420959 182.598419 0.860009 
497.208527 189.902557 0.861156 
523.671509 192.812897 0.766266 
553.041138 167.844254 0.888218 
533.995789 181.056961 0.845449 
561.893799 184.057388 0.814435 
570.704590 160.491974 0.830399 
510.484589 261.947662 0.817277 
511.851471 311.967438 0.836783 
504.532288 359.037628 0.804151 
532.488281 261.933563 0.768862 
522.138184 310.517731 0.801724 
511.960510 351.653168 0.730160 
514.872559 151.690094 0.878871 
525.108887 150.219879 0.896763 
500.199707 157.605240 0.896860 
0.000000 0.000000 0.000000 
18
523.615479 157.536407 0.986362 
514.824768 182.621231 0.849561 
497.213867 189.915756 0.857892 
522.237915 192.848587 0.738757 
553.059814 167.834198 0.888530 
535.374451 181.071625 0.858893 
560.433289 185.526230 0.828688 
570.726990 160.505920 0.818319 
510.466187 261.911285 0.812175 
510.462128 311.917114 0.820181 
501.658569 359.034241 0.788590 
532.476990 260.506622 0.762835 
522.140869 310.486237 0.813620 
511.936615 351.664001 0.750306 
516.302307 151.684128 0.875330 
525.130249 150.227890 0.888009 
500.211090 157.632233 0.913108 
0.000000 0.000000 0.000000 
18
523.614746 157.552948 0.990916 
514.828247 182.594513 0.861883 
497.225006 189.887192 0.859213 
523.671265 192.813339 0.724637 
551.614380 167.862488 0.881682 
533.996887 181.048172 0.850460 
560.456482 184.052002 0.809648 
570.685059 160.513351 0.792833 
510.462738 260.471344 0.802817 
511.838776 310.514313 0.826830 
503.070007 359.002075 0.783889 
532.478577 260.465240 0.758191 
522.152832 310.457275 0.817546 
511.920990 351.641296 0.750257 
516.303467 151.702606 0.879816 
525.139954 150.243454 0.893669 
500.222961 157.614258 0.911294 
0.000000 0.000000 0.000000 
18
523.612061 157.552658 0.989259 
514.832458 182.576797 0.874234 
498.621918 188.460281 0.860836 
525.141968 192.815018 0.716430 
553.046082 169.255936 0.860871 
533.961975 179.631592 0.838870 
558.986084 185.522797 0.794135 
569.233276 162.008606 0.758177 
510.463318 261.914459 0.815589 
510.480408 311.905579 0.822066 
503.092529 358.997192 0.780023 
532.482239 261.907135 0.766189 
522.140930 310.484436 0.822806 
511.886658 351.648773 0.737705 
516.309937 151.708817 0.876153 
525.144958 150.244904 0.902834 
501.607147 157.594421 0.886594 
0.000000 0.000000 0.000000 
18
523.631836 157.592957 0.988708 
513.420288 182.590424 0.873158 
498.612213 188.458603 0.851134 
522.231262 194.290802 0.759101 
553.034851 169.320190 0.900946 
533.951660 181.043121 0.836145 
560.434998 184.054794 0.779733 
569.247925 161.959442 0.752395 
510.482574 261.931824 0.821548 
511.841339 311.924164 0.835402 
503.081146 359.022156 0.788455 
532.497314 261.923767 0.776253 
522.157959 310.503876 0.820910 
511.902466 351.640106 0.743053 
516.335022 153.164154 0.873803 
525.185486 153.125092 0.892744 
501.602173 157.617340 0.898715 
0.000000 0.000000 0.000000 
