27
1
18
529.514160 217.868958 0.853768 
500.175476 244.288864 0.839494 
497.179169 253.111298 0.867591 
514.825378 298.750183 0.922735 
557.458801 300.203461 0.945367 
508.923492 239.832001 0.748936 
522.111328 260.490540 0.535617 
541.330139 254.603149 0.687577 
517.759033 309.000824 0.660647 
594.209595 309.031372 0.930705 
576.570007 358.981689 0.786285 
532.509705 289.911591 0.711568 
582.525513 279.639343 0.741453 
579.511353 350.200104 0.518066 
523.734924 216.302780 0.889426 
0.000000 0.000000 0.000000 
511.861908 217.784637 0.964720 
0.000000 0.000000 0.000000 
18
529.512146 217.880798 0.857287 
500.170624 244.289429 0.841420 
497.180969 253.107010 0.869763 
514.841187 298.748016 0.910407 
557.464722 300.253998 0.931031 
508.922974 239.843185 0.749284 
522.119934 260.494720 0.525620 
542.759766 254.589905 0.694685 
517.760010 308.989136 0.661836 
594.203491 309.022125 0.940035 
573.676086 357.589233 0.781616 
533.898010 289.889130 0.724685 
582.537842 281.062653 0.748726 
579.521179 348.707764 0.511447 
523.733582 216.307556 0.900193 
0.000000 0.000000 0.000000 
511.862701 217.781265 0.964099 
0.000000 0.000000 0.000000 
18
528.081726 217.904922 0.854364 
500.173645 244.295746 0.842177 
497.162781 253.108749 0.865251 
514.845886 298.739716 0.906723 
557.435730 300.236481 0.924345 
508.944946 239.853531 0.758443 
522.162048 261.945068 0.528807 
542.759888 254.586594 0.675655 
517.768311 308.999054 0.669923 
594.213562 309.025848 0.944905 
575.108032 358.929291 0.781603 
533.903748 289.897156 0.725686 
582.534302 281.064026 0.755945 
579.498657 348.716187 0.499376 
523.727966 216.324188 0.904898 
0.000000 0.000000 0.000000 
511.868622 216.437057 0.954113 
0.000000 0.000000 0.000000 
18
528.094604 217.926819 0.840881 
500.164154 244.296310 0.841765 
497.154816 253.124512 0.863849 
514.837097 298.739868 0.907017 
557.431335 300.249969 0.928583 
508.933472 239.839737 0.749981 
522.139526 261.922577 0.540525 
542.743958 254.616821 0.687131 
516.333496 308.991577 0.663396 
594.222351 309.032715 0.946951 
573.654114 357.591919 0.786924 
532.503845 289.881317 0.724909 
582.538574 281.064911 0.757593 
578.071594 348.708679 0.485397 
523.728088 216.349075 0.910698 
0.000000 0.000000 0.000000 
511.854401 217.790100 0.956570 
0.000000 0.000000 0.000000 
18
529.509155 217.931183 0.836368 
500.166229 242.885162 0.843030 
497.175995 253.112015 0.864827 
514.846436 298.750458 0.904765 
557.430176 300.256042 0.921900 
508.920532 238.448563 0.742993 
522.121887 260.473206 0.541960 
541.325623 254.581482 0.705344 
517.758850 307.545898 0.654847 
594.221497 309.024719 0.931512 
573.677063 357.554993 0.782155 
533.901550 288.467285 0.741520 
582.543884 281.062256 0.753236 
579.512634 348.684723 0.502770 
523.731384 216.363373 0.916199 
0.000000 0.000000 0.000000 
511.858856 217.804764 0.963226 
0.000000 0.000000 0.000000 
18
528.084167 219.354004 0.817190 
500.165985 242.869415 0.839629 
497.192657 251.717575 0.860559 
514.842834 298.747253 0.905044 
557.428345 301.622742 0.924258 
508.911255 238.448959 0.736910 
520.736084 258.992767 0.552078 
541.332642 254.592239 0.721746 
517.766846 307.529938 0.649252 
594.220093 309.026581 0.946801 
575.105713 357.561584 0.778817 
533.896912 288.465973 0.728609 
582.543091 279.637665 0.753248 
579.503296 348.697052 0.495245 
523.740356 216.414749 0.913532 
0.000000 0.000000 0.000000 
511.885742 217.817871 0.964967 
0.000000 0.000000 0.000000 
18
530.992371 220.817993 0.816753 
500.192474 242.888489 0.818119 
498.597900 251.704086 0.871338 
514.822998 298.711090 0.919085 
557.400818 300.231842 0.937895 
507.510376 239.860352 0.723868 
522.160522 261.926697 0.546945 
542.768250 254.592575 0.706010 
516.311401 309.017914 0.667779 
594.236877 309.013245 0.940512 
576.576172 357.552124 0.778835 
532.487549 289.919952 0.689409 
582.541931 279.638794 0.736197 
579.519226 348.730164 0.539893 
526.585144 217.804932 0.897955 
0.000000 0.000000 0.000000 
511.989777 217.854568 0.938148 
0.000000 0.000000 0.000000 
18
533.889954 225.210754 0.881966 
501.636383 244.338654 0.790689 
500.088806 251.697021 0.899694 
513.390991 298.712860 0.931607 
557.398865 300.232361 0.939066 
508.937347 241.324783 0.715470 
522.168152 257.553894 0.497676 
542.777100 256.049408 0.733029 
516.330994 310.509766 0.678751 
594.208313 308.966522 0.952395 
578.053284 357.550903 0.777494 
532.449707 294.300171 0.591289 
582.517517 279.623718 0.718146 
579.487244 350.156250 0.549687 
531.035278 217.909393 0.899661 
0.000000 0.000000 0.000000 
516.290039 217.899567 0.894964 
0.000000 0.000000 0.000000 
18
535.398621 228.073959 0.935374 
506.000214 244.292450 0.778362 
501.605133 250.219345 0.840763 
514.821716 298.674652 0.913021 
557.417542 300.250092 0.953252 
510.424683 241.343918 0.728105 
522.242554 261.969666 0.413192 
544.205566 257.527466 0.661532 
517.766479 310.444458 0.641592 
594.186890 308.962616 0.957988 
579.505676 357.558319 0.799086 
532.499207 291.393311 0.593127 
582.511169 278.191986 0.736226 
578.045593 350.163055 0.544831 
533.969177 220.768326 0.920228 
0.000000 0.000000 0.000000 
522.175415 219.291031 0.920703 
0.000000 0.000000 0.000000 
18
542.747803 228.204636 0.871831 
508.935272 241.430084 0.806344 
510.415771 250.178223 0.843775 
516.309265 298.634186 0.865802 
557.431396 300.214447 0.916112 
506.016205 239.853790 0.681837 
522.147278 256.095154 0.338649 
539.820496 256.107727 0.684492 
517.779663 308.993561 0.588044 
592.792725 308.944214 0.937574 
579.513855 357.550262 0.809954 
530.996643 291.366119 0.494653 
582.470215 279.591949 0.762139 
579.483826 348.726471 0.552236 
541.293701 223.733185 0.850812 
0.000000 0.000000 0.000000 
525.171692 217.937103 0.892883 
0.000000 0.000000 0.000000 
18
547.253906 231.057541 0.861401 
511.873230 241.370453 0.840157 
513.384644 245.804077 0.807644 
519.268250 294.301422 0.816436 
556.007690 300.229523 0.961840 
508.953247 238.415314 0.686428 
522.242065 273.706940 0.293961 
544.232788 257.563599 0.582546 
516.337402 310.505646 0.595461 
592.788513 307.557648 0.944527 
580.982483 358.949249 0.854199 
522.202698 300.210266 0.383640 
582.429565 279.633026 0.681139 
578.038696 350.190369 0.571644 
547.215576 226.690598 0.901691 
0.000000 0.000000 0.000000 
535.388000 220.785461 0.905022 
0.000000 0.000000 0.000000 
18
553.053711 235.475739 0.755374 
517.799744 239.938843 0.871239 
523.625366 244.346832 0.867077 
522.220093 288.424408 0.925156 
557.434998 300.118530 0.971628 
511.843903 235.492432 0.782644 
528.064331 275.247437 0.242122 
545.705566 254.649979 0.525585 
519.269287 311.954285 0.643276 
592.750854 308.945801 0.950818 
581.026672 359.030914 0.906875 
513.354126 307.526550 0.406202 
581.064880 281.060455 0.698298 
576.595764 347.276062 0.558334 
554.514832 228.200043 0.887795 
0.000000 0.000000 0.000000 
544.198242 223.734802 0.881253 
0.000000 0.000000 0.000000 
18
560.471619 238.368698 0.866751 
523.663940 239.878601 0.878702 
531.014771 241.427704 0.880120 
530.985535 281.087311 0.849091 
558.925781 300.125305 1.030439 
514.853394 232.565231 0.707734 
529.560608 275.138702 0.201774 
548.652954 285.480225 0.200713 
513.409302 311.938690 0.701756 
592.760559 308.969360 0.939329 
581.028992 360.462769 0.917124 
507.482513 307.535278 0.434545 
582.415710 282.557159 0.691638 
573.657532 347.272827 0.462290 
563.331970 229.593414 0.911289 
0.000000 0.000000 0.000000 
550.116516 223.727371 0.866028 
0.000000 0.000000 0.000000 
18
570.687256 239.840897 0.917588 
533.938477 236.939682 0.873118 
542.760620 241.311951 0.901116 
535.404419 276.699280 0.980992 
557.501709 301.648254 1.072868 
523.661011 229.618591 0.798614 
533.933777 273.661346 0.143013 
550.132019 285.411804 0.169425 
514.859680 313.389618 0.691610 
592.829895 308.998199 0.965996 
581.020264 360.496460 0.940282 
501.615540 310.463226 0.503827 
580.975159 284.008179 0.613425 
575.117310 347.190887 0.345689 
570.742432 231.119995 0.914775 
0.000000 0.000000 0.000000 
560.435059 225.220932 0.921728 
0.000000 0.000000 0.000000 
18
580.938660 239.832840 0.850655 
544.241638 232.550995 0.894415 
554.498779 241.323318 0.868726 
542.751953 276.606506 0.982874 
557.482727 303.106415 0.999290 
533.904846 226.657990 0.775039 
520.668701 228.088013 0.207243 
0.000000 0.000000 0.000000 
519.227051 311.901520 0.661154 
594.255310 309.003479 0.958869 
580.994080 359.081635 0.952567 
500.190399 308.959045 0.518775 
580.969421 285.492706 0.620715 
570.719604 344.300934 0.350742 
581.034302 232.536530 0.873545 
0.000000 0.000000 0.000000 
570.746704 226.653275 0.910728 
0.000000 0.000000 0.000000 
18
591.282227 239.879532 0.868083 
554.551086 232.524124 0.895189 
563.348083 241.410797 0.857218 
547.167419 273.692169 0.929928 
557.504150 304.617737 0.992018 
545.677979 219.355942 0.738511 
517.804626 217.905838 0.717616 
533.901428 217.827957 0.103382 
522.164063 309.005341 0.617676 
597.163879 310.418457 0.938324 
580.983337 360.459442 0.923186 
506.042145 300.174988 0.478148 
582.476868 285.455536 0.672733 
572.164307 345.768311 0.429503 
592.720215 234.020569 0.883775 
0.000000 0.000000 0.000000 
582.439941 228.123306 0.917479 
0.000000 0.000000 0.000000 
18
597.162048 239.899673 0.813857 
560.439575 231.057846 0.880047 
570.670471 241.345047 0.930372 
555.970520 272.226624 0.945925 
557.474304 304.581543 0.962872 
553.065308 219.347931 0.766823 
523.655029 229.582428 0.107795 
0.000000 0.000000 0.000000 
523.668457 300.199036 0.644962 
601.585266 310.470734 0.945233 
581.022827 360.462891 0.926053 
511.929169 291.384033 0.480918 
591.244629 286.945679 0.657290 
570.747253 345.741638 0.569019 
600.137573 232.562927 0.803411 
0.000000 0.000000 0.000000 
591.288757 228.101898 0.940806 
0.000000 0.000000 0.000000 
18
606.015564 236.956924 0.843780 
569.254700 229.547592 0.910848 
578.066589 239.858017 0.826555 
557.537048 269.295074 0.976465 
557.476013 303.126099 0.964227 
558.978821 217.893936 0.826573 
0.000000 0.000000 0.000000 
0.000000 0.000000 0.000000 
533.933228 289.907562 0.631746 
604.484253 310.468567 0.987440 
581.062134 359.069183 0.944243 
520.694092 284.018341 0.543269 
592.812927 288.397156 0.606975 
570.769470 345.732666 0.699649 
607.457886 229.604660 0.917914 
0.000000 0.000000 0.000000 
597.162048 222.276398 0.880134 
0.000000 0.000000 0.000000 
18
613.358398 229.589447 0.823301 
572.199463 226.643311 0.872235 
582.482422 235.498474 0.841745 
558.980042 266.405426 0.961496 
557.529358 300.239410 0.963742 
563.349304 216.370483 0.800152 
544.235901 231.122635 0.056490 
0.000000 0.000000 0.000000 
535.476196 286.975830 0.697676 
605.941467 310.493225 1.042420 
581.061218 360.448120 0.925365 
522.242065 279.593689 0.578969 
594.245483 291.363037 0.422602 
570.779785 345.703644 0.693487 
614.809143 225.202316 0.840476 
0.000000 0.000000 0.000000 
604.486938 217.869827 0.933791 
0.000000 0.000000 0.000000 
18
617.793335 222.237457 0.789581 
579.501831 217.868683 0.887563 
586.885193 228.154831 0.820214 
563.344849 264.836273 0.921764 
558.967834 298.735535 1.003431 
569.231567 209.024734 0.786435 
535.474182 238.405075 0.149724 
0.000000 0.000000 0.000000 
544.242859 279.626709 0.673805 
606.066528 311.879089 1.016715 
581.067444 360.450836 0.909029 
529.555847 275.131561 0.626470 
595.714661 289.909912 0.439311 
572.160339 345.716064 0.718032 
619.238647 216.396729 0.850449 
0.000000 0.000000 0.000000 
608.969604 209.052048 0.855905 
0.000000 0.000000 0.000000 
18
625.096619 210.516357 0.731940 
581.068542 214.893631 0.883067 
588.366333 219.324738 0.821431 
564.845520 263.345612 0.904506 
558.977417 298.667938 0.997184 
573.661499 206.052963 0.772358 
569.204407 247.266479 0.115371 
591.254456 275.133209 0.218565 
547.218323 276.644012 0.706649 
608.944336 311.919556 0.981600 
582.429688 360.442993 0.885564 
535.483093 272.249390 0.659353 
603.029846 291.363892 0.539711 
572.181396 345.699982 0.742708 
626.534912 204.671585 0.830366 
0.000000 0.000000 0.000000 
614.824951 201.674393 0.898075 
0.000000 0.000000 0.000000 
18
628.069397 195.799622 0.713806 
582.549561 206.023895 0.885956 
591.322876 213.440445 0.822196 
569.190552 256.073944 0.895887 
561.893127 297.224548 0.918645 
579.536926 198.734863 0.727190 
578.051758 253.104553 0.316590 
594.179016 272.260315 0.342836 
553.075500 270.773407 0.664891 
610.427368 311.886292 0.960199 
582.474915 360.445465 0.857315 
542.754700 264.857239 0.638607 
603.081543 301.659454 0.472671 
573.666504 342.834656 0.699825 
628.069946 192.822311 0.810083 
0.000000 0.000000 0.000000 
616.347961 189.929367 0.932481 
0.000000 0.000000 0.000000 
18
629.478882 182.558197 0.776632 
583.982605 195.802948 0.840411 
592.761292 204.615829 0.886072 
570.717773 251.706375 0.930489 
569.161865 288.463898 0.963763 
578.081726 191.391861 0.759943 
580.920898 242.860596 0.200610 
594.178223 251.632568 0.323287 
564.827515 264.947845 0.650798 
611.859619 311.879944 0.920037 
582.489807 360.470642 0.858228 
547.210571 261.929901 0.661962 
595.702881 310.449158 0.481434 
575.096924 344.246002 0.638700 
629.477722 178.137161 0.778122 
0.000000 0.000000 0.000000 
617.737122 173.737442 0.905948 
0.000000 0.000000 0.000000 
18
629.543335 169.328995 0.763593 
588.379517 185.518066 0.777604 
594.171143 194.331100 0.871527 
579.478943 244.296951 0.862904 
572.153381 286.969299 1.032620 
581.026611 181.062698 0.761881 
580.990051 239.863571 0.148488 
594.176086 245.798065 0.219648 
569.254211 261.945038 0.683011 
610.426758 310.491272 0.909841 
582.461365 360.459930 0.860055 
554.529114 254.630005 0.636580 
597.193970 304.613556 0.438830 
575.102966 342.801880 0.664741 
629.527344 161.984985 0.782242 
0.000000 0.000000 0.000000 
617.800476 160.549271 0.910953 
0.000000 0.000000 0.000000 
18
631.041687 157.560181 0.832458 
591.274170 179.573853 0.839449 
595.676270 184.077377 0.834231 
582.425842 236.935852 0.891527 
582.413330 279.594910 0.961129 
581.040283 170.845871 0.777727 
0.000000 0.000000 0.000000 
0.000000 0.000000 0.000000 
578.065674 260.453278 0.679269 
608.919495 310.490662 0.938847 
582.425415 360.468109 0.859060 
558.954956 253.161713 0.732210 
588.362549 303.116272 0.507143 
576.571167 342.826660 0.670262 
629.575439 148.803558 0.852830 
0.000000 0.000000 0.000000 
617.721130 150.224213 0.931156 
0.000000 0.000000 0.000000 
18
629.563782 145.793777 0.838553 
591.312012 170.776840 0.876257 
595.753174 179.572342 0.812534 
589.844238 229.615250 0.878231 
591.297791 273.686310 0.928163 
582.442078 166.366760 0.780211 
0.000000 0.000000 0.000000 
0.000000 0.000000 0.000000 
580.964111 251.669220 0.730823 
606.075684 310.421021 0.898190 
582.400085 360.446442 0.874260 
563.373413 248.732193 0.686649 
597.173401 304.589447 0.595655 
575.147705 344.295441 0.679816 
628.104736 138.437912 0.852762 
0.000000 0.000000 0.000000 
616.324768 142.844910 0.889302 
0.000000 0.000000 0.000000 
18
629.512268 135.579330 0.876238 
591.295898 166.389893 0.830945 
597.175110 170.810760 0.821584 
594.188660 226.607635 0.878055 
603.043701 264.920135 0.960771 
582.418518 159.085358 0.805806 
0.000000 0.000000 0.000000 
0.000000 0.000000 0.000000 
582.504089 250.222336 0.706232 
604.572693 307.547913 0.871036 
581.069397 359.029144 0.911411 
570.667603 245.770691 0.697174 
592.799438 303.132690 0.689185 
573.661926 344.260223 0.718643 
628.008240 132.556488 0.878970 
0.000000 0.000000 0.000000 
614.833130 134.081985 0.926248 
0.000000 0.000000 0.000000 
18
628.106445 131.071747 0.862162 
592.688293 160.494843 0.873877 
600.095398 167.879410 0.832971 
600.140991 223.742569 0.821242 
611.904480 264.853485 0.869103 
581.031860 157.549438 0.836626 
0.000000 0.000000 0.000000 
0.000000 0.000000 0.000000 
591.261719 250.165802 0.686648 
603.008362 303.127747 0.845587 
581.067932 359.010132 0.911317 
572.224365 242.857635 0.672232 
588.372009 300.195740 0.739731 
573.646057 345.696045 0.746971 
626.588074 123.760719 0.936909 
0.000000 0.000000 0.000000 
613.350708 128.174637 0.861956 
0.000000 0.000000 0.000000 
