35
1
18
466.337341 157.587845 0.963746 
467.805389 189.926331 0.876647 
442.803192 189.888672 0.871343 
435.428528 222.247284 0.838510 
444.269928 229.677368 0.899021 
494.271484 191.329193 0.852509 
504.560699 228.051575 0.884788 
485.420288 228.208435 0.892977 
456.055420 260.495209 0.784429 
463.427307 307.520996 0.861609 
464.864594 348.739807 0.884197 
486.922272 259.016663 0.834846 
486.861786 306.054657 0.846730 
488.352661 348.730652 0.884016 
463.358948 153.133957 0.882377 
475.062775 153.126190 0.886513 
453.168457 156.127167 0.822589 
479.569824 157.483658 0.749304 
18
467.782867 157.615463 0.947859 
469.260284 191.355759 0.878145 
442.845001 189.909210 0.854013 
436.884460 220.805359 0.855893 
445.766510 229.675064 0.917569 
495.712738 191.405899 0.868519 
504.556915 228.108170 0.898896 
485.460541 229.551666 0.909318 
456.061279 260.467773 0.784774 
463.450317 307.498627 0.866632 
464.868225 348.719635 0.888874 
486.926971 259.021057 0.840441 
486.852539 304.614960 0.847194 
488.334381 348.722870 0.889793 
463.421112 153.162598 0.906054 
475.129333 153.157349 0.906348 
454.595306 157.486267 0.829052 
482.483490 157.501846 0.766925 
18
470.724518 158.968399 0.935043 
469.266113 191.380432 0.882523 
442.839203 189.905823 0.854672 
436.912720 220.781479 0.862853 
447.235413 229.672684 0.920527 
495.715179 192.795502 0.875468 
504.572021 228.133286 0.904076 
485.420197 229.554352 0.892714 
457.516052 260.506989 0.787654 
464.782898 307.534119 0.876059 
464.873962 348.718445 0.888391 
486.965485 260.456909 0.842999 
486.862366 306.064514 0.856399 
488.345093 348.729279 0.894126 
464.815125 153.168839 0.914033 
475.211761 153.164032 0.910200 
456.019104 156.125717 0.841839 
485.374237 157.500839 0.772613 
18
473.615173 159.013977 0.949363 
469.270813 191.374069 0.885870 
442.815033 188.453812 0.864801 
436.933929 219.358810 0.879480 
448.660675 229.674927 0.935036 
495.727295 192.807388 0.881244 
506.010376 228.122574 0.906862 
486.857605 228.209976 0.913418 
458.957458 260.505951 0.793390 
464.785736 307.541718 0.871417 
464.864319 348.706177 0.891826 
488.325714 260.456177 0.838905 
486.854584 306.083069 0.850606 
488.352264 350.158569 0.878129 
464.888184 154.617828 0.911649 
476.611420 154.633408 0.921511 
457.528625 156.083252 0.809043 
485.433868 157.511261 0.800561 
18
473.670532 159.040436 0.969675 
470.730713 191.381836 0.885516 
442.835663 188.466064 0.854977 
438.365936 219.369415 0.881868 
448.685883 229.687210 0.938896 
497.169708 192.807404 0.894272 
506.017487 228.096298 0.896647 
486.888885 228.210632 0.911430 
458.976410 260.479767 0.790961 
464.796448 307.494720 0.859064 
464.856598 348.697693 0.900936 
488.344208 259.023773 0.834720 
486.870728 306.053009 0.860800 
488.344666 350.178650 0.879686 
464.925507 154.646774 0.909104 
476.655365 156.047699 0.925512 
458.980286 156.084381 0.807716 
486.832764 157.529892 0.805513 
18
473.700989 159.038498 0.981301 
472.166779 191.363846 0.879921 
444.249115 188.468201 0.846865 
438.343140 219.367050 0.886279 
450.100677 229.694214 0.950729 
497.195404 192.785172 0.891369 
506.049377 228.074463 0.894868 
486.898682 229.549545 0.909249 
460.419373 260.504395 0.796906 
464.791656 307.550446 0.871360 
464.856995 348.703033 0.901360 
488.362396 259.034088 0.832465 
486.881683 306.046082 0.870921 
488.346130 348.757294 0.894007 
466.297760 154.637283 0.899392 
476.689819 156.053894 0.917177 
458.995758 156.080154 0.819403 
486.871277 157.554047 0.834302 
18
475.072296 159.020905 0.993326 
472.198273 191.347397 0.878223 
444.265198 189.879791 0.843229 
438.348022 220.806122 0.875189 
450.139557 229.660965 0.943471 
497.225891 191.402328 0.890972 
507.497864 228.065094 0.895319 
488.317261 228.092438 0.889481 
461.866302 260.507507 0.804560 
464.807892 307.504730 0.863679 
464.888214 348.692566 0.887410 
488.424011 259.028900 0.818039 
486.912323 304.584595 0.886053 
488.351501 348.751465 0.899731 
466.315796 154.613571 0.894431 
478.066498 156.042526 0.907796 
460.412201 156.081604 0.816623 
486.880402 157.558411 0.803587 
18
475.076843 158.998520 0.991909 
472.179962 189.928711 0.857318 
444.254883 189.907700 0.844598 
438.387085 222.289093 0.869005 
450.113220 231.097031 0.899936 
497.198090 191.340073 0.865437 
508.920013 228.125046 0.910981 
488.427521 220.818039 0.868655 
461.881409 260.496399 0.815946 
464.812775 307.515717 0.869944 
464.885956 348.680145 0.895767 
488.450714 259.039093 0.812678 
486.924133 306.047058 0.878851 
488.357025 350.152649 0.898074 
466.315918 153.184662 0.886955 
478.060242 154.623001 0.898756 
458.990417 156.073334 0.808407 
486.871582 157.532349 0.736717 
18
475.099213 159.001175 1.015895 
472.220825 188.470566 0.856560 
445.730072 189.892975 0.841594 
439.779083 223.742752 0.876662 
450.165253 232.525269 0.894477 
497.216034 189.930939 0.869712 
506.024078 228.158554 0.914684 
488.454834 209.037308 0.842823 
461.859558 259.021515 0.808220 
464.816864 307.510254 0.873761 
464.880768 348.679260 0.907618 
488.437622 257.568268 0.821438 
486.909943 306.053650 0.879686 
488.359772 350.181549 0.892033 
466.341034 154.610626 0.885957 
478.058136 154.624054 0.906983 
458.993866 156.082870 0.821489 
486.860382 157.515854 0.674379 
18
475.121399 159.010086 1.020664 
472.209045 188.428207 0.859973 
445.731720 189.909912 0.850051 
439.825928 225.203842 0.883838 
451.554047 232.559769 0.871315 
497.190857 188.438385 0.854944 
504.544983 228.077484 0.906871 
488.438843 203.154663 0.870957 
461.868927 259.022888 0.801480 
464.821075 307.519501 0.869990 
464.887848 348.681641 0.900670 
488.431183 257.533539 0.818291 
486.928040 306.079193 0.882366 
488.358551 350.158966 0.899636 
466.365112 154.632935 0.879427 
478.066254 154.629822 0.910284 
460.409485 156.084549 0.830897 
486.857819 157.508972 0.638888 
18
475.166077 159.027039 1.022638 
472.189056 187.001495 0.854531 
444.306946 191.332077 0.852810 
439.808441 226.622925 0.877759 
451.574310 232.538589 0.865384 
497.194366 186.949127 0.828605 
503.066498 223.752502 0.885960 
488.430969 192.886093 0.899474 
461.881195 260.482941 0.790242 
464.824188 307.541016 0.867790 
464.891083 348.705322 0.895407 
488.419373 257.560577 0.807277 
486.926025 307.513031 0.881079 
488.356781 350.186432 0.896416 
466.382141 154.646744 0.878751 
478.095734 154.622223 0.912099 
458.970123 156.102081 0.828739 
486.899445 157.476028 0.552062 
18
475.188568 159.042709 1.028246 
472.181488 186.997467 0.849276 
444.292511 191.350769 0.860542 
439.783691 226.637146 0.874957 
451.606384 231.137085 0.860016 
497.210236 185.531326 0.831963 
501.659637 220.765930 0.899311 
488.370941 191.341522 0.872061 
461.887482 260.489014 0.792197 
464.816162 307.553894 0.867456 
464.887421 348.672516 0.904607 
488.420013 257.574615 0.812924 
486.925354 307.517395 0.878819 
488.362305 350.179840 0.898085 
467.783905 156.041550 0.885286 
478.125122 154.635605 0.915753 
457.535126 156.106567 0.824375 
486.933136 157.484512 0.541507 
18
475.182465 159.028763 1.034117 
472.185547 186.996246 0.848904 
444.289520 191.352524 0.856576 
439.791779 226.679657 0.886751 
451.653656 232.546494 0.846971 
497.226166 185.533234 0.840442 
501.637817 219.334885 0.907254 
488.323273 188.461746 0.884740 
461.850464 260.458862 0.784335 
464.802826 307.547241 0.861621 
464.876312 348.708435 0.901504 
488.406738 257.562286 0.814922 
486.906616 307.518707 0.870801 
488.359528 350.149963 0.899847 
466.369293 154.640747 0.891185 
478.123474 154.602814 0.911289 
457.501251 157.488922 0.829427 
486.948944 157.492783 0.589574 
18
475.182343 159.012268 1.030715 
470.760315 186.993927 0.848889 
444.256897 191.349808 0.859636 
439.785583 228.059753 0.886223 
451.667694 232.567230 0.844479 
497.226349 186.952774 0.847231 
500.162537 219.341019 0.930500 
486.965332 186.971481 0.865682 
461.849182 260.484436 0.785009 
464.790771 308.948456 0.865337 
464.867645 348.724762 0.897778 
488.401031 257.568481 0.819988 
486.922852 307.526978 0.871486 
488.362061 350.183472 0.893326 
466.373718 154.628998 0.885947 
478.110504 153.175400 0.915722 
457.498383 157.486053 0.838490 
486.920410 156.110825 0.568533 
18
475.184357 158.976990 1.038334 
470.736938 187.002747 0.842350 
444.246735 191.363647 0.862572 
438.398682 228.068146 0.888986 
451.656128 232.547806 0.846442 
497.200073 186.960770 0.845707 
500.083008 219.343292 0.929620 
486.949890 186.957230 0.863093 
461.859558 260.493622 0.786099 
464.798553 308.968231 0.874878 
464.867340 348.709717 0.907131 
488.402069 257.572083 0.819301 
486.915466 307.530304 0.872432 
488.360291 350.177673 0.891848 
466.369995 153.185379 0.883496 
478.112366 151.711029 0.918789 
456.069824 157.493805 0.830706 
486.910187 156.093536 0.484620 
18
475.174469 158.970993 1.036749 
470.724792 188.431137 0.842067 
444.245941 191.394745 0.874080 
438.381378 228.084625 0.890157 
451.665070 232.552399 0.826614 
497.169617 186.970062 0.833350 
498.731567 219.348190 0.930783 
486.942566 185.509796 0.889347 
460.460541 260.479492 0.788891 
464.796753 307.555939 0.862836 
464.876129 348.704895 0.907100 
488.388062 257.564514 0.819966 
486.907623 306.085266 0.864308 
488.357330 350.177063 0.885947 
466.367371 154.587936 0.887937 
478.091980 151.708908 0.921507 
456.053223 157.508072 0.829023 
486.885162 156.117752 0.389884 
18
475.186768 159.015869 1.031579 
470.716431 189.873398 0.844162 
442.843170 192.783951 0.894958 
438.333435 228.124115 0.894269 
451.642273 232.572113 0.850976 
497.171356 188.424103 0.823153 
498.710083 219.376602 0.918770 
486.933167 186.969452 0.877332 
460.457581 260.499146 0.793482 
464.795685 308.970856 0.873343 
464.876007 348.709869 0.905869 
488.379913 257.564606 0.820655 
486.897827 307.505157 0.862400 
488.358856 350.179840 0.887076 
466.371033 154.636536 0.894740 
478.109711 153.173111 0.919112 
456.037170 157.510483 0.818916 
486.913818 157.491257 0.357948 
18
475.212158 159.054352 1.015792 
469.277496 189.876678 0.841597 
442.824066 192.784439 0.898110 
436.890869 228.114349 0.883456 
451.612762 232.556519 0.865136 
497.146332 188.434067 0.810922 
498.706024 220.786285 0.908933 
486.931946 186.984390 0.860250 
460.457611 261.897949 0.786882 
464.797272 308.976563 0.876338 
464.869385 348.719177 0.900193 
488.377441 257.557068 0.815116 
486.903320 306.087555 0.863297 
488.363678 350.198029 0.887887 
467.781494 156.056320 0.894600 
478.145844 154.624084 0.913619 
456.032715 157.504532 0.818275 
486.904694 157.530457 0.299409 
18
475.186462 159.049683 1.017210 
469.253235 188.426697 0.842551 
442.816040 191.380310 0.893411 
435.455139 228.103821 0.884032 
451.573242 232.558853 0.868099 
495.748566 188.414749 0.803310 
498.688782 220.811768 0.905211 
486.949677 188.418106 0.860230 
460.440582 260.490387 0.781411 
464.786987 307.522369 0.848407 
464.871155 348.712372 0.904712 
488.375427 257.544006 0.810303 
486.894348 304.613739 0.861199 
488.355438 350.176208 0.886864 
467.767822 156.036667 0.886390 
478.124451 154.628723 0.919254 
456.016602 156.123779 0.831015 
486.906036 157.524719 0.322331 
18
475.161957 159.064346 1.013089 
467.829407 188.427704 0.851241 
442.826019 191.373398 0.893793 
435.424622 228.115128 0.894314 
451.577148 232.577713 0.867973 
495.689087 186.995758 0.793549 
498.703461 222.287094 0.908081 
488.313110 189.928757 0.899649 
460.423431 260.477539 0.782408 
464.792206 307.527222 0.851888 
464.878418 348.696503 0.903944 
488.358398 256.102203 0.811619 
486.888641 304.601715 0.867707 
488.368256 350.176422 0.892181 
466.371979 156.050705 0.895345 
478.097595 156.045029 0.933171 
454.610687 157.473419 0.864331 
486.882141 157.536819 0.330171 
18
475.131653 159.042389 1.015128 
467.804260 188.450867 0.863342 
442.834869 191.406082 0.891731 
433.975494 228.099762 0.891958 
450.162109 232.557251 0.869098 
492.795807 186.987091 0.800538 
500.080536 226.604599 0.928013 
488.365326 192.850433 0.916802 
460.420319 261.906494 0.784610 
463.447662 308.956360 0.861028 
464.880188 348.695160 0.899876 
488.340759 257.533508 0.817410 
486.885101 306.047791 0.860255 
488.375732 350.198425 0.883818 
466.344849 154.653824 0.892778 
476.702393 154.645599 0.933797 
454.619385 157.477386 0.868197 
486.826782 157.516647 0.327829 
18
475.062012 159.042053 0.992359 
467.786652 189.904831 0.875991 
442.797485 192.787231 0.911104 
432.546631 228.100418 0.884578 
448.704620 232.560043 0.856785 
492.807739 188.453751 0.798721 
500.199158 228.080795 0.946789 
488.426575 194.386642 0.874252 
458.957703 261.900787 0.788852 
463.432159 308.942413 0.860990 
464.866241 348.696533 0.897119 
488.312347 257.533081 0.817942 
486.867493 304.609863 0.855902 
488.366394 350.152191 0.884317 
464.939484 156.037033 0.894682 
476.638580 156.035416 0.936491 
454.601166 156.120422 0.897524 
485.377289 157.491074 0.371644 
18
472.209076 159.018875 0.956339 
467.823822 191.337784 0.873487 
442.825439 192.775726 0.902483 
432.541779 228.072113 0.887985 
448.666199 232.589981 0.841184 
494.274445 189.920380 0.829631 
501.631653 229.574356 0.918326 
489.834290 204.549561 0.828650 
457.520050 261.906738 0.796562 
463.434509 308.955414 0.877598 
464.886688 348.683533 0.897562 
486.969818 259.013489 0.807907 
486.844299 306.086182 0.839219 
488.360382 350.148346 0.878818 
464.848083 154.646301 0.918738 
476.555481 154.630890 0.925621 
454.532135 157.474731 0.890928 
481.042206 157.500992 0.400596 
18
467.780914 158.990692 0.957238 
467.817963 192.772964 0.893033 
442.792755 192.823990 0.924747 
433.966827 228.057831 0.892894 
447.218323 232.570038 0.879156 
495.726410 191.409637 0.859317 
507.463989 229.582977 0.901597 
489.839661 216.324814 0.900986 
456.065521 261.922607 0.815052 
463.418518 308.973450 0.895772 
464.878815 348.713837 0.900655 
486.942841 260.479919 0.841084 
486.831757 307.504700 0.836187 
488.359039 350.159576 0.879046 
463.399384 154.633835 0.918512 
475.093750 154.620728 0.921591 
453.119049 157.530685 0.930429 
479.531372 157.538284 0.608232 
18
466.317047 157.631851 0.980539 
466.355377 191.395721 0.906984 
441.397095 192.777771 0.919805 
433.962555 226.629410 0.872870 
447.235229 232.532303 0.862663 
492.763947 191.383255 0.854324 
507.488617 226.671906 0.886886 
486.900116 222.282578 0.856491 
454.613434 261.943848 0.824314 
463.404266 308.998260 0.887703 
464.879150 348.746033 0.890012 
486.857025 260.491821 0.833995 
485.436859 307.556854 0.826364 
488.367401 350.197632 0.860899 
463.316223 154.607315 0.889470 
473.682343 153.180450 0.897193 
453.076538 157.559799 0.913112 
478.105499 157.552628 0.680237 
18
464.938995 158.988693 0.995741 
466.309082 191.378998 0.930030 
441.334015 192.780716 0.940275 
432.510864 226.676422 0.906627 
447.214813 232.542007 0.865745 
491.348022 191.335358 0.868878 
506.008850 220.815796 0.863062 
486.901489 228.107208 0.956291 
453.153198 261.943634 0.860685 
463.393768 308.968872 0.876240 
464.867462 348.711700 0.900563 
485.447510 260.477142 0.814267 
485.403656 307.554810 0.810921 
488.366760 350.196564 0.849995 
461.934937 154.637726 0.897824 
473.664459 154.642044 0.903151 
453.053558 157.555527 0.905589 
478.102875 157.588364 0.730599 
18
464.940460 159.028671 1.000051 
464.929321 191.397278 0.940919 
441.292480 192.787659 0.937946 
431.022766 225.194717 0.887093 
442.836975 231.125763 0.881003 
491.322083 191.342712 0.877409 
501.652100 220.794022 0.878774 
486.862061 229.541214 0.966062 
453.120880 263.352722 0.878522 
463.349762 308.976868 0.876988 
464.883087 348.690521 0.905640 
485.391327 260.494049 0.802619 
483.985443 307.535156 0.805682 
488.361694 350.166534 0.861069 
461.925751 156.055817 0.909914 
473.669983 156.072601 0.920680 
453.039154 157.570099 0.913216 
478.113159 157.615677 0.744409 
18
466.294434 159.106155 0.971993 
464.876038 191.409225 0.956574 
439.891144 192.783508 0.936520 
429.596161 225.166473 0.893909 
442.793854 231.114685 0.890064 
489.889069 191.350037 0.883039 
500.195557 222.247070 0.899798 
483.954254 229.609329 0.918086 
453.072815 263.389008 0.893192 
463.315002 308.993622 0.869289 
464.869049 348.709900 0.907603 
483.959869 261.933533 0.803035 
483.936859 308.966492 0.809753 
488.347565 350.159271 0.870519 
461.929108 156.127975 0.924622 
473.663605 157.503159 0.938635 
453.032562 157.583023 0.907756 
478.111420 158.994965 0.719609 
18
466.310760 160.503296 0.948596 
464.869476 192.797272 0.963193 
439.876221 192.794891 0.943845 
429.528168 225.162781 0.900317 
441.385864 231.104218 0.908791 
489.882294 192.766159 0.885509 
500.108978 225.206894 0.899400 
483.948425 229.554016 0.891734 
453.026184 263.388123 0.897306 
461.939331 308.974670 0.859883 
464.864868 348.709686 0.903625 
482.476593 261.944946 0.805532 
482.503876 308.960144 0.804432 
488.349915 350.173828 0.871095 
463.297516 157.525497 0.941353 
473.663818 157.539795 0.948077 
453.041168 157.613754 0.895620 
478.084381 158.995544 0.647581 
18
466.315155 160.534592 0.942003 
464.819824 192.804825 0.970938 
439.831635 192.817291 0.933429 
429.523529 225.213440 0.909841 
442.834595 231.119522 0.890739 
488.459229 192.768875 0.910738 
498.711365 226.648102 0.927141 
479.555756 229.612488 0.866423 
451.652893 263.370667 0.891707 
461.898254 308.978424 0.856562 
464.863281 348.705231 0.911994 
481.005646 261.934662 0.802604 
481.041718 307.533875 0.802687 
488.342285 350.168152 0.876746 
463.307068 157.558212 0.949358 
473.662201 157.572403 0.955566 
453.035919 158.999695 0.908949 
476.695007 159.047256 0.613028 
18
466.300018 160.552704 0.942464 
464.781189 192.816284 0.966333 
439.787964 192.839493 0.916183 
428.142670 226.635605 0.928036 
444.248230 231.127640 0.895734 
488.417511 192.768723 0.927797 
498.646637 226.653732 0.921752 
478.103455 229.641113 0.858335 
451.609680 263.361542 0.886856 
461.907410 308.967163 0.857088 
464.859039 348.674194 0.927000 
479.537781 261.908875 0.802207 
481.034485 307.558075 0.817847 
488.325531 348.741791 0.881754 
461.931854 157.571671 0.941158 
473.647858 157.580231 0.954394 
451.660828 159.028427 0.888493 
476.655640 159.063644 0.538310 
18
464.937775 161.986435 0.933146 
463.414337 192.834381 0.964108 
438.387329 192.864914 0.907802 
428.128143 226.673325 0.940379 
442.815704 232.526901 0.896449 
488.373260 192.781723 0.942214 
498.629059 226.638794 0.916810 
478.066498 229.657440 0.851933 
451.594757 263.380829 0.889500 
461.891998 308.990784 0.860165 
464.847900 348.690155 0.927483 
478.138794 261.924011 0.813442 
479.590027 307.535614 0.819264 
488.316437 348.732117 0.885889 
461.911285 157.611542 0.937434 
473.628326 157.616516 0.952254 
451.624481 159.061676 0.869701 
476.610413 159.078415 0.499837 
18
464.935760 162.019638 0.929490 
463.373749 192.831375 0.951132 
438.342072 192.873230 0.894597 
428.099213 226.687363 0.936276 
441.373871 232.545380 0.916271 
488.333008 191.398956 0.935576 
498.618561 225.208664 0.903868 
476.674652 229.655533 0.863505 
451.579865 263.378113 0.879802 
461.877625 308.980377 0.854630 
464.838531 348.702942 0.926761 
478.121765 261.918762 0.814965 
479.572021 307.543762 0.820247 
488.310455 348.747589 0.880690 
461.904541 157.637589 0.937464 
473.624969 158.967117 0.960363 
451.600769 159.081146 0.879852 
476.586975 159.084625 0.481907 
18
464.932617 163.439499 0.931286 
463.352509 192.820114 0.942493 
436.932587 192.859802 0.887929 
428.097229 226.674271 0.934657 
441.336761 232.576035 0.905115 
486.973572 191.385864 0.926173 
498.609833 223.753052 0.886121 
478.098358 229.620285 0.869081 
451.558746 261.955078 0.857542 
460.433075 308.948303 0.821401 
464.840057 348.695129 0.929624 
478.105988 260.472443 0.805901 
478.135284 307.494812 0.832928 
486.975342 348.754852 0.880671 
461.893433 158.984589 0.937105 
473.617798 158.976913 0.963849 
451.585938 159.111450 0.864946 
476.564575 159.088913 0.444641 
18
466.304321 163.445511 0.926572 
463.336243 192.839981 0.943605 
436.919342 192.890915 0.889265 
428.105560 228.076599 0.947617 
442.810547 235.470810 0.886207 
486.949005 191.392288 0.926705 
498.644867 223.712494 0.895219 
481.013947 229.613632 0.855341 
451.604767 263.371613 0.885365 
460.465698 308.973816 0.838157 
464.847656 348.701141 0.917471 
478.134277 261.910492 0.811170 
479.530182 307.541534 0.821754 
488.305664 348.753357 0.887965 
461.910126 158.987961 0.944718 
473.630280 158.977982 0.973865 
451.572021 159.113434 0.857551 
476.543488 159.083008 0.340335 
