24
1
18
557.537415 159.104889 0.854614 
532.440430 197.291077 0.705484 
535.459534 204.555023 0.911527 
541.295044 251.594055 0.874872 
554.553650 282.549133 0.868161 
523.647705 192.876221 0.588705 
0.000000 0.000000 0.000000 
0.000000 0.000000 0.000000 
532.485413 273.734344 0.714408 
531.020874 320.733704 0.661789 
529.548523 367.787994 0.724663 
525.122314 270.793030 0.544124 
533.913940 314.901428 0.639171 
531.026001 358.990814 0.574736 
555.971741 157.490677 0.809973 
0.000000 0.000000 0.000000 
542.743103 159.008514 0.777657 
0.000000 0.000000 0.000000 
18
557.489075 160.490250 0.880427 
529.532349 195.839142 0.690498 
535.403076 203.154160 0.896304 
539.854126 248.724655 0.849576 
556.005066 281.075409 0.920582 
522.184937 192.849548 0.609277 
0.000000 0.000000 0.000000 
0.000000 0.000000 0.000000 
533.909668 275.149261 0.730889 
531.000916 322.187347 0.709954 
529.530457 367.799347 0.750335 
525.155884 272.257233 0.571049 
532.471680 319.317322 0.659877 
531.033569 359.000854 0.580648 
554.523560 157.498932 0.829282 
0.000000 0.000000 0.000000 
538.393311 157.621796 0.791715 
0.000000 0.000000 0.000000 
18
557.446411 159.085648 0.923742 
529.516174 195.785172 0.709283 
535.400696 203.170380 0.898707 
538.401184 250.157547 0.860996 
555.964355 279.601593 0.905497 
522.153870 191.393173 0.603053 
0.000000 0.000000 0.000000 
0.000000 0.000000 0.000000 
533.905518 275.136292 0.724568 
530.989441 322.212402 0.732156 
528.100281 367.790192 0.752439 
525.160461 272.242188 0.564664 
532.451477 320.764923 0.665787 
531.025391 359.025696 0.608258 
551.614258 156.110367 0.846555 
0.000000 0.000000 0.000000 
536.916992 157.628113 0.819457 
0.000000 0.000000 0.000000 
18
557.432495 159.052704 0.948742 
528.082458 195.769196 0.727983 
535.375000 203.170197 0.896110 
536.897644 250.166748 0.911783 
553.069641 278.192139 0.910313 
522.150757 191.359894 0.611828 
0.000000 0.000000 0.000000 
0.000000 0.000000 0.000000 
533.905823 273.735474 0.715094 
530.994446 322.172791 0.720796 
529.524048 367.771606 0.754928 
525.138000 270.788544 0.564625 
532.507751 319.302063 0.675993 
531.032959 358.967834 0.589554 
550.149048 156.071487 0.848295 
0.000000 0.000000 0.000000 
535.492432 157.608810 0.821223 
0.000000 0.000000 0.000000 
18
557.448486 159.064240 0.943314 
528.084717 195.816040 0.705033 
534.003601 204.558365 0.894410 
535.504028 250.185028 0.922022 
550.119995 278.190643 0.918060 
522.186401 191.394058 0.599503 
0.000000 0.000000 0.000000 
0.000000 0.000000 0.000000 
532.502563 275.148163 0.713831 
529.559937 322.188782 0.710371 
529.519958 367.785950 0.751205 
526.582214 272.254089 0.554737 
533.880676 319.316193 0.667562 
531.035950 358.976563 0.586768 
550.159363 156.099686 0.841759 
0.000000 0.000000 0.000000 
536.868835 158.991272 0.808953 
0.000000 0.000000 0.000000 
18
557.447266 159.078186 0.945919 
529.560974 197.242935 0.689750 
534.013794 204.566727 0.899301 
535.429382 250.185989 0.919750 
548.669617 278.163025 0.935634 
523.653076 192.841263 0.569489 
544.212585 242.821609 0.077973 
0.000000 0.000000 0.000000 
531.035706 273.741333 0.712568 
529.520081 320.786926 0.707960 
529.538635 367.800476 0.769585 
529.554993 272.226593 0.526318 
533.935913 317.846283 0.684126 
531.037537 358.961548 0.573174 
550.133911 157.481415 0.863136 
0.000000 0.000000 0.000000 
535.476563 158.995636 0.825476 
0.000000 0.000000 0.000000 
18
557.453186 159.099579 0.916572 
532.440552 197.294861 0.713282 
533.912598 204.559570 0.867133 
535.410339 248.714706 0.845342 
547.255005 282.522430 0.886792 
529.529419 194.327286 0.563715 
547.198242 238.388626 0.575002 
558.931030 260.471619 0.803652 
528.057739 273.718781 0.698260 
529.540161 322.166321 0.710825 
529.552673 367.829346 0.778728 
529.551331 269.326508 0.496274 
533.943970 319.273193 0.694426 
532.438232 358.973450 0.557182 
553.042175 156.125549 0.841279 
0.000000 0.000000 0.000000 
536.937866 157.622818 0.817327 
0.000000 0.000000 0.000000 
18
557.453308 159.088409 0.920926 
532.475769 198.759369 0.747162 
533.877686 204.609406 0.854600 
535.359802 248.722702 0.821548 
547.150269 284.033051 0.908783 
531.030640 194.358109 0.602152 
547.132996 232.540131 0.659702 
560.404724 253.171478 0.873792 
526.613037 275.129028 0.713084 
529.548706 322.169525 0.678588 
529.548950 367.804901 0.770266 
528.090515 269.292114 0.482098 
533.945679 317.827942 0.618127 
532.432373 357.550690 0.494917 
553.041687 156.120087 0.825125 
0.000000 0.000000 0.000000 
538.356689 159.001633 0.792718 
0.000000 0.000000 0.000000 
18
557.435974 159.098358 0.941343 
532.482727 197.293320 0.748955 
532.470642 204.554245 0.838872 
534.017151 250.171509 0.793581 
545.735474 286.888123 0.974645 
532.505859 194.332001 0.613317 
547.229919 229.662567 0.762268 
564.824280 253.173355 0.847426 
528.067200 273.743713 0.735065 
528.065735 322.277588 0.727593 
529.538757 369.203064 0.793084 
535.413208 269.321564 0.550531 
533.955933 320.775024 0.632410 
531.035706 357.531311 0.491252 
551.572144 156.124542 0.847527 
0.000000 0.000000 0.000000 
536.870789 158.981857 0.821077 
0.000000 0.000000 0.000000 
18
557.431396 159.077454 0.922480 
532.474182 197.265167 0.745810 
532.484375 203.153290 0.833794 
533.986389 250.144089 0.783947 
545.704895 286.873047 0.968311 
532.471497 194.310043 0.612834 
548.658325 229.620468 0.804648 
569.178894 253.140427 0.878830 
529.545654 273.743530 0.718643 
528.081055 322.284363 0.705689 
529.545959 367.816010 0.749559 
533.915833 270.780975 0.545813 
533.929565 322.175812 0.681397 
531.035156 358.989441 0.580337 
551.585449 156.102173 0.817003 
0.000000 0.000000 0.000000 
536.906250 157.617065 0.811422 
0.000000 0.000000 0.000000 
18
557.458313 159.111282 0.903490 
532.464722 197.263062 0.737525 
533.905945 204.562714 0.847639 
533.993713 248.698853 0.775268 
545.659058 285.479340 0.957821 
530.997803 194.289856 0.597741 
547.238708 229.645065 0.767554 
569.206055 253.077133 0.880300 
530.981262 273.737610 0.717865 
529.534485 322.294098 0.694046 
529.545288 367.803375 0.753410 
532.484558 270.786499 0.540678 
533.902283 322.187073 0.677710 
530.998474 358.996124 0.576985 
553.044739 157.491348 0.821055 
0.000000 0.000000 0.000000 
536.953918 158.979248 0.810948 
0.000000 0.000000 0.000000 
18
557.497375 159.092575 0.916040 
533.882324 197.255493 0.761110 
533.916199 203.163483 0.856725 
533.981506 247.250214 0.768073 
545.646301 285.432617 0.952083 
532.480347 194.292801 0.626769 
547.205750 229.663620 0.753117 
567.763733 251.713928 0.881540 
529.563049 273.729797 0.725898 
529.561279 323.658051 0.699194 
529.541931 367.838348 0.760045 
533.936279 270.768494 0.563653 
533.940918 322.201813 0.695517 
531.011230 359.039825 0.574961 
553.080811 156.122070 0.818955 
0.000000 0.000000 0.000000 
538.398865 159.002670 0.797297 
0.000000 0.000000 0.000000 
18
557.497192 160.518951 0.928522 
532.502441 198.741257 0.764906 
533.955566 204.588608 0.873205 
534.003845 247.239365 0.804685 
544.274353 285.428711 0.935086 
531.001892 194.357941 0.620745 
545.755615 234.012619 0.667530 
564.811707 253.075989 0.866313 
531.002930 275.161438 0.740906 
532.434570 322.238464 0.695833 
529.535522 367.815674 0.730861 
532.464905 270.793640 0.539176 
533.974731 320.736511 0.680023 
530.997070 360.442719 0.606920 
553.071716 157.526077 0.867846 
0.000000 0.000000 0.000000 
536.919067 159.006088 0.822345 
0.000000 0.000000 0.000000 
18
558.883789 161.991409 0.910127 
532.458008 198.709564 0.759148 
533.999329 204.586304 0.868377 
534.008850 247.239792 0.819424 
545.640869 283.996948 0.898679 
526.599548 194.320114 0.622411 
544.259888 238.417358 0.580033 
558.936584 253.116058 1.017329 
530.987305 275.174683 0.735195 
532.469666 320.789215 0.687581 
529.545959 367.758301 0.724218 
528.080139 270.773163 0.517901 
534.010742 317.805298 0.679239 
530.995361 358.997223 0.599615 
555.960999 157.600601 0.895283 
0.000000 0.000000 0.000000 
539.815369 159.045334 0.796645 
0.000000 0.000000 0.000000 
18
558.921143 160.559830 0.885373 
532.482605 198.745422 0.758028 
535.414063 204.605133 0.890658 
535.392395 248.692245 0.862932 
545.707275 282.543915 0.892848 
525.175842 194.336838 0.614381 
545.698853 239.929520 0.474836 
557.525269 259.028748 0.861063 
531.019653 275.189911 0.722067 
532.486206 322.195618 0.685206 
529.569153 367.774933 0.715413 
525.162354 272.253265 0.546644 
533.956787 317.840607 0.661921 
531.004578 359.007141 0.590067 
556.013977 157.558624 0.881497 
0.000000 0.000000 0.000000 
542.746338 159.029266 0.800180 
0.000000 0.000000 0.000000 
18
558.973877 161.977356 0.873250 
532.455261 201.656021 0.708606 
535.438538 204.648422 0.919382 
535.437317 250.212234 0.935857 
547.127380 285.425934 0.954645 
525.109680 195.810760 0.585486 
0.000000 0.000000 0.000000 
0.000000 0.000000 0.000000 
532.470398 275.190094 0.735040 
532.509827 322.216522 0.689147 
529.562744 367.801025 0.708904 
523.703369 273.673737 0.587973 
533.918152 317.839203 0.620440 
531.015381 359.003357 0.561395 
557.408081 157.579575 0.899766 
0.000000 0.000000 0.000000 
541.319885 159.067535 0.777941 
0.000000 0.000000 0.000000 
18
559.010193 160.553391 0.837521 
532.485229 201.638809 0.718169 
535.478943 204.613190 0.910420 
536.883484 251.616013 0.913536 
547.253296 285.449707 0.928664 
523.723694 195.804993 0.599324 
0.000000 0.000000 0.000000 
0.000000 0.000000 0.000000 
532.500122 275.167053 0.733750 
533.906372 322.222961 0.728540 
529.560730 367.797516 0.684979 
523.681152 272.259369 0.600872 
532.448792 319.292938 0.594564 
531.008301 360.443909 0.563715 
557.443848 157.550491 0.875267 
0.000000 0.000000 0.000000 
544.198853 159.089935 0.779679 
0.000000 0.000000 0.000000 
18
559.016418 161.975327 0.819459 
532.508301 201.649139 0.745463 
536.895203 204.602844 0.906675 
536.939026 250.207397 0.906700 
548.628418 284.016327 0.915756 
523.713318 197.237289 0.632513 
0.000000 0.000000 0.000000 
0.000000 0.000000 0.000000 
533.901672 275.179169 0.748059 
533.947449 322.200867 0.755805 
529.566101 367.798340 0.677560 
523.704712 272.269257 0.612388 
532.466003 319.291718 0.611869 
530.983826 360.492554 0.580033 
557.456970 157.583237 0.876570 
0.000000 0.000000 0.000000 
544.235962 160.501175 0.777877 
0.000000 0.000000 0.000000 
18
560.407898 161.997360 0.802119 
533.916931 201.684738 0.774097 
538.362305 204.629623 0.890263 
542.770569 251.598267 0.892804 
550.103210 282.565308 0.896793 
525.113525 197.255066 0.634419 
536.887939 239.903717 0.054531 
0.000000 0.000000 0.000000 
533.936279 275.159210 0.752666 
534.010925 319.318237 0.743506 
529.566895 366.354065 0.711391 
525.114197 272.229584 0.610238 
533.895020 314.867950 0.623001 
531.013184 359.000122 0.569261 
557.505859 157.574844 0.873580 
0.000000 0.000000 0.000000 
544.265320 159.089188 0.803028 
0.000000 0.000000 0.000000 
18
560.431824 161.981293 0.782149 
533.915588 201.650101 0.780443 
538.398071 204.587418 0.883805 
544.225464 250.186020 0.895139 
551.598206 282.542633 0.887766 
523.707520 195.823685 0.660375 
0.000000 0.000000 0.000000 
0.000000 0.000000 0.000000 
533.999756 275.171448 0.768653 
534.018738 320.773529 0.775061 
529.552002 366.314087 0.711272 
525.114685 272.227600 0.626142 
531.002136 316.381226 0.606791 
530.982727 358.997772 0.588605 
557.535950 157.582382 0.867594 
0.000000 0.000000 0.000000 
545.719360 159.099121 0.821292 
0.000000 0.000000 0.000000 
18
560.432922 163.440048 0.808592 
533.923767 201.636963 0.790133 
541.285706 204.593719 0.868741 
545.635742 250.180756 0.900853 
554.554077 282.556152 0.885983 
523.677246 195.791199 0.672525 
0.000000 0.000000 0.000000 
0.000000 0.000000 0.000000 
535.382568 275.195923 0.774694 
535.366333 320.772400 0.786316 
529.545715 366.335022 0.738908 
523.717407 272.253967 0.642538 
531.013306 317.825928 0.607845 
531.006653 358.994202 0.588829 
557.540649 157.615875 0.903082 
0.000000 0.000000 0.000000 
545.706970 159.103134 0.827835 
0.000000 0.000000 0.000000 
18
560.448364 163.447098 0.823335 
533.949768 201.675003 0.799662 
541.331177 204.616592 0.863149 
545.688171 250.205688 0.913571 
557.411011 282.549011 0.916377 
523.686646 195.816711 0.676691 
0.000000 0.000000 0.000000 
0.000000 0.000000 0.000000 
535.436523 276.613556 0.779137 
535.371582 322.204956 0.793608 
529.527222 366.331573 0.735862 
525.113098 273.701630 0.667548 
532.429321 319.304535 0.622175 
532.431946 358.973022 0.592399 
557.544189 157.608871 0.910727 
0.000000 0.000000 0.000000 
545.669189 159.097458 0.821153 
0.000000 0.000000 0.000000 
18
560.445557 164.887924 0.831802 
533.941772 201.667221 0.801801 
542.750549 204.621719 0.870548 
545.753418 250.184418 0.908793 
557.476074 282.527802 0.942573 
523.666443 195.810379 0.680592 
0.000000 0.000000 0.000000 
0.000000 0.000000 0.000000 
535.445618 275.237793 0.776722 
535.363770 322.245544 0.800867 
529.528564 366.344971 0.745910 
523.699280 273.672333 0.663269 
532.453613 320.759369 0.606928 
532.436584 357.567749 0.573560 
558.890686 157.632660 0.924870 
0.000000 0.000000 0.000000 
545.680725 159.108078 0.825750 
0.000000 0.000000 0.000000 
18
560.454468 163.462082 0.819160 
533.941040 201.653580 0.806040 
542.778748 204.613556 0.872441 
547.125732 248.748047 0.897885 
557.503052 282.530579 0.933560 
523.653442 195.793442 0.696603 
0.000000 0.000000 0.000000 
0.000000 0.000000 0.000000 
535.456787 275.195007 0.790058 
535.426758 322.178009 0.796042 
530.986206 366.326935 0.753758 
523.643433 272.229095 0.691477 
530.986633 317.832031 0.597679 
530.999390 358.976807 0.575850 
558.895935 157.626099 0.908784 
0.000000 0.000000 0.000000 
545.704529 159.107880 0.807811 
0.000000 0.000000 0.000000 
18
560.438843 164.932739 0.819794 
533.957336 201.647659 0.794194 
542.768250 204.595383 0.862851 
547.151428 248.710983 0.886670 
557.519531 279.626892 0.937291 
523.689697 195.806107 0.676043 
0.000000 0.000000 0.000000 
0.000000 0.000000 0.000000 
536.873474 275.177734 0.782357 
535.459595 320.782135 0.803331 
531.011047 366.333221 0.758510 
523.704590 272.245850 0.701138 
531.011902 316.366821 0.618633 
531.005127 359.032410 0.598794 
558.902222 158.986633 0.908119 
0.000000 0.000000 0.000000 
545.700439 159.093262 0.811066 
0.000000 0.000000 0.000000 
