37
1
18
522.102783 159.082153 0.976658 
513.346985 192.873306 0.938606 
488.351624 192.850494 0.913779 
486.834473 238.408401 0.860479 
486.844666 267.832336 0.844836 
538.367737 192.922028 0.852937 
545.751709 232.540070 0.904258 
545.702759 266.358215 0.926368 
500.111847 263.377014 0.852729 
500.223999 309.032043 0.917235 
500.138489 350.186920 0.903600 
528.055908 261.983154 0.778192 
523.646240 309.024078 0.884178 
522.231079 353.087585 0.893427 
513.352112 156.067230 0.915230 
525.122314 156.119110 0.925565 
503.112335 157.541382 0.857359 
533.894470 159.002792 0.629272 
18
520.737488 159.075378 0.973181 
511.979828 192.837219 0.935658 
488.347900 192.842941 0.916286 
486.827515 238.405975 0.866058 
486.847229 267.822418 0.856771 
536.955139 192.857803 0.853578 
545.734802 231.119400 0.907736 
545.713440 264.979401 0.922473 
500.107422 263.375732 0.855982 
500.226379 309.026337 0.923386 
500.145996 348.756531 0.919365 
528.068298 261.966461 0.775460 
523.673950 309.020630 0.878422 
522.236450 353.115326 0.901308 
511.977081 156.060211 0.916901 
523.745972 156.099045 0.927431 
503.088470 157.553909 0.873316 
533.885498 158.989868 0.658692 
18
520.725830 159.066528 0.971280 
511.961487 192.833847 0.934100 
488.331146 192.852585 0.915428 
485.456726 238.440842 0.860107 
486.844177 267.844238 0.851719 
536.938354 192.846252 0.863303 
545.723389 231.088470 0.913289 
545.709473 264.960388 0.930635 
500.105255 263.407196 0.870431 
500.195984 310.398163 0.935105 
500.153625 348.745453 0.925197 
528.067932 263.366394 0.786996 
523.656738 309.028351 0.882036 
522.229248 353.086609 0.896532 
511.968933 156.058090 0.916633 
523.723755 156.086609 0.929799 
503.062836 157.548279 0.891377 
532.510925 157.621658 0.620890 
18
520.676025 159.079544 0.955296 
511.926361 192.826279 0.939336 
486.941620 192.825897 0.912551 
485.420746 238.414978 0.847349 
485.450134 267.820709 0.827345 
536.918030 192.873840 0.876342 
545.705872 232.537918 0.893478 
545.673401 264.951477 0.924841 
498.733582 263.367065 0.855744 
500.181824 309.011871 0.918636 
500.135498 348.747711 0.924578 
526.619080 261.972290 0.786453 
523.611023 308.966339 0.880415 
522.228943 353.095367 0.891754 
511.939819 156.074188 0.930206 
523.686584 156.110397 0.944213 
501.654816 157.548126 0.909738 
532.463928 157.632111 0.644504 
18
517.797424 159.079803 0.930213 
511.866180 192.832993 0.938198 
486.874542 192.827469 0.902017 
483.924896 238.456177 0.833574 
485.402100 267.856689 0.841035 
535.504333 192.879608 0.900239 
545.670837 234.004654 0.871712 
545.635559 266.344086 0.910429 
498.673370 263.397491 0.866107 
500.154755 309.005890 0.902966 
500.122406 350.147705 0.921635 
525.188965 263.375671 0.810220 
522.252808 309.028656 0.890340 
522.220947 353.096161 0.889711 
511.874207 156.074463 0.947444 
523.622681 156.110840 0.951293 
501.611176 157.574524 0.921656 
531.023743 158.976822 0.706803 
18
514.846497 159.105057 0.935013 
510.482361 192.821793 0.935022 
485.449799 192.810013 0.872044 
481.020325 238.386993 0.826069 
483.945160 266.420349 0.848792 
535.454041 192.870850 0.916627 
544.232727 232.535339 0.861556 
544.214600 266.362152 0.899121 
498.629700 263.417175 0.851713 
500.102753 309.019257 0.899564 
500.116180 348.761108 0.920665 
525.145508 263.406891 0.829813 
522.217468 310.414368 0.892070 
522.209900 353.110382 0.883999 
510.454346 156.087280 0.953355 
522.214722 157.492691 0.972433 
500.181366 157.570221 0.912726 
530.971375 159.005325 0.770057 
18
513.387512 159.111053 0.952330 
510.393097 192.842697 0.935815 
483.958710 192.854614 0.866188 
478.085266 238.395111 0.853894 
479.591187 266.367706 0.865159 
535.378357 192.846588 0.917366 
542.749756 231.099014 0.845050 
538.343628 266.403046 0.885734 
497.197327 263.470428 0.834244 
498.721710 310.464417 0.901212 
500.111053 350.198029 0.910380 
523.685730 263.448456 0.850706 
522.178101 310.489807 0.864348 
522.191223 354.577637 0.878482 
510.370270 156.085602 0.928977 
522.145569 157.490417 0.962753 
500.095764 157.563507 0.887992 
528.061157 158.984818 0.712785 
18
511.971954 159.115158 0.978740 
510.390411 192.807785 0.928672 
483.940186 192.781647 0.835737 
476.642212 234.015015 0.870351 
485.416931 263.421783 0.886126 
535.376221 192.857849 0.923827 
542.744568 231.069504 0.859734 
535.412598 264.896637 0.959662 
497.177246 264.854919 0.798141 
498.731110 310.426788 0.887190 
500.108948 350.185364 0.918022 
523.658936 264.849792 0.843915 
522.160645 310.464752 0.854204 
522.192017 354.578217 0.880558 
508.938110 156.098709 0.911692 
520.728149 157.488708 0.950859 
498.688171 157.570236 0.877271 
526.593384 158.986755 0.740768 
18
511.892456 160.497192 0.975060 
510.398865 191.410583 0.924083 
483.951050 191.357712 0.845587 
475.174347 226.694443 0.887343 
486.854828 251.617065 0.881186 
535.368958 192.832565 0.927950 
542.792480 229.591690 0.916168 
533.889465 261.902832 0.881982 
494.256866 263.414642 0.789626 
498.723297 309.022278 0.884519 
500.104187 350.186523 0.920658 
522.224121 263.418701 0.850527 
520.733032 310.465179 0.863490 
522.195129 353.136536 0.864286 
507.463989 157.499374 0.904951 
519.233948 157.519485 0.919453 
498.630737 157.592484 0.891577 
525.134460 158.976120 0.842005 
18
510.459167 161.964218 0.941833 
510.376221 191.375595 0.917223 
483.967163 191.351105 0.855489 
472.184509 225.194366 0.823563 
486.902466 235.504379 0.848945 
534.003235 192.797592 0.924184 
545.677612 226.686844 0.952652 
532.438904 241.406601 0.811168 
494.244659 260.502899 0.784488 
498.684174 308.965820 0.887143 
500.112885 350.154877 0.916608 
522.241699 260.488190 0.828905 
520.739441 307.554962 0.822495 
522.188293 351.648773 0.859840 
503.084290 157.565445 0.917139 
514.860596 157.561951 0.918871 
497.177979 157.623428 0.848836 
523.687805 157.630997 0.892512 
18
510.406158 163.462997 0.917060 
510.394928 191.343063 0.909239 
483.990570 189.912827 0.843819 
472.198486 228.097580 0.877598 
488.416687 217.808884 0.856521 
533.996582 191.394287 0.887323 
545.762451 228.142578 0.992735 
530.985413 222.242920 0.805263 
494.256927 260.500122 0.803180 
498.679413 308.950745 0.891843 
500.106506 348.753387 0.929531 
523.611023 261.925079 0.866934 
520.745728 307.545349 0.835729 
522.187134 351.663727 0.859315 
501.636963 158.974091 0.938459 
513.402771 157.623367 0.938219 
497.158813 159.025345 0.779745 
523.620605 158.986160 0.871846 
18
510.424347 167.818680 0.955090 
510.487366 189.922348 0.921502 
485.433777 186.953476 0.854498 
473.673676 226.638245 0.871712 
498.602600 194.374390 0.888045 
535.470276 192.826309 0.898219 
544.270752 228.197433 0.968728 
523.648926 201.669189 0.762887 
492.811462 259.033600 0.753602 
498.680664 307.554169 0.872444 
500.112671 350.149841 0.910110 
522.237610 260.472382 0.817801 
520.720520 307.518311 0.808250 
522.189148 353.118866 0.857840 
501.654877 159.058319 0.957604 
513.408020 159.069855 0.939320 
497.166595 159.064102 0.815663 
523.628906 159.038544 0.824702 
18
510.423553 167.865402 0.917985 
510.444824 186.996368 0.920559 
483.956116 185.480835 0.860181 
476.576447 219.321030 0.913448 
498.623779 185.532181 0.900817 
535.461548 189.924286 0.872368 
542.750366 226.630432 0.904250 
523.622253 186.954239 0.786465 
491.308105 261.903778 0.764349 
498.649261 307.546326 0.861894 
500.104279 351.633331 0.908162 
522.190613 261.916992 0.826286 
520.723083 307.547180 0.809641 
522.190979 353.124329 0.862818 
501.597137 159.079514 0.959681 
513.420837 159.075119 0.914887 
495.710846 159.110641 0.816226 
523.682373 159.037247 0.791200 
18
510.446869 159.096207 0.873317 
510.445007 184.082809 0.938318 
483.986481 184.015320 0.870160 
479.532562 216.410339 0.891986 
498.695374 182.532211 0.991802 
535.442261 186.978256 0.868926 
536.955688 219.323074 0.893373 
523.619934 181.097565 0.922059 
491.312744 260.503113 0.760057 
498.669556 307.541748 0.859951 
500.110474 351.617523 0.906379 
522.190857 261.915802 0.831504 
520.716553 308.959229 0.809219 
522.203308 353.118469 0.863558 
501.659821 157.517548 0.912987 
513.420166 156.126312 0.865400 
497.136597 159.028854 0.818460 
523.652649 157.591034 0.707744 
18
510.480103 159.002853 0.876054 
510.411987 184.055664 0.939489 
483.961945 184.013489 0.873821 
481.013153 216.403549 0.883240 
498.664490 182.514328 0.994501 
535.396301 186.954086 0.857781 
536.877869 217.884109 0.949883 
523.735046 181.085953 0.917847 
491.332092 260.484528 0.753791 
498.670868 307.547028 0.858941 
500.119080 350.170807 0.906404 
522.212646 260.493195 0.833395 
520.722351 307.530151 0.806941 
522.203613 353.090607 0.857841 
503.068298 156.054443 0.827607 
514.846497 154.648865 0.811671 
495.722534 157.617096 0.773177 
523.668396 157.627823 0.603805 
18
510.364105 157.632538 0.831087 
510.403015 184.076523 0.931639 
483.935669 184.038895 0.863789 
479.572449 217.804321 0.873207 
498.632172 182.531219 0.963324 
535.409180 186.987686 0.844341 
535.480408 217.890457 0.969271 
525.108093 181.144638 0.926127 
491.332764 260.489868 0.750186 
498.683929 307.554077 0.861335 
500.109253 350.184631 0.906387 
522.223267 260.505524 0.832497 
520.720459 307.544983 0.802534 
522.196167 353.110992 0.858690 
500.222321 153.175018 0.822196 
513.362427 153.157043 0.790541 
494.251038 157.545456 0.649934 
523.659119 157.535126 0.625933 
18
508.957520 159.038620 0.779859 
510.386230 185.524612 0.915971 
482.502838 185.480637 0.849218 
481.010162 217.848312 0.857083 
498.648895 182.508698 0.968969 
535.379700 188.463074 0.843438 
535.423096 217.910202 0.981073 
523.693970 181.117126 0.955251 
492.781647 261.908112 0.755441 
498.694977 308.962189 0.870069 
500.109344 350.155731 0.912429 
522.227173 261.918579 0.841150 
520.729492 307.559937 0.806967 
522.196655 353.111023 0.852595 
500.194397 156.082901 0.849325 
511.963318 156.063995 0.794066 
492.791077 157.611633 0.655439 
523.616882 157.588623 0.615530 
18
510.438324 159.072006 0.757898 
510.407959 185.497238 0.932768 
482.518982 184.059174 0.861424 
482.503784 217.839233 0.862877 
498.660797 181.136063 0.944530 
535.395325 188.449234 0.855414 
535.411926 219.298630 0.970959 
523.673401 181.130722 0.981094 
492.781281 260.504059 0.752029 
498.694214 308.955048 0.871388 
500.113800 350.173950 0.912174 
522.238953 261.902802 0.839275 
520.745728 307.554749 0.816356 
522.189636 353.091370 0.856813 
501.654480 157.477234 0.799517 
513.419861 156.119156 0.762193 
495.720337 157.591827 0.693909 
523.663757 157.606934 0.570881 
18
511.879578 159.122101 0.765255 
510.424988 185.479782 0.939087 
483.943054 184.033173 0.876519 
481.049957 217.851761 0.867770 
498.693329 182.514404 0.959763 
535.402161 188.439758 0.868898 
535.391663 219.304657 0.960339 
523.623840 181.115982 0.960653 
492.789581 260.489685 0.746310 
498.691071 307.548492 0.862488 
500.127502 348.740601 0.913038 
522.243591 260.503296 0.837055 
520.738892 307.511993 0.808778 
522.199707 353.098114 0.852862 
504.562897 157.538605 0.793450 
516.320374 157.537079 0.788838 
497.183624 159.022202 0.756396 
523.714478 159.003906 0.626183 
18
511.898438 159.116272 0.737116 
510.431183 185.509338 0.935715 
483.929749 184.058563 0.866102 
482.490265 217.836090 0.868934 
498.729950 181.099350 0.950845 
535.431274 189.880981 0.874433 
535.373779 219.331070 0.953291 
522.254944 181.098618 0.943028 
492.762970 260.488007 0.753976 
498.695923 307.544617 0.861865 
500.113708 348.718506 0.921473 
522.217896 260.509613 0.838553 
520.726563 307.548553 0.812602 
522.202087 353.098206 0.856440 
504.570770 157.527359 0.760463 
516.341675 157.527100 0.755782 
497.162354 159.013947 0.729031 
523.736389 159.004776 0.550526 
18
511.869659 159.089218 0.720709 
510.414063 185.511200 0.935283 
482.514893 184.062119 0.874239 
483.948334 217.837906 0.875047 
500.094910 181.059814 0.929393 
535.414063 189.880707 0.873739 
535.356995 219.315231 0.959795 
522.240723 181.065094 0.953273 
492.781494 260.478363 0.754270 
498.702179 307.557831 0.865990 
500.118134 348.748230 0.917338 
522.238647 260.484406 0.836649 
520.739929 307.527435 0.815566 
522.201843 353.090637 0.857379 
504.536835 157.500687 0.738404 
516.297546 157.504517 0.729864 
495.746796 159.008804 0.687893 
523.718933 159.002731 0.556156 
18
510.416718 160.528915 0.721596 
510.369141 185.512115 0.932757 
482.477325 184.081985 0.864150 
483.967529 217.807510 0.887355 
498.682312 182.524155 0.932706 
535.369019 188.460953 0.881143 
534.021179 219.320038 0.957689 
522.259705 181.105194 0.972713 
492.761169 260.490723 0.752353 
498.698090 308.959717 0.866208 
500.112762 350.149872 0.907390 
522.227478 260.483063 0.840235 
520.741089 307.539215 0.811702 
522.195862 351.667206 0.856779 
501.647400 157.587097 0.822690 
513.403870 157.572708 0.768227 
495.703125 159.068619 0.733547 
523.674255 159.022141 0.606036 
18
510.377655 163.449066 0.733738 
510.371460 186.960892 0.920002 
482.499664 185.484756 0.850007 
481.045563 217.843948 0.869515 
498.659180 182.549835 0.912240 
534.009399 189.904816 0.876955 
535.358643 219.335602 0.956733 
523.627563 181.157288 0.962527 
491.340240 260.498291 0.756662 
498.697723 308.953644 0.864704 
500.112885 350.164520 0.909507 
522.193604 261.909058 0.846573 
520.732178 307.552338 0.807887 
522.199097 353.100891 0.855996 
501.626282 159.009583 0.862331 
511.986053 158.990906 0.814347 
495.724426 159.113022 0.637606 
523.635559 158.996368 0.631151 
18
510.391968 167.806107 0.861217 
510.412079 188.418045 0.933844 
483.948120 186.945206 0.837029 
482.493988 217.856369 0.874712 
498.604706 182.576660 0.968710 
535.367310 189.936523 0.889479 
534.024475 219.349854 0.953788 
523.676575 182.580276 0.896801 
492.781281 261.899445 0.762513 
498.697327 308.948761 0.865388 
500.110687 350.159729 0.916064 
522.213806 261.917175 0.855321 
520.730347 307.560699 0.810580 
522.196350 353.099457 0.858393 
501.600281 159.057114 0.966782 
513.396362 159.050903 0.932378 
494.273224 160.548050 0.636610 
523.715454 159.076523 0.765236 
18
510.431732 167.858780 0.895019 
510.428680 188.447998 0.925717 
485.402771 186.965012 0.824638 
481.005402 217.902405 0.869472 
497.170227 182.597305 0.919631 
534.012756 191.348282 0.891727 
534.010559 219.351929 0.947623 
523.665955 182.614563 0.906600 
492.793457 260.498901 0.760080 
498.701538 308.948700 0.861491 
500.124237 350.164307 0.910964 
522.207153 261.926178 0.851209 
520.747314 307.548920 0.813125 
522.203430 353.100983 0.855631 
501.636902 159.107651 0.927313 
513.420105 159.080460 0.919488 
495.741241 162.008881 0.712293 
523.713501 159.115891 0.775960 
18
510.421234 169.258789 0.893374 
510.451385 189.884384 0.928130 
485.388031 186.991425 0.814652 
479.566345 219.294830 0.863324 
497.178894 182.630203 0.902500 
535.404602 191.373657 0.908618 
533.982544 220.772293 0.940096 
522.201599 182.600906 0.893209 
492.813934 261.919037 0.773059 
498.704742 308.976898 0.878882 
500.131226 350.167572 0.913320 
522.220337 261.956055 0.855210 
520.740967 308.983368 0.826699 
522.200378 353.105408 0.856921 
501.644958 160.493988 0.906866 
513.418640 160.485413 0.880461 
495.742401 162.007401 0.657612 
525.136658 160.545456 0.762695 
18
510.362793 169.293915 0.879733 
510.379944 189.889618 0.917114 
483.928711 188.421295 0.809236 
479.556549 219.297958 0.857269 
497.146240 184.031906 0.872701 
533.996277 191.363129 0.907289 
533.928894 220.784561 0.921024 
522.134705 182.617920 0.892143 
492.794006 261.929047 0.769019 
498.691620 308.994446 0.876193 
500.123444 350.169128 0.917417 
522.208191 261.950714 0.851717 
520.720947 309.020630 0.830310 
522.192749 353.108856 0.852043 
500.218567 160.538635 0.913461 
513.343689 160.516525 0.876345 
494.272552 161.996826 0.704452 
523.660583 160.501770 0.747797 
18
510.372406 169.317459 0.883082 
510.438293 189.880844 0.915724 
485.385834 188.415665 0.801929 
479.573547 217.932007 0.863928 
497.143677 184.019241 0.896876 
535.366455 191.361115 0.900590 
533.892029 220.797073 0.905149 
522.119751 182.599808 0.889705 
492.774628 261.918762 0.766023 
498.676239 308.998993 0.879243 
500.123657 350.156403 0.917816 
522.186768 261.936646 0.844250 
520.734924 309.031403 0.831437 
522.183289 353.090790 0.849251 
501.600800 160.571365 0.895025 
513.350525 160.564896 0.855017 
495.736786 161.974762 0.670776 
523.683594 160.517471 0.748256 
18
510.400635 169.291306 0.847435 
510.353546 188.454666 0.898412 
482.490265 186.998566 0.802177 
479.587280 217.913345 0.866809 
497.140930 182.576569 0.868359 
533.975037 191.341385 0.903912 
532.491638 220.805725 0.889316 
520.719177 182.590973 0.952123 
491.341614 261.911469 0.767027 
498.682312 309.000824 0.884521 
500.118958 350.177887 0.916366 
522.185364 261.926514 0.842091 
520.741516 309.033539 0.832180 
522.185913 353.086395 0.851582 
501.608002 160.571350 0.860834 
513.378723 160.529037 0.838937 
494.281494 163.461609 0.730921 
523.639954 160.504898 0.713779 
18
510.385559 169.327682 0.901793 
510.396942 189.903931 0.917347 
483.972870 188.453583 0.805858 
481.030487 217.907883 0.881478 
494.274323 185.501022 0.861524 
533.994995 191.382690 0.917413 
532.446533 220.783966 0.882024 
520.742920 182.607056 0.903055 
491.334839 261.913208 0.771608 
498.674438 309.005341 0.883709 
500.119659 350.175018 0.912128 
522.161987 261.927765 0.845619 
520.732727 309.020050 0.830577 
522.189758 353.084930 0.851544 
501.592743 161.971664 0.896600 
513.371582 160.561646 0.857225 
495.690735 163.448700 0.727518 
523.696899 160.524155 0.763836 
18
510.349396 169.317413 0.925793 
510.361664 188.429352 0.906488 
485.405731 186.958389 0.809700 
479.584320 217.902161 0.872361 
491.312195 186.949554 0.841910 
533.900818 189.920242 0.868471 
532.496277 219.372787 0.897105 
522.198975 182.612503 0.907587 
491.343781 261.900879 0.763474 
498.655884 308.973480 0.862846 
500.115814 350.176636 0.911424 
522.152466 261.927094 0.835880 
520.734558 308.993774 0.824160 
522.182617 353.126526 0.852754 
500.220947 160.553162 0.929550 
511.987579 160.559616 0.891711 
495.691864 161.969528 0.701380 
523.641052 160.533890 0.757316 
18
510.382111 169.296448 0.929398 
510.365143 188.446060 0.904927 
485.392212 186.958740 0.809852 
479.572723 219.293823 0.858268 
489.904144 186.958801 0.845103 
533.933777 191.332535 0.872190 
532.471497 220.789810 0.886371 
522.213501 182.629120 0.901258 
491.302032 260.509033 0.772474 
498.658997 308.979034 0.869890 
500.112396 350.165161 0.919969 
522.142456 261.924225 0.836484 
520.731323 309.003052 0.829178 
522.179871 353.115143 0.849438 
501.588745 160.531830 0.922855 
513.366333 160.530899 0.888217 
494.279205 161.999084 0.768604 
523.650635 160.538269 0.754172 
18
508.960602 167.870575 0.893614 
510.356903 189.882278 0.905784 
485.392883 186.983749 0.804817 
481.002533 219.296112 0.868927 
489.886444 185.519073 0.857463 
533.934753 191.375015 0.889940 
531.034607 220.809555 0.861965 
522.185059 184.065414 0.907326 
489.885529 261.909546 0.788600 
498.652924 309.018127 0.880723 
500.115326 350.195831 0.912992 
522.119446 261.925598 0.837059 
520.718689 310.407227 0.832081 
522.185059 354.556213 0.856175 
500.180420 159.102509 0.974607 
511.957031 159.102173 0.951633 
492.760742 163.432205 0.671558 
523.614258 161.960281 0.764379 
18
508.942780 167.863708 0.889135 
508.977142 188.457199 0.894428 
485.403717 186.989395 0.801548 
481.014374 219.325089 0.872390 
488.425995 189.892090 0.854848 
532.505981 191.326111 0.865116 
529.531433 222.237244 0.849280 
522.157654 184.073990 0.919292 
489.843353 260.466736 0.795147 
498.641052 308.977173 0.877801 
500.110504 350.174347 0.908276 
520.746155 260.479584 0.820771 
520.721497 307.556641 0.813329 
522.185120 353.112396 0.854223 
500.182068 159.096786 0.979673 
511.946899 159.102783 0.947933 
492.765961 161.978638 0.671283 
523.604126 160.563477 0.758220 
18
508.897980 167.852432 0.876266 
508.991180 188.416763 0.900608 
485.435028 185.521133 0.797970 
478.085114 217.920212 0.914720 
488.422333 189.892166 0.837308 
533.870117 189.919876 0.874240 
528.096252 222.250580 0.846574 
522.129517 184.063171 0.904637 
488.448090 260.459869 0.796844 
498.636108 309.008240 0.879985 
500.104492 350.173370 0.905963 
520.717896 260.495239 0.817111 
520.714294 308.997131 0.830232 
522.185791 353.121277 0.853700 
500.158203 159.099380 0.992464 
511.906891 159.090164 0.969969 
491.341888 161.971954 0.585954 
522.251831 160.529495 0.786602 
18
504.578644 167.859818 0.861115 
508.984222 185.495590 0.905068 
485.424286 184.015488 0.816546 
476.644379 217.895370 0.933901 
486.919434 189.926086 0.812025 
533.873352 189.882477 0.868254 
528.050171 222.233246 0.835650 
520.738403 184.037109 0.887941 
488.387604 259.003662 0.804513 
498.629242 308.971283 0.876365 
500.108765 350.175049 0.909670 
520.665527 260.472015 0.798801 
520.695923 307.542694 0.820804 
522.182800 353.112793 0.860352 
500.108002 159.081924 1.011159 
511.840485 160.480148 0.950710 
491.335236 159.124725 0.533861 
522.204712 160.522980 0.794322 
18
504.525055 167.870682 0.871422 
508.973816 185.496109 0.896166 
485.427795 184.019989 0.808694 
476.560486 217.876755 0.953554 
486.859161 192.797867 0.846757 
532.493591 188.449387 0.851756 
526.594727 220.821762 0.847255 
522.099121 184.071136 0.883521 
488.337097 259.011932 0.815818 
498.616669 309.001007 0.882357 
500.125092 351.623199 0.911625 
519.242065 260.472778 0.790069 
520.660339 309.000916 0.825241 
522.180298 354.553650 0.862781 
498.732941 159.092987 1.002798 
510.483032 160.481812 0.956451 
489.900726 160.546631 0.526809 
522.198669 160.512436 0.812676 
18
501.633728 169.265030 0.902657 
508.975525 184.078918 0.899197 
486.849396 184.010895 0.821280 
475.145752 217.861893 0.965201 
485.437408 191.391510 0.804553 
532.455688 188.429123 0.840771 
525.170837 220.817673 0.860430 
520.734192 184.016708 0.902840 
486.964905 259.005829 0.820451 
498.617920 310.398621 0.884260 
500.126434 350.211151 0.914264 
517.786621 260.476440 0.784685 
519.260681 310.411652 0.837527 
522.178711 354.574493 0.870097 
498.678040 160.481049 0.984651 
510.401489 160.547791 0.901472 
489.856476 159.118774 0.554201 
522.143799 160.484863 0.828509 
