29
1
18
536.883545 151.691666 0.880672 
511.962463 191.395432 0.793541 
520.664124 194.330978 0.835885 
523.624512 239.854218 0.908650 
534.018127 267.869324 0.902116 
510.428070 188.424835 0.658573 
529.511047 226.653748 0.113785 
536.955383 231.082703 0.321921 
519.222534 263.371918 0.755787 
523.626404 309.010895 0.850077 
511.846344 356.031006 0.846288 
507.493988 259.034302 0.660764 
511.880554 307.518799 0.786935 
510.381836 348.735077 0.646285 
533.920715 147.264999 0.944847 
0.000000 0.000000 0.000000 
520.700378 154.647614 0.804384 
0.000000 0.000000 0.000000 
18
535.498718 151.697098 0.883287 
511.946838 192.794693 0.803805 
519.242188 194.341660 0.845204 
523.627075 239.869385 0.921829 
535.401489 269.317596 0.915600 
510.416901 188.457901 0.650762 
0.000000 0.000000 0.000000 
0.000000 0.000000 0.000000 
519.236572 263.383301 0.770860 
523.669739 310.410645 0.868566 
510.476654 354.571594 0.852334 
507.485199 260.465637 0.664052 
511.923615 307.534485 0.796487 
510.382019 348.701385 0.647263 
533.900269 147.270782 0.935333 
0.000000 0.000000 0.000000 
520.684570 154.650986 0.802489 
0.000000 0.000000 0.000000 
18
535.511108 151.703720 0.883618 
511.948547 192.777420 0.802190 
519.269226 194.328964 0.857610 
523.628357 239.855026 0.927329 
535.398804 269.304504 0.927293 
510.402466 188.441620 0.654415 
522.202820 222.298187 0.092500 
0.000000 0.000000 0.000000 
519.221985 263.375549 0.771673 
523.678406 310.398773 0.876678 
510.464111 354.550812 0.860577 
507.465790 260.457794 0.668349 
511.901184 307.527679 0.799763 
508.970856 348.691406 0.630200 
533.910522 147.271347 0.941585 
0.000000 0.000000 0.000000 
520.681458 154.648056 0.802848 
0.000000 0.000000 0.000000 
18
536.880615 151.712250 0.880899 
511.946045 192.793076 0.806710 
519.268311 194.350464 0.855140 
523.634644 239.838745 0.938308 
534.018188 269.295258 0.932067 
510.391602 188.455887 0.655917 
0.000000 0.000000 0.000000 
0.000000 0.000000 0.000000 
519.236877 263.384399 0.765333 
523.682068 310.398224 0.877012 
510.434723 353.137573 0.852546 
507.475555 260.465607 0.667028 
511.887573 307.516693 0.806419 
508.974792 348.702850 0.615955 
533.914368 147.277832 0.946275 
0.000000 0.000000 0.000000 
520.667297 156.062592 0.807754 
0.000000 0.000000 0.000000 
18
536.893738 153.131805 0.896033 
511.943726 192.789597 0.805871 
520.680481 194.344376 0.864988 
523.642517 239.838425 0.936053 
534.000366 269.319519 0.924971 
510.377441 188.451080 0.660302 
0.000000 0.000000 0.000000 
0.000000 0.000000 0.000000 
519.222351 263.380157 0.767067 
523.716980 309.018799 0.871508 
510.437286 353.123108 0.851983 
506.017395 260.456329 0.671414 
511.901978 307.509857 0.803047 
508.983459 348.690430 0.612375 
533.920349 147.290039 0.960634 
0.000000 0.000000 0.000000 
519.274658 156.096298 0.811857 
0.000000 0.000000 0.000000 
18
536.890564 153.133240 0.905648 
511.958252 192.783142 0.796945 
520.700073 194.339935 0.869695 
523.639099 239.846848 0.935533 
534.014526 270.788757 0.935162 
510.397125 188.446625 0.652398 
0.000000 0.000000 0.000000 
0.000000 0.000000 0.000000 
520.671326 263.396606 0.771043 
523.683594 310.410645 0.864598 
510.457336 354.564972 0.859824 
507.495026 260.458923 0.670486 
511.916718 307.494904 0.812555 
510.378204 347.287659 0.622981 
533.916321 147.292786 0.967104 
0.000000 0.000000 0.000000 
519.267517 156.090790 0.820291 
0.000000 0.000000 0.000000 
18
536.900757 151.703766 0.876357 
511.941833 192.826004 0.812306 
520.740479 194.386139 0.867719 
523.728394 239.851257 0.917029 
536.898621 269.310669 0.893516 
508.950165 189.898880 0.642987 
514.854675 226.677139 0.085648 
0.000000 0.000000 0.000000 
516.318176 261.928894 0.744314 
523.720337 308.981537 0.878788 
510.459991 354.593445 0.869081 
503.080841 257.559235 0.663813 
511.897034 306.078613 0.747393 
508.974854 348.679962 0.576666 
533.936523 147.265945 0.962136 
0.000000 0.000000 0.000000 
520.683594 156.044464 0.807761 
0.000000 0.000000 0.000000 
18
536.894226 154.641617 0.897298 
513.344666 192.800262 0.763809 
516.290344 194.354111 0.818494 
526.595459 232.580444 0.818198 
554.508240 261.983063 0.898837 
511.905609 189.904343 0.628378 
530.982971 226.670670 0.181117 
547.190857 244.310013 0.087146 
514.859863 257.570953 0.741760 
523.699890 308.965179 0.870218 
510.482666 356.007294 0.856173 
510.418182 254.621628 0.623263 
513.396912 304.596436 0.747812 
510.372589 348.712280 0.629402 
533.932617 147.327805 0.944584 
0.000000 0.000000 0.000000 
519.272827 156.040573 0.804955 
0.000000 0.000000 0.000000 
18
535.481567 156.103088 0.923216 
511.974518 189.876343 0.724541 
511.937988 192.809662 0.866037 
535.438232 226.691391 0.887592 
572.171875 242.872650 0.793401 
514.846985 185.533478 0.626009 
532.508057 219.327469 0.268249 
539.847229 239.871964 0.161764 
514.823059 256.111877 0.757155 
523.677979 307.551605 0.874564 
510.461029 356.007050 0.840786 
513.382690 254.630280 0.576401 
513.419067 304.591797 0.707728 
510.369751 348.686981 0.608161 
533.916138 148.758438 0.910732 
0.000000 0.000000 0.000000 
519.277039 156.055344 0.795829 
0.000000 0.000000 0.000000 
18
535.499878 157.583572 0.920618 
511.874390 185.533249 0.770759 
513.392761 192.775009 0.839591 
547.176086 213.420853 0.829083 
582.467773 213.442886 0.857966 
508.935364 182.595947 0.613756 
536.890381 204.634811 0.172718 
0.000000 0.000000 0.000000 
519.248108 257.539032 0.789582 
523.650757 307.553589 0.865897 
510.471039 356.030334 0.857616 
508.943695 254.611069 0.597442 
511.968018 304.569855 0.740122 
508.985840 348.696320 0.611069 
533.935852 151.693604 0.871147 
0.000000 0.000000 0.000000 
519.219727 156.071808 0.796217 
0.000000 0.000000 0.000000 
18
535.488037 156.119583 0.904419 
511.928436 185.503143 0.755853 
513.382507 189.935928 0.865903 
553.081238 195.779953 0.846793 
583.989258 182.554749 0.906451 
510.412384 182.609818 0.568212 
536.921753 201.630127 0.131749 
0.000000 0.000000 0.000000 
519.227356 256.099213 0.774930 
523.656555 307.531219 0.856239 
510.476746 356.018707 0.846813 
510.381134 254.608261 0.619869 
513.356323 303.143280 0.738607 
510.386688 348.677460 0.625767 
533.898376 148.768997 0.888881 
0.000000 0.000000 0.000000 
519.244751 156.047241 0.780705 
0.000000 0.000000 0.000000 
18
535.508423 156.057373 0.957687 
511.902039 182.578674 0.741635 
511.947693 185.485809 0.887458 
557.420105 181.147079 0.859529 
582.496094 157.623276 0.966670 
511.886292 182.529297 0.500970 
547.100037 178.132111 0.070901 
0.000000 0.000000 0.000000 
517.805725 256.060577 0.752502 
523.651855 307.556946 0.862181 
510.462006 356.005493 0.844356 
510.434784 253.189850 0.617424 
511.974518 304.586578 0.732827 
510.367950 348.685913 0.618205 
533.884705 147.346802 0.936432 
0.000000 0.000000 0.000000 
517.776306 153.175095 0.795034 
0.000000 0.000000 0.000000 
18
535.468567 156.083405 0.973336 
511.936127 182.591278 0.787298 
513.347107 184.041443 0.860322 
557.516052 169.325546 0.788319 
581.063354 135.532394 0.937716 
0.000000 0.000000 0.000000 
0.000000 0.000000 0.000000 
0.000000 0.000000 0.000000 
519.244568 256.086548 0.754238 
523.628784 309.007874 0.856282 
510.475800 356.033051 0.840702 
510.417603 253.184448 0.655847 
511.962769 306.066071 0.774989 
510.434143 348.728973 0.644889 
532.456177 148.765198 0.882513 
0.000000 0.000000 0.000000 
514.872620 154.642899 0.793622 
0.000000 0.000000 0.000000 
18
535.450928 157.501923 0.981755 
513.350342 182.542847 0.759505 
513.375122 182.587448 0.907524 
555.963379 167.836929 0.793813 
573.679749 132.585754 0.885678 
0.000000 0.000000 0.000000 
0.000000 0.000000 0.000000 
0.000000 0.000000 0.000000 
519.221924 256.056610 0.749836 
523.655701 308.953461 0.845236 
510.482208 356.027283 0.852414 
511.862030 253.152832 0.642272 
511.955811 304.593628 0.777090 
510.424408 348.699493 0.646461 
532.459167 150.245178 0.878123 
0.000000 0.000000 0.000000 
516.286804 156.102737 0.790288 
0.000000 0.000000 0.000000 
18
535.449585 157.495468 0.968722 
513.379089 182.539108 0.753177 
513.393860 182.558945 0.890636 
556.015259 160.507874 0.780819 
579.506042 126.713020 0.882631 
0.000000 0.000000 0.000000 
0.000000 0.000000 0.000000 
0.000000 0.000000 0.000000 
519.254028 256.060608 0.756733 
523.708618 307.553558 0.859185 
510.461731 354.593231 0.846527 
510.460602 253.153214 0.652086 
511.937378 304.582520 0.781082 
510.381073 348.718079 0.630000 
532.432434 150.249451 0.885565 
0.000000 0.000000 0.000000 
514.847839 156.094650 0.800440 
0.000000 0.000000 0.000000 
18
535.432617 157.520096 0.965191 
514.831421 182.571198 0.727945 
513.388794 182.594116 0.888979 
0.000000 0.000000 0.000000 
0.000000 0.000000 0.000000 
516.327637 184.029541 0.537055 
554.523010 157.601181 0.149572 
0.000000 0.000000 0.000000 
519.257263 256.068726 0.749987 
523.724487 307.560120 0.853542 
510.472870 354.591766 0.848755 
510.470184 253.165375 0.649141 
511.954529 304.602600 0.779796 
510.392548 348.721558 0.638674 
531.002014 151.711044 0.858336 
0.000000 0.000000 0.000000 
514.826599 157.559372 0.773379 
0.000000 0.000000 0.000000 
18
535.366211 157.567810 0.981207 
513.386719 182.597931 0.750190 
513.408997 182.608505 0.860774 
558.886658 159.002304 0.851521 
580.942688 128.165253 0.916779 
0.000000 0.000000 0.000000 
0.000000 0.000000 0.000000 
0.000000 0.000000 0.000000 
519.248169 256.086334 0.747119 
523.742615 307.554077 0.851658 
510.472778 356.017303 0.851318 
510.404572 253.172516 0.658591 
511.978302 304.590607 0.776325 
510.412659 348.744568 0.635973 
528.101624 153.172211 0.847942 
0.000000 0.000000 0.000000 
513.382996 157.595245 0.777377 
0.000000 0.000000 0.000000 
18
535.372437 157.596298 0.985875 
511.959656 184.020798 0.745509 
514.837463 184.010040 0.867451 
551.640198 167.856918 0.752609 
573.627747 132.592438 0.900784 
510.398010 185.530777 0.551558 
0.000000 0.000000 0.000000 
0.000000 0.000000 0.000000 
519.267639 256.086792 0.769556 
523.734741 308.959290 0.856340 
510.478882 356.011627 0.856977 
508.941376 253.181152 0.675708 
511.966431 304.585510 0.782599 
510.389557 348.733551 0.625929 
529.565796 153.153534 0.852655 
0.000000 0.000000 0.000000 
513.401428 156.106781 0.785087 
0.000000 0.000000 0.000000 
18
0.000000 0.000000 0.000000 
0.000000 0.000000 0.000000 
511.964294 184.004745 0.868987 
550.180603 169.273178 0.753625 
579.471680 135.450668 0.916152 
0.000000 0.000000 0.000000 
0.000000 0.000000 0.000000 
0.000000 0.000000 0.000000 
0.000000 0.000000 0.000000 
0.000000 0.000000 0.000000 
0.000000 0.000000 0.000000 
0.000000 0.000000 0.000000 
0.000000 0.000000 0.000000 
0.000000 0.000000 0.000000 
0.000000 0.000000 0.000000 
0.000000 0.000000 0.000000 
513.405029 153.158768 0.797710 
0.000000 0.000000 0.000000 
18
534.003235 151.664688 0.937137 
511.975067 182.599777 0.732740 
511.936310 182.587646 0.925399 
550.137451 169.302216 0.781946 
579.472351 135.546280 0.935318 
514.847290 184.055008 0.531218 
545.763062 169.220520 0.072505 
0.000000 0.000000 0.000000 
517.766785 254.638458 0.740426 
523.703857 308.972168 0.850079 
511.845245 356.039246 0.847398 
511.876465 253.151398 0.647959 
511.947571 304.610657 0.760669 
508.985565 348.747894 0.615245 
528.072571 147.232010 0.924664 
0.000000 0.000000 0.000000 
513.365540 150.262192 0.802848 
0.000000 0.000000 0.000000 
18
0.000000 0.000000 0.000000 
0.000000 0.000000 0.000000 
513.357666 182.628387 0.886986 
553.072632 169.332886 0.747648 
579.529541 135.455063 0.963030 
0.000000 0.000000 0.000000 
0.000000 0.000000 0.000000 
0.000000 0.000000 0.000000 
0.000000 0.000000 0.000000 
0.000000 0.000000 0.000000 
0.000000 0.000000 0.000000 
0.000000 0.000000 0.000000 
0.000000 0.000000 0.000000 
0.000000 0.000000 0.000000 
0.000000 0.000000 0.000000 
0.000000 0.000000 0.000000 
511.973663 150.251968 0.823456 
0.000000 0.000000 0.000000 
18
533.956543 148.801880 0.946434 
511.963013 182.576889 0.788248 
513.356140 182.624512 0.886092 
553.060364 169.361893 0.740953 
578.032043 135.500519 0.906922 
0.000000 0.000000 0.000000 
0.000000 0.000000 0.000000 
0.000000 0.000000 0.000000 
517.794495 254.615311 0.752718 
523.728638 307.532013 0.855968 
510.486786 354.592773 0.855558 
510.410065 253.122711 0.674175 
511.960938 303.109222 0.792830 
508.960876 348.688171 0.625171 
526.633179 145.840851 0.919470 
0.000000 0.000000 0.000000 
513.397217 150.249710 0.851513 
0.000000 0.000000 0.000000 
18
533.871338 147.347244 0.966280 
513.365967 182.576279 0.786674 
511.918427 182.635040 0.916300 
550.126404 172.241135 0.765107 
579.534119 135.514694 0.929442 
516.309570 182.621918 0.582356 
547.175293 169.347260 0.068956 
0.000000 0.000000 0.000000 
516.334045 254.627060 0.751731 
523.730103 307.525757 0.851061 
510.491943 354.602081 0.850329 
511.907440 253.141769 0.644201 
513.346680 303.123688 0.763329 
508.964172 348.675537 0.629729 
525.106812 145.818237 0.957027 
0.000000 0.000000 0.000000 
511.955017 153.129074 0.858044 
0.000000 0.000000 0.000000 
18
532.499878 148.715729 0.959354 
511.960449 182.619553 0.771636 
511.940002 184.039795 0.910037 
550.121582 170.865448 0.802651 
578.072510 136.959900 0.918689 
0.000000 0.000000 0.000000 
0.000000 0.000000 0.000000 
0.000000 0.000000 0.000000 
517.780212 256.062012 0.747743 
523.703857 308.955811 0.863150 
510.489410 356.017426 0.861460 
511.857697 253.163696 0.641627 
511.935394 303.145691 0.787029 
508.942688 348.690277 0.623601 
523.736877 145.840866 0.981836 
0.000000 0.000000 0.000000 
511.904205 153.174942 0.857330 
0.000000 0.000000 0.000000 
18
532.512634 148.783920 0.953044 
511.953857 182.610352 0.767246 
513.342102 184.078217 0.884194 
551.604004 170.780167 0.724804 
578.024902 135.515442 0.942156 
0.000000 0.000000 0.000000 
0.000000 0.000000 0.000000 
0.000000 0.000000 0.000000 
517.787170 256.080383 0.742613 
523.641602 308.979797 0.870447 
510.479614 356.028351 0.856517 
510.411682 253.184402 0.635809 
511.946838 304.598236 0.751231 
510.385925 348.691528 0.612109 
523.732971 145.867645 0.985853 
0.000000 0.000000 0.000000 
511.890930 153.180725 0.846148 
0.000000 0.000000 0.000000 
18
532.508667 148.807953 0.924846 
511.931000 182.582108 0.764111 
511.863312 185.513504 0.892863 
547.211853 179.577057 0.822899 
572.164124 135.511414 0.923876 
516.316162 182.542343 0.510143 
545.734375 170.795227 0.099046 
569.273560 131.114944 0.072234 
516.329529 254.612350 0.749357 
523.661682 308.988953 0.867934 
510.467224 356.003571 0.840008 
511.903839 253.165192 0.623416 
511.936432 306.035553 0.772572 
510.384888 348.714325 0.624493 
523.748718 147.226242 0.964721 
0.000000 0.000000 0.000000 
511.909515 154.593246 0.852225 
0.000000 0.000000 0.000000 
18
532.508057 151.684601 0.913939 
513.347351 184.010315 0.755379 
510.461334 186.998749 0.873320 
547.247192 179.603882 0.807937 
572.202637 136.970459 0.869320 
520.700745 182.620819 0.584992 
548.669067 172.269592 0.166119 
570.702881 134.052200 0.130195 
516.291077 254.646835 0.752478 
523.650146 308.990265 0.863207 
510.487427 356.014526 0.850060 
513.351379 253.191452 0.607896 
511.930450 306.039856 0.770023 
510.403107 348.725983 0.635962 
525.106201 147.275879 0.959457 
0.000000 0.000000 0.000000 
511.898987 154.641312 0.849152 
0.000000 0.000000 0.000000 
18
532.491577 151.709198 0.929694 
511.921356 184.013062 0.789316 
513.346008 186.984436 0.867959 
548.688110 179.558105 0.804104 
576.597046 137.011765 0.895889 
511.940857 182.630463 0.540132 
547.184387 172.282669 0.153763 
0.000000 0.000000 0.000000 
517.772156 256.057159 0.756318 
523.686462 308.958710 0.846152 
511.844940 356.002960 0.850061 
510.445465 253.185013 0.645015 
511.951721 304.608521 0.792514 
510.435822 348.734711 0.654571 
523.742859 147.295624 0.970844 
0.000000 0.000000 0.000000 
511.898926 156.054550 0.844522 
0.000000 0.000000 0.000000 
18
532.458069 151.713974 0.917898 
511.877869 184.033188 0.776762 
511.935150 188.454758 0.873834 
551.587708 179.574799 0.788102 
578.047546 138.431580 0.899680 
511.928741 182.608826 0.537904 
547.176575 172.271408 0.137402 
572.173889 135.523819 0.057201 
517.761536 256.074951 0.749943 
523.649841 310.420135 0.885287 
510.465820 356.011139 0.851363 
511.864655 254.595657 0.633277 
511.951111 307.538605 0.773753 
510.391571 348.724640 0.629742 
523.725159 147.274734 0.958269 
0.000000 0.000000 0.000000 
511.883301 154.606033 0.830844 
0.000000 0.000000 0.000000 
18
533.887695 153.172485 0.917931 
511.876404 185.481567 0.735754 
511.851898 191.335220 0.891628 
551.619324 182.584595 0.801347 
570.697205 145.860901 0.895817 
513.375183 182.616898 0.528590 
547.184204 176.699173 0.152227 
567.750977 147.238113 0.218016 
516.330811 256.062531 0.752196 
523.647949 308.993713 0.857617 
510.463531 354.602905 0.849078 
511.885010 254.596451 0.621027 
511.960327 304.610016 0.762982 
510.369080 348.680115 0.615794 
525.150879 147.309647 0.920492 
0.000000 0.000000 0.000000 
511.937805 156.050903 0.834426 
0.000000 0.000000 0.000000 
