47
1
18
639.807434 126.713570 0.845026 
603.077820 159.093231 0.907273 
616.206726 167.858139 0.855395 
617.767212 223.700882 0.879122 
631.034424 263.443878 0.869332 
591.272034 156.105331 0.822118 
604.553650 185.515991 0.060196 
0.000000 0.000000 0.000000 
605.951721 251.637634 0.789871 
595.767761 310.440338 0.835896 
589.839844 360.513062 0.878210 
583.978821 244.318863 0.734711 
582.500732 298.720337 0.858183 
576.592224 345.744446 0.724734 
636.878418 122.343750 0.918714 
0.000000 0.000000 0.000000 
622.174500 125.268593 0.876788 
0.000000 0.000000 0.000000 
18
639.807434 128.143265 0.849903 
604.458130 159.096970 0.911524 
614.819763 167.868408 0.847158 
617.756165 222.264145 0.885824 
631.012085 263.476593 0.867702 
592.703064 156.091522 0.826280 
605.987671 184.055054 0.069606 
0.000000 0.000000 0.000000 
605.940918 251.675354 0.801479 
595.694092 310.460571 0.857738 
589.821228 360.523926 0.864569 
583.969360 244.339401 0.723165 
582.477478 300.156708 0.845043 
576.621033 347.251495 0.685102 
636.869751 123.708344 0.916784 
0.000000 0.000000 0.000000 
620.740723 126.708664 0.873246 
0.000000 0.000000 0.000000 
18
639.820923 126.730911 0.852435 
604.464783 159.098190 0.917757 
616.208740 169.255859 0.856818 
616.355408 222.260178 0.887138 
629.560364 263.409027 0.884209 
592.697876 156.095322 0.831408 
604.518799 185.524643 0.070799 
0.000000 0.000000 0.000000 
605.939209 251.677277 0.799853 
594.290588 310.472992 0.863525 
589.785950 361.915985 0.831813 
583.999146 244.335892 0.709120 
582.494202 300.191467 0.824263 
580.971375 350.165009 0.670620 
636.878601 123.696404 0.915229 
0.000000 0.000000 0.000000 
620.741821 126.712372 0.873772 
0.000000 0.000000 0.000000 
18
639.828796 128.165833 0.858967 
604.453369 160.508591 0.900896 
616.208862 169.296875 0.865785 
616.276001 223.704987 0.883324 
628.091003 263.480103 0.888676 
591.310303 157.516785 0.832256 
604.456848 185.532150 0.064103 
0.000000 0.000000 0.000000 
605.937195 253.089645 0.788893 
594.244629 310.509430 0.868653 
588.361877 361.915558 0.820847 
585.436401 247.240173 0.696561 
582.513062 301.650452 0.782914 
580.993530 350.158447 0.641136 
636.892517 123.709435 0.926988 
0.000000 0.000000 0.000000 
622.150757 126.728600 0.868848 
0.000000 0.000000 0.000000 
18
639.828247 129.608673 0.867047 
603.080750 160.545410 0.885937 
614.823792 169.345200 0.873489 
614.840637 223.754974 0.879801 
627.977234 264.898682 0.901426 
591.299561 157.525436 0.825965 
603.077087 184.103485 0.053813 
0.000000 0.000000 0.000000 
604.538147 253.129791 0.781205 
594.217590 310.506378 0.860269 
588.349854 361.918640 0.808999 
585.414795 248.725967 0.696049 
582.499695 301.641022 0.788026 
582.453247 353.094452 0.658602 
636.892944 123.732475 0.928856 
0.000000 0.000000 0.000000 
622.147034 128.178467 0.866058 
0.000000 0.000000 0.000000 
18
639.841309 129.652512 0.882045 
603.083923 160.547668 0.880584 
614.780823 169.360382 0.865715 
614.820740 226.678513 0.879536 
626.589050 264.910583 0.896989 
591.324219 157.523270 0.819314 
592.714539 214.893448 0.101619 
0.000000 0.000000 0.000000 
604.485535 253.155258 0.756650 
594.192383 310.519958 0.866576 
586.900085 361.932983 0.815962 
585.404175 248.744370 0.701625 
582.436584 301.635742 0.807312 
580.974854 350.178833 0.667931 
638.291199 123.747635 0.940548 
0.000000 0.000000 0.000000 
620.737793 128.172974 0.863867 
0.000000 0.000000 0.000000 
18
639.811890 131.087769 0.894367 
603.058838 160.533142 0.879837 
613.315125 169.340546 0.850537 
614.761108 226.638931 0.867538 
628.114197 261.977600 0.913357 
592.699951 157.521088 0.819343 
592.767761 216.329788 0.100839 
0.000000 0.000000 0.000000 
604.555725 253.133408 0.778583 
594.172058 310.520020 0.854817 
586.880066 361.927399 0.794713 
588.334534 250.157700 0.694920 
582.522278 303.117554 0.758558 
583.927429 353.121796 0.620162 
636.877808 123.777969 0.928336 
0.000000 0.000000 0.000000 
620.696716 129.613632 0.863874 
0.000000 0.000000 0.000000 
18
639.814819 131.101746 0.898442 
603.046997 160.539307 0.871658 
610.421204 169.316025 0.853520 
614.809448 226.620377 0.857132 
635.424805 253.152863 0.916507 
592.735779 157.541763 0.829786 
592.779297 214.855392 0.108690 
0.000000 0.000000 0.000000 
604.538391 253.105637 0.788978 
594.170654 310.465576 0.861083 
586.877502 361.936920 0.789878 
586.860840 248.734818 0.707867 
582.491882 301.682190 0.799670 
581.025757 351.642273 0.640350 
636.878296 123.786194 0.932124 
0.000000 0.000000 0.000000 
620.688232 129.637741 0.874699 
0.000000 0.000000 0.000000 
18
639.805969 131.094162 0.895616 
603.057922 160.554657 0.864132 
608.928650 169.356628 0.873443 
616.293701 226.681274 0.928732 
650.089966 242.843567 0.872812 
592.792786 157.543793 0.821757 
597.161133 214.893402 0.102234 
0.000000 0.000000 0.000000 
604.465515 253.119522 0.800310 
592.807007 310.464935 0.888826 
586.899780 361.933411 0.785776 
585.426697 248.714264 0.699639 
582.434326 303.109985 0.785755 
580.990112 350.173492 0.633071 
636.865112 123.789238 0.924409 
0.000000 0.000000 0.000000 
619.296936 131.065994 0.876036 
0.000000 0.000000 0.000000 
18
639.810547 131.113525 0.899583 
603.065979 160.537079 0.851487 
607.493713 169.304443 0.901244 
620.680908 222.237213 0.856368 
663.374207 226.616684 0.877797 
594.216858 157.557159 0.807993 
614.737976 204.629547 0.162875 
0.000000 0.000000 0.000000 
603.055359 251.714264 0.797705 
592.795044 310.454041 0.867675 
586.880371 361.960266 0.779130 
585.433167 247.256439 0.670396 
582.468384 304.571320 0.768773 
579.549866 350.161713 0.621808 
636.877136 123.806183 0.928864 
0.000000 0.000000 0.000000 
620.676697 131.089066 0.885641 
0.000000 0.000000 0.000000 
18
639.808716 132.533066 0.896548 
603.038086 160.509674 0.840127 
606.041809 169.281982 0.887938 
628.066284 217.858078 1.026988 
664.824890 204.550034 0.956766 
594.289795 157.542236 0.765961 
620.685120 185.520309 0.356258 
653.044006 192.875076 0.421420 
601.577820 251.696335 0.784620 
592.779907 310.432159 0.843688 
586.867981 361.937805 0.768648 
589.819092 248.697968 0.620704 
582.548096 306.041382 0.729214 
580.976685 350.193604 0.609913 
638.276306 125.204674 0.919346 
0.000000 0.000000 0.000000 
620.713013 132.525345 0.896525 
0.000000 0.000000 0.000000 
18
639.828186 132.560974 0.890202 
601.592163 160.481079 0.837105 
606.001099 167.869064 0.885600 
638.314087 214.933243 0.919483 
664.816833 182.629089 0.914236 
594.231934 157.527527 0.778193 
620.688538 185.504318 0.219727 
0.000000 0.000000 0.000000 
598.672363 251.700592 0.752544 
592.767517 310.424164 0.850599 
585.446716 360.511383 0.777548 
589.832031 248.709702 0.608238 
582.497314 304.591522 0.746165 
580.998108 351.634460 0.631519 
638.295959 125.227196 0.910179 
0.000000 0.000000 0.000000 
622.149658 132.561172 0.916555 
0.000000 0.000000 0.000000 
18
639.838440 132.533081 0.864861 
601.588135 159.113983 0.841079 
606.018860 167.866989 0.867365 
644.251038 206.062439 0.919083 
663.327942 170.812958 0.877183 
594.203674 157.522430 0.782648 
623.636597 184.022415 0.242755 
0.000000 0.000000 0.000000 
600.112793 251.677872 0.734957 
592.798645 309.021332 0.849698 
586.891418 361.934143 0.785917 
589.802673 247.260635 0.617097 
582.526062 303.107025 0.761850 
579.517029 350.151947 0.636950 
638.290039 125.219002 0.872042 
0.000000 0.000000 0.000000 
620.739563 132.584732 0.917090 
0.000000 0.000000 0.000000 
18
639.827332 133.970062 0.868242 
601.580261 159.096024 0.842701 
606.039124 167.869843 0.843415 
653.009521 200.230515 0.922929 
657.431091 157.602585 0.898755 
592.810974 156.122696 0.787747 
626.568176 191.382111 0.140988 
0.000000 0.000000 0.000000 
601.565857 253.133850 0.735610 
592.802063 310.463318 0.863746 
586.861328 361.935852 0.760801 
591.259766 250.179642 0.651464 
582.536865 306.077118 0.755815 
582.492493 353.132050 0.634501 
638.279541 126.681793 0.870068 
0.000000 0.000000 0.000000 
620.704834 133.955414 0.913522 
0.000000 0.000000 0.000000 
18
639.811829 134.053802 0.861740 
601.563354 159.077972 0.832674 
605.994324 167.844910 0.830174 
654.539856 194.323257 0.966143 
654.529297 154.592361 0.915607 
592.805786 156.094482 0.764689 
622.173462 186.970795 0.093587 
0.000000 0.000000 0.000000 
600.130615 251.679626 0.735839 
592.822266 309.029083 0.838151 
586.889343 361.923431 0.766912 
592.704224 248.708481 0.646171 
583.921143 303.117157 0.751631 
581.011963 351.623291 0.636921 
636.875366 128.159149 0.867597 
0.000000 0.000000 0.000000 
619.254700 133.964432 0.934114 
0.000000 0.000000 0.000000 
18
639.750244 134.052734 0.811044 
601.561340 159.070267 0.817095 
605.959961 167.826035 0.820802 
656.000366 191.379211 0.898050 
653.102844 147.314728 0.945256 
592.814087 156.101410 0.751495 
639.776184 184.037476 0.083737 
0.000000 0.000000 0.000000 
600.132629 251.637497 0.736130 
594.168213 309.000183 0.829309 
588.325195 361.933868 0.771571 
591.287659 245.806854 0.636220 
582.507324 300.237244 0.792418 
580.966553 350.187042 0.640354 
635.415771 128.146225 0.845583 
0.000000 0.000000 0.000000 
619.214661 133.978348 0.963649 
0.000000 0.000000 0.000000 
18
638.345581 135.448288 0.792463 
601.552307 159.056885 0.839834 
605.975647 167.810318 0.809211 
658.919067 185.522858 0.854931 
653.093750 145.791046 0.860470 
592.796814 156.097382 0.772134 
641.309753 182.596619 0.115787 
0.000000 0.000000 0.000000 
601.592590 251.623550 0.746661 
594.168396 309.004822 0.833410 
588.339966 361.932678 0.791923 
589.822388 245.771011 0.651073 
582.487244 300.195221 0.805641 
576.616638 347.267181 0.659173 
633.955322 129.636047 0.830850 
0.000000 0.000000 0.000000 
617.854248 133.992172 0.978786 
0.000000 0.000000 0.000000 
18
638.345093 135.452103 0.793296 
601.567261 159.042877 0.829650 
605.971924 166.360641 0.791925 
658.925232 182.640137 0.874592 
653.118896 144.323212 0.818909 
594.184937 156.098785 0.750326 
648.616638 184.027496 0.121675 
0.000000 0.000000 0.000000 
601.564880 250.217239 0.728750 
592.831726 309.023743 0.830184 
588.355408 361.938965 0.785011 
592.709167 245.788864 0.630074 
582.513611 300.244385 0.778344 
579.523438 350.149292 0.648234 
633.957703 129.621170 0.826931 
0.000000 0.000000 0.000000 
619.199951 133.969513 0.979436 
0.000000 0.000000 0.000000 
18
638.342773 134.088135 0.797175 
601.561646 159.028229 0.830608 
605.969299 164.933914 0.787447 
660.390991 182.557159 0.893793 
653.099609 142.867416 0.817938 
592.809937 156.076981 0.745858 
650.067017 182.574295 0.097343 
0.000000 0.000000 0.000000 
601.577515 250.213364 0.732629 
594.170471 309.011139 0.822313 
586.885010 360.500244 0.751853 
592.716675 245.789474 0.623992 
583.953613 301.691193 0.739357 
583.971436 356.029327 0.645851 
633.948669 128.185104 0.839900 
0.000000 0.000000 0.000000 
617.817871 133.987900 1.009758 
0.000000 0.000000 0.000000 
18
638.371521 134.091888 0.795730 
601.552673 159.025085 0.846957 
605.997009 164.925354 0.774502 
660.365112 182.539337 0.899531 
653.097717 144.294464 0.825048 
592.784546 156.077896 0.765187 
647.144958 181.110260 0.096065 
0.000000 0.000000 0.000000 
601.598511 250.191452 0.736092 
594.181030 308.990723 0.806623 
588.331665 360.513000 0.746131 
591.254211 244.322815 0.639114 
582.550476 301.660645 0.776721 
582.506409 354.566589 0.640705 
635.399048 128.187149 0.841701 
0.000000 0.000000 0.000000 
617.814026 133.974472 1.006816 
0.000000 0.000000 0.000000 
18
638.357605 135.525909 0.788824 
600.134521 159.030014 0.843663 
605.995300 166.360336 0.785666 
658.948242 182.565765 0.892927 
653.049805 141.416397 0.807788 
592.754883 156.078384 0.758462 
641.327209 181.113708 0.078747 
0.000000 0.000000 0.000000 
601.584412 251.613922 0.733779 
592.830322 309.027252 0.823346 
586.902222 361.924011 0.760790 
588.376526 245.765457 0.632050 
582.477173 301.654205 0.794736 
582.461365 353.118805 0.640781 
633.954956 131.101288 0.833796 
0.000000 0.000000 0.000000 
617.804016 133.995041 1.011407 
0.000000 0.000000 0.000000 
18
639.731384 135.585648 0.791661 
600.121521 159.033859 0.849031 
605.999023 164.907196 0.782301 
657.478027 182.627090 0.893011 
653.056885 144.323090 0.819790 
592.741760 156.086075 0.759622 
617.758423 201.677841 0.202509 
639.810730 207.526901 0.368807 
601.596619 251.633255 0.729884 
594.171875 310.417694 0.826218 
588.326050 361.951447 0.758469 
586.902405 245.768082 0.645623 
582.424927 300.206818 0.818760 
582.449951 351.649689 0.641200 
635.396667 132.541092 0.845686 
0.000000 0.000000 0.000000 
617.819946 134.006714 0.996933 
0.000000 0.000000 0.000000 
18
638.349731 138.438736 0.791244 
600.107544 159.023956 0.846038 
605.994751 164.919037 0.783041 
658.905396 184.010284 0.893640 
653.071289 145.816132 0.846940 
592.709473 156.070862 0.749385 
620.752441 182.538834 0.067724 
0.000000 0.000000 0.000000 
603.022949 251.636826 0.742759 
594.176941 309.022003 0.825445 
586.905212 360.511688 0.760092 
585.424561 245.770538 0.659082 
582.414978 300.216278 0.815998 
582.456299 351.654663 0.646102 
635.383606 134.000000 0.867168 
0.000000 0.000000 0.000000 
617.836365 134.029953 0.978102 
0.000000 0.000000 0.000000 
18
638.308716 139.912476 0.759893 
598.664673 159.018906 0.853874 
606.001953 164.932022 0.793304 
656.006042 182.548630 0.936955 
653.030090 145.854904 0.880150 
591.314697 156.059570 0.755281 
641.247559 181.077621 0.109381 
0.000000 0.000000 0.000000 
603.020569 251.635880 0.743758 
594.193542 310.416840 0.840082 
588.357666 361.921387 0.785287 
585.395203 244.344788 0.669432 
581.062134 300.220734 0.810387 
581.011353 351.632477 0.662956 
635.378113 134.039566 0.858908 
0.000000 0.000000 0.000000 
619.216797 134.028107 0.971096 
0.000000 0.000000 0.000000 
18
636.877808 142.860718 0.801289 
598.634705 159.036163 0.858015 
605.985229 166.364868 0.806212 
658.903076 182.582428 0.934457 
654.492493 150.243958 0.848582 
591.305603 156.093018 0.751589 
628.056152 172.295792 0.152079 
0.000000 0.000000 0.000000 
603.021912 251.599319 0.746463 
594.194641 310.409058 0.851928 
586.892944 361.941589 0.789647 
585.403015 244.302139 0.677839 
581.019226 298.741211 0.844609 
576.611389 347.239929 0.642874 
635.420715 135.463882 0.894814 
0.000000 0.000000 0.000000 
619.251282 134.051926 0.950699 
0.000000 0.000000 0.000000 
18
636.891052 142.851089 0.723758 
598.621460 159.024689 0.851660 
605.952148 166.357788 0.807444 
657.469299 182.572418 0.957187 
652.986023 147.265381 0.890979 
591.315674 156.078552 0.738508 
626.585022 170.881424 0.114878 
0.000000 0.000000 0.000000 
603.005066 251.626389 0.743374 
594.197693 310.419403 0.844309 
586.887207 361.918915 0.781393 
583.993103 244.337616 0.670810 
581.063599 300.176086 0.817560 
581.008301 350.152802 0.633837 
635.403381 135.453125 0.845324 
0.000000 0.000000 0.000000 
619.289307 134.062210 0.937409 
0.000000 0.000000 0.000000 
18
638.295715 142.870056 0.660215 
598.637451 159.013702 0.824435 
604.536987 163.462952 0.799535 
656.005066 182.576508 0.958749 
652.977722 145.777252 0.913796 
592.763733 156.083267 0.725702 
628.020264 170.875565 0.131531 
0.000000 0.000000 0.000000 
603.010559 251.644989 0.732785 
594.199036 310.454376 0.837604 
586.904358 361.932343 0.759987 
586.868835 245.766861 0.636400 
582.458984 301.641022 0.788531 
582.510986 353.124664 0.640656 
636.842346 134.102844 0.794022 
0.000000 0.000000 0.000000 
620.713684 134.060226 0.952649 
0.000000 0.000000 0.000000 
18
638.370850 141.389999 0.693203 
598.663147 158.998459 0.806319 
604.513977 163.461868 0.796088 
654.578369 182.557297 0.973682 
652.989746 145.826126 0.909270 
594.186462 156.066833 0.709695 
629.495239 170.851349 0.151145 
0.000000 0.000000 0.000000 
601.572510 250.218323 0.731137 
594.205994 310.425201 0.837844 
588.349426 361.930573 0.776251 
588.359619 244.331055 0.626202 
582.468872 300.217926 0.791895 
582.479858 351.657776 0.635361 
638.285217 134.050903 0.827212 
0.000000 0.000000 0.000000 
620.718262 134.064331 0.961464 
0.000000 0.000000 0.000000 
18
639.786072 138.481400 0.690781 
598.673767 159.006363 0.799575 
604.493408 164.902618 0.786045 
654.558228 182.554428 0.993935 
651.620605 147.227615 0.915623 
594.234802 156.082672 0.704863 
628.064026 170.815887 0.171024 
0.000000 0.000000 0.000000 
600.131348 251.611694 0.725691 
594.205017 310.427246 0.831921 
588.345581 361.917419 0.767778 
591.253113 245.771988 0.616563 
582.494690 300.236725 0.780640 
582.481812 353.108582 0.640074 
638.322876 134.007736 0.852312 
0.000000 0.000000 0.000000 
622.155151 134.083572 0.968925 
0.000000 0.000000 0.000000 
18
639.757141 139.905701 0.635436 
598.642517 158.985016 0.809919 
604.507507 164.891403 0.792584 
654.525757 182.587189 0.986089 
651.561401 145.757294 0.916885 
594.209290 156.057968 0.719520 
628.057190 170.836563 0.160087 
0.000000 0.000000 0.000000 
601.585266 250.209869 0.728315 
594.201050 310.413574 0.836805 
588.343506 361.921478 0.781609 
588.374756 244.325806 0.627976 
582.452454 300.195343 0.808578 
580.989685 350.168121 0.646040 
638.299011 133.999207 0.806966 
0.000000 0.000000 0.000000 
622.179932 134.071869 0.980814 
0.000000 0.000000 0.000000 
18
638.337830 141.415390 0.635026 
598.650208 158.994217 0.814962 
604.505310 164.905777 0.789288 
653.131470 182.620789 0.970099 
651.508301 145.733261 0.869348 
594.207703 156.069489 0.722379 
629.513550 170.832870 0.164926 
0.000000 0.000000 0.000000 
601.576599 250.212616 0.727420 
594.210632 309.030457 0.829360 
588.360046 360.514465 0.784156 
589.814880 244.330490 0.635331 
582.479431 300.178955 0.820638 
581.002563 350.196320 0.664574 
636.863647 134.056076 0.785750 
0.000000 0.000000 0.000000 
622.186584 134.057800 0.979710 
0.000000 0.000000 0.000000 
18
638.342224 139.918686 0.601237 
598.651489 158.997345 0.820330 
604.518005 164.931427 0.797864 
653.103882 182.650070 0.975846 
651.490601 145.749603 0.888602 
594.208557 156.057587 0.725017 
629.519958 172.293854 0.153873 
0.000000 0.000000 0.000000 
600.122986 250.208282 0.725753 
594.188599 309.016388 0.830885 
589.786194 361.924774 0.791482 
591.254517 244.343445 0.623040 
582.469727 300.188446 0.813037 
579.525146 348.718048 0.659394 
636.867065 133.992218 0.767730 
0.000000 0.000000 0.000000 
622.182068 134.028107 0.972605 
0.000000 0.000000 0.000000 
18
638.326355 142.836990 0.668357 
598.652771 159.011505 0.800164 
604.505615 164.895508 0.791791 
653.090149 182.646515 0.972640 
651.527039 145.757126 0.868439 
594.204468 156.096649 0.730470 
645.670654 182.551865 0.167039 
0.000000 0.000000 0.000000 
600.107605 251.608429 0.724521 
594.197144 309.003204 0.829689 
588.363647 360.515381 0.791707 
589.832092 245.781219 0.624776 
582.472168 300.179596 0.811457 
578.080933 347.275146 0.670025 
636.881531 134.049606 0.804682 
0.000000 0.000000 0.000000 
623.626953 134.000092 0.950189 
0.000000 0.000000 0.000000 
18
638.364197 141.420502 0.676470 
598.647278 159.020096 0.820362 
604.546997 164.899628 0.799977 
653.096863 182.624268 0.990522 
651.534302 145.824249 0.900066 
592.800232 156.100571 0.747453 
629.536011 172.335754 0.137316 
0.000000 0.000000 0.000000 
598.675598 251.626877 0.727060 
594.179749 309.016479 0.832680 
588.355652 360.504456 0.775933 
588.359131 245.802734 0.622360 
582.522705 301.688232 0.762562 
581.006409 350.178101 0.634982 
638.317505 134.042419 0.818583 
0.000000 0.000000 0.000000 
623.664124 134.021225 0.954242 
0.000000 0.000000 0.000000 
18
638.349915 142.870300 0.628652 
598.672668 159.003067 0.820539 
604.555603 164.889648 0.798448 
653.098999 182.617477 1.000090 
651.536133 147.227234 0.919718 
592.812988 156.083267 0.741659 
629.516846 172.306732 0.141675 
0.000000 0.000000 0.000000 
598.663574 251.628662 0.726271 
592.812012 310.418640 0.842977 
588.336182 361.911194 0.773485 
589.797852 247.231323 0.618181 
582.510620 303.151367 0.741043 
582.464355 351.647675 0.631179 
638.346436 134.063751 0.781354 
0.000000 0.000000 0.000000 
625.134216 134.051788 0.971711 
0.000000 0.000000 0.000000 
18
639.761597 141.420456 0.576667 
598.668884 159.008835 0.827888 
604.582336 164.885941 0.802502 
653.100342 182.623978 0.995066 
651.510986 147.232162 0.930808 
592.788879 156.091187 0.747372 
629.512512 172.360199 0.133893 
0.000000 0.000000 0.000000 
598.651733 251.642746 0.731447 
592.810974 309.028687 0.847699 
588.325623 361.936096 0.781881 
586.910522 247.246658 0.630525 
582.443054 301.681976 0.751773 
580.968933 348.740051 0.635101 
639.747437 134.028915 0.750234 
0.000000 0.000000 0.000000 
626.566467 134.046844 0.986916 
0.000000 0.000000 0.000000 
18
639.778809 141.399002 0.605105 
600.093384 158.992844 0.835658 
605.935608 163.457581 0.806435 
653.114868 182.626709 0.979790 
651.509521 147.264755 0.949754 
592.790161 156.086334 0.755053 
650.050415 182.587036 0.193141 
651.513672 147.329224 0.249371 
598.646851 251.607697 0.731236 
592.826904 308.976471 0.841120 
586.910645 360.512146 0.794105 
585.423828 245.775497 0.645252 
582.416443 300.225525 0.797684 
579.517212 348.696777 0.646396 
639.758240 134.022842 0.778411 
0.000000 0.000000 0.000000 
626.559204 134.042648 0.969103 
0.000000 0.000000 0.000000 
18
639.809937 138.487198 0.628995 
598.667175 158.995987 0.839980 
605.959473 163.461731 0.809957 
654.488281 182.628601 0.975133 
651.527893 147.252747 0.954444 
592.756531 156.080490 0.752037 
645.692322 182.565491 0.160314 
0.000000 0.000000 0.000000 
598.648743 251.619843 0.738877 
592.810791 309.007355 0.858554 
586.901001 361.934509 0.792645 
583.990112 245.787918 0.659465 
581.005249 300.218079 0.803581 
579.520325 348.718140 0.646210 
639.777893 132.594482 0.800792 
0.000000 0.000000 0.000000 
626.549988 133.976730 0.954977 
0.000000 0.000000 0.000000 
18
639.797241 139.929977 0.664781 
598.636902 159.000534 0.842814 
605.957275 163.459244 0.811875 
654.533752 182.611374 0.971476 
651.589478 145.863510 0.944228 
592.715393 156.084747 0.746756 
629.527832 173.794693 0.113136 
0.000000 0.000000 0.000000 
598.653198 251.621216 0.740041 
592.818481 309.025818 0.867605 
588.332458 361.932190 0.802501 
583.960144 245.785355 0.668043 
580.960693 300.214478 0.798804 
576.597595 347.262726 0.669593 
639.765625 132.600540 0.809020 
0.000000 0.000000 0.000000 
626.542847 133.959641 0.936138 
0.000000 0.000000 0.000000 
18
639.806885 141.412308 0.652403 
598.638306 159.005219 0.841601 
605.955017 163.452591 0.807703 
654.558838 182.579926 0.969310 
651.584717 145.771637 0.905496 
592.706482 156.092529 0.739527 
629.517029 172.366043 0.111736 
0.000000 0.000000 0.000000 
600.093994 251.610886 0.736155 
592.809937 309.010193 0.854961 
588.351379 361.938843 0.806092 
583.941040 245.764694 0.679293 
580.950867 300.182526 0.813901 
573.669922 347.221619 0.700220 
639.763794 134.008896 0.790285 
0.000000 0.000000 0.000000 
626.535522 132.593521 0.938200 
0.000000 0.000000 0.000000 
18
639.856934 141.396729 0.655879 
598.630310 158.996567 0.831592 
604.581299 161.992783 0.792621 
656.028564 182.503937 0.951952 
652.987061 145.755692 0.911470 
591.311340 156.072205 0.730327 
619.241821 182.559006 0.088596 
0.000000 0.000000 0.000000 
600.118042 251.616302 0.732105 
592.805847 310.410614 0.859473 
586.901917 361.940582 0.795610 
583.923096 245.763290 0.676620 
580.962341 300.226776 0.791515 
576.609497 347.286987 0.654074 
639.805115 133.988754 0.801355 
0.000000 0.000000 0.000000 
626.543701 132.592728 0.939306 
0.000000 0.000000 0.000000 
18
639.844055 138.439529 0.616723 
598.642273 157.632324 0.818502 
604.581177 161.963623 0.783338 
658.942017 179.637390 0.908588 
652.999573 142.857407 0.868811 
592.717529 154.650101 0.737049 
638.359497 175.211334 0.084797 
0.000000 0.000000 0.000000 
600.107300 250.211319 0.730392 
592.817749 309.024261 0.849272 
588.346680 361.918671 0.802578 
582.541382 244.319000 0.682837 
580.955444 300.174316 0.818873 
575.117798 347.208771 0.685314 
639.786621 131.104462 0.744399 
0.000000 0.000000 0.000000 
626.534424 132.560593 0.932598 
0.000000 0.000000 0.000000 
18
639.859497 136.998367 0.628908 
597.195190 158.973373 0.809330 
604.530945 161.949722 0.774959 
660.386841 178.114563 0.874716 
651.635254 137.010117 0.891493 
592.697998 156.049149 0.720554 
641.333862 172.323883 0.089084 
0.000000 0.000000 0.000000 
600.118530 250.216568 0.732779 
592.825745 309.017151 0.839502 
588.350342 361.925507 0.799983 
583.920654 244.326096 0.680899 
580.968018 300.146393 0.843965 
573.679382 347.204926 0.691200 
639.759460 129.639679 0.732862 
0.000000 0.000000 0.000000 
625.103149 132.527222 0.913024 
0.000000 0.000000 0.000000 
18
641.234436 135.473984 0.592737 
597.195801 157.624634 0.807886 
604.529175 160.560608 0.769162 
661.840698 172.279709 0.910551 
651.632202 135.554047 0.944283 
592.699829 156.048431 0.723722 
650.105652 172.319946 0.110053 
0.000000 0.000000 0.000000 
601.576843 250.198578 0.736817 
594.178772 308.984894 0.829815 
588.337463 360.522156 0.799225 
582.539551 244.290115 0.694864 
580.985168 298.744965 0.868990 
575.128662 347.193604 0.696543 
639.752686 126.692276 0.730575 
0.000000 0.000000 0.000000 
623.658020 131.125168 0.921870 
0.000000 0.000000 0.000000 
18
641.249451 132.590317 0.566217 
597.178833 157.619400 0.830449 
604.561035 161.952118 0.768466 
661.853699 170.765366 0.942332 
651.602234 134.103424 0.926090 
591.277039 154.653671 0.721384 
619.261597 172.288452 0.069403 
0.000000 0.000000 0.000000 
601.609375 250.192688 0.738178 
594.193237 308.976868 0.827299 
586.908936 360.510223 0.802820 
583.937134 244.296799 0.690223 
581.025574 298.713135 0.862249 
575.135986 347.187317 0.699362 
639.742493 125.212173 0.734650 
0.000000 0.000000 0.000000 
623.622498 131.124786 0.932742 
0.000000 0.000000 0.000000 
18
639.847900 132.602066 0.618340 
595.761047 157.632767 0.848155 
604.581543 161.974167 0.779863 
661.830811 169.348709 0.922594 
651.632568 133.985794 0.878827 
589.811523 156.054749 0.724663 
617.812866 170.782990 0.058588 
0.000000 0.000000 0.000000 
603.038940 250.198761 0.746295 
594.196167 309.004852 0.830155 
588.348816 360.518311 0.807910 
582.542419 244.290833 0.700110 
581.000122 298.756683 0.858698 
575.119080 347.205048 0.701992 
638.341675 125.205650 0.740445 
0.000000 0.000000 0.000000 
622.191711 131.098618 0.940298 
0.000000 0.000000 0.000000 
18
641.243835 132.536713 0.607152 
595.750244 158.975418 0.856231 
605.968933 161.972626 0.783730 
661.830627 167.882706 0.893916 
651.582825 132.598297 0.823276 
588.347412 156.072495 0.723379 
629.504944 160.502441 0.113258 
0.000000 0.000000 0.000000 
603.050720 250.202438 0.755150 
594.197754 308.998718 0.827628 
588.354248 361.910553 0.799150 
582.527954 244.295319 0.707576 
581.035278 298.750214 0.856545 
576.578613 347.218292 0.691345 
638.363586 123.775558 0.759352 
0.000000 0.000000 0.000000 
623.618774 131.070389 0.928017 
0.000000 0.000000 0.000000 
18
639.777527 132.525879 0.576311 
595.710815 157.620316 0.885038 
605.971375 161.974380 0.803457 
661.852112 166.361099 0.849768 
651.540771 131.106735 0.816673 
585.444519 156.047806 0.731858 
628.075439 159.079453 0.147813 
0.000000 0.000000 0.000000 
603.062256 250.212677 0.760561 
594.194763 309.019562 0.830002 
588.369629 361.919891 0.801087 
582.524536 244.303757 0.715368 
581.052795 300.141998 0.853226 
576.607056 347.267609 0.697745 
636.880676 123.771873 0.705961 
0.000000 0.000000 0.000000 
620.698914 131.090729 0.954343 
0.000000 0.000000 0.000000 
