30
1
18
547.147766 153.177567 0.930378 
525.169739 194.336899 0.848194 
519.247192 195.817169 0.856393 
523.712830 241.372971 0.814688 
536.895752 276.694122 0.941861 
535.393799 192.831467 0.782160 
545.635986 229.594254 0.743879 
555.971313 253.162338 0.873636 
520.749329 266.373108 0.770050 
523.732483 316.339722 0.787711 
511.857880 360.522705 0.843796 
532.456604 263.449097 0.634669 
529.523743 313.390533 0.717830 
523.720764 353.111847 0.798372 
542.746826 147.315338 0.890380 
0.000000 0.000000 0.000000 
526.596436 156.102386 0.815396 
0.000000 0.000000 0.000000 
18
545.768005 153.160339 0.933020 
525.108887 194.323761 0.824605 
520.714172 195.814850 0.865456 
525.175781 241.400696 0.750528 
541.318054 276.604126 0.875620 
532.461060 192.844543 0.731925 
539.840637 231.103226 0.622849 
551.589905 253.110947 0.840034 
519.235413 266.397308 0.720217 
522.249939 316.344086 0.801646 
511.847443 360.483337 0.874327 
525.152832 264.866241 0.644679 
530.981689 312.001801 0.741160 
525.140076 348.720886 0.805713 
539.856567 147.298172 0.887269 
0.000000 0.000000 0.000000 
525.143494 156.081055 0.788581 
0.000000 0.000000 0.000000 
18
545.669861 154.605087 0.920992 
523.643982 194.349762 0.802284 
520.698120 195.846298 0.861419 
525.173401 239.948608 0.783147 
544.263489 273.732422 0.886928 
528.077881 192.876465 0.681931 
536.880310 236.931473 0.513862 
547.150513 260.486176 0.510615 
517.782898 266.394318 0.720734 
520.665405 313.445190 0.789846 
510.476227 359.041199 0.891745 
525.158875 264.921539 0.692204 
530.984985 311.951965 0.806281 
525.133850 347.299835 0.843802 
536.921265 147.325653 0.893366 
0.000000 0.000000 0.000000 
523.669922 157.512894 0.820543 
0.000000 0.000000 0.000000 
18
544.263489 157.484467 0.918830 
519.263977 194.392365 0.681219 
522.138550 201.691559 0.830422 
529.557068 241.426056 0.833392 
545.778748 275.169434 0.976125 
519.232361 192.803543 0.570954 
535.371155 232.543488 0.174249 
545.687622 241.371674 0.084853 
513.372192 266.392792 0.755367 
514.858276 313.453796 0.801411 
510.476593 359.054291 0.890055 
522.176819 264.916748 0.640849 
531.005554 311.884430 0.819779 
525.123840 347.292816 0.842607 
536.876892 150.202194 0.855579 
0.000000 0.000000 0.000000 
523.637695 157.621094 0.835175 
0.000000 0.000000 0.000000 
18
542.752747 157.499527 0.892658 
517.765808 194.391327 0.751868 
522.215576 203.146393 0.868032 
526.640198 245.774872 0.802471 
545.746948 275.168671 0.959217 
511.916351 192.793655 0.637767 
525.130554 239.867950 0.083930 
0.000000 0.000000 0.000000 
511.970551 266.371063 0.755722 
517.759155 312.006683 0.789573 
510.473083 359.052246 0.892762 
514.822144 264.849335 0.616968 
532.468933 310.433380 0.833915 
523.722168 348.722992 0.852028 
535.398376 151.672043 0.867249 
0.000000 0.000000 0.000000 
522.205994 159.082230 0.836737 
0.000000 0.000000 0.000000 
18
539.855530 157.542282 0.876044 
516.306580 198.715836 0.742271 
522.228699 204.589920 0.882131 
526.610229 248.720459 0.827467 
545.759399 276.616180 0.967820 
511.862946 194.305176 0.635998 
520.725220 241.331757 0.072293 
0.000000 0.000000 0.000000 
513.369324 269.298523 0.752495 
517.774048 313.452698 0.771424 
510.474365 359.074951 0.882705 
511.904633 264.945923 0.634300 
532.435974 310.453552 0.813251 
523.638977 348.740997 0.862048 
535.366699 151.698669 0.857313 
0.000000 0.000000 0.000000 
522.192078 159.090225 0.788257 
0.000000 0.000000 0.000000 
18
538.402893 157.615997 0.864402 
513.399109 200.197128 0.756046 
522.164063 204.638535 0.868246 
526.638794 248.742859 0.814528 
545.688171 276.698792 0.947330 
510.403778 194.346893 0.591984 
520.714233 239.860641 0.065686 
0.000000 0.000000 0.000000 
513.406067 270.797882 0.733842 
519.265137 314.879181 0.754144 
510.488586 360.470490 0.846797 
510.374695 266.378113 0.622789 
525.111389 311.942169 0.705082 
520.734070 353.090790 0.774847 
534.018433 154.598038 0.847361 
0.000000 0.000000 0.000000 
522.157959 159.088882 0.737957 
0.000000 0.000000 0.000000 
18
538.370056 157.616882 0.933769 
511.914520 197.288986 0.810840 
522.135925 204.655640 0.863527 
526.586304 250.169235 0.847280 
544.257019 276.686035 0.954083 
504.560791 192.852341 0.584411 
466.359558 211.941574 0.405062 
476.587799 201.644531 0.449713 
513.423401 269.321625 0.723442 
522.173950 312.017700 0.779071 
510.444427 359.034332 0.831737 
503.085144 264.948273 0.681255 
516.332153 311.959686 0.728053 
516.292603 353.096985 0.701423 
533.965149 154.607681 0.911803 
0.000000 0.000000 0.000000 
519.271851 160.493317 0.786464 
0.000000 0.000000 0.000000 
18
536.908325 158.979767 0.941925 
511.932281 198.735367 0.781300 
520.674805 204.597015 0.852808 
523.640747 247.237122 0.868454 
545.767334 270.789398 0.915279 
510.371735 194.335709 0.603526 
466.317810 209.023270 0.237807 
476.652863 200.173096 0.285638 
513.363342 267.841675 0.764204 
519.223267 313.404480 0.789479 
510.432220 359.040222 0.901317 
510.400452 264.873535 0.639757 
522.142273 311.914490 0.723840 
510.476776 347.249573 0.632022 
533.903625 154.650040 0.904813 
0.000000 0.000000 0.000000 
517.796875 160.514542 0.781026 
0.000000 0.000000 0.000000 
18
536.870789 159.009445 0.939371 
511.943848 197.297607 0.754156 
514.832520 204.557053 0.830189 
522.157043 248.706619 0.877782 
551.605164 253.217453 0.877492 
511.921661 194.324493 0.591931 
522.249084 229.602951 0.157288 
0.000000 0.000000 0.000000 
511.954102 267.872498 0.778915 
517.779846 313.448456 0.794111 
510.456879 359.052429 0.928097 
514.827576 264.929688 0.605422 
522.179443 311.937927 0.726617 
510.476654 345.776123 0.599856 
533.882202 156.072372 0.899487 
0.000000 0.000000 0.000000 
517.775818 160.536606 0.759514 
0.000000 0.000000 0.000000 
18
536.891357 159.038559 0.938078 
511.851898 194.352402 0.799636 
513.365845 200.216202 0.808874 
526.579163 239.914520 0.914996 
558.906433 223.739365 0.878595 
510.394836 192.821899 0.601002 
528.045105 220.806793 0.140494 
0.000000 0.000000 0.000000 
513.353821 266.388153 0.804568 
516.337402 314.874420 0.783305 
510.467316 359.056213 0.917294 
516.285583 264.877563 0.623795 
520.692139 311.978363 0.663486 
511.880371 347.230377 0.587482 
533.899353 156.108017 0.922700 
0.000000 0.000000 0.000000 
516.308594 160.502686 0.803481 
0.000000 0.000000 0.000000 
18
536.866699 159.030350 0.898748 
510.480774 189.936844 0.750117 
510.458008 194.351456 0.826076 
534.001648 222.277359 0.931374 
557.461304 194.382278 0.945229 
510.404816 184.050400 0.596596 
532.496033 195.779526 0.228008 
0.000000 0.000000 0.000000 
513.367859 264.893799 0.790439 
516.284546 314.879089 0.780723 
510.469543 360.454132 0.880146 
516.303772 263.447418 0.589217 
519.213440 312.005310 0.644891 
511.881958 348.689514 0.587583 
533.892883 156.064178 0.836692 
0.000000 0.000000 0.000000 
519.255859 159.017838 0.752712 
0.000000 0.000000 0.000000 
18
538.349243 159.071014 0.977017 
514.860168 188.419281 0.778916 
511.860016 192.892593 0.928908 
545.646790 191.379333 0.850215 
558.900818 148.791565 0.817040 
523.640381 186.966995 0.607462 
545.782959 184.044617 0.130046 
555.973572 147.254578 0.263835 
511.908600 263.416931 0.805512 
514.871948 314.863129 0.790340 
510.470764 360.451355 0.896320 
522.140930 261.952057 0.704090 
520.691711 311.970184 0.673143 
510.481049 348.687256 0.576026 
533.928467 157.496521 0.971895 
539.867249 148.801117 0.093710 
517.794128 160.520950 0.784624 
0.000000 0.000000 0.000000 
18
536.894775 159.000687 0.846821 
514.861816 191.389069 0.776674 
510.454254 192.817429 0.912874 
547.187012 169.358627 0.921822 
554.507324 135.465103 0.879814 
522.234802 191.404892 0.631351 
545.670776 166.378204 0.095335 
0.000000 0.000000 0.000000 
513.389771 264.923218 0.760103 
516.300415 314.893951 0.768798 
510.458313 360.440887 0.868800 
520.720276 264.849823 0.677402 
519.234192 311.987396 0.677718 
510.477448 348.713226 0.579984 
533.900818 156.121277 0.846904 
0.000000 0.000000 0.000000 
517.794128 160.554443 0.706045 
0.000000 0.000000 0.000000 
18
533.997986 156.091675 0.438244 
514.833008 192.826935 0.750274 
510.409393 189.933548 0.803934 
542.784424 160.516998 0.733817 
547.147644 120.820786 0.824128 
522.240173 194.338318 0.628235 
0.000000 0.000000 0.000000 
0.000000 0.000000 0.000000 
513.369141 266.363586 0.745037 
514.851318 316.376923 0.771563 
510.485138 360.486908 0.885836 
522.237000 264.947296 0.723668 
519.242188 313.426849 0.664083 
510.447571 347.254395 0.557128 
531.015625 148.749542 0.516129 
0.000000 0.000000 0.000000 
520.731262 156.077621 0.614868 
0.000000 0.000000 0.000000 
18
533.959778 157.523209 0.536858 
517.763428 191.366501 0.777457 
510.432343 189.886993 0.823815 
538.341919 169.284378 0.761860 
538.398621 126.672585 0.806571 
525.133850 192.834885 0.665715 
544.170532 160.541550 0.089667 
0.000000 0.000000 0.000000 
513.365112 264.906372 0.752265 
514.848633 314.898071 0.769237 
510.474854 359.068817 0.886073 
522.235046 264.871521 0.723781 
519.261353 311.999878 0.675873 
510.447449 347.227478 0.574370 
528.092773 151.664246 0.565268 
0.000000 0.000000 0.000000 
520.680176 157.537643 0.685317 
0.000000 0.000000 0.000000 
18
533.902710 159.061539 0.574945 
516.316406 192.871994 0.794506 
510.387756 192.853622 0.919071 
538.364441 173.718689 0.884554 
535.430908 134.086700 0.929257 
525.111084 194.347076 0.630406 
0.000000 0.000000 0.000000 
0.000000 0.000000 0.000000 
513.356018 264.941467 0.744866 
514.838684 314.909302 0.779405 
510.476501 360.455597 0.901287 
523.627075 264.916290 0.737687 
519.261719 312.010406 0.684065 
510.401306 347.215271 0.563532 
525.134521 157.528152 0.620363 
0.000000 0.000000 0.000000 
513.356384 159.096954 0.723999 
0.000000 0.000000 0.000000 
18
533.936890 159.046417 0.557738 
516.313538 192.903946 0.803652 
510.429169 192.848404 0.871423 
535.505188 167.875412 0.826900 
535.487122 128.184662 0.865612 
525.129333 194.356689 0.660277 
0.000000 0.000000 0.000000 
0.000000 0.000000 0.000000 
513.365173 264.952148 0.738539 
514.872620 314.906464 0.760991 
510.470398 359.062988 0.890001 
522.248230 264.932770 0.715038 
520.660522 311.999451 0.671198 
510.430115 347.219269 0.585815 
526.605530 156.123398 0.615578 
0.000000 0.000000 0.000000 
513.427795 160.555847 0.594123 
0.000000 0.000000 0.000000 
18
533.944519 156.084183 0.330568 
516.324646 192.878952 0.763988 
510.424988 192.799850 0.832650 
535.451965 166.377731 0.788984 
544.220886 123.720673 0.721940 
523.712830 194.316269 0.623648 
0.000000 0.000000 0.000000 
0.000000 0.000000 0.000000 
513.380615 266.348877 0.733848 
514.851868 317.801575 0.753230 
511.833252 361.923431 0.861228 
523.632080 264.939941 0.705963 
520.674255 313.435364 0.674852 
511.848846 350.169220 0.565453 
526.628052 148.758865 0.416123 
0.000000 0.000000 0.000000 
519.264771 156.112244 0.554984 
0.000000 0.000000 0.000000 
18
533.958252 159.080948 0.597076 
517.776123 192.859283 0.797790 
510.424774 192.783615 0.855037 
536.945435 169.294312 0.780234 
536.902649 126.700371 0.808210 
525.178772 194.310074 0.649449 
0.000000 0.000000 0.000000 
0.000000 0.000000 0.000000 
513.373230 266.364441 0.729193 
514.850769 317.815308 0.753172 
510.498444 361.940491 0.855068 
523.627930 266.348755 0.711072 
519.271057 313.464355 0.670352 
511.871582 351.647919 0.568940 
528.078186 157.514450 0.635959 
0.000000 0.000000 0.000000 
516.313293 159.088135 0.610400 
0.000000 0.000000 0.000000 
18
532.473022 160.496628 0.277014 
513.414185 192.856339 0.741117 
510.470459 191.396378 0.841170 
538.346741 169.275208 0.857903 
535.421753 132.581543 0.938755 
522.188354 194.335709 0.563142 
0.000000 0.000000 0.000000 
0.000000 0.000000 0.000000 
514.856262 266.401062 0.711337 
514.880737 317.822876 0.744221 
510.483551 361.913086 0.830236 
520.739807 266.362732 0.636609 
517.790283 314.865417 0.673200 
511.902405 353.090179 0.589749 
525.164673 157.597961 0.373495 
0.000000 0.000000 0.000000 
517.789063 160.537018 0.557186 
0.000000 0.000000 0.000000 
18
533.909851 158.994614 0.325505 
516.326355 192.806717 0.742006 
511.877930 189.876328 0.849910 
538.384705 160.547974 0.807489 
536.893372 123.762688 0.830089 
522.218872 194.295181 0.629824 
0.000000 0.000000 0.000000 
0.000000 0.000000 0.000000 
513.398560 266.358368 0.731462 
516.304199 316.355682 0.746173 
510.489471 360.513519 0.861176 
522.222961 264.932037 0.702943 
520.691162 313.415344 0.676948 
510.452789 348.687683 0.565165 
528.049683 153.134186 0.401219 
0.000000 0.000000 0.000000 
517.786987 157.533646 0.599458 
0.000000 0.000000 0.000000 
18
532.509705 159.013779 0.246099 
516.327454 192.812424 0.719040 
511.848358 185.492111 0.802669 
535.469971 156.106720 0.879511 
542.784302 111.938126 0.893617 
522.146912 194.359543 0.601183 
0.000000 0.000000 0.000000 
0.000000 0.000000 0.000000 
514.839722 264.930725 0.723264 
516.325134 316.345215 0.743478 
510.466492 360.508057 0.848922 
522.152222 264.883362 0.668648 
520.678406 313.402069 0.667838 
511.853668 350.173279 0.566292 
525.105286 148.762573 0.339776 
0.000000 0.000000 0.000000 
516.334717 157.517120 0.479413 
0.000000 0.000000 0.000000 
18
533.872375 161.990555 0.158301 
519.210083 192.886597 0.700575 
511.918793 185.492340 0.828898 
535.518555 153.125427 0.843647 
548.662354 110.546143 0.855136 
522.166443 195.775955 0.561896 
0.000000 0.000000 0.000000 
0.000000 0.000000 0.000000 
514.819641 264.920807 0.723515 
514.857666 316.333832 0.757153 
510.471344 360.487701 0.864615 
522.138550 264.875671 0.687587 
519.255249 313.401459 0.674199 
511.849640 350.178131 0.580991 
0.000000 0.000000 0.000000 
0.000000 0.000000 0.000000 
516.293640 158.996994 0.395446 
0.000000 0.000000 0.000000 
18
533.904236 156.093887 0.200258 
513.386841 189.895248 0.667623 
511.920624 184.044342 0.790004 
536.922546 157.592224 0.841278 
539.847107 122.234711 0.780059 
514.863098 191.356537 0.531839 
0.000000 0.000000 0.000000 
0.000000 0.000000 0.000000 
516.301880 264.887787 0.723601 
514.867554 314.871399 0.736020 
510.475464 359.071686 0.821996 
517.780884 263.442627 0.614475 
517.777283 311.977844 0.667793 
511.897766 353.088287 0.606813 
526.600708 148.801529 0.289120 
0.000000 0.000000 0.000000 
520.698608 157.515945 0.459583 
0.000000 0.000000 0.000000 
18
533.975403 151.698380 0.190847 
513.407410 186.980530 0.658250 
513.358154 182.601974 0.792197 
541.303589 156.104599 0.809775 
538.371582 120.786270 0.752283 
513.393799 188.460999 0.514577 
0.000000 0.000000 0.000000 
0.000000 0.000000 0.000000 
516.307556 264.877899 0.722479 
516.303467 313.465698 0.732653 
510.472565 360.449463 0.815271 
514.825806 263.418884 0.617980 
517.757263 311.964722 0.665719 
511.885803 351.657288 0.596259 
529.542358 147.351044 0.307693 
0.000000 0.000000 0.000000 
522.190002 156.109406 0.526510 
0.000000 0.000000 0.000000 
18
531.025696 156.069595 0.283359 
514.837891 188.428787 0.685382 
511.890808 182.577347 0.852251 
536.927185 151.678604 0.854854 
545.690491 110.559792 0.878683 
520.683533 191.397705 0.562681 
0.000000 0.000000 0.000000 
0.000000 0.000000 0.000000 
514.859863 264.879120 0.723462 
516.305481 313.439117 0.738989 
510.471130 359.026917 0.852536 
520.676514 263.428223 0.629921 
519.252197 311.938507 0.663599 
510.470703 347.240845 0.593152 
523.738953 148.744736 0.417602 
0.000000 0.000000 0.000000 
514.872009 156.075287 0.540488 
0.000000 0.000000 0.000000 
18
533.976929 167.861664 0.141940 
516.335022 194.287247 0.719541 
511.915741 185.519348 0.784569 
536.867859 156.097549 0.901478 
542.782776 111.949829 0.855382 
520.698853 195.818222 0.552743 
0.000000 0.000000 0.000000 
0.000000 0.000000 0.000000 
517.778442 264.938751 0.705485 
516.320740 314.875793 0.724504 
510.467621 359.045044 0.819595 
514.835083 264.851868 0.609450 
517.769653 311.963043 0.666889 
510.480774 348.706818 0.587732 
0.000000 0.000000 0.000000 
0.000000 0.000000 0.000000 
516.313782 159.020248 0.322354 
0.000000 0.000000 0.000000 
18
0.000000 0.000000 0.000000 
513.354431 189.935471 0.679553 
511.943054 185.519669 0.828172 
538.372681 164.892776 0.787199 
536.909851 125.229721 0.859025 
0.000000 0.000000 0.000000 
0.000000 0.000000 0.000000 
0.000000 0.000000 0.000000 
519.224915 264.935150 0.724883 
516.332703 314.870880 0.718641 
510.467987 359.019043 0.818531 
513.354675 263.457672 0.632751 
517.747864 311.957184 0.669759 
511.860016 348.712769 0.600218 
0.000000 0.000000 0.000000 
0.000000 0.000000 0.000000 
522.229614 157.546890 0.516536 
0.000000 0.000000 0.000000 
18
532.503174 156.111877 0.366224 
511.970184 191.371552 0.717456 
511.907379 189.906158 0.824348 
0.000000 0.000000 0.000000 
0.000000 0.000000 0.000000 
513.381287 192.854584 0.517704 
0.000000 0.000000 0.000000 
0.000000 0.000000 0.000000 
519.268799 264.931793 0.721702 
516.314941 314.912201 0.724249 
510.489990 359.042328 0.810768 
514.840820 263.479095 0.615165 
516.335754 313.405060 0.675995 
511.888489 350.180237 0.602511 
526.583252 150.241959 0.465881 
0.000000 0.000000 0.000000 
517.798584 157.504303 0.651091 
0.000000 0.000000 0.000000 
18
533.917969 159.009872 0.393824 
517.778137 192.856567 0.780637 
511.854095 191.348236 0.870197 
536.918030 160.538681 0.799802 
535.410828 116.415985 0.842005 
523.697205 194.330948 0.655746 
0.000000 0.000000 0.000000 
0.000000 0.000000 0.000000 
513.414368 264.901520 0.728261 
516.318420 313.459503 0.739752 
510.496521 360.438385 0.872475 
523.638062 264.871704 0.730534 
522.125244 311.966278 0.717620 
511.917755 350.151672 0.592146 
526.623413 154.638596 0.494570 
0.000000 0.000000 0.000000 
519.230103 160.488937 0.565889 
0.000000 0.000000 0.000000 
