35
1
18
536.902344 159.068588 0.934712 
510.473145 194.401077 0.820705 
516.315674 203.129715 0.816158 
516.338623 248.743637 0.803691 
523.744263 282.549286 0.928399 
503.097137 192.797821 0.570438 
466.295868 211.949341 0.465583 
475.157532 200.185806 0.428675 
511.884033 267.806274 0.749346 
511.925873 316.362549 0.760802 
510.461121 358.992645 0.809446 
507.456970 264.852966 0.565630 
511.954712 313.435669 0.696465 
511.853729 354.606079 0.638114 
533.945435 156.079514 0.925287 
0.000000 0.000000 0.000000 
519.219421 158.977951 0.806561 
0.000000 0.000000 0.000000 
18
536.876404 159.028137 0.931434 
510.443268 194.398453 0.816627 
514.857300 203.148392 0.821800 
517.791443 248.692627 0.812594 
525.160828 281.073547 0.926623 
503.073151 191.391510 0.573301 
466.293060 211.965088 0.416150 
475.174652 200.197891 0.389805 
511.906708 266.394806 0.738731 
511.954651 316.358948 0.766599 
510.435822 358.994843 0.861146 
508.941162 263.471924 0.552476 
513.370300 313.410828 0.618755 
511.858185 353.092468 0.570586 
533.935425 156.042953 0.905370 
0.000000 0.000000 0.000000 
519.259033 158.997604 0.815165 
0.000000 0.000000 0.000000 
18
535.506653 159.049683 0.930858 
510.415588 195.816650 0.798236 
514.857361 204.567032 0.843636 
520.708313 248.701462 0.850496 
528.067932 282.511230 0.892673 
501.601379 192.825668 0.576897 
464.943665 213.426727 0.381584 
475.158173 201.635483 0.375704 
511.922577 269.282196 0.732983 
511.970795 314.903503 0.759779 
510.432831 358.972321 0.875790 
507.475494 264.886658 0.566253 
513.387390 312.005768 0.623003 
511.875244 351.628906 0.558111 
533.905701 156.077469 0.912431 
0.000000 0.000000 0.000000 
517.774292 159.049438 0.798946 
0.000000 0.000000 0.000000 
18
536.868103 159.033539 0.944977 
508.986359 194.394424 0.817665 
514.826172 203.144455 0.833840 
520.699524 247.260483 0.850131 
532.429565 278.180939 0.896224 
498.690979 191.390274 0.609095 
464.944122 213.414337 0.505051 
475.137817 200.186478 0.413869 
511.921356 270.745575 0.738080 
511.976898 314.864716 0.767063 
510.440918 358.955383 0.870796 
504.536499 264.921173 0.601924 
511.963806 311.996704 0.645601 
511.856781 351.633301 0.582300 
533.902832 156.067719 0.919694 
0.000000 0.000000 0.000000 
516.327393 159.049026 0.809165 
0.000000 0.000000 0.000000 
18
535.503235 159.067642 0.941104 
510.358521 194.398621 0.817937 
514.818726 203.135742 0.839588 
520.741150 248.684738 0.861248 
533.895386 278.126465 0.932903 
500.131683 192.795975 0.605803 
466.296326 211.987045 0.441121 
475.179810 200.193420 0.402093 
511.945801 270.787354 0.743991 
511.968140 316.337036 0.773435 
510.447937 358.974304 0.881144 
505.989227 264.952667 0.596431 
511.959106 313.425964 0.640989 
511.862030 351.641235 0.578908 
533.908447 156.089859 0.928007 
0.000000 0.000000 0.000000 
516.326233 159.022018 0.814580 
0.000000 0.000000 0.000000 
18
535.502258 159.055847 0.933807 
508.980225 194.370850 0.818166 
513.415894 203.111679 0.833739 
520.741028 245.798965 0.848586 
533.966187 276.634338 0.960986 
500.109375 191.388474 0.625852 
464.946533 211.982132 0.475161 
475.181122 201.649109 0.414452 
511.941284 270.756683 0.749155 
511.977020 314.876038 0.767805 
510.449188 358.964844 0.885036 
503.089691 264.939545 0.616469 
511.943359 313.392090 0.661190 
511.873108 350.185394 0.588923 
533.908081 156.083466 0.920501 
0.000000 0.000000 0.000000 
516.332275 159.031616 0.818477 
0.000000 0.000000 0.000000 
18
535.470215 159.010590 0.972549 
510.406677 194.337662 0.818283 
513.398804 201.691864 0.832779 
522.122131 244.315079 0.842260 
533.993347 275.249054 0.974319 
501.632813 191.331680 0.583594 
466.323639 210.484482 0.264995 
478.089172 203.079010 0.287851 
511.920258 269.321167 0.758512 
511.965149 314.884247 0.771126 
510.458740 358.957764 0.873951 
508.912964 264.943115 0.592359 
513.352356 313.404999 0.663732 
511.891052 350.188873 0.611288 
532.466370 156.070328 0.911006 
535.449097 150.241333 0.181163 
513.412537 159.037750 0.850844 
0.000000 0.000000 0.000000 
18
535.424072 157.624222 0.973426 
510.403687 194.401306 0.826723 
514.835754 203.136978 0.824796 
522.115662 244.325699 0.852633 
533.954834 275.243347 0.955360 
501.594177 192.802597 0.607301 
466.292969 211.970581 0.388226 
476.637939 200.183472 0.353273 
511.895142 269.289886 0.767069 
513.340942 313.451355 0.786966 
510.462494 358.969696 0.877896 
505.993927 264.915680 0.605153 
513.346680 312.008667 0.670525 
511.873413 351.621582 0.612406 
532.434998 154.624756 0.879801 
0.000000 0.000000 0.000000 
514.854675 159.090057 0.811581 
0.000000 0.000000 0.000000 
18
535.407898 156.041565 0.901154 
510.481415 195.802719 0.801082 
516.290588 203.158142 0.808720 
520.748047 245.759842 0.847746 
533.898071 276.646881 0.945761 
504.561401 192.839066 0.598240 
466.329346 211.943817 0.315187 
475.144806 203.083954 0.317955 
511.924225 270.771942 0.747688 
511.957092 314.917969 0.775423 
510.460968 358.983917 0.868887 
507.467743 266.347046 0.600911 
511.944702 313.438080 0.670162 
511.857819 351.644806 0.609764 
531.042297 148.756271 0.861991 
0.000000 0.000000 0.000000 
517.808777 157.617142 0.766401 
0.000000 0.000000 0.000000 
18
535.419373 159.065872 0.254660 
510.423492 200.199585 0.802564 
519.254211 204.643585 0.861535 
522.144043 248.700089 0.860367 
533.869446 278.136017 0.900227 
498.711060 194.328491 0.612567 
464.933105 210.525009 0.426970 
475.180267 201.634674 0.388763 
511.894409 270.746429 0.741577 
511.942139 314.887268 0.777403 
510.454010 358.965454 0.877824 
500.173401 264.900665 0.634260 
511.922211 313.396851 0.648771 
511.867279 351.615509 0.593675 
533.966919 157.505249 0.362709 
0.000000 0.000000 0.000000 
526.588440 159.086761 0.775380 
500.213074 159.089981 0.072668 
18
0.000000 0.000000 0.000000 
507.509094 195.792404 0.822420 
517.805908 204.558228 0.843737 
522.188538 247.232483 0.846701 
531.037903 278.134216 0.890484 
494.275391 189.930603 0.638041 
464.931641 213.423767 0.618701 
475.140564 200.175995 0.511472 
510.479248 267.831848 0.741850 
511.955505 313.458923 0.773678 
510.447571 358.970184 0.869807 
500.091492 263.445435 0.633882 
511.928864 311.980835 0.641617 
511.861053 351.623474 0.594223 
0.000000 0.000000 0.000000 
0.000000 0.000000 0.000000 
528.073730 159.015305 0.826626 
501.578552 159.085693 0.209122 
18
533.974182 156.113037 0.477603 
510.459320 195.831650 0.788712 
516.325012 203.152023 0.840747 
522.196350 247.273285 0.844879 
530.984253 281.096283 0.860615 
501.593140 194.287277 0.565764 
466.334198 213.441071 0.347620 
475.156128 200.204895 0.322430 
511.861237 267.823486 0.745332 
511.956421 313.465118 0.768959 
510.434998 358.962097 0.882147 
501.629517 263.448151 0.585638 
513.363525 311.967529 0.609031 
511.855194 350.175812 0.550825 
531.003784 150.251450 0.496472 
0.000000 0.000000 0.000000 
523.644165 158.994537 0.756331 
0.000000 0.000000 0.000000 
18
533.919800 151.681717 0.875430 
511.897400 195.807678 0.804971 
516.323669 203.171509 0.827048 
522.156616 247.249329 0.848166 
528.104492 282.549347 0.875377 
507.497803 192.832382 0.555060 
467.816162 214.851669 0.179181 
476.571808 201.633698 0.227231 
511.909271 267.836609 0.738946 
511.969421 314.899536 0.755893 
510.442413 358.982422 0.859240 
507.466919 264.854553 0.575588 
511.967468 312.001617 0.636884 
510.479553 351.653351 0.569189 
525.150452 147.345551 0.879653 
532.432800 147.189987 0.144386 
513.408936 159.040527 0.783252 
0.000000 0.000000 0.000000 
18
533.935364 156.100708 0.957629 
506.017731 192.812592 0.837311 
514.882690 200.201324 0.787996 
522.130737 245.758957 0.826528 
528.095459 281.081970 0.863118 
492.770111 184.055588 0.694243 
466.316864 211.972031 0.609554 
475.160156 198.732208 0.481940 
511.884155 266.369415 0.753045 
511.980438 314.893585 0.762396 
510.457153 358.971466 0.868196 
500.135529 263.379150 0.640821 
511.955383 311.986511 0.613574 
511.855743 351.629059 0.546616 
525.178467 151.674332 0.871354 
532.495483 148.732971 0.206827 
511.957336 159.033142 0.852802 
0.000000 0.000000 0.000000 
18
533.912170 154.645462 0.926312 
504.562103 192.848892 0.846738 
516.302795 201.641525 0.797156 
522.146912 244.323044 0.837219 
528.089844 279.632813 0.873922 
489.881622 184.069199 0.715962 
466.313141 211.985672 0.638350 
475.135345 198.747772 0.463104 
511.869598 266.354523 0.758269 
513.346252 313.447174 0.763912 
510.448608 358.953339 0.879384 
500.155426 263.384735 0.631407 
513.349182 311.952393 0.611660 
511.860077 350.184570 0.549462 
525.119690 148.790497 0.902658 
533.857544 147.325638 0.350993 
511.884338 159.010132 0.870538 
0.000000 0.000000 0.000000 
18
533.935120 150.215775 0.924382 
506.027435 192.875458 0.843941 
517.769592 201.692490 0.798211 
522.163757 247.218613 0.835823 
529.514038 281.079041 0.866173 
489.875122 184.083679 0.693892 
464.930542 213.426819 0.686144 
475.096802 198.763687 0.506226 
511.909943 267.823792 0.748887 
511.971039 316.335938 0.762252 
510.451385 358.963409 0.865220 
500.155151 263.424774 0.639500 
511.937988 313.393127 0.616534 
511.845551 351.626190 0.550198 
525.177307 147.280228 0.913086 
0.000000 0.000000 0.000000 
513.355042 157.610443 0.835046 
0.000000 0.000000 0.000000 
18
533.921692 150.191330 0.875051 
507.478333 194.307602 0.853258 
519.232788 203.117523 0.808224 
522.150513 247.259689 0.825168 
529.566223 282.519287 0.859403 
491.336151 186.965561 0.678625 
464.923676 211.985062 0.655320 
473.645050 197.284454 0.466479 
511.905243 267.855804 0.726860 
511.961548 316.348419 0.757347 
510.447205 358.958282 0.868426 
500.166260 263.447998 0.619274 
511.967285 313.397766 0.604070 
511.850067 350.189789 0.550118 
526.628479 147.211685 0.859051 
0.000000 0.000000 0.000000 
516.293579 156.077530 0.708086 
0.000000 0.000000 0.000000 
18
533.983948 157.487152 0.261827 
506.033997 194.272766 0.821228 
519.221985 203.120148 0.817358 
522.183105 247.254593 0.834627 
531.018188 281.068542 0.864749 
491.328339 184.076630 0.700154 
464.912079 213.406967 0.666887 
473.665802 198.756470 0.513203 
511.887451 267.855530 0.736267 
511.976959 314.910400 0.761875 
510.434235 358.960571 0.856115 
500.111328 263.443329 0.632665 
511.937134 312.005402 0.624025 
510.486938 351.618713 0.561567 
532.482422 151.673401 0.333347 
0.000000 0.000000 0.000000 
525.121826 157.557678 0.814306 
500.145325 157.618378 0.187274 
18
533.900696 154.624832 0.597276 
506.030579 195.786530 0.820939 
517.791077 204.578125 0.846468 
522.204407 248.706985 0.869197 
532.424988 279.585999 0.883849 
491.300079 188.461884 0.672269 
464.932343 211.945786 0.645201 
475.142426 195.820801 0.473458 
511.960144 272.216187 0.742426 
511.981110 314.913422 0.768762 
510.436249 358.976929 0.860548 
500.165466 264.934082 0.652841 
511.946228 313.404205 0.670651 
511.850189 353.097961 0.619148 
528.067566 148.770889 0.620776 
0.000000 0.000000 0.000000 
522.161316 157.616226 0.768849 
498.645782 159.091766 0.080544 
18
533.883850 151.695190 0.875860 
510.473175 195.838028 0.795823 
516.331970 203.153107 0.812043 
522.186279 247.247742 0.870341 
532.487427 278.167419 0.895565 
503.098938 192.894150 0.557021 
466.384338 216.315857 0.307051 
475.195251 201.667023 0.260534 
511.945435 272.236664 0.758069 
511.974640 316.357697 0.772922 
510.446106 358.978027 0.857298 
506.024445 266.381866 0.604609 
513.352173 313.444275 0.659992 
511.854218 353.111664 0.628915 
523.750488 147.330154 0.898725 
532.457886 147.195984 0.175760 
511.966919 159.009369 0.809471 
0.000000 0.000000 0.000000 
18
532.495789 156.082672 0.942402 
508.936920 194.342667 0.847640 
514.840515 201.693192 0.835731 
522.133118 247.234238 0.865435 
533.902161 278.100769 0.922342 
498.623901 191.352814 0.633531 
466.350555 210.520721 0.440489 
476.590088 198.728729 0.377487 
513.367371 272.216949 0.750502 
513.347839 316.335052 0.776899 
510.440918 358.973267 0.885994 
504.548157 266.361023 0.634366 
511.953430 313.441711 0.663842 
510.490417 351.663300 0.613646 
523.650940 150.228485 0.919515 
531.032166 147.333664 0.470968 
510.410553 159.123734 0.836976 
0.000000 0.000000 0.000000 
18
531.006348 156.053162 0.892083 
507.474609 194.275101 0.838372 
516.306396 201.659317 0.820224 
522.205139 245.769272 0.849245 
533.925598 276.688263 0.927822 
491.323608 186.969116 0.642999 
466.321259 211.965759 0.557538 
476.592102 197.245758 0.435343 
511.959717 269.294067 0.753503 
513.406250 313.449982 0.778473 
510.438629 358.970184 0.890301 
503.062317 264.907867 0.642160 
511.949341 311.995270 0.670525 
511.843231 351.632202 0.612157 
522.209839 150.213089 0.923406 
530.972595 147.330521 0.754579 
508.914215 160.532288 0.826093 
0.000000 0.000000 0.000000 
18
533.872986 151.692001 0.905591 
504.543457 192.785324 0.831727 
514.859680 201.653854 0.784783 
522.219910 247.230988 0.832636 
533.961731 276.712494 0.925541 
489.858612 184.047943 0.707981 
466.309021 211.967560 0.631616 
475.167633 198.748383 0.458788 
511.907257 267.809113 0.758208 
513.403992 313.397858 0.796565 
510.438782 358.967682 0.905258 
501.582642 263.453156 0.640529 
513.359314 311.951538 0.650113 
511.848602 350.179749 0.592706 
523.712219 147.356705 0.941502 
530.981506 147.231216 0.253734 
510.497223 159.040924 0.899706 
0.000000 0.000000 0.000000 
18
532.472534 148.773056 0.899904 
507.482086 194.327148 0.840987 
517.766174 203.141846 0.819139 
522.241516 248.694855 0.856276 
533.950195 278.148193 0.921857 
492.776459 188.423721 0.629090 
466.307800 213.454819 0.538437 
475.145172 201.652435 0.424127 
511.905365 269.280396 0.750462 
513.386658 313.445984 0.778524 
510.440704 358.971313 0.900693 
501.617340 264.881409 0.622868 
513.402405 311.981903 0.628883 
511.866302 350.177063 0.593306 
523.723328 147.219894 0.931076 
0.000000 0.000000 0.000000 
511.945801 157.551361 0.838215 
0.000000 0.000000 0.000000 
18
532.490173 157.538055 0.802657 
504.574371 194.318451 0.832842 
516.317627 203.098358 0.817388 
522.202026 248.692245 0.857604 
533.914612 279.599976 0.906777 
489.865448 186.988525 0.678451 
464.912872 213.446884 0.637251 
473.672363 200.183487 0.461016 
511.919891 269.316254 0.742813 
513.364441 314.885864 0.783199 
510.437195 358.985931 0.908302 
501.622284 264.896393 0.615013 
513.387695 313.395874 0.627741 
511.880676 350.188293 0.582625 
525.192200 151.670776 0.750485 
0.000000 0.000000 0.000000 
516.294617 157.588226 0.740502 
0.000000 0.000000 0.000000 
18
532.491882 156.036957 0.779066 
507.460114 194.385147 0.797172 
514.855103 203.173462 0.829022 
522.159729 247.268661 0.855084 
532.475708 278.177643 0.899449 
492.809601 186.976303 0.619704 
466.304016 211.944641 0.521721 
475.182068 198.733719 0.452206 
511.946960 270.754150 0.743498 
511.985016 316.341980 0.769164 
510.459259 358.986877 0.886645 
503.078888 264.924835 0.604689 
513.376831 313.433746 0.638588 
511.888855 351.631378 0.589549 
525.161194 148.750580 0.792213 
0.000000 0.000000 0.000000 
516.304077 157.573547 0.717484 
0.000000 0.000000 0.000000 
18
533.877258 153.162781 0.891623 
510.402252 195.784058 0.779556 
513.365479 203.151810 0.848703 
522.114563 247.240326 0.853888 
532.450256 279.606934 0.894928 
501.622192 192.805771 0.518738 
466.353516 214.925354 0.341615 
475.169006 201.648422 0.304957 
511.902588 269.292145 0.752295 
513.369019 314.877502 0.766121 
510.451202 358.979675 0.892997 
508.951508 264.921143 0.581280 
514.821716 313.396149 0.648792 
511.869720 351.639221 0.590677 
523.752136 148.750381 0.902225 
528.072754 147.217468 0.124879 
511.968384 159.076874 0.846597 
0.000000 0.000000 0.000000 
18
532.462341 157.538696 0.955271 
506.020569 195.787506 0.817452 
513.412903 203.171082 0.855063 
520.740417 248.691147 0.871261 
532.449707 278.179504 0.905978 
494.273834 192.803253 0.631240 
466.309265 211.968307 0.573542 
475.082306 198.712936 0.489879 
511.975372 270.772736 0.736133 
513.379761 314.892487 0.760396 
510.436676 358.969635 0.883040 
504.561462 266.347778 0.604005 
513.418030 313.417450 0.666649 
511.867340 351.617889 0.604719 
523.646545 151.713791 0.900988 
532.433105 150.190216 0.447468 
510.359619 159.097641 0.809047 
0.000000 0.000000 0.000000 
18
529.560303 157.520142 0.905574 
508.909790 194.315155 0.813249 
513.401489 203.094208 0.828690 
520.702148 247.233627 0.841158 
532.460266 278.172058 0.905761 
495.738770 188.440475 0.566026 
466.336945 211.985397 0.391198 
478.116547 197.283127 0.298660 
511.932709 269.320282 0.735946 
513.366882 314.914917 0.751692 
510.454254 358.982361 0.891308 
508.939850 264.951813 0.573029 
513.404602 313.422638 0.651726 
511.847076 351.622101 0.583552 
522.173096 153.136871 0.892586 
529.570313 148.770126 0.786702 
506.013824 160.506348 0.814534 
0.000000 0.000000 0.000000 
18
533.906433 157.508286 0.967702 
503.076965 192.816803 0.838296 
513.364258 201.686203 0.835680 
520.747498 247.230255 0.832143 
532.461182 279.578400 0.890439 
489.840790 184.051346 0.687035 
464.941956 211.965744 0.593463 
475.157867 200.184769 0.416460 
511.923737 269.295807 0.743364 
513.364502 314.892242 0.762666 
510.444885 358.973511 0.877652 
506.006989 264.901703 0.574245 
513.406616 313.400665 0.634541 
511.845856 351.629791 0.580974 
523.750671 153.129852 0.890055 
532.489136 148.759140 0.435661 
510.437561 159.072372 0.886037 
0.000000 0.000000 0.000000 
18
533.940552 156.057724 0.939584 
504.532043 192.886230 0.834942 
513.354492 201.691391 0.812493 
520.735168 247.264526 0.827158 
532.469055 281.068329 0.872321 
491.313293 186.955963 0.644394 
466.305298 213.433548 0.605392 
475.106232 198.739243 0.500709 
511.923492 270.761108 0.736002 
511.973724 316.344330 0.762552 
510.428894 358.965729 0.845786 
505.989624 264.938507 0.578758 
513.367126 313.439453 0.661828 
510.492554 353.083313 0.615206 
526.606018 148.799805 0.880551 
0.000000 0.000000 0.000000 
513.350342 158.991684 0.867933 
0.000000 0.000000 0.000000 
18
533.995178 157.544434 0.915719 
503.118073 192.904251 0.821385 
513.424316 200.224930 0.779145 
520.723816 245.804764 0.819343 
532.429199 281.089844 0.854717 
491.325684 185.533463 0.651229 
464.900940 213.439514 0.678116 
473.671234 200.185867 0.518994 
511.892029 270.765320 0.743056 
511.973480 316.368378 0.759841 
510.429260 358.981415 0.853176 
503.061157 264.927673 0.580448 
511.954102 313.447998 0.646302 
510.487305 351.661346 0.600874 
531.004883 150.216949 0.825761 
0.000000 0.000000 0.000000 
516.297180 156.122131 0.747151 
0.000000 0.000000 0.000000 
18
533.990417 157.558075 0.934977 
504.576111 194.282013 0.822437 
514.845459 203.137589 0.828502 
520.714355 248.678513 0.838704 
530.979309 281.087097 0.865103 
491.342743 185.482544 0.674609 
464.937683 211.962662 0.613110 
475.129730 197.299927 0.442431 
511.866669 269.308838 0.748472 
513.344910 316.345947 0.768259 
510.437744 358.992737 0.854024 
501.589386 264.878479 0.613899 
511.920807 313.416168 0.655544 
510.471039 353.101196 0.618242 
530.973999 153.144165 0.812649 
0.000000 0.000000 0.000000 
516.290405 158.994629 0.741389 
0.000000 0.000000 0.000000 
18
533.994019 154.633148 0.915834 
508.968597 195.768372 0.785020 
513.407227 203.163040 0.830407 
519.248901 247.272949 0.843247 
528.092163 278.186249 0.875927 
498.662018 189.927597 0.571641 
466.325928 213.399033 0.511282 
476.578278 197.278198 0.452808 
511.887207 270.791443 0.754908 
513.354980 314.921356 0.771216 
510.432587 358.958832 0.865625 
504.519684 264.951691 0.589100 
511.905548 313.405914 0.664882 
510.462463 351.629181 0.596379 
528.097717 148.779373 0.852477 
0.000000 0.000000 0.000000 
516.302368 159.050873 0.782778 
0.000000 0.000000 0.000000 
18
534.021790 157.550674 0.982308 
510.389435 195.812943 0.802686 
513.423706 204.564606 0.844361 
517.806396 247.248978 0.838035 
528.080078 279.574005 0.886377 
500.162262 192.847580 0.584057 
466.347870 213.437027 0.477364 
475.166534 200.182861 0.437631 
511.862030 270.779205 0.754884 
513.365356 314.920929 0.771668 
510.437256 358.960999 0.863634 
503.056458 264.945068 0.608335 
511.890564 313.394379 0.683451 
510.469025 351.644348 0.618571 
529.515259 154.594284 0.873434 
533.954041 148.751022 0.175642 
513.367371 160.533051 0.838080 
0.000000 0.000000 0.000000 
18
534.021118 157.604126 0.984388 
510.343872 192.881683 0.821180 
513.375977 201.667923 0.815630 
516.307251 247.231140 0.819619 
528.089661 278.124786 0.901753 
500.130341 188.407486 0.587936 
466.339355 211.958237 0.484385 
476.627197 197.283142 0.443427 
511.865814 270.744293 0.743443 
513.358032 316.331024 0.768736 
510.437256 358.969940 0.862330 
503.080780 264.924774 0.615817 
511.907990 313.407623 0.675221 
510.481262 351.643799 0.614016 
526.642517 156.036270 0.872295 
533.994080 150.206848 0.401854 
511.903381 159.100784 0.855848 
0.000000 0.000000 0.000000 
