34
1
18
491.349152 157.551590 0.894072 
488.359528 172.302780 0.908798 
457.519714 176.664825 0.821774 
451.643951 228.068954 0.944007 
453.047455 272.222534 0.883327 
520.699036 170.835373 0.869825 
531.000061 217.860687 0.865014 
533.986694 264.917328 0.917922 
476.681580 263.367554 0.783988 
486.898224 319.301300 0.878293 
491.346130 366.358917 0.815370 
513.396729 259.010498 0.759410 
520.732056 316.368958 0.865776 
522.155457 361.941681 0.835846 
486.871643 148.768250 0.938318 
498.661285 147.368713 0.988042 
475.106262 144.357559 0.909344 
501.665619 139.950638 0.392125 
18
492.816040 157.541428 0.893348 
488.393494 172.298874 0.903588 
458.991852 176.677277 0.834546 
453.044739 228.063553 0.943726 
454.537354 272.226532 0.876636 
520.727600 170.801300 0.881402 
532.467346 217.849167 0.886115 
533.982361 264.935852 0.904022 
476.685333 261.978058 0.786682 
486.890167 319.307587 0.877811 
491.319702 364.882721 0.818647 
513.376160 257.565308 0.771325 
520.673889 314.888672 0.853414 
520.671387 360.438873 0.826818 
486.912964 148.757889 0.950563 
498.703644 147.362213 0.998254 
475.151154 144.354111 0.919927 
504.525055 141.380447 0.411927 
18
497.156616 157.486954 0.903150 
489.858612 172.284988 0.879864 
461.931946 175.221680 0.866668 
453.167786 228.064713 0.919488 
456.012726 272.219910 0.853133 
522.196106 170.797592 0.907911 
533.927490 217.913773 0.905850 
535.361694 264.925049 0.916040 
478.074524 261.981537 0.778737 
486.890350 319.306396 0.881813 
491.303070 364.868469 0.816032 
513.415222 259.021057 0.750388 
519.246521 314.909546 0.855582 
520.678040 360.436920 0.831530 
488.340424 147.341492 0.978373 
500.127228 147.287552 1.003322 
476.587738 144.307571 0.900930 
507.510681 138.482620 0.450031 
18
498.585571 156.091888 0.920666 
492.773651 172.272919 0.870488 
463.385315 175.204636 0.887436 
456.061737 228.090057 0.876978 
460.444946 272.243988 0.846651 
523.636230 170.794495 0.923009 
534.009766 219.298248 0.916483 
535.451477 264.960785 0.910813 
478.144470 260.504211 0.732235 
486.918610 319.278198 0.884124 
491.295227 364.861237 0.819841 
514.817749 256.101685 0.742690 
517.788757 313.471924 0.867227 
520.674927 359.053772 0.842469 
488.393951 147.287735 0.982251 
500.214325 147.229050 0.966217 
476.655457 142.884766 0.849718 
510.342804 138.440262 0.498791 
18
498.638458 154.650497 0.915561 
495.729950 170.883087 0.883844 
464.819214 173.717102 0.899879 
460.434387 228.081818 0.869188 
463.358765 272.214111 0.873319 
523.726379 170.791611 0.904841 
535.431580 217.916870 0.918054 
535.501526 264.951599 0.891092 
482.508331 260.454865 0.720625 
486.962372 317.810486 0.857540 
491.297821 364.856506 0.811854 
516.294189 254.650116 0.736446 
519.257446 313.422852 0.866469 
520.693054 359.034149 0.846104 
488.453094 147.225769 0.961391 
501.657135 145.855499 0.930153 
478.088074 141.377182 0.827619 
510.483368 138.455093 0.632446 
18
500.078613 154.629959 0.923973 
497.216827 172.258224 0.905377 
464.870789 172.326157 0.909952 
461.920410 228.158112 0.906243 
464.781555 273.662933 0.903039 
526.611938 170.840744 0.870394 
535.466248 217.917068 0.921620 
539.812805 264.908203 0.897543 
483.973053 260.470795 0.728946 
488.338593 316.360382 0.856042 
489.903320 364.884796 0.821171 
517.785278 256.084015 0.730764 
520.662109 313.394287 0.872025 
520.696472 359.056671 0.840675 
491.326721 147.217422 0.909666 
505.996185 145.869858 0.937794 
479.577759 138.470795 0.837782 
511.928253 139.901855 0.594203 
18
500.169159 153.179611 0.923231 
498.673248 172.272217 0.923803 
464.932556 173.719131 0.890499 
463.347717 228.089203 0.914187 
464.862030 270.779083 0.892850 
529.552368 170.850494 0.861636 
536.888611 217.923615 0.909844 
545.640198 264.957031 0.911851 
485.381683 259.023956 0.733395 
488.331177 316.353973 0.858460 
491.315216 366.311127 0.811664 
519.266968 256.084412 0.735434 
519.271667 313.398438 0.867341 
520.698242 359.048340 0.838275 
495.709839 145.854614 0.907086 
508.911499 145.867081 0.962822 
483.966583 138.491684 0.828085 
513.402527 141.391617 0.586184 
18
501.625854 154.653244 0.889577 
500.132294 172.306702 0.917151 
467.797363 173.718658 0.856581 
463.400726 226.639282 0.909782 
464.897125 267.850616 0.904056 
533.894592 172.256760 0.876416 
536.939453 219.369049 0.872909 
545.699768 264.938538 0.919633 
486.815948 261.929230 0.776465 
488.383606 316.371857 0.860440 
491.300323 364.881470 0.824459 
520.742737 259.013977 0.757441 
520.666992 312.020111 0.869551 
520.713013 359.046753 0.844565 
498.581940 147.250809 0.947290 
510.370880 147.245789 0.985459 
486.868805 139.923004 0.866616 
516.327881 141.381699 0.618176 
18
506.043610 156.083191 0.869464 
501.604645 172.294617 0.886758 
472.177490 173.737106 0.849902 
464.850922 226.619812 0.903777 
464.919434 267.828156 0.907159 
535.362000 170.870895 0.893442 
539.863342 220.784897 0.838420 
545.783691 264.954803 0.924606 
486.878601 261.912933 0.798805 
488.434418 316.385284 0.851272 
491.311981 364.879944 0.820831 
522.179443 258.999115 0.786050 
520.675476 313.419342 0.871872 
520.706177 359.040527 0.837100 
498.720734 147.293335 0.980896 
511.840851 147.258987 0.993619 
488.331146 141.422195 0.889185 
520.702454 139.906052 0.610355 
18
508.983765 157.503906 0.929426 
504.539093 172.276459 0.860929 
475.083435 172.328064 0.884319 
464.899017 225.168747 0.878887 
464.898010 266.367920 0.921057 
535.451233 170.884689 0.892026 
544.271057 223.719345 0.862646 
547.177673 266.417236 0.918205 
488.309875 261.942963 0.812342 
488.456665 320.727936 0.867886 
491.316559 364.892395 0.812612 
523.611023 260.465515 0.806649 
520.718872 314.886963 0.855649 
520.709412 359.032928 0.833354 
500.168884 147.319687 0.971225 
513.347229 147.307205 0.937481 
488.441437 142.848816 0.853176 
522.202881 141.374390 0.571502 
18
510.389343 157.597992 0.959156 
507.505005 173.776764 0.840721 
475.175598 173.767120 0.899062 
464.906586 225.224686 0.889295 
464.888000 267.823639 0.903067 
536.920044 175.189163 0.837013 
545.738281 225.217651 0.901400 
547.202148 269.307709 0.908155 
488.330688 263.365234 0.812000 
488.423370 322.226563 0.884178 
489.895874 367.802002 0.833115 
523.692932 261.967407 0.812818 
522.142639 317.800079 0.851879 
520.691040 359.023041 0.826174 
500.230560 148.775391 0.903740 
514.817200 148.771713 0.876928 
489.906036 145.732864 0.885943 
523.608337 144.364914 0.724083 
18
510.434631 159.078308 0.976106 
508.972198 178.148376 0.874034 
476.562714 176.682388 0.906662 
464.888489 226.648438 0.902141 
464.798828 266.358704 0.925690 
538.354675 179.581238 0.837234 
547.132324 228.105591 0.949805 
547.215393 273.667633 0.917219 
488.311615 263.374084 0.821018 
486.961975 322.211731 0.902469 
489.879639 369.214905 0.838976 
523.687683 263.396545 0.828200 
522.142151 319.272430 0.852748 
520.716370 359.058014 0.813845 
501.643341 153.179108 0.880574 
516.313110 154.601547 0.859906 
491.338226 145.834412 0.888634 
523.682983 147.229935 0.645384 
18
510.447449 161.954208 0.914039 
510.349640 179.588608 0.893755 
476.566895 178.125854 0.918061 
464.829987 225.225632 0.894418 
463.311981 264.923828 0.946262 
538.405823 181.025131 0.848401 
545.782043 228.160507 0.955387 
547.240662 273.720490 0.914777 
486.919830 263.389587 0.826723 
486.892334 323.741028 0.853816 
488.452484 372.261047 0.828723 
523.652771 263.402130 0.826534 
520.715271 317.807526 0.805253 
519.269226 359.033081 0.804189 
501.636414 156.114014 0.921083 
516.342468 156.127274 0.892773 
492.804413 147.253082 0.852227 
523.749939 147.301224 0.780360 
18
510.408081 166.385101 0.909577 
508.947876 179.645355 0.894979 
475.201111 179.582291 0.923330 
463.410492 225.223923 0.894485 
460.417297 266.371918 0.869254 
538.373413 181.083160 0.859882 
545.779297 229.599487 0.951474 
547.264709 275.194397 0.943627 
486.903168 263.444275 0.813491 
486.879852 329.608398 0.811875 
488.376251 386.903931 0.826764 
523.629517 264.850494 0.831672 
520.677124 319.302765 0.772501 
517.796326 359.011292 0.798657 
500.227722 157.583588 0.954111 
516.326294 157.600037 0.917566 
489.893127 147.314194 0.844101 
523.739624 148.732712 0.673810 
18
507.517059 169.279892 0.899044 
507.483215 181.133179 0.902329 
475.137268 181.084808 0.941086 
461.885498 228.088776 0.907166 
453.160736 269.288544 0.875242 
536.915833 182.553543 0.873165 
547.119934 231.086243 0.924498 
547.215149 276.622833 0.964210 
485.426056 264.939423 0.779342 
486.929840 334.004211 0.876989 
486.948486 395.779388 0.816838 
522.259644 266.355774 0.828567 
520.667297 320.711731 0.753659 
517.760010 359.006134 0.810585 
500.128021 159.096069 0.958080 
511.982330 159.092178 0.925219 
488.446594 151.701508 0.818686 
523.588318 154.599518 0.759369 
18
500.174072 170.749802 0.953116 
503.062592 184.053238 0.858004 
470.749359 182.613083 0.893758 
458.970062 228.177444 0.902076 
451.631958 267.865814 0.895407 
535.458923 186.950638 0.828585 
545.750122 235.473831 0.903486 
547.186401 278.181915 0.906591 
481.035278 272.224243 0.740357 
486.859131 338.430817 0.809689 
486.895172 404.595795 0.835234 
522.127075 272.262543 0.801129 
519.221313 322.208771 0.757916 
516.289429 359.047424 0.833109 
495.739471 162.014740 0.854686 
508.983673 163.423172 0.880112 
486.942474 157.484909 0.792690 
519.245239 157.548660 0.793683 
18
498.670135 172.292297 0.926048 
500.120575 189.911484 0.885589 
466.318176 186.989685 0.894768 
453.153748 231.062973 0.917168 
444.289703 273.719757 0.871896 
532.505249 192.771927 0.855715 
545.677429 239.876343 0.919727 
547.251953 284.027557 0.866606 
478.102173 275.219147 0.791441 
485.397339 347.180481 0.817696 
486.917053 406.107605 0.834917 
519.236877 275.188049 0.760599 
516.328979 325.165344 0.726667 
516.335999 360.436066 0.815149 
489.823608 167.839417 0.927697 
504.570496 167.798401 0.859847 
481.007843 158.996521 0.784120 
513.390259 157.631195 0.838134 
18
489.896271 173.748032 0.871753 
497.155396 192.823364 0.909388 
463.361328 192.840637 0.953605 
451.593475 239.847900 0.912903 
441.339172 278.150391 0.907018 
526.632629 192.863052 0.860262 
539.810547 241.373215 0.885740 
547.215332 288.399719 0.927445 
476.585266 281.090973 0.774584 
478.118256 354.565430 0.811051 
486.927338 409.005981 0.847684 
514.819702 279.578064 0.754559 
517.752502 335.456818 0.653701 
520.666077 360.469116 0.735796 
485.461304 169.267059 0.925525 
498.680939 167.888275 0.955319 
475.201019 159.110901 0.780418 
510.375519 159.102112 0.886204 
18
486.930267 175.205643 0.905236 
489.817963 194.295532 0.924669 
456.057709 194.345078 0.891794 
450.134888 241.380203 0.914596 
439.791046 285.492462 0.892592 
523.603760 194.276306 0.895254 
535.488892 241.436417 0.898785 
547.184875 289.895416 0.947826 
473.638611 288.382019 0.760899 
476.636414 357.517303 0.888445 
486.868744 409.017548 0.850483 
511.933258 286.926086 0.816507 
514.837463 347.237305 0.683353 
520.677429 364.885895 0.539954 
478.097015 169.303268 0.931773 
492.815460 169.265823 0.896896 
470.721283 160.521454 0.692434 
503.061157 160.543930 0.813551 
18
483.938141 178.146545 0.859591 
486.923737 194.387268 0.918344 
453.093109 197.263306 0.892658 
444.307098 245.798950 0.848786 
433.961060 289.873016 0.881736 
520.724731 194.325012 0.858786 
535.407654 242.865219 0.878001 
545.767029 292.848328 0.914088 
470.713074 289.936768 0.741071 
475.198975 359.035126 0.860908 
486.852295 410.435669 0.819853 
511.864349 288.462341 0.816643 
511.896423 356.002411 0.822557 
519.278687 382.529022 0.657311 
475.197632 169.394073 0.972041 
488.382172 169.341232 0.963488 
464.912109 160.548340 0.708312 
500.083038 160.510147 0.855299 
18
476.663849 178.136566 0.893126 
485.421722 195.776932 0.875005 
451.614075 200.232452 0.883571 
441.413635 250.159500 0.886360 
429.630768 297.186157 0.903418 
517.758606 192.905334 0.837186 
535.364807 242.846542 0.876475 
545.763428 297.237946 0.927835 
469.237915 294.295288 0.739986 
475.160645 360.465302 0.861296 
485.465149 411.900177 0.800895 
510.481232 289.913666 0.811625 
510.351501 357.547058 0.908994 
514.850647 417.753387 0.797785 
472.174011 170.748901 0.903679 
485.434540 169.337601 0.957497 
463.351959 161.986679 0.624328 
497.195160 160.509033 0.871185 
18
475.204529 178.123383 0.907348 
481.031067 195.792114 0.848824 
450.118835 203.088333 0.853435 
441.284546 251.631302 0.950827 
429.610229 300.170563 0.918312 
513.385376 192.881516 0.869396 
533.976074 242.831451 0.886778 
545.746033 298.648651 0.926836 
467.768555 292.834686 0.735351 
475.133179 360.500549 0.842309 
486.868683 411.915649 0.821716 
510.410919 288.466003 0.801730 
508.947357 363.418610 0.819516 
511.879333 451.591858 0.797011 
466.388885 170.740997 0.926071 
481.049133 169.328506 0.902290 
460.424286 161.989716 0.667221 
491.348694 159.106415 0.865707 
18
475.114044 179.595657 0.934103 
479.542480 197.259644 0.848487 
450.088898 204.536346 0.865179 
439.838440 253.165512 0.940752 
429.647186 303.121185 0.854187 
511.946228 194.265457 0.893578 
533.979614 242.859100 0.884009 
547.197021 298.745483 0.940525 
466.352753 294.308929 0.736709 
475.147247 360.442108 0.860849 
486.848969 411.934235 0.833249 
510.360474 288.432770 0.797341 
503.103790 357.564728 0.823820 
510.453766 450.119110 0.758680 
464.913330 170.811966 0.976392 
478.131378 169.370667 0.918015 
456.039764 166.361542 0.658358 
488.426208 160.505798 0.870142 
18
473.675659 181.043961 0.940516 
478.079773 198.730820 0.850702 
447.196960 204.560165 0.866542 
439.790833 253.158417 0.936328 
431.096100 306.075348 0.819523 
511.873169 194.333710 0.880077 
535.387329 244.290405 0.876359 
548.717407 300.130798 0.902343 
467.780823 294.288269 0.734251 
475.200684 359.063324 0.846023 
486.900543 413.388916 0.847590 
508.989685 286.931458 0.785232 
500.200867 347.281982 0.860613 
510.396759 438.341705 0.813532 
464.795898 172.241043 0.970533 
476.674957 170.772705 0.934260 
453.159454 167.843735 0.763779 
488.329620 160.563202 0.877721 
18
470.757629 181.130417 0.913543 
476.648499 200.191559 0.862453 
445.734589 204.588470 0.873688 
439.787201 254.595840 0.914068 
436.889832 307.503540 0.831327 
510.448242 194.399384 0.852524 
535.448914 245.777802 0.855903 
553.069092 300.138611 0.907562 
467.796600 288.455872 0.735457 
475.186340 357.448822 0.863968 
488.322571 410.471466 0.757017 
508.961151 279.583313 0.752072 
500.114044 341.342773 0.813803 
503.070648 428.055786 0.819944 
463.368042 173.737564 0.921966 
476.558594 170.861649 0.947336 
453.062531 169.312943 0.779869 
486.902191 164.922501 0.891438 
18
469.271820 182.515182 0.896705 
476.616699 200.195801 0.860396 
444.260986 204.581131 0.879211 
439.811554 253.209381 0.926229 
438.393341 306.083710 0.849175 
510.414368 195.790054 0.838646 
535.430237 247.241119 0.854865 
554.554565 300.150391 0.926188 
467.779327 288.408203 0.745872 
476.576385 356.012146 0.839571 
488.328613 411.917694 0.731380 
508.923492 276.675659 0.758015 
498.698883 335.443176 0.858923 
501.589996 428.084167 0.853427 
463.316223 175.212097 0.894410 
475.191498 172.267792 0.933293 
451.688751 169.313812 0.770847 
486.879639 164.920288 0.917911 
18
469.279144 182.513153 0.899291 
476.596832 198.757294 0.857798 
442.850311 203.170364 0.874018 
439.812714 253.143219 0.937953 
439.772949 303.146301 0.852938 
510.411804 195.807617 0.831661 
535.420471 248.729492 0.853537 
554.548523 300.157562 0.929323 
466.326965 288.372772 0.747118 
476.622559 351.619232 0.858284 
488.323273 413.366302 0.755605 
507.464722 276.662781 0.731374 
498.684845 336.945374 0.862952 
501.616516 429.549255 0.831707 
463.325317 175.190384 0.902657 
475.204987 172.271851 0.929343 
453.038177 169.275864 0.767547 
486.882629 166.347672 0.898462 
18
470.757721 181.150604 0.906918 
476.630432 198.720703 0.864541 
444.254730 203.095856 0.868667 
439.818573 253.136932 0.934988 
439.795471 304.566559 0.863579 
510.446686 195.823044 0.843534 
535.396667 248.740768 0.866164 
551.620972 300.220337 0.913718 
466.298767 288.425507 0.745107 
476.675446 354.591156 0.857332 
486.933533 413.370758 0.854058 
507.457062 278.132233 0.717238 
498.721313 345.745270 0.885174 
504.539673 439.870056 0.752625 
463.364868 173.715607 0.925861 
476.590118 170.873550 0.939080 
453.070831 167.857986 0.751044 
486.966339 163.451828 0.903877 
18
473.632233 181.117233 0.927859 
476.661987 197.272003 0.867604 
444.291901 201.643341 0.848665 
439.852081 253.088638 0.933759 
439.768524 300.243195 0.884456 
510.478027 195.801102 0.848491 
535.416626 250.199600 0.893826 
548.678833 301.675446 0.888282 
464.933960 289.883514 0.751806 
476.673218 357.454407 0.879790 
486.902954 413.393555 0.874285 
507.460175 282.536377 0.707495 
500.150909 351.643311 0.868023 
508.931152 451.584015 0.745551 
463.451569 172.281601 0.955833 
476.675781 170.851410 0.922882 
453.152557 167.805710 0.725211 
488.349091 163.445602 0.872563 
18
475.057922 181.086258 0.950097 
478.079285 197.257874 0.858576 
447.212311 200.183380 0.842422 
439.916901 251.658096 0.918930 
438.356506 298.695892 0.888250 
511.844086 195.809967 0.851401 
534.017578 250.212860 0.903591 
547.130310 303.124115 0.913406 
464.928650 294.292053 0.746020 
476.670929 358.945129 0.905666 
486.938141 411.925720 0.895862 
507.466522 286.981995 0.736145 
501.601685 358.997040 0.892327 
511.835632 453.150146 0.750931 
464.845276 170.888687 0.978141 
478.109741 170.808929 0.908543 
454.571198 166.393997 0.707698 
488.426605 162.004913 0.868708 
18
475.145935 181.013153 0.954508 
478.120453 197.267639 0.853132 
447.219818 198.735687 0.835471 
441.370392 248.737335 0.874661 
438.338348 291.339630 0.857538 
511.899170 195.851578 0.839130 
534.000183 251.659363 0.928109 
544.250488 304.576782 0.864190 
466.296600 295.791504 0.773505 
478.064484 358.951447 0.897634 
488.322662 411.910370 0.894898 
507.495270 288.477020 0.738119 
503.060364 360.476685 0.868850 
513.421570 442.809021 0.770969 
464.941223 170.807877 0.945455 
481.034882 170.753601 0.893791 
457.481293 164.902618 0.664618 
491.301147 162.007889 0.792816 
18
476.598389 175.228226 0.889189 
481.018372 195.798492 0.854065 
450.092163 194.405197 0.874283 
442.795898 244.299408 0.845666 
438.377472 286.953125 0.902864 
513.374939 195.847687 0.820641 
533.939636 251.645767 0.917596 
538.404175 303.144928 0.864731 
466.371185 295.753754 0.750082 
478.087158 358.951080 0.881738 
488.322113 409.008148 0.867990 
508.951599 289.896790 0.757806 
508.933533 359.030487 0.910667 
520.698181 425.141479 0.821354 
469.247803 169.282074 0.872516 
485.409424 169.278885 0.919380 
460.441895 160.486938 0.779172 
495.728485 160.543289 0.796233 
18
478.072113 173.735138 0.879427 
483.938904 194.393234 0.875692 
450.162415 194.341553 0.909380 
442.834015 241.347427 0.884019 
438.396973 281.064056 0.857618 
514.875305 197.264145 0.792304 
533.911011 251.709030 0.909750 
536.901062 304.610168 0.865938 
467.824890 291.363800 0.739069 
478.127869 356.058411 0.868643 
486.942627 407.538666 0.881356 
510.393402 288.456299 0.800669 
511.851349 357.449158 0.902609 
522.150635 406.102142 0.852448 
473.620941 167.854019 0.874460 
486.897949 167.872787 0.942375 
463.325653 159.063492 0.835672 
498.640808 160.507233 0.884375 
18
483.955750 172.325882 0.887456 
486.845245 194.355789 0.915275 
451.666229 192.920547 0.963884 
444.268005 239.857010 0.859907 
439.791779 279.589233 0.882851 
519.265381 197.261032 0.794246 
533.891418 253.117569 0.896176 
536.895691 304.582489 0.868935 
470.759338 291.361969 0.732603 
479.552246 353.124359 0.815264 
486.934326 407.542847 0.867296 
510.501678 288.466034 0.800149 
516.286499 348.706360 0.811969 
523.648926 392.767151 0.852011 
475.181000 166.386536 0.921002 
488.460938 166.392792 0.905705 
464.846222 157.626663 0.839111 
500.204224 159.002258 0.871360 
18
486.968414 170.860596 0.957874 
488.323151 194.341049 0.930145 
453.130920 192.885498 0.943436 
447.199677 239.910339 0.860241 
439.838684 279.587433 0.877009 
522.137634 195.847397 0.827766 
533.985657 253.096985 0.914133 
536.925232 307.511963 0.860253 
473.639557 291.350769 0.738123 
482.464203 354.583252 0.815175 
486.929718 407.530182 0.852429 
511.911774 288.402252 0.789162 
522.189697 345.723511 0.821669 
523.751160 382.465729 0.837647 
479.537964 164.910599 0.847623 
495.692627 164.941193 0.841398 
469.267151 157.552551 0.854865 
504.541840 158.992111 0.815630 
