38
1
18
523.609497 159.049911 0.931825 
532.488953 170.740845 0.923499 
500.120514 169.325790 0.928353 
488.408691 209.034882 0.872391 
500.139038 239.821045 0.934576 
560.422302 172.245697 0.841802 
572.185242 217.879776 0.936648 
538.400330 239.896744 0.880034 
510.460419 256.052643 0.790422 
511.848785 314.917694 0.844384 
511.859589 364.849915 0.853349 
547.161194 257.532501 0.784242 
541.292542 312.022156 0.853231 
544.189758 360.513550 0.827515 
517.771973 156.039154 0.834042 
528.099243 153.158890 0.805005 
510.464417 145.794296 0.264834 
542.763672 144.332199 0.866619 
18
523.607544 159.062561 0.929361 
532.490662 170.745117 0.920928 
500.137726 169.330811 0.929625 
488.376740 209.056046 0.879122 
500.193512 238.439041 0.913769 
560.401611 172.250580 0.846359 
572.158203 217.852036 0.947352 
539.844177 239.890121 0.881929 
510.426697 256.084412 0.771250 
511.830078 314.907440 0.843550 
511.878357 364.882416 0.850936 
547.122437 257.534546 0.784625 
539.842224 312.020233 0.863989 
542.758423 360.508270 0.827304 
516.335876 156.052109 0.828822 
528.082275 153.158539 0.806722 
510.454102 145.730789 0.204775 
542.753723 144.272644 0.847612 
18
523.624878 159.063507 0.918080 
532.455383 169.392944 0.912483 
500.110992 169.341034 0.930981 
488.331940 210.518478 0.877428 
500.205627 238.443893 0.907544 
559.016296 170.844788 0.867752 
570.800415 217.819931 0.951435 
539.864014 239.861298 0.870127 
510.438721 256.071198 0.776991 
511.838165 314.925079 0.834683 
511.885681 364.888245 0.849177 
547.135559 257.524445 0.786487 
539.816223 312.011841 0.865046 
542.766541 361.926117 0.820254 
517.762573 156.056915 0.835429 
529.528259 153.159134 0.797537 
510.433960 145.754822 0.298907 
542.759766 144.272171 0.853061 
18
523.625183 159.053833 0.917736 
532.448364 169.389053 0.909189 
500.104980 169.347321 0.933208 
486.962830 213.426392 0.888671 
501.641205 239.843826 0.892112 
559.005615 170.825531 0.872113 
570.785645 217.792099 0.960296 
541.278137 239.857071 0.873030 
510.443115 256.056732 0.777619 
510.500000 314.916748 0.838915 
511.873779 364.900299 0.849503 
547.153076 256.073425 0.795008 
539.825684 312.003906 0.870498 
542.758362 361.922394 0.818332 
517.768005 156.041992 0.822736 
529.533203 153.151703 0.798677 
510.434631 145.737137 0.274129 
542.779114 144.292313 0.852983 
18
523.638184 159.051315 0.921105 
532.451233 169.378265 0.908059 
500.095917 169.333969 0.926366 
486.948730 213.414978 0.891778 
501.656342 239.831100 0.885733 
559.011719 170.819717 0.875642 
570.753906 216.420914 0.967280 
539.850403 239.873627 0.876365 
510.442200 254.647171 0.780340 
510.493866 314.907349 0.837843 
511.871948 366.309967 0.843099 
547.159058 256.071381 0.796733 
539.824707 311.987549 0.870301 
542.752686 360.517365 0.810655 
517.781189 154.651947 0.827223 
529.561707 153.134781 0.801739 
510.435822 145.726440 0.302949 
542.803223 142.889954 0.849231 
18
523.619324 159.053696 0.925415 
532.439453 169.372025 0.903772 
500.085571 169.338394 0.922669 
486.957123 213.405579 0.886788 
501.601074 238.409668 0.882305 
559.003723 170.811661 0.881056 
570.753723 216.410553 0.966977 
541.330505 239.884491 0.865341 
510.413910 254.646896 0.772757 
510.492828 314.885895 0.837996 
511.882202 364.891663 0.841426 
547.147095 256.073730 0.790968 
539.831360 311.974304 0.868924 
542.762512 361.910461 0.816041 
517.758850 154.645844 0.828724 
529.537903 153.149796 0.805572 
510.446442 144.358871 0.290581 
542.798462 142.890182 0.844490 
18
523.615845 159.036530 0.907068 
531.033936 169.362259 0.893441 
498.718994 169.348297 0.913487 
486.955811 211.977676 0.888733 
500.211365 238.383591 0.885353 
558.995300 170.776901 0.891877 
570.742310 216.396454 0.969840 
542.754211 239.861679 0.857533 
510.407410 256.071960 0.777774 
510.487305 314.908386 0.841658 
511.883484 364.880005 0.836195 
547.139221 256.083862 0.798738 
539.844360 312.016388 0.865935 
542.767395 361.914948 0.815067 
517.757446 154.623810 0.813078 
528.103027 151.709427 0.786576 
510.438812 144.343094 0.311763 
542.775757 142.856506 0.839265 
18
523.657288 159.029282 0.912475 
531.024414 169.368408 0.892705 
498.709991 169.363541 0.913001 
486.955627 211.979111 0.889235 
500.220001 238.423386 0.896683 
558.989563 170.775116 0.891426 
570.758789 216.366760 0.954550 
542.758240 238.457504 0.838888 
510.408356 256.079865 0.774536 
510.486542 314.917572 0.843313 
511.880798 364.872528 0.840140 
547.125610 256.074982 0.800149 
539.844543 312.019714 0.861480 
542.783386 360.491882 0.824250 
519.215759 154.608215 0.823346 
530.996277 151.703979 0.806913 
510.451385 144.322052 0.418966 
542.796021 142.867386 0.837499 
18
523.701111 159.016693 0.904470 
531.019592 169.360138 0.891197 
498.704132 169.351669 0.908396 
486.944000 211.994537 0.889862 
501.579681 238.409378 0.896738 
558.990417 170.777084 0.893151 
570.776978 216.350555 0.940399 
544.215576 236.973862 0.836228 
510.391205 256.092407 0.765328 
510.484589 314.899292 0.848565 
511.868073 364.860748 0.844037 
545.773865 256.100189 0.794156 
539.846802 312.022247 0.867689 
542.796143 360.485107 0.828294 
519.260376 154.587143 0.825171 
532.443115 151.671890 0.828643 
510.480103 144.331238 0.496664 
544.193848 142.857101 0.858459 
18
523.669189 157.629349 0.924692 
531.019775 169.356903 0.897725 
498.708893 169.339279 0.910829 
486.914215 211.969498 0.884730 
500.180206 236.924652 0.877878 
558.984863 170.780304 0.891080 
570.781921 216.338806 0.936821 
544.218994 236.937012 0.841301 
510.382751 256.080902 0.759141 
510.485992 314.891937 0.845711 
511.878418 364.855133 0.840669 
545.759888 256.083771 0.790154 
539.854187 312.018555 0.867207 
542.766357 360.510345 0.822056 
519.233826 151.676239 0.822357 
531.029907 150.204178 0.839480 
510.476837 144.277313 0.443980 
544.200134 142.865479 0.863307 
18
523.671875 157.623520 0.919107 
531.012085 169.365219 0.893566 
498.698212 169.354095 0.913131 
486.909363 213.447357 0.899061 
503.072754 236.973007 0.841054 
558.987854 170.772522 0.893808 
570.743958 216.358841 0.955736 
542.786621 238.414215 0.856430 
510.412170 257.559418 0.760293 
510.488953 314.884949 0.847280 
511.865753 364.855896 0.836746 
545.768372 257.537598 0.792327 
541.273438 312.018219 0.867021 
542.756409 360.487701 0.820853 
519.251160 151.670044 0.821585 
531.030396 150.202942 0.832266 
510.484680 142.859924 0.496251 
544.209045 142.850861 0.858015 
18
523.743774 157.568924 0.904458 
530.995605 169.364166 0.892080 
498.694275 169.365677 0.916585 
486.925140 214.873459 0.917238 
504.561157 238.393967 0.834295 
558.974609 170.758820 0.887134 
570.732544 216.382370 0.966439 
544.238342 238.426636 0.868152 
510.446716 257.546570 0.773563 
510.491211 314.907990 0.844937 
511.872803 364.863800 0.843238 
547.124939 256.104218 0.794334 
539.842773 313.389618 0.870476 
542.788757 360.481384 0.822002 
520.710999 148.796234 0.862038 
533.869263 148.750946 0.888532 
511.850433 142.883743 0.635093 
544.215576 142.834152 0.856412 
18
523.751404 157.525681 0.887299 
531.007568 169.379883 0.891411 
498.700195 169.380508 0.922707 
486.959564 214.897949 0.921445 
506.007141 238.410217 0.828620 
558.983459 170.776733 0.885577 
570.745911 216.414566 0.966834 
545.713684 238.393799 0.871899 
510.487457 256.097931 0.777414 
510.495117 314.887207 0.852668 
511.862946 364.855865 0.846034 
547.166565 256.099457 0.790535 
541.278259 311.996979 0.878307 
542.739380 360.488403 0.820764 
520.739807 148.747375 0.884498 
533.869751 147.360657 0.889928 
511.879517 141.403732 0.675143 
544.215454 141.417969 0.858555 
18
525.175232 154.638138 0.865124 
531.026428 169.392532 0.906669 
498.688293 169.378571 0.931787 
488.316193 214.925537 0.932317 
501.666107 236.924774 0.833402 
559.003601 170.799911 0.871626 
570.791931 216.444046 0.957582 
548.638123 236.952011 0.846922 
511.848724 257.541809 0.782397 
511.841278 314.889008 0.849793 
511.860260 364.859070 0.847810 
547.192383 257.554504 0.788583 
541.289124 312.012054 0.874715 
542.754517 360.481537 0.830530 
522.125366 147.253403 0.946506 
533.934143 145.877823 0.954500 
511.891907 138.484253 0.722429 
544.262085 138.465607 0.872714 
18
528.085327 151.704178 0.846189 
530.996582 169.380188 0.913799 
498.695740 169.367233 0.935512 
488.331329 214.921585 0.932486 
503.077728 238.391586 0.857259 
558.964722 170.772842 0.871673 
572.240234 217.780807 0.920499 
554.548340 235.516541 0.828484 
511.880066 256.067657 0.779266 
511.834351 313.466644 0.859189 
511.856842 363.423279 0.847889 
547.204224 256.096741 0.781434 
541.295410 311.984650 0.873043 
542.778137 360.482178 0.834226 
522.209045 145.817749 0.970931 
535.360840 145.781998 0.950621 
511.908539 137.036682 0.817811 
545.668396 137.036041 0.822289 
18
530.987305 150.223587 0.867789 
531.002502 169.374557 0.930459 
498.703339 169.356781 0.950401 
488.383606 216.306686 0.938584 
504.528259 241.346878 0.869772 
558.952820 170.752533 0.890049 
578.055969 217.801514 0.903181 
559.003601 234.045502 0.844320 
511.868134 254.645569 0.780518 
511.846588 314.866943 0.857312 
511.867340 363.431030 0.847111 
547.225769 256.076385 0.783158 
541.295410 311.993622 0.862200 
542.773499 360.495789 0.828942 
522.258484 145.745819 0.971052 
535.417725 144.351974 0.941754 
511.932159 136.985229 0.883378 
545.706360 135.559113 0.833236 
18
532.507629 147.300049 0.939004 
530.978516 169.372360 0.913771 
498.709534 169.356918 0.953319 
488.411163 216.374908 0.973171 
503.071442 245.761627 0.846039 
558.930847 170.733536 0.896806 
580.927917 216.304306 0.884771 
572.176392 228.184753 0.838158 
511.876587 260.466553 0.775657 
511.857635 314.915039 0.837767 
511.870270 363.425385 0.853195 
547.239441 260.496552 0.772719 
541.288635 312.010620 0.844738 
544.184998 360.481323 0.836804 
523.690308 142.829803 0.898418 
535.492188 141.381744 0.882532 
513.344788 135.574646 0.919874 
545.673157 135.481827 0.647289 
18
533.944153 145.843399 0.966609 
529.536499 169.357925 0.910105 
498.712708 169.365021 0.957631 
488.383484 216.407547 0.974635 
500.223053 251.604843 0.914197 
557.544373 169.348969 0.899050 
580.963318 206.093246 0.799517 
582.464905 222.263580 0.853689 
511.908112 261.906281 0.771794 
511.860870 316.371887 0.845357 
511.866852 363.433044 0.851226 
547.219543 261.907471 0.779899 
541.302734 313.411194 0.841290 
542.758972 360.474792 0.825840 
525.149780 138.455551 0.860440 
536.907104 138.439102 0.878621 
513.368835 135.568893 0.949343 
545.641785 134.105896 0.427779 
18
535.379456 145.736679 0.958841 
529.548767 169.355392 0.924264 
498.730530 169.386002 0.959221 
488.368286 216.401688 0.969521 
498.685242 254.619217 0.932563 
558.894836 169.309311 0.904177 
576.608276 194.396835 0.819822 
591.250244 216.412415 0.910153 
513.363647 263.364410 0.775902 
511.879517 317.839355 0.860727 
511.875793 363.403717 0.858130 
547.261597 261.919739 0.784690 
541.295959 313.455505 0.834408 
542.745300 360.509949 0.815786 
528.048523 136.965378 0.862411 
539.810669 135.583405 0.917880 
513.368835 135.553253 0.965974 
545.724182 134.064133 0.396836 
18
535.494629 142.839340 0.915033 
529.519714 169.341141 0.931689 
500.072510 170.736267 0.975879 
488.369202 217.784531 0.991708 
495.704376 259.010254 0.898932 
557.512085 169.272446 0.887073 
579.511719 192.850021 0.847105 
595.746399 216.302505 0.854101 
511.969818 263.352570 0.807852 
511.869598 319.268433 0.850098 
511.870392 363.423279 0.857733 
547.250061 260.485077 0.781395 
542.739014 313.440155 0.842415 
542.758728 360.505981 0.819783 
531.008911 135.499619 0.918622 
541.327148 135.461273 0.957802 
513.364075 135.530640 0.968054 
545.653503 133.991074 0.118939 
18
536.929688 138.452759 0.901176 
529.548157 169.335983 0.931858 
500.093994 170.734207 0.980156 
488.374817 216.425186 0.988637 
489.865021 261.913788 0.931148 
558.905334 169.269943 0.906786 
583.925720 194.329025 0.856865 
604.569946 207.531906 0.847814 
511.926361 263.370026 0.838430 
511.867645 317.831482 0.855676 
511.870453 364.850067 0.852872 
547.222046 261.945221 0.807814 
542.759583 313.428833 0.851260 
542.763306 360.501648 0.824350 
532.460815 134.064499 0.945803 
542.796814 134.021988 0.945387 
513.377197 135.506271 0.956161 
0.000000 0.000000 0.000000 
18
536.953003 137.025208 0.905380 
530.995178 169.333878 0.940573 
500.116333 170.752121 0.981069 
488.412628 217.783142 0.984982 
486.899750 261.939880 0.963055 
558.934753 167.869156 0.901402 
589.790894 192.905792 0.864763 
614.776672 204.656891 0.873063 
511.911530 263.372406 0.856560 
511.875488 317.797729 0.849624 
511.877991 364.860931 0.849098 
547.207336 261.967438 0.808278 
542.754456 313.457886 0.845721 
542.776428 360.493469 0.823497 
532.476624 134.026062 0.947965 
544.198853 133.970901 0.930053 
513.376465 135.485565 0.958129 
0.000000 0.000000 0.000000 
18
536.948853 136.993393 0.919296 
529.567444 169.330978 0.937153 
500.099335 170.769760 0.982027 
489.836700 217.825851 0.944301 
485.392120 261.923340 0.913887 
558.911560 167.834534 0.897140 
592.732849 192.777222 0.884772 
620.722229 200.228561 0.817469 
511.896729 261.924438 0.830163 
511.890320 317.810364 0.859918 
511.891052 364.866882 0.848538 
547.215454 260.505615 0.782915 
542.794800 313.409637 0.858280 
542.783691 360.503784 0.824050 
532.471130 134.002014 0.941666 
544.195007 132.599014 0.919719 
513.378540 135.485794 0.958669 
0.000000 0.000000 0.000000 
18
536.951416 136.974716 0.924397 
529.564575 169.336990 0.937009 
500.099548 170.771744 0.984577 
489.891693 217.795090 0.923042 
481.015533 254.662689 0.880886 
558.909729 167.844131 0.910351 
594.203796 191.344391 0.860621 
626.530823 194.297440 0.845264 
511.916656 261.905121 0.819920 
511.903503 316.371857 0.860365 
511.882935 363.423401 0.854833 
547.235291 260.506226 0.783985 
544.197693 313.430023 0.854269 
542.783020 361.914581 0.824979 
532.479858 133.994507 0.946834 
542.796082 132.589142 0.906156 
513.378357 135.479172 0.964417 
0.000000 0.000000 0.000000 
18
536.946045 135.600311 0.931674 
529.558777 169.334991 0.939749 
500.097198 170.778442 0.987635 
489.886292 216.429657 0.927624 
479.573059 254.621094 0.900162 
558.907349 167.833359 0.913524 
592.767517 186.948624 0.836872 
622.183350 192.851028 0.879788 
511.930389 259.014191 0.809262 
511.945190 316.369843 0.853825 
511.886841 364.890686 0.859935 
547.251953 258.994354 0.777802 
544.205383 312.012024 0.878034 
542.754761 361.932556 0.825689 
532.463806 133.979202 0.940324 
542.787537 132.562881 0.907136 
513.376282 135.500122 0.963483 
0.000000 0.000000 0.000000 
18
536.945007 135.560013 0.943038 
529.548706 169.334747 0.935629 
500.098511 170.785660 0.988250 
489.841003 217.794235 0.937798 
481.047485 254.599701 0.892270 
558.892151 167.824890 0.910558 
594.200378 185.498672 0.850844 
625.078369 191.333588 0.833988 
511.931854 259.013153 0.807627 
511.944641 316.385345 0.848367 
511.885254 364.871338 0.860073 
547.254517 258.995544 0.774454 
544.210449 313.405609 0.867454 
542.767212 361.941620 0.825152 
532.461121 133.952988 0.928300 
542.775574 132.525726 0.892812 
513.374084 135.504852 0.967464 
0.000000 0.000000 0.000000 
18
538.343140 135.556305 0.933516 
529.559937 169.341415 0.935690 
500.101715 170.795212 0.983274 
489.863342 217.798981 0.930789 
483.968323 254.652115 0.898359 
558.902344 167.838821 0.913653 
595.732666 185.522354 0.814055 
625.101563 186.971649 0.818157 
511.953308 259.039124 0.807339 
511.961060 317.813263 0.847018 
511.877869 364.882568 0.865345 
548.630432 259.034912 0.769621 
544.225037 313.404816 0.871816 
542.771484 361.944672 0.821092 
532.476868 133.950699 0.931889 
542.786804 132.521317 0.886807 
513.371216 135.518341 0.964742 
0.000000 0.000000 0.000000 
18
538.351257 135.547241 0.930237 
529.562744 169.350342 0.937966 
500.101440 170.808792 0.980267 
489.891327 217.823257 0.919348 
485.413330 256.054993 0.905833 
558.908020 167.846527 0.910265 
595.709900 184.020691 0.852805 
628.034424 184.041977 0.879624 
511.950562 260.505219 0.819713 
511.953064 316.385101 0.845797 
511.875854 364.864746 0.865571 
548.627625 260.499969 0.773482 
544.225769 312.020355 0.879267 
544.204346 360.506317 0.837693 
532.474792 132.594254 0.928649 
542.788147 131.120071 0.877944 
513.366516 135.528290 0.958700 
0.000000 0.000000 0.000000 
18
538.357300 135.543396 0.929284 
530.982422 169.349258 0.938369 
500.109070 170.801834 0.981907 
491.345551 216.445755 0.901636 
486.836731 256.102783 0.905221 
558.933838 167.862396 0.915699 
597.189575 184.038620 0.838355 
628.109619 182.501434 0.946735 
511.939758 260.474060 0.808365 
511.938538 316.375336 0.847507 
511.882507 364.891846 0.856929 
547.247375 260.479156 0.775099 
544.194153 312.018463 0.869627 
544.188904 361.923218 0.826668 
532.470947 132.595535 0.925768 
542.784180 131.107330 0.873314 
513.357300 135.537262 0.960709 
0.000000 0.000000 0.000000 
18
538.367188 135.532288 0.930362 
530.975403 169.338562 0.935979 
500.112000 170.793045 0.977994 
491.330444 217.861069 0.894171 
486.864868 257.568451 0.888137 
558.918579 167.837082 0.905758 
597.211548 184.025162 0.827270 
629.508728 181.120270 0.950889 
511.929474 260.453827 0.798592 
511.918060 316.330536 0.854605 
511.883118 364.856934 0.851423 
547.226624 259.026581 0.770382 
544.184204 312.016693 0.863974 
542.792786 360.496613 0.826997 
532.473450 132.586609 0.924046 
542.785950 131.089111 0.870807 
513.357361 135.538742 0.959338 
0.000000 0.000000 0.000000 
18
538.365051 135.526581 0.933568 
530.976196 169.334488 0.936932 
500.114471 170.792587 0.974811 
492.774445 217.815277 0.902815 
486.942932 257.570618 0.912813 
558.917725 167.828278 0.907980 
598.621277 184.035019 0.834841 
629.578064 181.084045 0.928994 
511.939270 260.466400 0.797381 
511.918976 316.339081 0.851316 
511.866364 364.853851 0.861040 
547.238892 259.022583 0.769246 
542.792725 312.000854 0.868341 
542.771545 360.511719 0.822946 
532.471924 132.588898 0.923766 
542.775452 131.081345 0.862472 
513.369263 135.549500 0.954216 
0.000000 0.000000 0.000000 
18
538.374512 135.526352 0.934322 
529.568542 169.334091 0.936093 
500.108765 170.794861 0.972596 
491.330811 217.863205 0.906765 
488.310150 260.462738 0.915218 
558.915894 167.824677 0.907256 
597.194824 182.638916 0.849626 
629.575989 181.062271 0.926862 
511.939819 260.451904 0.799366 
511.920135 316.333221 0.849646 
511.876892 364.890106 0.856260 
547.234619 259.000092 0.772503 
542.790466 311.996796 0.872214 
542.769043 360.492950 0.829343 
532.476746 132.590729 0.926994 
542.779053 131.080139 0.860689 
513.371887 135.549850 0.952577 
0.000000 0.000000 0.000000 
18
538.386230 135.495468 0.938568 
529.560425 169.330627 0.936778 
500.102051 170.796692 0.973182 
491.315582 217.830246 0.903897 
488.322113 259.022339 0.918587 
558.908386 167.810654 0.904797 
600.102112 182.620483 0.852482 
632.470276 179.576752 0.868111 
511.935944 259.020996 0.801043 
511.908600 314.897491 0.855834 
511.874207 364.898438 0.853256 
547.231079 257.571167 0.775236 
542.794189 311.983765 0.870191 
542.774963 360.496460 0.830699 
532.481018 132.561584 0.921207 
542.785339 129.630432 0.856740 
513.380737 135.549805 0.951029 
0.000000 0.000000 0.000000 
18
538.388062 135.468658 0.938791 
529.558167 169.309326 0.929796 
500.100372 170.787537 0.974578 
489.888275 217.825424 0.932220 
486.950623 260.476379 0.929863 
558.901978 166.378769 0.889767 
600.116699 182.539017 0.865960 
633.958130 176.655884 0.821593 
511.931854 259.035431 0.800758 
511.918854 314.898285 0.853615 
511.890442 363.428101 0.846195 
547.217224 257.566956 0.776266 
544.185059 312.005280 0.863912 
542.765442 360.468201 0.830468 
532.481323 132.529724 0.914975 
542.785889 128.175156 0.855041 
513.380371 135.538177 0.951754 
0.000000 0.000000 0.000000 
18
538.381897 135.466751 0.943026 
529.559570 169.309677 0.928143 
500.098328 170.793274 0.974340 
489.887695 217.833878 0.933053 
486.921661 260.448578 0.925455 
558.905151 166.368713 0.889075 
600.122925 181.112656 0.869954 
636.894043 172.285599 0.857533 
511.918060 260.459717 0.808227 
511.916412 314.908234 0.854713 
511.882629 364.850037 0.849392 
547.215027 259.006226 0.779107 
542.796082 312.017822 0.864740 
542.757019 360.482788 0.825466 
532.474548 132.529358 0.914198 
542.780090 128.170914 0.854696 
513.380493 135.546204 0.951306 
0.000000 0.000000 0.000000 
18
538.369934 135.476791 0.948374 
529.554504 169.312119 0.930685 
500.099365 170.793732 0.975445 
489.850311 217.879684 0.937408 
486.851868 257.562134 0.901456 
558.895874 166.374680 0.891265 
600.129333 181.073624 0.858924 
636.895264 172.310257 0.849152 
511.927155 259.014130 0.807361 
511.926117 314.903442 0.861453 
511.877258 364.848267 0.847989 
547.208923 257.563049 0.785159 
544.189819 312.014099 0.864716 
542.747314 360.499054 0.822905 
532.466248 132.540817 0.916293 
542.771790 128.188934 0.853875 
513.378235 135.549164 0.951200 
0.000000 0.000000 0.000000 
18
538.355713 135.480789 0.949079 
529.534241 169.301926 0.930588 
500.094818 170.788544 0.973135 
489.852112 217.828949 0.955867 
486.844757 259.007965 0.906004 
557.522949 166.356644 0.893895 
601.588196 181.048218 0.860958 
636.847839 172.247925 0.855716 
511.938965 259.017639 0.814369 
511.915924 314.891296 0.863805 
511.877197 363.415802 0.857675 
547.217896 257.568878 0.779887 
542.769653 312.004333 0.862455 
542.758179 360.489929 0.834120 
532.458984 132.550461 0.916485 
542.755432 129.610214 0.855645 
513.386902 135.559570 0.943865 
0.000000 0.000000 0.000000 
18
538.350891 135.485733 0.950810 
529.548462 169.299896 0.931068 
500.100037 170.782883 0.973916 
489.846954 217.856918 0.951823 
486.846832 259.004211 0.906352 
557.535034 164.947327 0.889304 
601.597229 181.050385 0.871518 
636.839417 170.843185 0.864478 
511.946167 260.453369 0.817511 
511.917999 314.910492 0.863920 
511.880615 364.845490 0.856848 
547.228699 259.016296 0.783392 
542.794495 312.003510 0.867804 
542.761292 360.483704 0.833888 
532.457703 132.551758 0.916704 
542.755005 129.620193 0.854074 
513.383179 135.555145 0.945085 
0.000000 0.000000 0.000000 
