39
1
18
520.663574 194.311447 0.947621 
522.107178 217.926102 0.892934 
500.072632 217.844696 0.947820 
498.647217 253.172989 0.929822 
507.497528 279.572357 0.788059 
541.281067 220.793289 0.812844 
536.897095 260.466400 0.837757 
522.119080 283.987671 0.843344 
500.203156 275.125427 0.867404 
497.158447 309.021057 0.793045 
501.664246 345.691071 0.854453 
526.606140 275.247620 0.813907 
513.406311 310.454834 0.881376 
513.416382 361.932709 0.801814 
513.374329 191.365738 0.934889 
523.654358 191.403290 0.938852 
510.353546 192.844299 0.664625 
533.888306 192.916656 0.920664 
18
519.259033 194.302948 0.946435 
522.113098 217.906677 0.913040 
498.734375 217.834213 0.957742 
498.648254 253.167038 0.941517 
507.503357 279.571106 0.787260 
541.296997 219.380798 0.829758 
536.884338 260.464752 0.838526 
522.117920 283.988739 0.842727 
501.581207 275.122467 0.867056 
497.195892 308.983185 0.761094 
501.653625 344.295013 0.844824 
526.622437 275.240997 0.813181 
513.391418 310.467590 0.869223 
514.824463 360.463440 0.813314 
513.352600 191.361786 0.948724 
523.634155 191.389450 0.943040 
510.355255 192.840027 0.626501 
533.884399 192.890366 0.932763 
18
519.263611 194.313873 0.945707 
522.119812 217.900406 0.915889 
500.071014 217.826523 0.957207 
498.644287 253.154480 0.943648 
508.898712 278.186554 0.788131 
541.311218 219.370819 0.830224 
536.890259 259.029877 0.835610 
522.120911 283.988647 0.844108 
500.194458 273.738678 0.861452 
497.220093 308.996246 0.761881 
501.659149 345.712524 0.854173 
526.592285 275.235748 0.807575 
513.385681 310.481750 0.863396 
514.850891 360.470551 0.801958 
513.355652 191.376617 0.948923 
523.637146 191.401276 0.944841 
510.352234 192.849579 0.631886 
533.884888 192.896545 0.929795 
18
520.669861 194.316132 0.956608 
522.123657 217.907013 0.914072 
500.077576 217.831909 0.954503 
498.648499 253.171143 0.940996 
508.901245 279.578308 0.781265 
541.314697 219.377228 0.827523 
536.885437 260.451447 0.836831 
522.117371 283.998718 0.847005 
500.198608 273.741241 0.865303 
498.580963 308.993103 0.768174 
501.645203 345.689636 0.855766 
526.599609 275.234375 0.811473 
513.385620 310.477661 0.866579 
514.817322 360.449707 0.811098 
513.376831 191.380249 0.940534 
523.654175 191.408401 0.944892 
510.358887 192.849457 0.687654 
533.883911 192.906967 0.926192 
18
520.672791 194.330170 0.954185 
522.120483 217.908768 0.911717 
498.735901 217.836014 0.949263 
498.643036 253.166138 0.939758 
508.901978 279.571594 0.785142 
541.319458 220.763107 0.825243 
536.896484 260.455414 0.835930 
522.119873 283.985138 0.839110 
500.195648 275.122253 0.865780 
497.223083 308.951630 0.753896 
501.656769 345.694855 0.862127 
526.594482 276.602844 0.811171 
513.402588 310.484741 0.861439 
514.842773 360.485840 0.808201 
513.378052 191.390320 0.944192 
523.659424 192.766953 0.947433 
510.360413 192.832504 0.694577 
533.888000 192.893860 0.931409 
18
520.682678 194.323730 0.959669 
522.118408 217.910782 0.910268 
500.071655 217.837158 0.950987 
498.656036 253.174454 0.942786 
507.501740 278.175415 0.776197 
541.309265 219.374390 0.828108 
536.886536 260.449860 0.838275 
522.115173 283.981445 0.848481 
500.204407 275.124329 0.866986 
498.578064 309.005432 0.774321 
501.646301 345.715240 0.864334 
526.610168 275.244171 0.807517 
513.391602 310.482422 0.864722 
514.833313 360.489410 0.807527 
513.387512 191.382523 0.938051 
523.665710 191.413315 0.947484 
510.369232 192.820831 0.701042 
533.890015 192.890396 0.934212 
18
520.672363 194.333435 0.953701 
522.111389 217.908127 0.908450 
498.723206 217.832474 0.952985 
498.667114 253.174408 0.943124 
507.460571 278.144867 0.745393 
541.304321 220.763504 0.826520 
536.927246 259.021667 0.830643 
522.127686 281.070923 0.869133 
501.603699 273.722778 0.850763 
497.165802 310.411957 0.797089 
501.642487 344.314026 0.862632 
526.639526 275.197601 0.807871 
513.393738 310.517944 0.880173 
513.429626 363.377228 0.794328 
513.378662 191.390488 0.946268 
523.659302 192.768585 0.948120 
510.362671 192.820999 0.683773 
533.894043 192.882355 0.930606 
18
520.671692 194.330063 0.951975 
522.114990 217.893936 0.914470 
498.725098 217.820923 0.939209 
498.659882 253.144012 0.926619 
506.005859 278.112549 0.714272 
541.322815 219.360672 0.834501 
538.405090 257.570709 0.823203 
517.786194 276.712555 0.862991 
503.054413 272.266113 0.815778 
497.225708 308.965454 0.778328 
501.666931 345.691742 0.865827 
529.564026 273.742096 0.819060 
513.342957 308.999298 0.850118 
514.838257 361.941376 0.783325 
513.381226 191.388931 0.939116 
523.656128 192.768829 0.948059 
510.360413 192.823074 0.671103 
533.887634 192.894592 0.927707 
18
520.696472 194.362152 0.951737 
522.107361 217.867126 0.909395 
498.724762 217.839523 0.906609 
498.669678 253.113861 0.896628 
508.922424 279.591888 0.824053 
541.314270 217.933792 0.827858 
544.244141 253.213943 0.856174 
522.200562 257.579132 0.788672 
501.612885 269.305878 0.782400 
497.223602 306.037506 0.768461 
501.657257 345.718079 0.875530 
528.077271 270.803223 0.761256 
511.964294 308.965027 0.841971 
514.852051 360.506470 0.777426 
513.388550 192.779678 0.947890 
523.675659 192.799652 0.953164 
510.345886 192.838409 0.732101 
533.888977 192.900452 0.913179 
18
520.723511 194.406769 0.955140 
522.154907 217.892929 0.912679 
500.110199 217.870682 0.931625 
498.639679 253.109344 0.872447 
508.920593 279.623077 0.872256 
541.290466 219.340210 0.815502 
545.654663 253.104126 0.882906 
525.136230 239.846176 0.883285 
501.633728 269.321899 0.790507 
498.588318 307.525360 0.765890 
501.634308 345.751068 0.884679 
526.617554 273.670502 0.820567 
513.354004 310.421356 0.857636 
514.857544 361.937775 0.782021 
513.422668 192.808136 0.950359 
523.706848 192.842972 0.964663 
510.366791 192.822800 0.677335 
533.923401 194.289566 0.903915 
18
522.112183 195.822830 0.935607 
522.174133 216.432312 0.933165 
500.130341 217.822205 0.912504 
498.645874 253.094025 0.875463 
508.930695 279.641907 0.877009 
542.746338 217.809830 0.868410 
545.656799 248.688522 0.836448 
529.526672 222.235458 0.862953 
501.655914 267.854919 0.745973 
498.605255 306.082092 0.742721 
501.636230 345.745972 0.880851 
528.080200 270.771393 0.784338 
513.344910 310.425598 0.859919 
514.830811 361.945068 0.782695 
514.851624 192.851837 0.971811 
523.721375 192.894119 0.980602 
510.387451 192.820480 0.689706 
533.937500 194.263641 0.898803 
18
520.728271 194.364105 0.938773 
522.152771 216.410568 0.922103 
500.074158 217.817154 0.945760 
498.653168 253.092072 0.898407 
508.927765 279.614014 0.875382 
542.752930 216.395584 0.834387 
544.250732 241.377304 0.883704 
530.981079 213.401779 0.863053 
501.600433 267.873444 0.759339 
498.599274 307.527710 0.744216 
501.644867 345.745880 0.874320 
525.194397 269.301025 0.811408 
513.355713 310.424347 0.848859 
514.832764 361.946381 0.784226 
513.408752 192.770737 0.971731 
523.706970 192.789825 0.943122 
508.941437 192.912460 0.647651 
535.386292 192.883331 0.884507 
18
520.662231 194.286087 0.939495 
522.103394 216.403549 0.913827 
500.092407 217.807693 0.949946 
498.650024 253.084518 0.891628 
508.922729 279.609070 0.876038 
538.390503 216.397400 0.820111 
544.239136 238.428055 0.801202 
533.919006 209.058289 0.836585 
501.608673 269.306732 0.775922 
497.216248 307.548981 0.751334 
501.663910 345.700439 0.867937 
525.176270 269.312805 0.829451 
513.352722 310.441284 0.858536 
514.829895 361.951569 0.777561 
513.357361 191.351105 0.956895 
523.635559 191.352997 0.923917 
508.946594 194.279007 0.670224 
533.953369 192.864914 0.858227 
18
519.254028 194.298279 0.919891 
520.735840 216.379654 0.906325 
500.090271 217.801147 0.947746 
498.659576 251.726868 0.908774 
508.929260 279.598022 0.889376 
538.347473 216.349457 0.806387 
545.677795 238.429718 0.842155 
533.896912 206.157379 0.863679 
501.602753 269.318390 0.787066 
497.208466 308.978241 0.763527 
501.646637 345.725861 0.857185 
525.154541 270.761993 0.840138 
513.355835 310.435272 0.863943 
514.823242 360.506226 0.794629 
513.344604 191.370651 0.946843 
523.602234 191.371826 0.924444 
508.933167 194.273148 0.688901 
532.517273 192.857300 0.814584 
18
519.252380 194.299286 0.903480 
520.721680 216.359207 0.895654 
500.098755 216.442673 0.946071 
498.653351 251.700317 0.908594 
508.930908 279.578400 0.893221 
536.931885 216.335037 0.798822 
545.700134 236.944229 0.822610 
532.497864 206.072693 0.888044 
501.590179 269.319946 0.788957 
497.227203 308.972473 0.751675 
501.645721 345.716583 0.865061 
525.150330 270.762329 0.840521 
513.370178 310.473389 0.852883 
514.834900 361.931641 0.788532 
513.358704 191.358215 0.935255 
523.608154 191.392059 0.918562 
508.939850 192.900620 0.687513 
532.497986 192.885986 0.768994 
18
517.788330 194.309708 0.885444 
520.672119 216.323135 0.870031 
500.074799 216.431168 0.944683 
498.651306 251.686829 0.909927 
508.919861 279.579559 0.874847 
536.877319 214.915695 0.786675 
545.725464 235.469666 0.841088 
532.484497 206.036423 0.897273 
500.206207 269.321228 0.784660 
498.583832 308.983551 0.749000 
501.646362 345.713715 0.864561 
525.126038 270.764709 0.833747 
513.380127 310.495239 0.853147 
514.849243 360.507843 0.792166 
511.967041 191.375961 0.942297 
522.222595 191.406479 0.910961 
508.912781 192.905823 0.685596 
531.024963 192.897202 0.747113 
18
519.243774 194.281723 0.906874 
519.278198 216.319305 0.868123 
500.079742 216.420517 0.942947 
498.647186 251.681137 0.909549 
508.909576 279.577911 0.867132 
535.480652 214.899094 0.795008 
545.710632 232.566238 0.869698 
533.881348 204.648514 0.864610 
500.201660 269.325562 0.786242 
497.223572 308.961060 0.741368 
501.635254 345.704224 0.859803 
525.104919 270.767944 0.835521 
513.380920 310.492950 0.857352 
514.846985 361.919952 0.778035 
513.360840 191.338837 0.931382 
522.260010 191.390213 0.928682 
508.958282 192.864380 0.724646 
532.435059 192.896927 0.765650 
18
520.706848 194.317993 0.979147 
519.256958 216.340942 0.861044 
500.078735 216.425659 0.935076 
498.630585 251.687347 0.908309 
508.898560 279.590637 0.857887 
535.456604 216.303604 0.808433 
545.701904 231.096176 0.858100 
536.943420 206.055908 0.716456 
501.590454 269.316986 0.791044 
498.604523 308.957031 0.744382 
501.628998 345.714752 0.862608 
525.104797 270.772400 0.832984 
513.393188 310.478912 0.846497 
514.856812 361.919434 0.785808 
513.413025 191.401520 0.951241 
523.636841 192.777283 0.993693 
510.349182 192.840439 0.863602 
531.021729 192.892593 0.826470 
18
520.734497 194.342316 0.990804 
519.261353 214.914642 0.848443 
500.084076 216.382782 0.937524 
498.644379 251.681488 0.912495 
508.893188 279.591766 0.851594 
535.426147 214.850189 0.771570 
547.128967 228.140518 0.870663 
535.484192 197.253326 0.600223 
501.589752 269.317139 0.783952 
497.209686 308.962799 0.763389 
501.614777 345.728241 0.862709 
523.738281 270.757721 0.824082 
513.376892 310.431122 0.854268 
514.828247 360.491241 0.799006 
513.429871 191.377426 0.940686 
523.691101 192.795059 0.988164 
510.338226 191.395294 0.764484 
532.492615 192.844696 0.771461 
18
520.730469 194.361588 0.991608 
516.342712 216.338638 0.863661 
498.721283 216.399719 0.957214 
498.624542 251.685333 0.906674 
507.502411 279.591370 0.857578 
534.008484 216.315491 0.786396 
545.751709 222.280991 0.770399 
539.846313 189.892929 0.615001 
501.610504 269.328857 0.780235 
497.222748 308.985077 0.775105 
501.629272 345.730103 0.865646 
523.742004 269.335327 0.825634 
513.385010 310.457550 0.858192 
514.830444 360.495331 0.798859 
514.838623 191.384720 0.931139 
523.707275 192.837524 0.993251 
510.361633 191.378769 0.756106 
532.504639 192.908051 0.727681 
18
520.695618 194.391602 0.955521 
516.312744 216.328934 0.875380 
498.708496 216.365662 0.954044 
498.610046 251.655090 0.907420 
507.500854 278.191040 0.865639 
533.975708 214.929474 0.825992 
547.141846 217.838211 0.810549 
541.309509 184.054153 0.731198 
501.612213 270.752075 0.784026 
497.210419 309.001678 0.769300 
501.638794 345.734802 0.860724 
525.108521 269.329742 0.824017 
513.371216 310.461029 0.868745 
514.842712 361.923523 0.785190 
514.842163 191.405319 0.924972 
523.700928 192.879974 0.996667 
510.371704 191.391815 0.732541 
532.477356 194.344757 0.711476 
18
519.245117 194.404053 0.936903 
517.760681 216.341400 0.878801 
498.730927 216.375137 0.952419 
498.603149 251.672104 0.902481 
507.493958 279.577423 0.864328 
534.020142 216.303940 0.822788 
547.137268 216.319687 0.822471 
544.188904 182.551193 0.816463 
501.609619 270.768738 0.789336 
497.227081 309.004730 0.770889 
501.629242 345.731750 0.867339 
523.746948 270.760468 0.833387 
513.374146 310.455444 0.865911 
514.860718 360.505188 0.781467 
513.414856 191.411606 0.963054 
523.664734 192.900726 1.018658 
510.347656 191.389542 0.593668 
532.461304 195.765610 0.737944 
18
516.322876 195.796585 0.917852 
516.336243 216.337311 0.878264 
500.076813 216.354767 0.934104 
498.602753 251.666061 0.905997 
507.501343 279.574738 0.860844 
533.983826 214.931854 0.817877 
547.214478 213.431671 0.837999 
544.261169 181.094604 0.927472 
501.614777 270.757629 0.786442 
498.585541 308.974548 0.772811 
501.622528 345.728546 0.859918 
523.740723 269.311829 0.837199 
513.375122 310.438354 0.870098 
514.850708 360.493835 0.796964 
513.350891 192.810974 1.010312 
523.604919 194.265320 1.015141 
508.990814 192.768311 0.465941 
530.990295 195.812759 0.738395 
18
514.825745 195.777908 0.918043 
516.322205 216.355164 0.879654 
498.722290 216.373032 0.939891 
498.605133 251.666321 0.902022 
507.482849 279.589172 0.850972 
533.997314 216.316101 0.851360 
550.137451 214.889877 0.799773 
545.757874 182.553497 0.931584 
501.605133 269.322937 0.781608 
497.226074 308.978119 0.774483 
501.638123 345.745453 0.864302 
523.746277 269.302277 0.833366 
513.394958 310.445282 0.868596 
514.845886 361.920013 0.787878 
511.932892 192.808197 1.025358 
522.201050 194.254898 0.992215 
508.954956 192.832184 0.366158 
529.560852 195.831024 0.760449 
18
513.371094 194.401932 0.952282 
517.783386 216.316254 0.870128 
498.730896 216.361191 0.953105 
498.594696 251.660080 0.891857 
507.514313 279.577057 0.853404 
535.391724 214.894104 0.841293 
554.507141 214.928543 0.834363 
547.206543 184.032578 0.891094 
500.202271 269.303223 0.782247 
497.193359 308.961426 0.764602 
501.610199 345.728180 0.863023 
523.735535 269.299622 0.828702 
513.398438 310.417419 0.849386 
514.848328 360.477417 0.792315 
511.868622 192.789444 1.038857 
522.146912 192.892578 0.987623 
508.912811 192.812592 0.175653 
531.022278 195.778076 0.777194 
18
513.363281 194.376801 0.956751 
519.233887 216.332413 0.891111 
500.079132 216.383591 0.976365 
498.602997 251.690430 0.898513 
508.915192 279.613525 0.869936 
535.419556 214.922546 0.892626 
556.027771 219.314011 0.899768 
550.149414 194.322403 0.918755 
500.207367 269.302765 0.791869 
497.209015 307.525513 0.747583 
501.613739 345.697327 0.858564 
525.117920 269.329193 0.832973 
513.393921 309.015320 0.847485 
514.838806 360.473022 0.800474 
511.846588 192.784225 1.025856 
522.104004 192.833649 0.971667 
504.556549 192.897247 0.210466 
531.000000 194.346848 0.810011 
18
513.364319 194.282791 0.967563 
520.691528 216.329407 0.896060 
500.099579 216.394196 0.957645 
498.618683 251.695572 0.892793 
508.926697 279.625519 0.875964 
535.515015 216.324814 0.873412 
553.053894 226.691727 0.746180 
555.965759 201.653198 0.786402 
501.618286 269.304596 0.775158 
498.592133 307.539734 0.759690 
501.603027 345.704681 0.860205 
525.183960 270.749573 0.817802 
513.390259 309.007385 0.845729 
514.848511 360.453979 0.804853 
510.478455 191.337875 0.968690 
520.733398 191.365616 0.943963 
503.075592 192.852676 0.181171 
530.992737 192.863235 0.802842 
18
513.347107 192.830933 0.965543 
522.115479 216.361618 0.924787 
500.129700 216.390030 0.939315 
498.615112 251.704758 0.892874 
508.942688 279.619751 0.862734 
538.383606 216.391541 0.915714 
550.136230 238.424057 0.825132 
556.031982 209.041473 0.850485 
501.622772 270.759918 0.783589 
498.602753 307.546936 0.773481 
501.594910 345.718567 0.866703 
525.179260 272.235168 0.834211 
513.388000 310.402924 0.839152 
514.837952 360.441650 0.799635 
510.459320 186.989792 0.914087 
520.699524 188.454056 0.897718 
504.574402 192.844589 0.170590 
529.547180 192.823120 0.819772 
18
511.961243 191.394104 0.957467 
522.119019 216.402283 0.928589 
500.115845 216.422760 0.931588 
498.644012 253.090271 0.898987 
508.954163 279.629181 0.868606 
539.858765 216.410934 0.864422 
547.147034 245.794373 0.866507 
556.031982 214.920609 0.904231 
503.085052 270.752930 0.756387 
498.611359 306.082184 0.759240 
501.606354 345.721802 0.861670 
528.076599 272.224091 0.788873 
513.370178 308.984192 0.835724 
514.847168 360.495850 0.784841 
510.395142 185.519043 0.918668 
517.804504 184.092880 0.874505 
504.533325 192.897217 0.239169 
526.594177 189.920425 0.790245 
18
511.916901 189.927765 0.938478 
522.146667 216.324493 0.906184 
500.094208 216.403915 0.914930 
498.631409 253.098557 0.900106 
508.943542 281.041107 0.872123 
542.735779 214.898315 0.812458 
545.682251 250.200775 0.786191 
557.404419 213.447021 0.880653 
503.072754 269.283203 0.760860 
498.604767 303.155365 0.731029 
501.625183 345.696655 0.850275 
529.544678 269.335541 0.779386 
513.371094 307.548523 0.826449 
514.853699 360.502899 0.773468 
510.347260 184.055603 0.932292 
516.322510 182.644318 0.895962 
503.081116 192.850967 0.209746 
525.170471 186.962402 0.781928 
18
513.353638 188.455414 0.917707 
522.135437 216.369049 0.911095 
500.097717 216.416245 0.916985 
498.609375 253.097672 0.890118 
508.940247 279.619904 0.873362 
541.313049 216.337570 0.815506 
544.238831 253.082260 0.732857 
553.071289 220.802490 0.740085 
503.056274 269.301605 0.764505 
498.584564 304.599091 0.744056 
501.599091 345.713043 0.873890 
529.552002 270.804596 0.780970 
513.354614 308.946411 0.825035 
514.818604 360.489594 0.773328 
510.422668 182.646942 0.966205 
520.675354 182.614304 0.918959 
504.579071 192.866425 0.316904 
528.074768 188.429810 0.756286 
18
514.859619 188.425171 0.879858 
522.104614 216.357788 0.912726 
500.104187 216.396210 0.956660 
498.617340 251.727081 0.895511 
508.934723 279.582703 0.865738 
538.387390 216.378738 0.833736 
542.741089 253.113510 0.584600 
547.252319 236.953629 0.510136 
501.592712 269.319824 0.775287 
498.582275 306.089478 0.745693 
501.617920 345.703796 0.871406 
526.602356 272.256622 0.802066 
511.970551 308.984467 0.847290 
514.827148 360.486694 0.785634 
511.861603 182.620575 0.970826 
522.140625 182.602997 0.949324 
507.484253 191.378998 0.469716 
529.529541 186.976227 0.726752 
18
517.802307 188.412201 0.874541 
520.752686 214.886581 0.881233 
500.099365 216.381378 0.963549 
497.227234 251.650467 0.891789 
508.907776 278.183136 0.853846 
536.922363 213.427521 0.770974 
548.646790 235.478256 0.488759 
545.752502 250.184738 0.500754 
501.628906 269.321136 0.754978 
498.584503 307.502136 0.747029 
501.638031 345.715424 0.865449 
526.621582 270.785248 0.791081 
511.974030 309.015625 0.851714 
514.846069 361.913513 0.782178 
511.949951 182.619034 0.948067 
522.210022 182.601334 0.974822 
508.928589 191.325241 0.694923 
529.551147 186.984863 0.760372 
18
519.268799 188.437805 0.881881 
520.728760 214.866470 0.857291 
500.108978 216.370148 0.948300 
497.212738 251.615738 0.885976 
507.468079 278.158813 0.844258 
536.883362 211.992020 0.772226 
548.677429 236.940399 0.271983 
547.176880 248.731674 0.130665 
501.612305 270.784210 0.741687 
497.206909 308.976898 0.751558 
501.643036 345.713074 0.850349 
525.193298 272.255981 0.789688 
513.348633 310.442535 0.861449 
514.853699 361.922363 0.786335 
513.355408 182.615417 0.951772 
523.618103 182.620300 0.986768 
508.962128 188.465225 0.784513 
532.434509 188.463089 0.783607 
18
520.699280 188.454773 0.906420 
522.158630 217.785339 0.924367 
500.089508 216.400330 0.958558 
497.183990 251.606628 0.878249 
506.020386 278.112274 0.821071 
542.755432 217.860779 0.843047 
547.211975 247.228943 0.632357 
547.151733 251.663971 0.504090 
501.603668 270.757568 0.763823 
498.589417 308.952881 0.782370 
501.621155 345.719055 0.856668 
526.623657 273.661163 0.808763 
513.380920 310.401764 0.852152 
514.818420 361.917603 0.794408 
513.390320 182.623566 0.931517 
523.658630 182.628448 0.973110 
508.987396 189.893448 0.791651 
532.470337 189.878311 0.821666 
18
520.723389 189.911133 0.923827 
522.131897 217.854843 0.902055 
498.719696 217.822891 0.932007 
495.708557 251.639252 0.864487 
504.548523 276.625183 0.850459 
541.321899 217.894257 0.831956 
547.206726 247.255173 0.717391 
545.671021 253.077942 0.764822 
501.637756 269.316223 0.759874 
498.635773 308.950653 0.808238 
501.631439 345.716431 0.864081 
526.641357 272.223083 0.785725 
514.852417 310.427704 0.857573 
514.823669 360.509613 0.799213 
513.393799 184.010941 0.921678 
523.690674 184.004150 0.960592 
508.974030 191.349289 0.797145 
532.514099 189.934784 0.829155 
18
520.736450 191.340439 0.925396 
522.150452 217.880524 0.923033 
498.707825 217.842194 0.934569 
486.964355 247.253006 0.795051 
497.214844 266.406464 0.735035 
544.203552 217.931412 0.850073 
547.262939 248.730606 0.839393 
545.651733 256.093353 0.796057 
504.538422 275.192444 0.818717 
498.597473 308.997040 0.816261 
501.652100 345.689514 0.861152 
532.477478 275.235413 0.843331 
514.837280 310.459869 0.888262 
514.853455 360.497467 0.785839 
513.416687 184.045776 0.901695 
523.692627 184.054230 0.949727 
510.356171 191.352936 0.786981 
532.510132 191.352341 0.839215 
18
520.707275 191.329971 0.916432 
522.164429 217.859879 0.939595 
498.722656 217.811646 0.936713 
488.428284 245.769073 0.755815 
500.106293 260.495148 0.489211 
544.206604 217.919815 0.861308 
547.124146 251.618851 0.942097 
535.388611 264.895599 0.856854 
503.054474 273.679504 0.768096 
498.587646 308.959473 0.780735 
501.648834 345.703400 0.878453 
529.548035 275.171204 0.790250 
514.823547 310.483154 0.862527 
514.855103 360.450653 0.803180 
513.383606 184.040024 0.916462 
523.662415 184.038528 0.956733 
508.987213 191.351624 0.778014 
532.485291 191.325592 0.821250 
18
520.704224 191.373123 0.924705 
522.156067 217.861969 0.944269 
498.730957 217.812790 0.943804 
489.858032 245.761551 0.795050 
497.173737 260.492767 0.602621 
544.191467 217.933914 0.860245 
545.785706 251.660400 0.952732 
535.432800 264.956116 0.847836 
501.646484 273.683502 0.786419 
498.630859 308.952271 0.775590 
501.615051 345.725494 0.886723 
528.088257 275.211243 0.796955 
516.287842 311.897827 0.839984 
514.867065 360.499542 0.797915 
513.387512 184.086319 0.897681 
523.646606 184.078323 0.946690 
508.990234 191.348206 0.827949 
532.457336 191.330002 0.834810 
18
520.693970 191.401291 0.927154 
522.167419 217.873199 0.950486 
500.079010 217.804077 0.944570 
492.785156 245.791061 0.790775 
498.598480 263.463531 0.751410 
544.205750 219.311203 0.864633 
547.141174 253.070755 0.983990 
533.892395 267.866852 0.803856 
501.655579 272.221405 0.786660 
498.650116 307.549225 0.792863 
501.617004 345.723846 0.887007 
529.543518 275.138031 0.788019 
516.327637 310.499176 0.835232 
517.760620 360.454926 0.787564 
513.386475 185.498001 0.896077 
523.638977 185.487976 0.938215 
510.342316 191.355087 0.835255 
532.458008 191.355331 0.859644 
