68
1
18
633.908936 134.015503 0.840638 
598.632751 157.510498 0.737882 
604.513611 161.958191 0.864372 
604.588501 214.928131 0.840222 
623.620056 251.691833 0.804689 
592.729370 150.208679 0.567195 
0.000000 0.000000 0.000000 
0.000000 0.000000 0.000000 
594.189209 242.852295 0.731710 
592.726807 300.182861 0.807294 
585.406189 356.026855 0.772843 
581.004761 239.876480 0.649584 
581.030334 295.744843 0.717973 
579.534302 342.837738 0.623926 
631.000183 125.275726 0.843273 
0.000000 0.000000 0.000000 
617.793274 125.248398 0.926971 
0.000000 0.000000 0.000000 
18
633.917542 135.505066 0.859939 
597.191040 157.549713 0.741071 
604.538391 162.008896 0.868194 
605.942810 214.922226 0.862852 
622.172852 251.666656 0.838234 
591.301880 150.230652 0.574203 
0.000000 0.000000 0.000000 
0.000000 0.000000 0.000000 
594.245483 244.285751 0.738594 
592.714783 300.185120 0.800017 
583.990540 356.059998 0.789698 
582.475525 239.930191 0.652714 
582.444763 295.792389 0.744416 
576.575012 341.363281 0.646898 
631.035950 129.658234 0.836810 
0.000000 0.000000 0.000000 
617.840515 125.263199 0.901853 
0.000000 0.000000 0.000000 
18
633.916870 136.973816 0.822756 
597.179199 157.584869 0.742451 
604.528625 161.989899 0.863006 
605.942566 216.308731 0.860649 
623.622620 251.702805 0.857801 
591.302429 153.167175 0.583559 
0.000000 0.000000 0.000000 
0.000000 0.000000 0.000000 
594.247925 244.286194 0.737726 
592.726563 300.195953 0.813580 
585.393066 356.034088 0.782310 
582.454407 239.930511 0.670550 
581.003601 294.316650 0.732970 
575.141785 341.335724 0.649026 
632.443420 132.581161 0.850375 
0.000000 0.000000 0.000000 
619.240479 128.144150 0.878695 
0.000000 0.000000 0.000000 
18
636.830017 136.988556 0.819786 
598.628784 157.572189 0.737289 
604.547180 161.982819 0.861856 
604.568848 214.922729 0.859301 
622.161926 251.675064 0.867458 
592.726318 153.153275 0.591709 
0.000000 0.000000 0.000000 
0.000000 0.000000 0.000000 
594.219971 242.876724 0.737549 
592.733337 300.217377 0.830698 
585.401611 356.056396 0.789089 
582.426941 239.926025 0.677825 
579.533142 294.299530 0.726153 
576.589233 341.330536 0.628729 
633.937439 133.962006 0.849031 
0.000000 0.000000 0.000000 
620.705566 129.618027 0.850447 
0.000000 0.000000 0.000000 
18
636.855896 137.017456 0.768247 
598.657959 157.548782 0.733599 
604.548706 161.980988 0.851234 
604.584595 214.927124 0.829639 
620.736816 251.702423 0.848080 
592.736572 151.692490 0.590196 
0.000000 0.000000 0.000000 
0.000000 0.000000 0.000000 
594.204956 242.864471 0.736802 
592.737549 300.207306 0.833294 
585.401733 356.040192 0.776514 
581.023560 239.896164 0.682163 
579.520203 294.272980 0.727127 
576.607178 341.334045 0.611116 
635.406311 133.991440 0.827389 
0.000000 0.000000 0.000000 
623.654297 131.077682 0.840840 
0.000000 0.000000 0.000000 
18
636.876892 137.026917 0.779952 
598.663635 157.530930 0.734927 
604.548584 161.977615 0.856077 
604.539612 214.923584 0.846307 
620.715820 251.690369 0.844256 
592.743042 151.664322 0.592670 
0.000000 0.000000 0.000000 
0.000000 0.000000 0.000000 
594.201111 241.427795 0.742425 
592.729004 300.192810 0.844065 
585.390625 356.038696 0.780140 
581.016052 239.853409 0.684960 
578.055664 292.831635 0.736412 
575.143738 339.906921 0.627710 
635.419739 134.000977 0.836746 
0.000000 0.000000 0.000000 
623.660461 131.081253 0.842141 
0.000000 0.000000 0.000000 
18
636.886292 138.453400 0.763451 
598.664368 157.555374 0.734232 
604.540039 161.981232 0.852924 
604.535583 216.327087 0.848340 
622.166016 251.665466 0.831822 
592.750854 151.696930 0.593479 
0.000000 0.000000 0.000000 
0.000000 0.000000 0.000000 
594.202454 242.817184 0.735848 
592.738770 300.191223 0.820202 
585.408264 356.034424 0.758954 
581.037598 239.857208 0.657194 
579.549744 292.838043 0.740857 
578.055908 342.811096 0.641820 
636.853149 134.031219 0.835565 
0.000000 0.000000 0.000000 
625.093140 131.114151 0.851340 
0.000000 0.000000 0.000000 
18
638.285767 139.905197 0.730358 
600.117859 157.509277 0.742144 
605.937866 161.996445 0.855108 
604.498047 216.307068 0.857364 
623.634766 250.171295 0.833000 
592.755554 150.205215 0.602687 
0.000000 0.000000 0.000000 
0.000000 0.000000 0.000000 
594.231750 242.840942 0.724548 
592.737366 300.194275 0.821392 
585.423706 356.041046 0.776227 
582.437988 239.889511 0.640798 
580.963867 294.278015 0.731462 
578.038757 342.803314 0.652555 
638.281555 134.061127 0.813464 
0.000000 0.000000 0.000000 
626.554382 132.511795 0.866759 
0.000000 0.000000 0.000000 
18
638.325623 142.834427 0.681000 
601.572144 156.103790 0.764488 
606.031555 161.974854 0.868622 
600.096680 214.914017 0.826890 
620.706482 239.855774 0.913798 
592.749573 148.726425 0.635054 
0.000000 0.000000 0.000000 
0.000000 0.000000 0.000000 
594.217102 241.407425 0.729898 
592.747009 300.195435 0.848287 
585.428223 356.025879 0.775368 
580.952698 239.868622 0.659846 
579.488892 292.824310 0.726727 
575.136597 341.337463 0.657097 
638.351135 135.465652 0.778674 
0.000000 0.000000 0.000000 
628.010742 132.554947 0.908569 
0.000000 0.000000 0.000000 
18
638.347046 144.351456 0.738574 
601.586670 154.637924 0.752825 
606.032593 160.514557 0.884784 
597.205872 216.297363 0.841363 
623.634949 231.120911 0.888450 
592.765869 147.255325 0.626060 
604.481262 200.213776 0.077024 
619.226929 207.550125 0.200381 
594.263855 241.418671 0.731643 
592.738770 300.243225 0.847096 
585.422058 356.032043 0.780387 
581.033508 239.899521 0.652842 
580.939392 295.770416 0.731245 
578.045410 342.790405 0.632909 
639.749939 135.561813 0.791255 
0.000000 0.000000 0.000000 
628.039124 132.539963 0.916667 
0.000000 0.000000 0.000000 
18
639.741089 145.736481 0.707680 
603.009338 154.648544 0.747124 
606.080078 160.513733 0.880941 
597.158813 213.418701 0.826494 
623.636963 229.664993 0.902227 
592.781311 147.269653 0.620747 
0.000000 0.000000 0.000000 
0.000000 0.000000 0.000000 
595.700928 241.425201 0.732089 
592.745361 300.195801 0.846178 
585.404785 356.003815 0.767831 
582.484863 239.947495 0.664105 
581.013184 295.762543 0.745491 
579.530273 342.841827 0.643694 
639.805481 136.957031 0.758514 
0.000000 0.000000 0.000000 
628.120117 132.591583 0.947630 
0.000000 0.000000 0.000000 
18
639.773376 145.768829 0.689103 
601.585815 156.064850 0.770599 
607.456360 160.554199 0.867818 
595.766968 211.948288 0.809169 
623.640808 228.186417 0.924734 
592.753723 147.273804 0.666656 
0.000000 0.000000 0.000000 
0.000000 0.000000 0.000000 
594.291443 241.383606 0.756903 
592.756226 300.164734 0.860229 
585.410278 356.016998 0.783097 
580.985046 239.869247 0.683697 
580.943665 294.275513 0.725175 
578.045166 341.338287 0.633310 
639.843445 136.992767 0.740382 
0.000000 0.000000 0.000000 
629.483521 132.599518 0.951886 
0.000000 0.000000 0.000000 
18
639.740601 145.787415 0.751178 
601.606812 154.617676 0.772461 
607.455322 160.501389 0.893708 
597.210815 209.001678 0.817932 
623.661987 228.162079 0.939848 
592.768311 147.263992 0.678115 
0.000000 0.000000 0.000000 
0.000000 0.000000 0.000000 
594.284363 241.332382 0.777823 
592.738770 300.152863 0.857257 
585.412476 356.033386 0.787736 
580.988159 238.450226 0.686505 
579.536194 292.809174 0.735080 
578.062561 341.337952 0.641414 
639.816467 137.025909 0.789342 
0.000000 0.000000 0.000000 
629.485474 133.969345 0.956898 
0.000000 0.000000 0.000000 
18
639.826660 145.804886 0.782926 
603.045044 153.142410 0.774308 
607.498474 159.084122 0.900917 
595.721802 206.116882 0.854399 
628.055054 228.070038 0.973483 
592.811462 145.838562 0.668887 
600.112976 194.312042 0.059275 
0.000000 0.000000 0.000000 
594.294617 241.361496 0.764507 
592.738403 300.204071 0.877311 
585.390747 356.062012 0.803335 
581.022339 239.852539 0.687621 
578.068237 292.851227 0.738456 
576.592712 339.901093 0.648969 
641.219482 137.039719 0.802764 
0.000000 0.000000 0.000000 
629.519409 133.990677 0.967512 
0.000000 0.000000 0.000000 
18
639.875977 145.867828 0.754203 
603.051453 154.634827 0.777335 
607.494934 160.525208 0.869503 
594.183228 207.540771 0.872687 
630.981689 229.565384 0.934559 
594.206055 147.281204 0.686657 
0.000000 0.000000 0.000000 
0.000000 0.000000 0.000000 
594.278137 241.388107 0.765591 
592.737854 300.178406 0.864370 
585.393250 356.062866 0.790911 
581.053284 239.868225 0.689548 
578.055908 291.362976 0.730496 
575.128540 338.437531 0.630214 
641.260132 139.899780 0.755346 
0.000000 0.000000 0.000000 
629.560974 134.055695 0.967265 
0.000000 0.000000 0.000000 
18
639.872070 147.228790 0.871028 
603.006348 157.501511 0.789284 
607.488708 159.092957 0.895055 
592.778625 207.538193 0.878364 
632.450134 229.643906 0.953824 
592.764587 151.672089 0.688360 
582.436096 214.869537 0.101615 
0.000000 0.000000 0.000000 
594.276978 241.341614 0.783118 
592.744507 300.193848 0.888617 
585.396912 356.059692 0.808023 
580.980957 239.836792 0.737497 
575.135620 291.390167 0.761956 
573.661804 336.993683 0.656808 
641.281433 139.927048 0.828280 
0.000000 0.000000 0.000000 
629.590576 134.047104 0.966976 
0.000000 0.000000 0.000000 
18
641.287170 147.271088 0.920327 
604.454895 154.610123 0.761762 
606.030151 157.608765 0.909963 
594.225525 207.534821 0.883046 
631.035217 229.607239 0.940555 
595.698730 148.755966 0.624261 
595.705200 206.080399 0.116009 
632.463867 226.626953 0.259731 
594.288269 242.830750 0.764881 
592.727905 300.219086 0.884347 
585.431152 356.060028 0.791925 
582.516052 241.336716 0.693357 
578.069214 294.288727 0.773216 
576.595093 341.326508 0.659994 
641.344727 141.382172 0.839940 
0.000000 0.000000 0.000000 
631.002319 134.078690 0.957273 
0.000000 0.000000 0.000000 
18
641.304077 147.300079 0.858318 
604.557983 148.762421 0.793170 
606.070984 157.512619 0.827557 
594.222961 204.594345 0.794645 
620.690918 226.663162 0.880493 
598.654236 144.333328 0.616786 
0.000000 0.000000 0.000000 
0.000000 0.000000 0.000000 
594.246765 238.438721 0.767939 
592.756531 298.669037 0.862616 
585.435852 356.027771 0.777800 
583.936646 236.934708 0.635464 
578.085327 288.447632 0.789555 
575.121033 338.418976 0.678623 
642.761230 142.844391 0.805225 
0.000000 0.000000 0.000000 
631.058044 134.092270 0.969409 
0.000000 0.000000 0.000000 
18
641.348572 147.341034 0.874631 
605.962708 147.308868 0.814639 
606.007690 153.144287 0.807230 
594.194458 195.771606 0.723707 
606.064453 220.795044 0.706556 
604.509277 142.872864 0.604358 
613.325073 170.787933 0.062999 
0.000000 0.000000 0.000000 
594.290466 239.850342 0.745533 
592.782654 298.705505 0.857838 
585.420959 356.011261 0.790977 
583.927917 236.976532 0.624886 
580.973511 289.868835 0.817993 
575.120544 338.445038 0.682102 
644.216370 142.875153 0.823352 
0.000000 0.000000 0.000000 
633.950684 134.096466 0.950804 
0.000000 0.000000 0.000000 
18
641.349915 147.311325 0.888965 
606.069458 145.829681 0.745491 
605.987549 147.286316 0.774262 
592.808044 181.080292 0.473921 
594.221130 210.516342 0.628154 
610.396057 142.879883 0.510949 
0.000000 0.000000 0.000000 
0.000000 0.000000 0.000000 
600.114197 238.416275 0.668830 
592.814209 298.655548 0.845341 
585.426392 356.001617 0.792341 
588.348328 234.002502 0.556163 
580.977783 288.448700 0.821702 
576.585083 339.859650 0.685732 
644.233765 142.854294 0.806745 
0.000000 0.000000 0.000000 
635.429443 134.046188 0.917519 
0.000000 0.000000 0.000000 
18
642.769104 147.211914 0.811203 
606.030579 150.205399 0.819269 
617.745605 160.510895 0.807545 
614.792786 209.020569 0.636496 
583.927124 222.250336 0.455130 
594.249634 137.034332 0.664760 
0.000000 0.000000 0.000000 
0.000000 0.000000 0.000000 
601.609558 245.774368 0.744968 
592.798523 300.244537 0.880238 
585.444092 356.078369 0.814030 
583.970215 239.894211 0.669251 
581.002197 297.190186 0.841289 
579.531372 344.253723 0.668773 
645.701965 139.907410 0.779124 
0.000000 0.000000 0.000000 
635.396729 134.021698 0.896876 
0.000000 0.000000 0.000000 
18
642.726501 145.781326 0.824139 
608.929626 147.295593 0.821255 
617.778137 153.181381 0.864545 
603.077271 182.554230 0.872844 
578.051025 219.332611 0.745471 
600.114197 142.879654 0.617426 
569.223328 156.093628 0.189133 
582.425293 131.104141 0.137382 
603.078674 241.382111 0.790907 
594.174927 300.201508 0.851443 
586.875000 356.036560 0.808598 
583.949951 238.391296 0.708690 
581.025757 292.849640 0.832354 
578.052734 342.802643 0.690482 
644.222961 137.038437 0.802328 
0.000000 0.000000 0.000000 
635.377136 133.976669 0.906992 
0.000000 0.000000 0.000000 
18
642.724182 145.745850 0.772177 
608.945862 147.242950 0.791280 
617.720703 148.798706 0.860091 
603.035156 184.081390 0.818885 
604.568970 197.296829 0.051803 
603.019897 142.882767 0.628693 
570.751526 159.045578 0.105318 
0.000000 0.000000 0.000000 
604.476563 239.897903 0.776009 
594.219604 300.197510 0.834369 
586.880920 356.036346 0.807649 
583.988403 234.014206 0.687058 
581.030029 289.927094 0.835894 
576.581482 341.340179 0.695941 
644.226868 137.004974 0.780274 
0.000000 0.000000 0.000000 
636.870117 132.570984 0.882968 
0.000000 0.000000 0.000000 
18
644.206177 144.358093 0.718512 
606.031616 147.270020 0.853161 
616.344299 150.224884 0.871864 
598.664001 186.968552 0.789418 
569.236755 226.680618 0.572123 
595.724854 144.298462 0.699012 
567.786987 163.463470 0.111493 
0.000000 0.000000 0.000000 
603.070251 239.913971 0.771175 
594.245239 300.207581 0.840843 
586.872009 356.045441 0.815794 
582.492493 235.468079 0.705346 
581.050903 289.934570 0.840050 
578.055176 342.813232 0.690075 
647.147095 135.585693 0.764747 
0.000000 0.000000 0.000000 
638.309021 132.581055 0.902790 
0.000000 0.000000 0.000000 
18
642.798157 145.745605 0.674060 
605.955322 147.282166 0.898426 
617.726990 151.691315 0.856517 
595.701660 191.385162 0.834168 
570.723938 229.631271 0.670695 
592.772339 144.306778 0.753580 
572.182373 169.320847 0.139096 
0.000000 0.000000 0.000000 
604.531311 241.411118 0.762267 
594.243713 300.220612 0.846587 
586.907471 356.025391 0.823077 
583.947388 238.403900 0.704706 
580.995789 292.839111 0.830209 
576.577698 339.908112 0.696873 
645.720215 136.966446 0.718707 
0.000000 0.000000 0.000000 
638.320740 132.572723 0.913123 
0.000000 0.000000 0.000000 
18
642.802551 144.349121 0.646985 
604.568420 147.275177 0.923110 
617.704529 150.228073 0.855433 
594.304932 194.285019 0.850372 
575.141602 238.385010 0.787973 
592.753784 144.320480 0.786132 
567.776672 160.582932 0.253266 
570.687195 145.702026 0.228008 
604.563904 241.428009 0.780716 
594.234009 301.626831 0.866142 
586.892456 356.034302 0.827175 
589.796509 239.856201 0.654907 
580.965149 294.292480 0.812345 
576.578430 339.885498 0.664259 
645.713562 135.568481 0.722346 
0.000000 0.000000 0.000000 
638.302551 132.558136 0.911807 
0.000000 0.000000 0.000000 
18
642.762695 145.728043 0.697613 
604.564087 147.298737 0.912521 
617.730957 151.716675 0.840989 
594.221497 195.774719 0.819019 
580.982300 242.867081 0.908248 
591.298218 144.297363 0.785943 
561.891479 170.767365 0.622597 
578.063660 191.368683 0.121577 
605.994934 241.342941 0.803637 
594.287170 300.248260 0.844500 
586.915955 356.025146 0.831769 
589.836548 238.412323 0.598120 
581.044312 291.378937 0.805653 
576.595581 339.902557 0.675946 
644.257019 136.955551 0.735264 
0.000000 0.000000 0.000000 
636.894592 132.558823 0.907808 
0.000000 0.000000 0.000000 
18
642.739563 145.741898 0.695718 
604.584900 148.754089 0.870999 
617.750061 156.100037 0.860545 
594.279541 197.242294 0.794183 
592.798035 206.063080 0.059326 
592.729736 145.753738 0.799978 
564.837585 170.817459 0.526829 
583.961609 189.933121 0.100437 
606.028931 242.827255 0.789781 
594.311096 300.215027 0.862299 
588.345337 356.017517 0.847884 
589.834534 239.888214 0.661953 
582.456604 294.287537 0.798432 
576.611816 341.335205 0.711034 
644.224854 136.966934 0.734619 
0.000000 0.000000 0.000000 
636.846008 132.588287 0.910548 
0.000000 0.000000 0.000000 
18
642.784119 145.745987 0.723701 
605.999512 148.785248 0.863863 
617.791443 157.518356 0.878105 
595.715210 198.712845 0.747768 
583.976196 253.129593 0.765811 
592.809570 145.754272 0.820129 
567.754211 170.824402 0.260401 
0.000000 0.000000 0.000000 
607.457397 241.399185 0.735967 
595.702759 300.145599 0.843654 
586.896362 354.600586 0.817348 
591.313232 239.920898 0.654216 
586.899475 297.192596 0.752419 
579.518005 342.803467 0.672084 
644.261292 136.974930 0.758172 
0.000000 0.000000 0.000000 
636.863525 133.962204 0.912385 
0.000000 0.000000 0.000000 
18
642.784119 145.762421 0.678720 
605.973511 148.787277 0.882712 
617.785400 157.527252 0.894949 
597.175293 192.860962 0.732279 
591.274902 209.035248 0.210276 
592.782654 145.760742 0.828651 
567.789612 170.842178 0.186164 
0.000000 0.000000 0.000000 
605.990662 239.863434 0.770089 
597.206116 295.765167 0.802417 
586.908386 354.593323 0.827143 
583.974304 234.029282 0.646113 
591.265625 288.465118 0.823429 
578.062439 339.869110 0.698653 
645.684204 136.992493 0.727976 
0.000000 0.000000 0.000000 
636.885254 133.986542 0.932623 
0.000000 0.000000 0.000000 
18
642.732605 145.826187 0.716848 
605.947632 150.198456 0.896768 
617.758911 157.524155 0.879206 
594.186890 192.830032 0.781923 
560.398560 220.793640 0.425751 
592.768433 145.776611 0.844914 
566.307861 175.215225 0.385272 
558.975342 217.923569 0.387621 
604.553711 236.956955 0.728501 
597.181091 291.387634 0.819318 
586.877991 354.581329 0.813836 
583.979065 229.661667 0.605709 
591.264038 286.984894 0.809848 
580.975525 342.797180 0.637245 
644.248352 138.448029 0.718242 
0.000000 0.000000 0.000000 
636.875854 134.004013 0.931533 
0.000000 0.000000 0.000000 
18
641.377014 145.866714 0.725010 
604.568176 150.207123 0.884744 
617.732727 157.499313 0.878026 
591.302673 192.789536 0.690724 
558.959473 228.174683 0.666881 
592.765625 145.809692 0.837712 
567.758728 182.525589 0.382648 
558.922607 226.621231 0.370613 
603.055725 232.581116 0.708847 
598.655701 288.475922 0.835748 
586.902466 354.557648 0.797340 
582.489319 229.617523 0.661779 
585.445679 285.455536 0.783387 
579.513123 339.881042 0.666310 
644.242737 139.904327 0.714524 
0.000000 0.000000 0.000000 
636.879395 134.009521 0.935277 
0.000000 0.000000 0.000000 
18
642.743103 145.841660 0.745581 
604.548279 150.222214 0.867972 
617.700317 157.522964 0.894419 
589.791931 194.264038 0.760376 
567.725342 231.055176 0.745326 
592.760681 145.803955 0.812341 
581.006042 192.854401 0.230047 
563.369751 228.144958 0.167653 
603.022217 235.498871 0.711796 
597.153137 289.903320 0.807597 
586.866333 353.134125 0.762272 
583.962646 231.109070 0.606189 
586.882446 286.929108 0.763052 
580.993774 342.812958 0.662190 
645.667480 138.449310 0.739707 
0.000000 0.000000 0.000000 
636.857544 134.003372 0.933400 
0.000000 0.000000 0.000000 
18
642.726990 145.866150 0.766254 
604.527588 150.203278 0.864559 
616.344971 157.515076 0.888209 
588.341614 192.900787 0.713251 
567.763062 229.671799 0.599195 
592.731506 145.797195 0.801062 
579.554871 192.848770 0.242559 
0.000000 0.000000 0.000000 
603.040771 238.396713 0.720537 
594.303345 294.291687 0.783283 
585.452576 354.557190 0.763171 
583.992981 234.032837 0.590286 
585.409424 288.372620 0.785992 
580.987427 342.814606 0.671474 
644.236511 139.897659 0.746931 
0.000000 0.000000 0.000000 
635.419495 134.010223 0.923659 
0.000000 0.000000 0.000000 
18
641.324585 147.211426 0.802507 
604.576416 148.772964 0.875282 
616.324524 157.506134 0.885465 
592.806702 194.266739 0.738734 
582.431702 210.476761 0.402264 
594.203064 145.731155 0.803852 
583.950623 192.849442 0.127469 
0.000000 0.000000 0.000000 
600.127197 235.496246 0.711707 
595.749512 289.931549 0.779235 
586.906677 354.569885 0.769191 
583.942566 231.074097 0.640541 
585.401794 286.891998 0.785072 
579.510315 339.885773 0.684644 
642.774536 139.912399 0.762372 
0.000000 0.000000 0.000000 
633.945923 134.004333 0.928422 
0.000000 0.000000 0.000000 
18
641.296326 145.856262 0.832044 
604.542175 148.794144 0.872636 
616.295044 157.544174 0.901147 
594.194275 194.379669 0.680824 
582.518250 217.868927 0.289012 
592.803528 144.353226 0.814378 
0.000000 0.000000 0.000000 
0.000000 0.000000 0.000000 
598.671509 236.931580 0.705726 
595.724731 291.360321 0.784755 
586.915161 354.567200 0.768308 
582.519470 231.090225 0.651167 
583.938843 286.944489 0.793967 
578.077759 339.874329 0.681622 
642.730225 138.478745 0.792483 
0.000000 0.000000 0.000000 
632.479248 133.997055 0.940525 
0.000000 0.000000 0.000000 
18
641.242371 147.226837 0.783167 
604.531433 150.203415 0.880853 
616.301331 157.556793 0.913149 
592.800720 194.385803 0.736888 
579.541931 223.718521 0.332612 
592.781738 145.737442 0.829350 
582.498535 192.856140 0.146036 
0.000000 0.000000 0.000000 
597.204895 234.019241 0.684456 
595.750488 289.866211 0.778313 
588.369080 353.116333 0.780712 
582.432678 229.636887 0.695652 
582.489624 285.481750 0.828248 
578.048889 338.401093 0.694198 
641.329224 139.944855 0.751838 
0.000000 0.000000 0.000000 
632.474548 134.011047 0.947680 
0.000000 0.000000 0.000000 
18
641.247192 147.223923 0.747611 
604.501038 150.206650 0.885101 
616.276367 157.561493 0.891502 
592.751770 195.786682 0.738788 
576.581848 222.282928 0.338599 
592.717163 145.737045 0.840533 
570.722229 172.302338 0.169652 
0.000000 0.000000 0.000000 
600.111877 235.469666 0.682003 
595.683716 289.928192 0.781859 
588.366516 353.130188 0.780952 
581.055481 229.651337 0.689608 
582.528137 285.489685 0.775400 
578.073853 338.427887 0.685674 
641.330139 139.947510 0.723916 
0.000000 0.000000 0.000000 
632.488464 134.022446 0.947307 
0.000000 0.000000 0.000000 
18
641.220581 147.241074 0.771902 
604.461487 150.210419 0.878732 
616.252625 157.584335 0.895819 
591.310669 195.829025 0.693768 
576.584656 225.206772 0.282006 
591.273438 145.744476 0.825707 
582.498108 201.644775 0.153691 
0.000000 0.000000 0.000000 
598.644592 234.032990 0.676056 
594.285156 291.354797 0.776834 
588.327820 353.133179 0.765647 
582.435791 229.669159 0.657741 
583.942688 286.934509 0.759065 
578.040894 338.423981 0.681395 
641.299194 141.381592 0.751612 
0.000000 0.000000 0.000000 
631.053589 134.032791 0.955962 
0.000000 0.000000 0.000000 
18
639.854004 147.252213 0.737557 
603.074890 150.192169 0.881270 
616.212463 157.593857 0.888774 
591.284607 195.830826 0.717467 
573.661072 226.639175 0.328480 
591.255188 145.731979 0.820535 
575.138611 188.445740 0.140056 
0.000000 0.000000 0.000000 
597.174927 234.010284 0.681490 
594.257629 291.382080 0.765884 
586.875122 353.133423 0.746814 
581.028809 229.660278 0.659890 
583.978882 286.979614 0.744489 
580.970947 341.365417 0.655614 
641.259277 141.412521 0.738858 
0.000000 0.000000 0.000000 
631.017212 134.064514 0.967040 
0.000000 0.000000 0.000000 
18
639.836670 147.267487 0.750326 
603.068542 148.805450 0.878824 
613.370239 157.622742 0.869515 
589.810364 195.822021 0.658479 
578.083740 222.268036 0.270342 
592.702454 144.322235 0.808393 
569.210999 173.780228 0.159503 
0.000000 0.000000 0.000000 
598.623169 235.489944 0.682274 
594.252563 291.387726 0.781761 
586.874695 353.118286 0.728590 
582.485962 231.100586 0.618593 
585.432617 288.434082 0.707418 
582.440063 344.278107 0.647657 
641.232666 142.838165 0.752168 
0.000000 0.000000 0.000000 
630.994629 134.078812 0.969885 
0.000000 0.000000 0.000000 
18
639.808777 147.255600 0.743167 
603.056274 150.203583 0.874073 
613.339722 158.979782 0.858394 
588.343750 195.824020 0.624264 
581.056396 217.848618 0.285745 
591.319641 144.342041 0.808580 
570.696106 178.168625 0.131938 
0.000000 0.000000 0.000000 
600.128784 236.935181 0.685487 
594.237732 292.827423 0.781893 
586.886536 353.129974 0.726048 
583.942566 231.122772 0.596507 
585.410889 288.424347 0.711850 
581.024109 344.260376 0.654622 
639.856384 142.843826 0.748127 
0.000000 0.000000 0.000000 
630.970032 134.076599 0.969612 
0.000000 0.000000 0.000000 
18
639.787598 147.262131 0.769662 
601.611511 148.805908 0.872669 
613.336060 157.609604 0.866171 
589.800781 195.818314 0.645039 
580.999146 217.838013 0.365917 
589.816528 145.732544 0.807800 
564.827332 179.619751 0.361027 
570.690613 185.536148 0.126053 
597.200684 235.492752 0.694656 
594.227478 294.281036 0.802916 
588.326660 354.564697 0.766637 
582.484497 231.106979 0.634137 
585.417908 288.406982 0.732735 
580.964783 342.832428 0.686241 
639.841980 142.858521 0.784569 
0.000000 0.000000 0.000000 
629.585205 134.064850 0.969413 
0.000000 0.000000 0.000000 
18
639.787964 147.210419 0.819841 
601.582458 148.799133 0.862883 
611.855835 157.598709 0.844635 
586.893738 197.250351 0.648220 
581.038879 220.802979 0.252975 
589.826721 144.355667 0.799152 
567.738464 179.603577 0.262437 
569.250732 184.072708 0.102533 
598.644836 236.962524 0.699893 
594.222168 297.193146 0.805534 
586.889832 354.586823 0.766593 
583.957031 232.557663 0.600117 
585.425781 288.460632 0.722721 
580.974854 344.244141 0.682662 
639.847229 141.376373 0.814722 
0.000000 0.000000 0.000000 
629.562378 134.048798 0.966649 
0.000000 0.000000 0.000000 
18
638.341797 145.849091 0.753095 
600.114624 150.230103 0.845461 
610.381165 158.988235 0.838747 
585.410095 198.719223 0.663600 
580.999023 220.783875 0.161643 
588.362915 145.735062 0.792205 
569.185059 172.321045 0.217033 
0.000000 0.000000 0.000000 
601.580505 239.843445 0.712488 
594.199646 295.780853 0.801563 
586.888123 354.575378 0.753622 
591.276245 236.940506 0.557189 
585.419983 289.887451 0.700636 
580.966980 344.261230 0.684524 
639.780334 139.944748 0.784386 
0.000000 0.000000 0.000000 
629.500366 134.041275 0.973139 
0.000000 0.000000 0.000000 
18
638.306030 145.824005 0.767123 
598.637878 150.238739 0.848298 
607.515503 157.613281 0.847884 
583.924072 198.742157 0.656418 
580.949524 220.780640 0.181696 
588.344421 145.746735 0.795117 
567.772888 170.846100 0.349444 
569.206604 179.594757 0.168337 
600.088806 239.882919 0.714971 
594.232483 294.326111 0.803463 
586.869751 354.590942 0.752700 
586.883301 238.387772 0.564460 
588.324890 289.907227 0.696978 
579.532898 342.830566 0.690812 
639.764526 139.902954 0.793336 
0.000000 0.000000 0.000000 
629.480225 134.011642 0.961438 
0.000000 0.000000 0.000000 
18
636.875000 145.813049 0.773882 
597.166687 150.225708 0.843598 
606.041016 157.575714 0.859019 
582.520508 198.749710 0.669658 
573.675720 226.683228 0.294643 
586.904053 145.731598 0.787954 
567.723572 170.828384 0.378925 
569.237183 172.329910 0.181353 
598.632141 239.915131 0.703711 
594.200745 295.780914 0.798820 
586.858276 354.589569 0.745999 
583.936462 238.411987 0.583693 
586.869873 291.343658 0.674403 
580.950928 344.243896 0.683551 
639.743042 138.463333 0.795728 
0.000000 0.000000 0.000000 
628.102173 133.986237 0.951655 
0.000000 0.000000 0.000000 
18
635.384949 145.834488 0.782791 
595.756409 150.199860 0.838508 
605.976563 157.531555 0.869133 
582.485046 195.824997 0.699863 
570.747375 231.087753 0.254228 
588.345154 145.749496 0.760881 
569.160950 169.319122 0.435974 
570.633545 175.251083 0.081562 
600.092529 239.919617 0.704568 
594.179688 295.753448 0.799141 
585.446838 354.597076 0.752270 
586.880066 238.448318 0.558633 
586.860596 291.359589 0.667874 
580.958435 344.255737 0.673651 
638.322754 138.482697 0.778506 
0.000000 0.000000 0.000000 
628.045288 132.601242 0.930106 
0.000000 0.000000 0.000000 
18
633.935059 145.830139 0.819404 
595.743469 148.766388 0.854003 
605.950195 157.507217 0.858679 
581.036926 195.797363 0.678331 
573.685608 214.896957 0.278719 
588.352539 144.327484 0.753905 
567.753296 169.265854 0.478971 
569.242432 172.277084 0.201848 
600.088867 239.887924 0.690667 
594.173889 295.755096 0.793300 
585.451416 354.574738 0.750717 
588.367676 238.425247 0.538238 
585.399963 289.937592 0.685664 
579.541199 344.243713 0.671916 
636.893005 138.478943 0.799290 
0.000000 0.000000 0.000000 
628.006348 132.595474 0.911023 
0.000000 0.000000 0.000000 
18
632.503845 145.771423 0.797720 
595.692322 148.746414 0.861517 
604.556946 156.093781 0.856039 
581.017883 195.784775 0.657315 
569.228516 217.868164 0.239800 
586.889404 144.336380 0.749458 
567.724304 169.294022 0.505278 
566.295593 186.981674 0.117982 
598.667603 239.855728 0.688717 
594.208496 294.300354 0.797137 
586.862122 354.568787 0.752356 
588.351563 238.384735 0.519038 
585.445984 289.908173 0.679290 
579.538086 342.797333 0.660582 
636.874329 136.993393 0.806374 
0.000000 0.000000 0.000000 
626.607056 132.520248 0.886862 
0.000000 0.000000 0.000000 
18
636.853210 142.880219 0.779808 
594.315186 148.765182 0.846605 
604.463501 156.107941 0.845453 
581.059326 194.351730 0.656605 
572.179443 216.351791 0.415990 
588.347107 145.750275 0.714907 
563.382019 169.261383 0.604768 
566.318848 200.213287 0.174480 
598.641968 239.915512 0.701928 
594.236938 294.281281 0.811809 
586.872009 354.597412 0.784385 
591.267517 238.444946 0.510267 
588.336243 289.912689 0.664029 
579.519470 341.351898 0.652635 
638.300232 135.506012 0.865190 
0.000000 0.000000 0.000000 
626.537537 131.106415 0.865406 
0.000000 0.000000 0.000000 
18
635.412415 142.869019 0.819523 
594.315186 150.209824 0.803162 
601.599670 157.518967 0.829923 
576.619812 201.688110 0.647645 
570.760254 211.965607 0.328072 
591.251587 145.790268 0.664936 
564.815430 166.382507 0.693744 
569.221313 182.572556 0.375736 
598.659241 241.334991 0.708608 
594.240295 297.207031 0.814044 
585.428589 355.996307 0.775785 
603.060303 239.918121 0.581389 
592.697205 294.315002 0.666909 
580.979736 342.814972 0.610589 
636.856018 135.493607 0.874879 
0.000000 0.000000 0.000000 
625.074463 131.115509 0.846965 
0.000000 0.000000 0.000000 
18
633.926880 142.873276 0.820966 
594.255737 151.698349 0.782484 
600.096680 157.545685 0.821059 
579.535278 204.659561 0.677049 
578.036011 217.838211 0.297805 
586.882935 145.857117 0.626761 
566.280396 163.466202 0.556134 
570.727417 192.865723 0.220159 
598.632141 241.399261 0.706652 
594.199890 298.666595 0.824998 
586.860840 355.999115 0.786819 
604.534485 241.351746 0.661974 
592.777466 297.227203 0.700789 
578.082825 341.342712 0.631658 
635.393799 135.501068 0.863582 
0.000000 0.000000 0.000000 
622.186096 131.122864 0.846867 
0.000000 0.000000 0.000000 
18
632.503967 142.837585 0.842248 
594.240967 153.150208 0.775241 
597.212585 157.503098 0.871990 
582.436951 201.661377 0.688677 
572.219727 213.463547 0.603682 
586.873840 147.349564 0.610330 
569.192810 182.507370 0.240950 
570.663208 206.065079 0.322418 
597.177856 244.323318 0.713866 
592.761536 300.167694 0.773268 
585.415955 353.124756 0.722870 
588.361877 241.417160 0.565260 
583.955017 298.678162 0.729395 
582.519165 345.713806 0.641294 
633.931274 135.467346 0.888494 
0.000000 0.000000 0.000000 
620.710693 131.097824 0.858564 
0.000000 0.000000 0.000000 
18
632.484070 141.363586 0.843490 
597.169006 154.649002 0.703371 
594.300598 157.572433 0.899418 
582.424438 209.003342 0.816072 
591.251404 241.371429 0.393591 
601.584595 151.699844 0.492776 
0.000000 0.000000 0.000000 
0.000000 0.000000 0.000000 
603.035339 242.835754 0.617091 
592.728760 298.649261 0.738228 
585.420654 353.101257 0.662253 
604.492493 241.353989 0.537697 
585.419250 295.775818 0.654496 
582.506409 345.789490 0.621142 
632.442871 134.090714 0.907033 
0.000000 0.000000 0.000000 
617.842529 129.650436 0.881848 
0.000000 0.000000 0.000000 
18
631.036804 139.943039 0.871116 
595.734985 154.620880 0.713985 
594.212280 157.518143 0.892170 
582.525452 206.117737 0.842964 
595.753845 238.398514 0.508151 
603.061462 153.139954 0.521188 
605.940918 209.037827 0.072987 
0.000000 0.000000 0.000000 
595.751526 239.861771 0.622802 
594.180115 291.339630 0.718232 
586.886780 354.574005 0.690597 
597.185303 238.388306 0.505858 
591.303101 289.903748 0.599389 
579.534241 344.237549 0.627299 
630.991272 134.082199 0.921803 
0.000000 0.000000 0.000000 
617.730225 128.163040 0.902341 
0.000000 0.000000 0.000000 
18
629.525757 138.497559 0.880686 
594.274475 154.649567 0.701024 
592.809692 157.504623 0.892002 
585.442383 206.116760 0.825335 
606.002747 231.106934 0.567242 
601.568298 154.595688 0.491354 
0.000000 0.000000 0.000000 
0.000000 0.000000 0.000000 
594.184265 238.420975 0.663150 
594.202148 289.911987 0.751539 
586.875488 354.544708 0.690795 
592.797363 236.949081 0.545607 
592.783630 289.930481 0.594867 
579.507263 344.269379 0.611869 
629.504150 134.052139 0.916450 
0.000000 0.000000 0.000000 
616.317139 126.685738 0.915484 
0.000000 0.000000 0.000000 
18
629.475891 137.001053 0.920863 
594.249329 154.642288 0.723914 
592.781921 157.519073 0.900647 
591.272095 207.586792 0.846343 
617.793640 231.083191 0.644424 
600.116821 153.141830 0.502047 
604.521729 204.619080 0.124982 
619.208984 222.269348 0.110718 
592.715271 238.452850 0.706023 
589.843506 295.756348 0.679279 
585.427856 353.104309 0.670179 
594.212463 236.966965 0.545411 
589.843018 294.316284 0.599889 
579.542786 344.293121 0.568038 
628.076172 132.599060 0.912681 
0.000000 0.000000 0.000000 
616.204590 125.251244 0.900508 
0.000000 0.000000 0.000000 
18
628.092102 135.550446 0.968653 
594.255249 156.053009 0.781640 
592.701172 157.503357 0.884631 
594.257507 206.150391 0.869464 
633.932129 223.741333 0.542449 
601.586975 154.623398 0.628782 
613.325439 192.872742 0.580383 
635.385803 198.736832 0.575051 
591.297791 239.905441 0.742372 
589.816406 297.241150 0.640472 
586.897034 354.575958 0.666951 
595.741516 238.419739 0.588651 
591.283264 297.218323 0.580981 
579.525391 344.265717 0.540450 
627.994324 131.116562 0.903521 
0.000000 0.000000 0.000000 
611.888977 125.198944 0.865387 
0.000000 0.000000 0.000000 
18
628.072937 134.106369 0.982520 
594.228943 154.628342 0.817236 
591.250427 156.124237 0.864304 
597.211121 206.122177 0.812928 
622.200562 216.342361 0.233551 
601.576111 153.152588 0.656833 
614.783508 182.600067 0.754354 
641.252441 192.806473 0.830856 
591.307617 236.969711 0.715944 
591.239563 295.754456 0.624460 
586.910095 353.133423 0.649913 
600.111572 231.086472 0.573368 
591.270935 294.304810 0.570610 
579.518494 344.277252 0.583246 
627.974487 128.145294 0.905146 
0.000000 0.000000 0.000000 
610.431824 123.776848 0.877442 
0.000000 0.000000 0.000000 
18
628.032166 134.036316 0.972580 
594.274353 156.042816 0.830394 
589.839355 156.100296 0.858935 
603.067566 204.683517 0.881160 
636.847778 210.505478 0.188898 
603.066772 154.633453 0.696595 
616.337830 184.011826 0.834383 
648.645996 188.437408 0.789638 
589.836304 236.970901 0.718264 
588.352051 292.814667 0.671853 
586.870544 354.545532 0.703800 
595.693909 232.555328 0.639059 
588.350586 292.811768 0.644586 
580.963745 344.284393 0.596090 
626.600647 125.276909 0.923070 
0.000000 0.000000 0.000000 
610.416077 123.722473 0.881808 
0.000000 0.000000 0.000000 
18
628.025635 132.581406 0.952078 
594.305115 156.051544 0.851636 
588.344116 156.083588 0.846321 
604.474548 204.640244 0.882321 
639.812561 209.055191 0.265609 
604.532898 154.637360 0.749803 
617.757019 184.090485 0.791329 
650.063843 186.965652 0.741888 
591.305969 236.962357 0.739838 
589.827515 294.284729 0.691261 
586.875366 353.134186 0.709386 
600.131226 231.126099 0.614468 
589.819275 294.274170 0.635815 
580.991882 344.254364 0.595665 
626.558777 123.825401 0.937488 
0.000000 0.000000 0.000000 
608.927002 123.684746 0.887453 
0.000000 0.000000 0.000000 
18
628.006226 132.547638 0.941110 
595.686768 156.065216 0.871564 
586.872681 156.095703 0.846081 
604.536194 204.631653 0.863207 
651.592346 203.157425 0.307795 
605.977783 154.639954 0.772070 
619.203674 184.010040 0.850894 
651.590332 186.953125 0.769639 
588.374390 236.978088 0.712654 
589.836609 294.315399 0.696137 
586.870728 354.546906 0.700970 
603.011841 232.585770 0.648749 
591.263611 294.299805 0.656323 
580.958679 344.256866 0.603855 
626.525757 123.796341 0.936540 
0.000000 0.000000 0.000000 
607.475159 122.300949 0.896024 
0.000000 0.000000 0.000000 
18
627.994995 131.123093 0.932959 
595.700623 156.061890 0.880061 
585.441895 157.512985 0.869039 
604.536499 204.662216 0.895173 
647.178284 206.065933 0.322105 
606.029419 153.168610 0.783892 
619.235413 182.591354 0.871067 
651.604736 184.089020 0.824487 
589.790710 236.954544 0.709900 
589.812988 294.311005 0.696585 
586.862732 354.555054 0.718784 
603.059143 232.564804 0.668227 
591.262512 294.291595 0.663184 
580.978516 344.271057 0.595323 
625.101196 123.763924 0.941921 
0.000000 0.000000 0.000000 
606.052124 122.260483 0.916812 
0.000000 0.000000 0.000000 
18
626.578369 131.121002 0.922036 
595.702576 156.088623 0.892518 
585.431030 157.562088 0.876083 
603.076965 206.046356 0.887447 
630.994995 211.945618 0.468096 
606.052551 153.165421 0.784850 
617.812561 182.567642 0.876723 
651.632690 181.157135 0.878459 
591.270142 234.021164 0.732801 
591.245789 292.822479 0.706103 
588.341125 353.108093 0.707275 
604.478455 229.650421 0.698562 
591.308228 292.814148 0.647411 
579.534485 342.830078 0.613756 
623.637939 123.758835 0.920276 
0.000000 0.000000 0.000000 
606.018066 122.249046 0.922111 
0.000000 0.000000 0.000000 
18
626.592651 131.091110 0.917816 
595.695068 156.096451 0.887120 
586.860168 157.596420 0.875812 
604.460083 206.134033 0.878886 
626.599121 213.433640 0.506422 
606.023071 153.149338 0.777879 
617.772522 182.525452 0.867392 
653.053162 181.085281 0.828563 
591.243530 238.417740 0.753867 
591.273071 295.762421 0.722644 
588.324219 353.132477 0.697491 
604.459351 232.570419 0.658846 
592.691833 295.732727 0.653108 
580.992188 345.703644 0.632902 
623.642395 123.732361 0.923663 
0.000000 0.000000 0.000000 
606.012878 122.233368 0.916142 
0.000000 0.000000 0.000000 
18
626.547791 131.069046 0.912256 
595.734558 156.081863 0.873850 
586.874817 157.586182 0.882163 
604.574463 207.543549 0.887471 
620.709656 207.547119 0.511010 
607.439880 153.135986 0.784058 
619.210205 182.553436 0.839628 
653.093689 178.162903 0.754706 
592.759521 239.891602 0.790794 
592.720947 297.236786 0.757629 
586.892273 356.000275 0.709437 
605.961609 236.934998 0.664030 
592.786804 297.203918 0.656591 
581.022217 345.756866 0.614518 
622.173035 123.713242 0.921752 
0.000000 0.000000 0.000000 
605.969543 122.228355 0.929208 
0.000000 0.000000 0.000000 
18
626.594482 129.648026 0.934986 
595.748962 156.093094 0.858580 
588.327332 157.598770 0.883151 
610.408508 207.538330 0.834318 
650.070129 216.318680 0.427974 
606.064392 153.158630 0.790303 
619.221008 182.571381 0.800826 
653.065369 172.305328 0.745301 
592.779419 241.366913 0.806282 
592.810425 297.255615 0.767217 
585.450562 356.004181 0.725025 
604.576355 239.858810 0.697394 
594.200073 297.220001 0.629746 
580.983337 344.309235 0.578700 
623.618286 123.697052 0.926675 
0.000000 0.000000 0.000000 
605.984070 122.219025 0.932447 
0.000000 0.000000 0.000000 
18
626.580200 129.618591 0.920424 
597.168640 156.097153 0.843166 
588.350708 158.982407 0.878012 
614.842102 206.099915 0.828040 
653.028809 216.356339 0.574343 
607.470093 153.131165 0.785162 
617.782471 185.511200 0.661978 
641.249939 176.700668 0.647253 
592.803894 239.942352 0.823956 
592.762268 297.244049 0.734199 
585.439636 356.007141 0.732328 
604.584778 238.446335 0.676376 
592.782104 295.771576 0.610816 
579.510132 342.836365 0.587923 
622.198364 122.339195 0.929343 
0.000000 0.000000 0.000000 
605.979126 122.214920 0.937315 
0.000000 0.000000 0.000000 
