38
1
18
522.130249 184.086487 0.927226 
522.174744 207.587418 0.922618 
500.073517 206.095169 0.915043 
489.854523 235.493942 0.821878 
498.690125 250.156158 0.841454 
544.212708 213.418060 0.844389 
547.247681 244.330002 0.885262 
526.592163 253.200348 0.832730 
500.163605 264.844666 0.904970 
492.784607 300.244751 0.848610 
511.920380 336.918793 0.872796 
526.597900 266.404999 0.768996 
511.915924 301.704376 0.885679 
533.892700 334.026428 0.821914 
516.309326 181.126678 0.916914 
525.110718 182.515869 0.941427 
510.482758 182.535095 0.721868 
533.944946 184.063965 0.899643 
18
522.126282 185.501816 0.916725 
522.182068 207.579620 0.922370 
500.113953 206.072479 0.920001 
489.865906 232.533554 0.816351 
497.203430 245.769409 0.788871 
544.189026 213.420425 0.833129 
547.247009 242.898239 0.895033 
528.070435 254.618698 0.805143 
500.218170 263.469177 0.881989 
494.242767 300.251160 0.847852 
511.921661 336.936523 0.858240 
526.611755 266.373138 0.767865 
511.931610 301.686371 0.897809 
533.974182 335.424042 0.842809 
516.304504 181.151321 0.915524 
525.112122 182.548141 0.940031 
510.476105 182.546188 0.713585 
533.941956 184.089203 0.878038 
18
522.126709 185.506729 0.913837 
522.178528 207.600693 0.913411 
500.106506 206.102005 0.914927 
489.864014 232.568375 0.815006 
497.218170 245.802109 0.767877 
544.188049 213.433411 0.833371 
548.695923 242.896286 0.868969 
529.534851 254.647598 0.791439 
501.622498 263.478577 0.864367 
495.702606 300.223816 0.853278 
511.917389 336.951202 0.849932 
528.066162 266.367157 0.764086 
511.961609 301.677094 0.879604 
533.949646 335.421661 0.824963 
516.309326 181.160477 0.911975 
525.108398 182.556198 0.938496 
510.471497 182.562485 0.727549 
533.927673 185.495422 0.874424 
18
522.154419 185.512299 0.919074 
522.172913 207.596466 0.909945 
500.090179 206.104813 0.922145 
489.821747 232.561234 0.845184 
498.636536 245.753998 0.780162 
544.194824 213.421921 0.835874 
550.124207 242.861176 0.870502 
529.529663 256.055969 0.790276 
501.660065 263.472565 0.848551 
495.739258 300.241089 0.843026 
511.935211 338.391785 0.844175 
529.563477 266.346130 0.759545 
511.962646 301.654297 0.888430 
533.946228 334.060059 0.837415 
516.326599 182.493988 0.907798 
525.133179 182.550674 0.935337 
510.469513 182.593140 0.777068 
533.944641 185.483475 0.886710 
18
522.188904 186.954712 0.917806 
522.172729 207.606735 0.906794 
500.104614 206.105331 0.923400 
489.842316 231.117722 0.836731 
498.661255 245.797577 0.808225 
542.788330 213.433075 0.827542 
550.135254 242.858429 0.867094 
530.991211 254.608368 0.808328 
503.056763 263.444122 0.861602 
497.175171 300.219025 0.863981 
511.943542 339.868713 0.854406 
529.551025 264.941132 0.783258 
513.345642 301.639557 0.884620 
533.956726 335.437927 0.844727 
517.794678 182.515823 0.912356 
525.174805 182.586044 0.918686 
511.838776 182.575851 0.777517 
533.980652 185.508148 0.883058 
18
522.226563 188.421722 0.927881 
522.187988 209.005951 0.909957 
500.117645 206.130341 0.921751 
489.825378 235.497986 0.833750 
500.124756 248.720551 0.811175 
544.189270 213.452866 0.841805 
550.131348 242.867233 0.874774 
532.470886 253.182083 0.853802 
501.607269 263.449127 0.903840 
497.209473 301.630493 0.864692 
511.953247 339.862396 0.855720 
528.080750 264.952271 0.784081 
513.374268 301.645599 0.888137 
533.951904 335.439270 0.852906 
519.261414 182.546906 0.928381 
526.597412 182.622025 0.908255 
511.882324 182.557816 0.769176 
535.369934 185.515182 0.880651 
18
523.640259 189.876114 0.938230 
522.197144 209.026825 0.904830 
500.127106 206.161545 0.914734 
488.451721 238.434814 0.914066 
500.198883 250.171082 0.811110 
544.204407 214.848724 0.858731 
550.132385 242.877319 0.881912 
531.035522 253.178802 0.836323 
501.628479 263.428192 0.891247 
497.196259 300.242584 0.856337 
511.949219 339.852875 0.859193 
529.521423 264.937347 0.774396 
513.354736 301.648773 0.884667 
533.947205 334.050262 0.836894 
520.732178 182.582275 0.948427 
528.101440 182.650284 0.888082 
511.939575 182.597626 0.823584 
535.453796 185.529953 0.878089 
18
523.691528 189.909958 0.935895 
522.233887 209.046783 0.912116 
500.148254 207.545517 0.900803 
488.328186 239.883636 0.953755 
501.590729 248.683914 0.830400 
544.274902 214.879166 0.883223 
550.107239 244.352356 0.864310 
532.457153 251.617981 0.813506 
501.588745 263.429993 0.921594 
497.214539 300.237671 0.865586 
511.907623 338.422119 0.868088 
526.630981 264.968750 0.786850 
513.361328 301.638794 0.895243 
533.947388 334.010071 0.844868 
522.139954 182.601120 0.963410 
530.985657 184.015076 0.889284 
511.974518 182.620773 0.855898 
535.486084 185.536880 0.876054 
18
523.713989 191.336533 0.938306 
522.240601 209.025299 0.903702 
500.158295 207.548141 0.895903 
486.842773 239.919098 0.929683 
504.543945 241.380539 0.860703 
545.647278 214.870773 0.876253 
550.135803 242.879257 0.857632 
535.450439 247.229156 0.818162 
501.615265 263.424408 0.910343 
497.201324 300.245911 0.853450 
511.920319 338.420990 0.867295 
526.604248 264.959106 0.807706 
513.382751 301.663696 0.869701 
533.935059 334.019470 0.828197 
522.154846 182.636322 0.960435 
531.007751 184.053345 0.886944 
513.344238 182.637238 0.849714 
535.492371 186.961945 0.867987 
18
523.728943 191.353607 0.935629 
522.246521 207.591476 0.923014 
500.158905 206.147293 0.929881 
485.445129 239.857666 0.897066 
500.195160 239.863678 0.893304 
545.642639 213.442139 0.864254 
551.624878 245.779266 0.830375 
533.912903 239.919846 0.874754 
501.601746 263.438812 0.936696 
497.209198 301.645569 0.856989 
511.912262 339.877106 0.855675 
528.093994 264.960327 0.824334 
513.398560 301.676086 0.880221 
533.949097 334.039368 0.841999 
522.158630 182.641159 0.947025 
531.035095 184.063248 0.884301 
513.346130 182.629013 0.845389 
535.507996 186.972229 0.850660 
18
523.720093 191.338257 0.937231 
523.600647 207.579529 0.931374 
500.186035 206.120941 0.944018 
482.525604 238.445526 0.842209 
497.186188 236.969193 0.904716 
545.664307 214.856766 0.872750 
554.494141 248.729492 0.841244 
533.945679 236.964691 0.901579 
501.611359 263.401276 0.913397 
497.212067 301.632782 0.859250 
511.933685 339.864777 0.852374 
529.570129 264.917084 0.814011 
513.382080 301.663361 0.875027 
533.963440 334.014648 0.851688 
522.147888 182.627609 0.950480 
531.021118 184.050629 0.884220 
513.348816 182.615646 0.840110 
535.503235 185.520309 0.855527 
18
523.720337 191.333221 0.939629 
523.601379 207.542908 0.942968 
500.186340 206.078125 0.950991 
482.479218 238.406448 0.859779 
498.702209 232.549469 0.938597 
545.665344 214.862778 0.881108 
550.154907 248.711624 0.854306 
534.006836 232.546722 0.903175 
501.604340 263.368408 0.916120 
497.213959 300.256683 0.862323 
511.939148 339.858124 0.850557 
529.536194 264.906158 0.812170 
513.373718 301.640900 0.884061 
533.962097 334.019257 0.854623 
522.155945 182.620728 0.962440 
531.024109 184.043823 0.892133 
513.365540 182.592026 0.835351 
535.497131 185.514221 0.862022 
18
523.709534 191.337296 0.949035 
522.255920 207.546143 0.941568 
500.164734 206.083801 0.964496 
478.139679 238.395187 0.886475 
501.582916 229.667114 0.967697 
545.645752 214.867035 0.881563 
551.615417 248.687149 0.836307 
535.372009 232.536530 0.887629 
501.626862 263.382843 0.910846 
497.216644 300.237427 0.859970 
511.937012 338.439087 0.850608 
530.990906 264.907471 0.820992 
513.391785 301.645264 0.875472 
533.992126 335.409241 0.852654 
522.144531 182.619995 0.960393 
531.009888 184.046722 0.888776 
513.354675 182.579300 0.833169 
535.500427 185.534760 0.861635 
18
523.664856 191.338318 0.955848 
522.257324 207.535110 0.944059 
500.190979 206.078751 0.963792 
478.092468 238.371536 0.893743 
501.584167 229.686340 0.957126 
544.265442 213.460205 0.865735 
554.495911 248.692001 0.835381 
535.360229 231.079529 0.926621 
501.644287 261.975861 0.892564 
497.203979 300.237518 0.855116 
511.923859 339.860291 0.845219 
531.010193 264.861298 0.824876 
513.391602 301.639252 0.880381 
533.974182 334.056793 0.856494 
520.738220 182.624008 0.942317 
529.535522 184.043930 0.879590 
511.960938 182.564835 0.782308 
535.483826 185.516357 0.872380 
18
523.617188 191.322739 0.953574 
522.258179 206.168732 0.955056 
500.205566 206.065247 0.970501 
478.079010 236.951370 0.896636 
500.216278 231.068924 0.962759 
544.263123 213.444016 0.863727 
554.515930 248.682571 0.842347 
534.005493 229.691498 0.935673 
501.647827 261.984924 0.898913 
497.223999 300.245880 0.853474 
511.923981 339.885925 0.849729 
531.009766 264.884064 0.823071 
513.395691 301.660736 0.874362 
533.988281 335.418060 0.847736 
520.682312 182.616974 0.941410 
526.643127 184.022903 0.890865 
511.918427 182.551361 0.707465 
535.456421 185.489929 0.877914 
18
522.246826 191.323608 0.950864 
522.252808 206.163025 0.949257 
500.194885 206.052719 0.968601 
478.079620 235.507797 0.876189 
501.638428 229.683487 0.945035 
544.256165 213.447174 0.855797 
554.558228 248.680115 0.844856 
535.375183 231.102402 0.926097 
501.633545 263.364777 0.900768 
498.602997 301.629272 0.847760 
511.949036 339.869171 0.846003 
530.983582 264.895660 0.827689 
513.408325 301.663147 0.876769 
534.001404 335.423187 0.857271 
519.244446 182.623642 0.934021 
526.588013 184.016922 0.903821 
511.885498 182.564774 0.643804 
535.428406 184.084137 0.881450 
18
522.226135 191.359985 0.963717 
522.246826 207.533844 0.943122 
500.169159 206.059875 0.971200 
478.056488 235.479813 0.884720 
500.178162 229.683960 0.980934 
544.269409 214.845383 0.854137 
555.952515 248.717346 0.858232 
535.404663 232.584778 0.909951 
501.604034 263.377106 0.901609 
497.217041 301.625092 0.842393 
511.946472 339.860474 0.844661 
530.985413 264.905731 0.822354 
513.401001 301.657318 0.875427 
533.984070 335.433136 0.840946 
517.806885 182.644684 0.923693 
525.190186 184.040527 0.902212 
511.860199 182.582779 0.612690 
535.434998 185.488937 0.878249 
18
522.216553 191.389740 0.972193 
522.237305 207.545303 0.939119 
500.150848 206.084183 0.970032 
476.683014 235.473923 0.885549 
500.191864 231.062073 0.958800 
545.633362 214.867920 0.853073 
554.507324 248.689011 0.820472 
535.400146 234.002884 0.902572 
501.579590 263.387207 0.911322 
497.221130 301.637604 0.838597 
511.931549 338.434998 0.849979 
529.555176 264.905426 0.827452 
513.382263 301.655884 0.885576 
533.982666 335.411987 0.846480 
517.781128 184.012207 0.918809 
525.183899 184.057556 0.899793 
511.828430 182.599091 0.583755 
535.443787 185.493835 0.875228 
18
522.207703 191.390717 0.973282 
522.240601 207.563492 0.932089 
500.146576 206.101471 0.968625 
476.675415 234.034088 0.880630 
500.182831 231.078766 0.938220 
545.637451 214.872803 0.856756 
554.517944 248.704361 0.814024 
535.416321 235.470093 0.893471 
501.614990 263.394287 0.903472 
497.186279 300.259338 0.854733 
511.959045 339.852783 0.840719 
531.006653 264.902283 0.820501 
513.358337 301.645874 0.886301 
533.985107 334.032745 0.855999 
517.763794 184.010544 0.922957 
525.175903 184.052719 0.905315 
510.501953 182.602158 0.534326 
535.443787 185.490814 0.867419 
18
522.204285 191.398956 0.974604 
522.234619 207.559647 0.927399 
500.132263 206.093063 0.971424 
476.662292 234.026947 0.888335 
500.165161 231.070480 0.953357 
545.640686 214.864868 0.845715 
553.062256 247.251160 0.812299 
535.391113 236.965591 0.887337 
501.594269 263.377655 0.900947 
497.181366 300.234711 0.853074 
511.954895 338.424133 0.843128 
531.003296 264.890503 0.827832 
513.354492 301.636383 0.876434 
533.961731 333.978210 0.835963 
517.768311 184.020340 0.919049 
525.166748 184.066406 0.903340 
511.833191 182.586838 0.536509 
535.428345 185.487000 0.871113 
18
522.199524 191.391144 0.967989 
522.231079 207.565872 0.923222 
500.134003 206.090744 0.972333 
476.648987 234.007462 0.889168 
500.133514 231.079529 0.944828 
545.637939 214.866348 0.845738 
551.589966 247.223572 0.814428 
533.993835 238.431641 0.860269 
501.589020 263.386993 0.900549 
497.179138 300.253876 0.843533 
511.947510 339.857300 0.836707 
530.992126 264.900085 0.822269 
513.395630 301.646973 0.880402 
533.979004 334.048035 0.854788 
517.770569 184.013672 0.918418 
525.168823 184.066772 0.901335 
511.831970 182.593933 0.516158 
535.433960 185.520020 0.866702 
18
522.197815 191.392181 0.966124 
522.232666 207.565430 0.925148 
500.135620 206.091309 0.975158 
476.640869 232.570557 0.896668 
500.104095 231.078201 0.950962 
545.636902 214.868744 0.846153 
550.141418 247.235596 0.812475 
533.968384 236.989731 0.841158 
500.216980 263.406555 0.911058 
497.206940 301.636505 0.837833 
511.941040 339.860657 0.844673 
529.573547 264.913177 0.820894 
513.370483 301.656494 0.883247 
533.974854 334.038849 0.850578 
517.778076 184.018463 0.916906 
525.165527 184.073502 0.900521 
511.840118 182.604355 0.506145 
535.429688 185.531281 0.870430 
18
522.192749 191.402283 0.966368 
522.227783 207.581665 0.919372 
500.147125 206.105759 0.964049 
476.651855 232.561111 0.889332 
498.645599 231.072586 0.918347 
544.250366 214.882477 0.854666 
551.569214 248.701263 0.816631 
535.396301 235.520645 0.902042 
501.584930 263.391968 0.906889 
497.178192 300.220673 0.857090 
511.944458 339.870422 0.846928 
529.536865 264.900940 0.820951 
513.376343 300.263519 0.884915 
533.960022 334.014130 0.841075 
517.774597 184.027435 0.911873 
525.160522 184.081161 0.897281 
511.845673 182.605286 0.517404 
535.422058 185.529892 0.875588 
18
522.195435 191.412369 0.974416 
522.241150 207.564407 0.931424 
500.159637 206.075027 0.975774 
476.561859 232.535782 0.920723 
497.153442 231.098679 0.845865 
544.265930 214.881332 0.864674 
550.164124 248.728867 0.838691 
535.495422 231.122391 0.923222 
501.619293 263.381317 0.890070 
497.175232 300.229645 0.844967 
511.946167 341.319794 0.838052 
529.573547 264.907166 0.819123 
513.338440 300.262482 0.903371 
533.970459 334.035187 0.859878 
517.782593 184.032654 0.915545 
525.162354 184.088806 0.901773 
511.851715 182.588486 0.524266 
535.423462 185.522049 0.887754 
18
522.188477 192.765976 0.983904 
522.238159 207.614624 0.908606 
500.147491 206.096481 0.970745 
475.156799 231.115051 0.932284 
495.703461 231.057159 0.851941 
545.647034 214.920395 0.872440 
553.055603 248.714752 0.827471 
541.308960 231.084946 0.846440 
500.212402 263.432373 0.902060 
497.214050 301.633148 0.838793 
511.937622 338.427795 0.853391 
528.092163 264.943207 0.805278 
513.372498 301.660919 0.875318 
533.959290 334.030853 0.863493 
517.773804 184.043884 0.920502 
525.158508 184.091949 0.903278 
511.837097 182.640518 0.440346 
535.429749 185.538193 0.874598 
18
522.178345 191.400848 0.967600 
522.214294 207.596970 0.903892 
500.178314 206.112274 0.951226 
475.177917 232.524429 0.912815 
491.321503 234.011444 0.776008 
544.198608 213.413818 0.804446 
548.711975 242.826309 0.753842 
547.138123 229.605820 0.780356 
501.628693 263.430481 0.885715 
497.220184 301.637238 0.838264 
511.925568 339.861267 0.855041 
529.536255 264.924652 0.813412 
513.357666 301.651428 0.876692 
533.962952 334.002777 0.860753 
516.339966 184.039215 0.918523 
525.145386 184.080170 0.906669 
511.834229 184.011261 0.429008 
535.425049 185.538544 0.876948 
18
522.165771 191.410965 0.963077 
522.216003 207.536438 0.937829 
500.187164 206.085266 0.953260 
475.170197 232.547241 0.918719 
494.243530 235.477936 0.802290 
544.196960 209.048248 0.799995 
547.244446 241.391571 0.718517 
547.226135 228.083389 0.722087 
501.628387 263.370300 0.872339 
497.217041 301.627991 0.833637 
511.916840 339.865845 0.858514 
529.556335 264.880646 0.830067 
513.374023 301.631226 0.893358 
533.974915 334.047607 0.872727 
516.330811 184.055313 0.916228 
525.125732 184.093582 0.908927 
511.856964 184.013458 0.400534 
535.419312 186.969421 0.872385 
18
522.154175 191.391769 0.955631 
522.228638 206.174561 0.939509 
500.219452 206.089249 0.926206 
478.077087 229.649765 0.828669 
479.559479 235.469757 0.666184 
542.769714 209.017944 0.783893 
547.227783 241.396606 0.659010 
547.268250 226.661575 0.741013 
503.058472 263.386200 0.849353 
497.188354 300.230804 0.848891 
511.902954 339.871246 0.860895 
529.565613 264.867767 0.822147 
513.356812 300.253967 0.895406 
533.971924 334.029633 0.864653 
516.322693 184.041870 0.923633 
525.113708 184.079636 0.915340 
511.868561 182.644424 0.399777 
535.391235 185.522171 0.872965 
18
522.164734 191.387924 0.964679 
522.256287 207.615570 0.913057 
501.594543 206.134399 0.904938 
485.434265 229.660812 0.799200 
483.973785 239.827423 0.816996 
544.239868 213.424377 0.819028 
547.172913 244.294128 0.723456 
545.759094 229.671707 0.820625 
501.640198 261.980896 0.866872 
497.187347 300.223083 0.855145 
511.911835 339.857727 0.860178 
528.099670 264.871582 0.819903 
513.338867 300.238281 0.901362 
533.946411 333.991394 0.852106 
516.325928 184.045181 0.920667 
525.127319 184.075165 0.916140 
511.830933 184.064529 0.401455 
535.414429 185.525864 0.881380 
18
522.160828 191.387070 0.958134 
523.619751 209.012711 0.910915 
501.625763 206.128326 0.909306 
488.323456 232.561676 0.808044 
486.894684 239.921417 0.873225 
545.650085 214.877884 0.852028 
547.250305 242.817093 0.779392 
542.783508 239.936035 0.742125 
501.611542 263.392273 0.908726 
497.156067 300.249725 0.846210 
511.927094 339.889496 0.856640 
528.085449 264.917145 0.836329 
511.958984 300.231201 0.927690 
533.953918 334.020264 0.866424 
516.337280 184.036041 0.921918 
525.132996 184.070267 0.916314 
511.859039 182.628952 0.366190 
535.414612 185.485626 0.893058 
18
522.171387 191.373734 0.952413 
523.638611 209.014847 0.927096 
501.662567 206.123123 0.912282 
488.420776 236.939896 0.857006 
497.195709 241.409088 0.858893 
545.655823 216.302643 0.867983 
545.759155 248.743576 0.862199 
533.987244 236.952606 0.864995 
501.636200 263.419098 0.936538 
497.182648 300.262756 0.866868 
511.963318 338.410370 0.850507 
528.075134 264.954987 0.833132 
513.364136 301.656403 0.900624 
533.993225 334.051575 0.856952 
517.771545 184.019470 0.926840 
525.148499 184.062363 0.914022 
511.853424 182.632019 0.408534 
535.415344 185.528992 0.901614 
18
522.186340 191.386353 0.961386 
523.635864 209.040527 0.923455 
501.637848 206.145477 0.909794 
488.434509 239.905060 0.919887 
501.626801 247.222198 0.784937 
545.667053 216.293930 0.868771 
545.729919 248.722260 0.853672 
532.475586 239.935547 0.846846 
503.056488 263.444427 0.916390 
497.173462 300.208649 0.892653 
511.926483 339.875916 0.854651 
528.076965 264.969666 0.830654 
513.375854 301.657471 0.891849 
533.993896 334.059235 0.868804 
517.787659 184.018509 0.918036 
525.168640 184.071060 0.893895 
511.865997 182.632980 0.449984 
535.441895 186.947968 0.886581 
18
522.217468 191.385147 0.964965 
522.242859 209.031921 0.922392 
500.164124 207.554596 0.896437 
488.375397 241.321503 0.938991 
505.993469 244.286682 0.811614 
545.630493 214.881256 0.850471 
545.720520 245.808075 0.845800 
533.904419 242.889389 0.765601 
501.604614 263.427490 0.921772 
497.191528 300.224457 0.890048 
511.930206 339.851379 0.852498 
528.056030 264.915253 0.844983 
513.360352 301.637512 0.893201 
533.982361 334.028259 0.861411 
519.238770 184.019196 0.912928 
525.196167 184.083908 0.880829 
511.883362 182.601440 0.645590 
535.438354 185.533157 0.893749 
18
522.248840 191.379578 0.968785 
522.257507 209.040421 0.919291 
500.181580 207.542435 0.901159 
488.447510 239.906342 0.935767 
504.572083 244.312210 0.796419 
545.649414 214.899429 0.870291 
547.145203 244.294556 0.855812 
533.984192 248.706146 0.817951 
501.641724 263.415405 0.907274 
497.165558 300.218140 0.883090 
511.940552 338.423767 0.843022 
528.094116 264.915100 0.834422 
513.351746 301.657715 0.892092 
533.980713 334.001587 0.850564 
520.668335 184.017990 0.923778 
526.618225 184.090515 0.876910 
511.906158 182.613022 0.702774 
535.455078 186.972824 0.903031 
18
523.605957 191.406982 0.971023 
522.261047 209.029846 0.923878 
500.202759 207.527435 0.901982 
488.446960 239.835739 0.928685 
501.634125 244.295074 0.819264 
545.642273 214.893921 0.867995 
547.159363 244.348969 0.863036 
533.884583 250.147583 0.790415 
503.068268 263.384888 0.880694 
497.182770 300.177185 0.884363 
511.923737 339.868500 0.852169 
529.549500 264.888885 0.833090 
513.357849 300.258514 0.899088 
533.980469 334.039093 0.857408 
520.696167 184.048935 0.920629 
526.644287 185.502716 0.866513 
511.926971 182.638199 0.738368 
535.463928 186.991760 0.907178 
18
523.627075 192.790878 0.976875 
523.605896 209.041992 0.915712 
501.582947 206.160004 0.896362 
489.834686 238.445419 0.905261 
501.611938 244.319168 0.824165 
545.662292 214.919418 0.886142 
547.195862 244.335953 0.863668 
533.996338 250.210999 0.799289 
503.075806 263.383545 0.875629 
497.180359 300.167389 0.882402 
511.925934 339.883362 0.851486 
529.528198 264.896973 0.825895 
513.375488 301.632416 0.887947 
533.982056 334.045898 0.847762 
520.708740 184.092819 0.902903 
528.070374 185.537781 0.854679 
511.933136 184.041885 0.765896 
535.470215 186.989075 0.896366 
18
523.650208 192.809402 0.979108 
523.616028 209.022644 0.926419 
501.611084 206.156082 0.893109 
489.876648 239.825714 0.907305 
505.990906 247.273331 0.792176 
545.662659 214.900604 0.878694 
547.168518 244.306839 0.862193 
533.995117 251.621201 0.782077 
503.106049 263.366638 0.859466 
498.629150 300.183929 0.885595 
511.935944 339.851776 0.864940 
530.980286 264.853851 0.831442 
514.847595 301.648926 0.853616 
533.968933 335.473694 0.840167 
520.723206 185.497162 0.898418 
528.105103 186.951813 0.849266 
511.939514 184.068329 0.780219 
535.486084 186.971405 0.881203 
18
523.673767 192.816345 0.973111 
523.626892 209.008575 0.923314 
501.621552 206.143875 0.895166 
489.897369 239.850922 0.878121 
507.494629 250.180420 0.777148 
545.672852 214.885193 0.877877 
547.241516 242.845581 0.841939 
536.901855 251.662216 0.785426 
504.566620 263.367523 0.851217 
498.681122 300.162415 0.891871 
511.944031 339.873627 0.861568 
531.015808 264.840759 0.830505 
516.300293 301.631012 0.839366 
533.972717 335.459564 0.842610 
520.751465 185.509140 0.897361 
529.547668 186.967758 0.849403 
511.960510 184.076431 0.792625 
535.487610 186.972229 0.865616 
