51
1
18
638.297729 128.159256 0.816183 
597.201721 159.068619 0.854451 
606.007263 167.873611 0.883936 
603.044678 217.919678 0.914574 
616.205383 263.464233 0.935933 
589.804871 156.087769 0.752187 
0.000000 0.000000 0.000000 
0.000000 0.000000 0.000000 
597.202576 251.663300 0.703522 
594.306519 307.506775 0.839801 
583.972595 359.026367 0.829418 
583.935242 247.268799 0.691450 
581.064331 298.697235 0.832712 
581.042786 345.751434 0.689593 
632.449158 123.716232 0.899661 
0.000000 0.000000 0.000000 
617.825867 126.676727 0.889133 
0.000000 0.000000 0.000000 
18
635.412476 129.617111 0.795196 
597.151672 159.055038 0.866045 
605.979309 167.811966 0.871011 
604.466064 217.925476 0.911917 
617.723755 261.920227 0.933562 
588.331177 156.108154 0.758467 
0.000000 0.000000 0.000000 
0.000000 0.000000 0.000000 
597.213928 251.665497 0.726104 
595.703613 307.515778 0.836934 
583.993958 359.063263 0.841885 
582.524963 248.689911 0.699870 
581.008545 297.240967 0.792717 
579.505859 342.799225 0.705205 
631.009521 123.731079 0.910097 
0.000000 0.000000 0.000000 
617.792053 126.667381 0.901460 
0.000000 0.000000 0.000000 
18
635.377808 129.608932 0.799475 
595.730469 159.026596 0.883646 
605.957825 166.391083 0.866590 
604.551270 219.329361 0.902440 
619.275513 256.106445 0.885128 
586.870544 156.080582 0.753718 
0.000000 0.000000 0.000000 
0.000000 0.000000 0.000000 
598.642090 251.642853 0.723153 
595.729797 308.992859 0.832957 
585.415527 360.442627 0.836268 
582.480652 247.248474 0.706410 
580.980408 297.261200 0.778837 
579.506897 344.259521 0.716078 
630.986267 123.716385 0.915490 
0.000000 0.000000 0.000000 
617.765198 125.243309 0.913809 
0.000000 0.000000 0.000000 
18
632.493347 129.630005 0.795639 
595.713806 159.012375 0.896365 
605.950073 166.405853 0.868507 
604.576965 219.326691 0.886467 
623.662354 254.636932 0.887147 
585.433716 156.050613 0.757935 
0.000000 0.000000 0.000000 
0.000000 0.000000 0.000000 
598.659424 251.632263 0.716807 
595.726929 309.019592 0.830651 
585.436157 360.439056 0.845376 
582.442993 247.247650 0.711118 
580.929199 298.649933 0.780533 
578.072632 341.341125 0.721860 
629.569397 123.718857 0.926717 
0.000000 0.000000 0.000000 
617.719604 125.249435 0.925614 
0.000000 0.000000 0.000000 
18
632.448120 129.617371 0.801000 
595.692383 158.979080 0.912510 
605.938721 166.358932 0.858613 
605.959900 217.933380 0.891617 
625.107910 253.216690 0.913708 
585.399719 154.645081 0.764227 
0.000000 0.000000 0.000000 
0.000000 0.000000 0.000000 
598.636902 250.186020 0.708227 
598.623291 308.971222 0.802179 
586.883545 360.441833 0.836860 
581.037659 244.319672 0.729704 
580.989258 298.661438 0.802603 
579.492126 342.795685 0.726988 
629.527161 123.718124 0.936065 
0.000000 0.000000 0.000000 
616.334290 125.237785 0.933093 
0.000000 0.000000 0.000000 
18
631.047424 129.643021 0.805378 
594.297241 157.600098 0.918354 
604.587158 163.437668 0.864369 
605.950562 217.872772 0.927281 
627.966553 251.728531 0.949489 
583.971069 154.607986 0.773425 
582.497253 207.540802 0.130485 
0.000000 0.000000 0.000000 
598.636719 250.175995 0.711990 
600.134888 310.398468 0.816586 
586.874268 360.449951 0.834573 
580.999084 244.289063 0.730213 
579.484375 298.704407 0.775178 
578.071228 341.372345 0.728023 
629.516052 123.722054 0.925864 
0.000000 0.000000 0.000000 
616.316650 125.231316 0.935395 
0.000000 0.000000 0.000000 
18
631.017883 131.091156 0.830823 
594.271973 157.630249 0.908086 
604.528809 161.975250 0.859794 
605.974915 217.887390 0.940850 
631.018372 245.772797 0.873240 
583.975830 156.077240 0.777414 
585.406311 207.578751 0.143497 
0.000000 0.000000 0.000000 
600.088623 250.200394 0.727016 
603.019043 309.000946 0.833058 
585.422546 359.034790 0.832140 
580.990784 244.322937 0.729934 
578.052551 298.673767 0.772410 
578.063477 344.248138 0.731514 
629.485535 123.761032 0.951726 
0.000000 0.000000 0.000000 
616.273438 126.670807 0.912414 
0.000000 0.000000 0.000000 
18
631.043396 132.519653 0.875075 
594.279236 157.577042 0.886234 
604.461182 160.523956 0.871510 
605.980591 216.395920 0.935691 
639.748840 231.066498 0.927138 
586.872253 154.621323 0.729997 
592.733276 206.056061 0.174766 
0.000000 0.000000 0.000000 
600.087708 251.621323 0.758793 
601.603333 308.978058 0.826636 
585.441528 358.983551 0.838609 
580.993164 245.777115 0.724980 
578.076904 298.661713 0.778634 
578.084839 342.795776 0.742310 
629.492432 123.796326 0.980432 
0.000000 0.000000 0.000000 
616.238647 126.729767 0.890620 
0.000000 0.000000 0.000000 
18
632.496826 132.563614 0.864035 
594.215820 157.549271 0.893106 
603.010193 159.109253 0.888927 
614.848389 211.973267 0.904523 
650.069336 211.979492 0.882216 
585.397644 153.175064 0.752968 
604.532959 192.866013 0.166411 
632.483704 204.584061 0.167361 
598.653870 248.736374 0.734445 
598.674744 307.509064 0.803253 
585.424500 358.989044 0.844589 
581.008789 242.857239 0.721366 
579.544373 298.649689 0.787570 
578.083862 341.343994 0.733632 
629.564880 123.835876 0.934069 
0.000000 0.000000 0.000000 
616.265991 128.161072 0.893705 
0.000000 0.000000 0.000000 
18
632.462830 134.038513 0.836681 
592.752808 154.648773 0.858249 
598.635559 157.580429 0.876288 
620.719849 204.549515 0.906273 
653.038208 191.340317 0.895992 
583.983337 150.231110 0.776478 
607.482361 172.300232 0.369619 
629.498474 170.830170 0.744771 
598.632507 247.257965 0.734827 
597.163879 306.040955 0.792710 
586.858215 358.981506 0.829189 
581.007080 241.393188 0.720082 
581.005249 297.213989 0.794965 
579.516113 344.247894 0.734091 
629.581909 126.723930 0.875409 
0.000000 0.000000 0.000000 
616.295227 131.089462 0.929295 
0.000000 0.000000 0.000000 
18
631.027649 136.958313 0.780931 
592.701050 156.040955 0.869662 
597.210876 157.515930 0.857828 
638.296265 192.794067 0.891915 
654.557068 170.757935 0.814816 
582.481506 150.220673 0.817529 
616.244629 163.485245 0.286397 
631.039490 157.607025 0.521828 
598.625977 247.259445 0.716775 
595.750305 304.609985 0.798629 
586.864563 358.967590 0.821277 
581.046265 242.820862 0.706565 
581.014893 295.762390 0.792393 
579.536255 342.815552 0.719057 
629.562683 132.590149 0.879597 
0.000000 0.000000 0.000000 
616.266663 132.512817 0.968233 
0.000000 0.000000 0.000000 
18
633.935425 137.001785 0.801071 
592.729553 156.072403 0.771395 
594.303284 156.123703 0.876250 
644.262695 182.494949 0.955932 
658.917603 154.648102 0.811822 
582.550964 151.670685 0.671662 
628.072266 173.798218 0.150710 
0.000000 0.000000 0.000000 
597.201904 245.767120 0.703348 
595.718811 304.597015 0.793398 
586.870056 358.980347 0.817660 
582.490601 241.384109 0.678948 
581.040344 295.771667 0.793555 
579.547546 344.287476 0.729567 
630.978577 132.588303 0.909722 
0.000000 0.000000 0.000000 
614.822937 132.524414 0.927847 
0.000000 0.000000 0.000000 
18
633.936157 136.971664 0.812324 
592.773987 156.042725 0.765149 
595.738159 157.525818 0.849605 
650.045288 172.298080 0.910259 
658.909119 144.321533 0.804357 
583.937195 150.213959 0.651566 
629.548950 170.807953 0.140202 
0.000000 0.000000 0.000000 
597.195679 244.312073 0.711344 
595.691345 303.124725 0.806427 
586.878235 359.007904 0.831796 
582.458130 241.347748 0.692703 
581.018982 295.747040 0.786739 
580.940308 344.260162 0.707760 
629.567322 132.552948 0.908709 
0.000000 0.000000 0.000000 
614.782532 132.527176 0.921569 
0.000000 0.000000 0.000000 
18
633.906006 136.968628 0.775504 
592.787476 154.618469 0.757219 
595.761047 157.508759 0.862696 
651.500793 169.363388 0.984064 
655.973450 135.535858 0.882013 
583.942993 150.202820 0.638880 
628.065674 160.517578 0.089328 
0.000000 0.000000 0.000000 
597.173767 241.430984 0.721574 
594.300049 301.665100 0.817077 
585.424500 358.993164 0.830778 
582.441162 239.888504 0.699358 
581.010498 294.280548 0.793498 
580.981140 344.260132 0.692039 
629.540771 132.566940 0.909976 
0.000000 0.000000 0.000000 
614.798218 132.522675 0.938630 
0.000000 0.000000 0.000000 
18
632.447083 137.022385 0.813338 
592.768311 154.633499 0.770469 
597.159790 157.526627 0.859710 
651.554932 166.368118 0.946194 
653.097290 132.545410 0.862071 
582.545654 150.215286 0.669448 
628.137207 159.060883 0.103252 
0.000000 0.000000 0.000000 
597.161255 241.413528 0.729132 
594.276855 300.237091 0.829647 
585.419250 358.980896 0.819945 
582.439880 239.881638 0.705089 
581.018433 295.738159 0.800072 
581.030029 344.294739 0.684100 
629.487610 132.599579 0.930952 
0.000000 0.000000 0.000000 
614.818237 132.558960 0.949559 
0.000000 0.000000 0.000000 
18
631.000122 139.890991 0.857464 
592.778870 154.620377 0.757834 
595.750427 157.533890 0.848841 
651.563843 160.496201 0.925588 
653.001953 128.165100 0.828527 
583.936218 150.211212 0.652851 
629.509949 154.619995 0.126089 
0.000000 0.000000 0.000000 
597.155457 242.829468 0.726043 
594.243042 301.635803 0.832421 
585.402161 358.976257 0.821124 
582.483521 239.909119 0.690470 
581.056702 295.776184 0.809256 
582.450684 345.755615 0.685854 
628.106262 134.057327 0.972112 
0.000000 0.000000 0.000000 
613.355408 133.984924 0.932261 
0.000000 0.000000 0.000000 
18
629.566589 141.398529 0.839865 
592.774414 154.623444 0.769603 
597.154419 157.489349 0.833074 
651.547241 157.626572 0.906174 
653.018005 125.227539 0.791808 
582.530334 150.241592 0.681678 
617.847351 181.103165 0.062451 
0.000000 0.000000 0.000000 
597.185913 241.414047 0.734410 
594.247253 300.247925 0.840364 
584.004333 358.964264 0.819259 
582.478638 239.887924 0.704914 
581.049438 295.775940 0.817570 
581.029480 345.723022 0.700715 
628.073669 135.486053 0.959876 
0.000000 0.000000 0.000000 
613.325500 134.031723 0.909760 
0.000000 0.000000 0.000000 
18
629.598938 138.451660 0.801071 
592.779358 154.592560 0.742885 
594.293091 156.114197 0.856996 
651.495178 154.640472 0.872262 
651.594910 119.319466 0.832871 
583.951660 150.226685 0.644619 
607.507263 145.701080 0.061130 
0.000000 0.000000 0.000000 
597.174561 242.820419 0.729926 
594.228271 301.662506 0.836838 
583.998413 358.973694 0.828913 
582.488281 239.903687 0.699201 
580.997620 297.187622 0.817401 
580.981262 344.267090 0.692782 
628.089600 134.082916 0.950394 
0.000000 0.000000 0.000000 
613.344360 134.025192 0.908846 
0.000000 0.000000 0.000000 
18
630.996216 137.013611 0.783056 
592.792114 153.148163 0.738427 
595.685425 157.486099 0.825447 
650.128540 148.812042 0.887138 
651.595764 119.325409 0.827949 
583.977600 148.771805 0.648021 
607.513367 145.721619 0.092578 
0.000000 0.000000 0.000000 
597.153442 241.429886 0.725550 
594.232971 301.656097 0.838330 
585.441101 358.993195 0.816326 
582.492432 239.903336 0.679986 
580.978210 297.188995 0.804350 
581.003235 345.751282 0.713267 
628.103699 134.057281 0.938133 
0.000000 0.000000 0.000000 
614.795715 134.077774 0.926719 
0.000000 0.000000 0.000000 
18
628.016479 144.278000 0.362177 
592.736816 154.620605 0.709960 
594.243530 156.111679 0.870060 
650.061462 147.259354 0.943966 
648.657043 114.946655 0.864922 
582.547119 151.684052 0.612708 
605.930542 145.733780 0.078304 
0.000000 0.000000 0.000000 
597.166077 242.855576 0.723396 
594.208557 301.681610 0.846395 
586.875122 359.008209 0.810465 
582.465942 239.937988 0.687246 
580.993896 297.257141 0.820133 
581.028503 347.209106 0.694175 
627.989502 135.574615 0.511985 
0.000000 0.000000 0.000000 
613.361816 135.453506 0.935158 
0.000000 0.000000 0.000000 
18
623.617249 145.811417 0.104298 
592.717529 154.630157 0.674612 
592.800720 156.075928 0.850331 
648.602661 145.822845 0.913139 
647.155518 111.990738 0.858025 
582.535400 153.155670 0.548732 
0.000000 0.000000 0.000000 
0.000000 0.000000 0.000000 
597.168945 242.847809 0.715912 
594.204773 301.663788 0.844464 
585.448181 359.004517 0.810692 
582.505249 239.936920 0.665907 
581.018311 297.248138 0.816020 
580.995239 345.786255 0.689953 
625.127502 142.825317 0.147636 
0.000000 0.000000 0.000000 
614.824097 135.465134 0.817019 
0.000000 0.000000 0.000000 
18
0.000000 0.000000 0.000000 
592.705444 156.047775 0.685019 
592.791443 156.053467 0.808669 
645.674072 144.277298 0.857271 
642.738220 110.570686 0.886317 
582.531189 154.625015 0.572095 
0.000000 0.000000 0.000000 
0.000000 0.000000 0.000000 
597.174866 242.834549 0.719815 
594.196655 301.654755 0.841709 
585.411316 359.004456 0.819172 
582.468201 239.925690 0.684974 
580.978699 297.207001 0.811659 
580.964600 345.724030 0.687955 
0.000000 0.000000 0.000000 
0.000000 0.000000 0.000000 
616.338379 135.459900 0.583483 
604.555786 131.065125 0.111626 
18
0.000000 0.000000 0.000000 
591.314575 156.046555 0.688318 
592.811401 156.061356 0.779457 
644.203857 141.382065 0.850397 
639.785950 109.013557 0.841754 
582.476624 154.641449 0.608203 
0.000000 0.000000 0.000000 
0.000000 0.000000 0.000000 
597.186707 242.824432 0.723719 
594.185974 301.637787 0.845361 
585.426819 359.014954 0.795734 
582.465454 239.916550 0.692108 
580.951904 297.204285 0.808216 
581.032715 347.229645 0.666058 
0.000000 0.000000 0.000000 
0.000000 0.000000 0.000000 
616.311523 135.489395 0.576923 
604.504089 131.075531 0.140743 
18
0.000000 0.000000 0.000000 
591.263000 156.084732 0.671362 
592.767517 156.083557 0.802513 
641.350098 138.440002 0.866729 
632.456238 109.030548 0.812805 
582.446228 156.071686 0.598721 
0.000000 0.000000 0.000000 
0.000000 0.000000 0.000000 
597.167786 242.836563 0.728483 
594.167480 301.635376 0.853394 
585.393188 359.015808 0.816010 
582.449585 239.921356 0.694443 
579.554688 295.783325 0.797235 
579.540405 344.300751 0.685975 
0.000000 0.000000 0.000000 
0.000000 0.000000 0.000000 
614.806580 135.469864 0.420062 
604.531494 132.562546 0.133938 
18
0.000000 0.000000 0.000000 
591.292114 156.109360 0.666566 
591.310974 156.091965 0.798928 
639.799866 139.905701 0.882843 
628.109497 110.473511 0.866144 
582.505798 157.530884 0.510440 
0.000000 0.000000 0.000000 
0.000000 0.000000 0.000000 
595.740356 242.882034 0.720163 
592.805542 301.681366 0.839844 
583.977783 358.976990 0.799518 
582.488586 241.345749 0.662358 
579.558777 297.270050 0.803052 
582.493286 347.237976 0.666880 
0.000000 0.000000 0.000000 
0.000000 0.000000 0.000000 
610.406433 134.018387 0.460661 
604.574890 133.904251 0.132834 
18
0.000000 0.000000 0.000000 
591.277283 157.523178 0.672996 
591.319458 156.116684 0.798986 
638.345642 138.437637 0.870358 
626.532898 110.499756 0.776111 
582.461426 157.571747 0.542856 
0.000000 0.000000 0.000000 
0.000000 0.000000 0.000000 
595.756775 242.874832 0.723170 
592.783752 301.682587 0.843409 
583.969055 358.970184 0.814734 
582.469543 241.343231 0.671039 
579.544861 298.642426 0.807453 
582.456177 347.244568 0.675650 
0.000000 0.000000 0.000000 
0.000000 0.000000 0.000000 
611.882996 133.999496 0.388546 
0.000000 0.000000 0.000000 
18
0.000000 0.000000 0.000000 
588.380188 156.120804 0.690194 
592.745239 156.120285 0.777551 
638.326172 136.956757 0.896704 
617.718567 111.997437 0.860641 
580.987976 157.540268 0.563487 
0.000000 0.000000 0.000000 
0.000000 0.000000 0.000000 
597.158447 242.869263 0.722962 
592.783325 303.113495 0.827849 
585.393860 358.997833 0.808509 
582.422363 241.340576 0.689373 
579.493286 298.636230 0.791024 
581.005066 347.208649 0.663783 
0.000000 0.000000 0.000000 
0.000000 0.000000 0.000000 
604.589172 135.506943 0.398798 
0.000000 0.000000 0.000000 
18
0.000000 0.000000 0.000000 
588.380920 156.052490 0.655647 
592.771179 156.066299 0.781055 
638.293335 135.479874 0.914387 
614.805786 114.918320 0.786631 
581.003052 156.116791 0.560039 
0.000000 0.000000 0.000000 
0.000000 0.000000 0.000000 
595.752502 242.824707 0.725001 
592.760864 303.102051 0.825863 
583.969421 358.995728 0.817165 
581.055115 239.928757 0.690372 
579.518616 298.642303 0.796453 
582.430847 347.245331 0.656738 
0.000000 0.000000 0.000000 
0.000000 0.000000 0.000000 
604.592773 134.003159 0.301619 
0.000000 0.000000 0.000000 
18
0.000000 0.000000 0.000000 
588.365662 156.075668 0.635831 
591.302185 156.042267 0.778729 
636.838440 135.478012 0.888337 
614.781799 114.945435 0.756689 
581.040527 156.123520 0.526632 
0.000000 0.000000 0.000000 
0.000000 0.000000 0.000000 
595.740723 242.834595 0.724321 
592.755127 301.692566 0.829985 
583.927979 358.991058 0.825932 
582.416504 239.938309 0.684654 
579.520935 297.268982 0.797002 
582.511719 347.216461 0.646354 
0.000000 0.000000 0.000000 
0.000000 0.000000 0.000000 
604.501343 133.967178 0.271341 
0.000000 0.000000 0.000000 
18
0.000000 0.000000 0.000000 
588.345093 156.058136 0.625848 
592.736206 154.640533 0.788124 
636.843079 135.517197 0.890880 
610.405396 119.362778 0.735192 
580.990112 156.114594 0.552453 
0.000000 0.000000 0.000000 
0.000000 0.000000 0.000000 
595.744141 242.825989 0.728230 
592.746704 301.698822 0.825311 
583.928406 358.991913 0.831081 
581.041809 239.924133 0.685627 
579.526306 298.645538 0.797849 
582.505066 347.198486 0.653360 
0.000000 0.000000 0.000000 
0.000000 0.000000 0.000000 
603.080017 134.023163 0.209254 
0.000000 0.000000 0.000000 
18
0.000000 0.000000 0.000000 
588.329895 156.077026 0.666872 
592.751770 156.080902 0.787879 
635.377808 138.457108 0.863221 
607.508301 117.890114 0.719124 
580.978760 157.512299 0.575872 
0.000000 0.000000 0.000000 
0.000000 0.000000 0.000000 
595.734619 242.828110 0.733393 
592.753784 301.676758 0.847950 
583.942932 358.985352 0.814131 
581.039185 239.923645 0.703099 
579.519287 297.260559 0.805368 
581.031311 347.227112 0.677360 
0.000000 0.000000 0.000000 
0.000000 0.000000 0.000000 
603.035278 133.991974 0.296220 
0.000000 0.000000 0.000000 
18
0.000000 0.000000 0.000000 
588.375916 156.088242 0.673316 
592.765076 157.491638 0.806518 
633.962891 142.835663 0.843126 
610.393799 122.249001 0.680641 
580.994934 156.125107 0.568104 
0.000000 0.000000 0.000000 
0.000000 0.000000 0.000000 
595.728516 242.859619 0.723207 
592.765625 301.674225 0.852845 
583.943604 359.000336 0.823100 
581.022522 239.939865 0.697401 
579.495361 297.236969 0.796509 
580.977234 345.776245 0.677315 
0.000000 0.000000 0.000000 
0.000000 0.000000 0.000000 
604.480896 132.583389 0.309538 
0.000000 0.000000 0.000000 
18
0.000000 0.000000 0.000000 
589.836243 156.087280 0.656773 
592.767456 156.103439 0.813836 
636.848206 142.827515 0.867099 
606.029724 113.508316 0.765911 
582.414490 157.528137 0.516948 
0.000000 0.000000 0.000000 
0.000000 0.000000 0.000000 
595.727417 242.857864 0.719917 
592.777710 301.648407 0.856247 
583.944763 358.976959 0.830743 
581.041565 239.949112 0.690544 
579.499329 297.230957 0.789564 
581.031738 345.770111 0.670835 
0.000000 0.000000 0.000000 
0.000000 0.000000 0.000000 
604.453064 133.983398 0.309243 
0.000000 0.000000 0.000000 
18
0.000000 0.000000 0.000000 
589.846802 156.111786 0.671712 
592.756042 157.487122 0.828280 
638.289917 142.885117 0.879239 
614.758301 116.397743 0.735857 
582.443542 157.510651 0.530924 
0.000000 0.000000 0.000000 
0.000000 0.000000 0.000000 
595.718872 242.876892 0.716794 
592.747925 303.108246 0.836771 
583.956360 358.998901 0.836018 
581.043335 241.334656 0.691888 
578.061340 297.257813 0.780890 
580.976135 345.751801 0.677092 
0.000000 0.000000 0.000000 
0.000000 0.000000 0.000000 
605.951965 134.066879 0.338003 
0.000000 0.000000 0.000000 
18
0.000000 0.000000 0.000000 
589.840332 156.112701 0.681698 
592.771790 157.490021 0.825836 
638.327026 144.338821 0.912881 
614.824524 113.445328 0.758041 
581.046448 157.520538 0.573159 
0.000000 0.000000 0.000000 
0.000000 0.000000 0.000000 
595.723877 242.881821 0.717307 
592.750183 303.119873 0.836670 
583.953125 358.997131 0.823903 
582.432983 241.344971 0.685017 
578.073425 297.259705 0.781494 
581.023804 345.783630 0.669792 
0.000000 0.000000 0.000000 
0.000000 0.000000 0.000000 
606.037659 135.471069 0.446566 
0.000000 0.000000 0.000000 
18
0.000000 0.000000 0.000000 
591.282776 156.051041 0.690915 
592.794067 156.088333 0.809288 
638.328674 144.363525 0.933467 
616.289673 110.473289 0.846664 
582.427063 156.067398 0.594818 
594.122620 147.145447 0.057715 
0.000000 0.000000 0.000000 
595.722656 242.838638 0.722616 
592.749451 301.706299 0.832124 
583.938293 359.003113 0.828441 
582.429382 239.930603 0.688632 
579.476807 297.259003 0.786066 
581.016174 345.781647 0.671555 
0.000000 0.000000 0.000000 
0.000000 0.000000 0.000000 
607.464539 134.086609 0.361256 
0.000000 0.000000 0.000000 
18
0.000000 0.000000 0.000000 
591.248962 154.632126 0.714272 
594.204285 156.089661 0.801275 
638.342041 145.740341 0.946911 
617.761108 108.996178 0.802471 
581.052429 154.631561 0.674267 
592.908997 147.183258 0.058375 
0.000000 0.000000 0.000000 
595.724548 241.426239 0.731648 
592.794556 301.661407 0.848667 
583.995911 358.997772 0.804281 
581.030212 239.904526 0.712333 
578.066650 297.251831 0.792959 
580.974182 345.786407 0.658905 
0.000000 0.000000 0.000000 
0.000000 0.000000 0.000000 
610.388794 134.102310 0.504165 
0.000000 0.000000 0.000000 
18
0.000000 0.000000 0.000000 
591.250732 154.632584 0.720134 
594.227722 156.073044 0.786867 
638.318420 145.741013 0.933018 
619.222656 109.042297 0.765728 
581.046021 154.613785 0.694535 
594.151611 147.215820 0.056065 
0.000000 0.000000 0.000000 
595.754883 242.840118 0.726037 
592.789001 301.661377 0.851845 
583.974121 358.973083 0.817898 
581.015198 239.925552 0.715889 
578.083313 297.240967 0.791046 
581.011108 345.755829 0.661316 
0.000000 0.000000 0.000000 
0.000000 0.000000 0.000000 
613.342102 135.470978 0.556062 
0.000000 0.000000 0.000000 
18
0.000000 0.000000 0.000000 
591.247253 156.070511 0.715668 
594.224365 156.100937 0.800120 
638.328674 145.737366 0.936846 
617.807251 110.461029 0.795362 
581.050903 156.091537 0.676770 
0.000000 0.000000 0.000000 
0.000000 0.000000 0.000000 
597.166260 242.872513 0.721896 
592.793762 301.672852 0.844329 
583.961670 358.981537 0.816341 
581.021118 239.943405 0.715628 
579.483704 297.241516 0.789156 
582.454834 347.197662 0.657450 
0.000000 0.000000 0.000000 
0.000000 0.000000 0.000000 
611.870789 135.508926 0.478037 
0.000000 0.000000 0.000000 
18
0.000000 0.000000 0.000000 
589.828064 156.090118 0.725477 
594.230164 157.486694 0.837910 
638.319336 145.775696 0.942606 
617.803894 114.940163 0.724318 
581.033264 156.105988 0.690854 
0.000000 0.000000 0.000000 
0.000000 0.000000 0.000000 
597.167786 242.844864 0.727600 
592.798706 301.662537 0.852543 
583.984802 358.975861 0.816323 
581.051270 239.927078 0.711702 
579.503540 297.219299 0.792612 
581.024231 345.770630 0.669518 
0.000000 0.000000 0.000000 
0.000000 0.000000 0.000000 
607.487488 135.481873 0.576459 
0.000000 0.000000 0.000000 
18
0.000000 0.000000 0.000000 
591.273254 156.065384 0.738649 
594.302246 157.509415 0.793724 
638.332947 145.799805 0.968455 
616.256592 116.417900 0.748206 
581.059998 156.074326 0.641480 
592.777527 145.895264 0.054310 
0.000000 0.000000 0.000000 
597.174622 242.852921 0.722903 
592.788025 301.683411 0.846022 
583.966309 358.983459 0.828994 
582.414368 239.927658 0.703327 
579.495361 297.233612 0.793588 
581.018250 345.756622 0.658210 
0.000000 0.000000 0.000000 
0.000000 0.000000 0.000000 
606.039307 134.048203 0.335197 
0.000000 0.000000 0.000000 
18
0.000000 0.000000 0.000000 
591.278503 156.094742 0.729689 
594.286011 157.527908 0.797067 
636.898865 145.872238 0.931522 
616.297913 122.216125 0.724736 
582.425598 156.084229 0.603482 
0.000000 0.000000 0.000000 
0.000000 0.000000 0.000000 
598.626648 242.825241 0.720399 
592.817932 301.653412 0.853364 
583.972168 358.985504 0.834736 
582.414307 239.893890 0.703130 
579.478088 295.777557 0.780672 
579.518494 344.287628 0.665309 
0.000000 0.000000 0.000000 
0.000000 0.000000 0.000000 
606.030945 131.105225 0.297284 
0.000000 0.000000 0.000000 
18
0.000000 0.000000 0.000000 
591.280090 157.486893 0.706019 
592.812012 157.555664 0.825013 
636.883057 147.270477 0.931833 
613.367249 122.281319 0.755507 
582.473083 156.102661 0.547863 
0.000000 0.000000 0.000000 
0.000000 0.000000 0.000000 
597.194580 242.874786 0.708847 
592.818298 301.677612 0.839465 
583.968018 358.984589 0.820930 
582.442200 239.933640 0.684974 
579.504700 298.645264 0.801601 
582.426453 347.242188 0.659715 
0.000000 0.000000 0.000000 
0.000000 0.000000 0.000000 
606.003235 132.561325 0.226139 
0.000000 0.000000 0.000000 
18
0.000000 0.000000 0.000000 
591.265442 157.554642 0.691076 
592.783447 157.583572 0.808352 
635.424500 147.353516 0.898604 
617.737671 125.210487 0.697485 
582.480469 157.512558 0.573739 
0.000000 0.000000 0.000000 
0.000000 0.000000 0.000000 
597.166260 242.885010 0.711614 
592.816895 301.683167 0.831925 
583.966919 358.989136 0.825786 
582.417847 239.934738 0.696281 
579.524414 297.211334 0.789695 
580.975403 345.749481 0.658490 
0.000000 0.000000 0.000000 
0.000000 0.000000 0.000000 
608.917358 132.548599 0.263761 
0.000000 0.000000 0.000000 
18
0.000000 0.000000 0.000000 
591.278992 157.553482 0.695171 
592.786560 157.587738 0.803072 
636.846252 150.209869 0.848430 
616.309998 129.637817 0.712248 
582.500671 156.117950 0.574207 
0.000000 0.000000 0.000000 
0.000000 0.000000 0.000000 
597.175598 242.863754 0.716918 
592.828979 301.649933 0.840719 
583.960083 358.974915 0.815072 
582.450317 239.920288 0.689801 
579.542419 295.794586 0.790819 
581.002991 345.728180 0.665072 
0.000000 0.000000 0.000000 
0.000000 0.000000 0.000000 
610.390259 132.567093 0.297469 
0.000000 0.000000 0.000000 
18
0.000000 0.000000 0.000000 
591.304443 157.558075 0.731352 
594.203125 157.595062 0.794615 
635.397827 156.082977 0.844853 
617.698181 132.563873 0.760462 
582.497925 156.110107 0.608891 
0.000000 0.000000 0.000000 
0.000000 0.000000 0.000000 
597.184448 241.428665 0.711780 
592.828613 300.238068 0.850254 
583.970032 358.972870 0.817731 
582.453369 239.876511 0.690998 
579.506226 295.732971 0.778278 
580.951538 344.308289 0.669948 
0.000000 0.000000 0.000000 
0.000000 0.000000 0.000000 
608.952087 133.993759 0.331754 
0.000000 0.000000 0.000000 
18
0.000000 0.000000 0.000000 
592.762024 157.524918 0.725092 
592.793945 157.588882 0.842418 
638.297974 158.967834 0.897989 
616.281616 134.059235 0.817232 
583.992188 156.072403 0.545911 
633.920593 169.344635 0.061063 
0.000000 0.000000 0.000000 
597.161499 241.422821 0.701066 
592.808777 300.248840 0.847605 
583.970398 358.968109 0.815808 
582.476563 239.860886 0.668412 
579.506287 297.199860 0.796214 
580.980652 345.762390 0.673002 
0.000000 0.000000 0.000000 
0.000000 0.000000 0.000000 
614.797363 131.124054 0.412903 
0.000000 0.000000 0.000000 
18
594.297852 122.200272 0.240030 
592.736633 157.552124 0.726701 
592.790344 157.623688 0.827662 
638.338440 159.002762 0.908334 
616.252075 134.028076 0.832214 
585.429565 156.124741 0.541972 
636.837280 169.284424 0.080661 
0.000000 0.000000 0.000000 
595.748962 242.822037 0.702378 
592.786621 301.657990 0.849443 
583.965637 358.974548 0.823745 
582.488770 239.873581 0.661653 
579.481934 297.232269 0.794380 
580.953552 345.735596 0.663595 
0.000000 0.000000 0.000000 
604.455200 117.846718 0.163829 
614.801514 131.070313 0.337538 
606.090881 123.784233 0.252109 
18
0.000000 0.000000 0.000000 
592.717102 157.570236 0.736871 
594.219482 157.631989 0.845004 
638.356445 157.581665 0.894994 
616.277893 134.013214 0.759374 
583.921631 156.117569 0.592027 
0.000000 0.000000 0.000000 
0.000000 0.000000 0.000000 
597.164551 241.426346 0.707032 
592.786255 301.672882 0.832322 
583.913696 358.999603 0.809187 
582.500916 239.878006 0.673517 
579.519470 297.255890 0.800697 
582.491638 347.230743 0.644150 
0.000000 0.000000 0.000000 
0.000000 0.000000 0.000000 
613.335938 131.125504 0.414237 
0.000000 0.000000 0.000000 
18
0.000000 0.000000 0.000000 
592.710266 157.585480 0.730654 
594.234680 157.622421 0.821819 
638.343201 156.105469 0.870073 
614.809326 132.534714 0.761168 
582.527100 157.501694 0.594628 
0.000000 0.000000 0.000000 
0.000000 0.000000 0.000000 
597.197083 242.850754 0.709275 
592.796875 301.680939 0.834145 
583.940796 358.995789 0.822920 
582.467651 239.893265 0.687114 
579.480469 295.791168 0.781164 
581.009216 344.286346 0.648518 
0.000000 0.000000 0.000000 
0.000000 0.000000 0.000000 
610.392700 129.645767 0.325677 
0.000000 0.000000 0.000000 
18
0.000000 0.000000 0.000000 
592.718262 157.556824 0.712825 
594.219849 157.589005 0.822064 
638.327087 153.164658 0.835542 
614.812195 132.543396 0.752201 
582.538574 156.125244 0.557077 
0.000000 0.000000 0.000000 
0.000000 0.000000 0.000000 
598.641724 242.876923 0.699370 
592.806641 303.104492 0.823197 
583.964539 359.003021 0.830150 
582.488708 239.905624 0.679138 
578.080566 297.197540 0.782189 
580.960876 344.305023 0.655440 
0.000000 0.000000 0.000000 
0.000000 0.000000 0.000000 
608.970398 129.616028 0.300695 
0.000000 0.000000 0.000000 
18
0.000000 0.000000 0.000000 
591.295837 157.600388 0.703979 
592.801331 157.609512 0.812067 
636.863464 150.235229 0.835715 
614.811707 132.551163 0.748725 
582.517944 157.574844 0.568826 
0.000000 0.000000 0.000000 
0.000000 0.000000 0.000000 
598.659119 244.296127 0.705281 
592.810913 301.686584 0.828570 
583.946045 358.994354 0.834301 
582.491760 239.930450 0.683906 
579.518433 295.794220 0.783991 
581.010803 344.286591 0.645634 
0.000000 0.000000 0.000000 
0.000000 0.000000 0.000000 
607.486145 131.121353 0.317811 
0.000000 0.000000 0.000000 
