52
1
18
567.718140 159.002838 0.925084 
541.297607 204.577347 0.707111 
547.219849 210.502838 0.845200 
542.769165 254.588608 0.763338 
544.214783 294.276062 0.885289 
532.508240 194.339813 0.604313 
0.000000 0.000000 0.000000 
0.000000 0.000000 0.000000 
536.919556 270.782959 0.680075 
535.421021 322.214325 0.703978 
534.005554 369.331512 0.739299 
532.463257 266.349426 0.546844 
536.871277 320.728516 0.751543 
533.950562 367.786438 0.675155 
558.987000 156.096848 0.882993 
0.000000 0.000000 0.000000 
547.195740 163.431107 0.786894 
0.000000 0.000000 0.000000 
18
566.309326 159.064514 0.912028 
536.915466 204.580826 0.794081 
545.759949 209.009933 0.865279 
545.742432 253.171982 0.812513 
548.711182 291.381042 0.881557 
531.006714 197.256042 0.643505 
0.000000 0.000000 0.000000 
0.000000 0.000000 0.000000 
535.461304 272.215851 0.715210 
535.438049 320.769257 0.727689 
533.939453 369.242462 0.734989 
525.113770 264.866455 0.665011 
536.918518 316.368561 0.676493 
533.999023 364.873260 0.676524 
558.979004 157.515762 0.913887 
0.000000 0.000000 0.000000 
547.157471 163.465805 0.782862 
0.000000 0.000000 0.000000 
18
566.286072 159.059174 0.916956 
536.900879 204.581772 0.778622 
545.718994 209.037872 0.869100 
545.739685 251.696182 0.881285 
558.893738 286.954010 0.933845 
531.004761 195.814438 0.640280 
0.000000 0.000000 0.000000 
0.000000 0.000000 0.000000 
535.411072 273.730988 0.769182 
535.469666 322.197296 0.775222 
533.946533 369.250580 0.785456 
523.703430 266.368317 0.646308 
536.927490 319.271912 0.650645 
535.366943 363.391479 0.680660 
558.944214 157.526566 0.913720 
0.000000 0.000000 0.000000 
545.781799 166.356476 0.781095 
0.000000 0.000000 0.000000 
18
566.277100 160.491180 0.896184 
536.874634 203.166061 0.782294 
545.677856 207.594849 0.855734 
547.181152 253.092346 0.886739 
566.271667 278.109528 0.905777 
529.545410 195.792542 0.633649 
520.686768 236.951828 0.256551 
0.000000 0.000000 0.000000 
535.488953 273.714417 0.771425 
535.451294 322.264160 0.832108 
533.945313 369.256592 0.749730 
523.686523 267.827301 0.686171 
535.453491 320.787994 0.726799 
533.983887 364.884033 0.691541 
558.940491 157.579727 0.947663 
0.000000 0.000000 0.000000 
545.713562 163.473846 0.774334 
0.000000 0.000000 0.000000 
18
564.816895 160.485428 0.879788 
535.432434 203.129379 0.780164 
542.797913 207.530670 0.825638 
547.197571 251.684631 0.890521 
570.712708 275.241180 0.998213 
529.544678 195.794128 0.629407 
523.659119 236.961166 0.100628 
0.000000 0.000000 0.000000 
535.445557 272.221436 0.765479 
535.491882 322.168579 0.803164 
533.930786 369.226471 0.735471 
523.725220 266.353577 0.667793 
535.489807 317.845978 0.705118 
533.962158 364.848328 0.676023 
558.902466 157.560883 0.939377 
0.000000 0.000000 0.000000 
545.648438 163.424698 0.771366 
0.000000 0.000000 0.000000 
18
563.349121 160.483368 0.878718 
535.412964 203.101837 0.767942 
542.794128 206.114807 0.840456 
547.212891 248.740616 0.795749 
570.768799 273.689056 0.922200 
529.529358 195.798874 0.619516 
522.149109 236.947556 0.221679 
0.000000 0.000000 0.000000 
535.435669 269.301453 0.772775 
535.500732 320.728577 0.803743 
533.926758 369.225555 0.742360 
523.704956 264.888763 0.702534 
536.895752 316.349945 0.686263 
533.981018 363.424011 0.683509 
557.535828 157.551743 0.949617 
0.000000 0.000000 0.000000 
544.239075 161.993408 0.787227 
0.000000 0.000000 0.000000 
18
563.347534 160.492249 0.899041 
535.459229 203.094742 0.767304 
544.260742 207.566589 0.836414 
550.109497 251.639114 0.795220 
573.646179 275.192596 0.926536 
529.519226 194.307556 0.632782 
520.698975 235.488815 0.209902 
0.000000 0.000000 0.000000 
535.449280 270.751160 0.768052 
535.485413 320.763885 0.797380 
533.972839 369.256622 0.747030 
523.672607 264.898041 0.704737 
536.888489 317.816315 0.684587 
533.997925 366.310974 0.696943 
557.519470 157.569870 0.966783 
0.000000 0.000000 0.000000 
544.228271 162.011642 0.779312 
0.000000 0.000000 0.000000 
18
561.883545 159.089813 0.916884 
535.475525 204.584396 0.810001 
545.689148 209.034988 0.864397 
553.067322 253.126984 0.846197 
573.658936 279.600555 0.887866 
528.105347 195.803711 0.643660 
0.000000 0.000000 0.000000 
0.000000 0.000000 0.000000 
535.490051 270.793396 0.736610 
536.883362 320.783752 0.788388 
533.977661 369.255371 0.779393 
523.734192 264.953522 0.684706 
536.890137 319.264801 0.705862 
533.964844 364.875214 0.681704 
557.458862 157.546188 0.933961 
561.867737 156.061401 0.119566 
544.210510 164.912003 0.752273 
0.000000 0.000000 0.000000 
18
560.448425 159.110519 0.929652 
535.494812 204.664917 0.833660 
547.125366 210.507156 0.907551 
554.507385 253.206894 0.820238 
570.689148 286.917999 0.955181 
528.087158 200.180862 0.661003 
520.735046 236.947647 0.100941 
0.000000 0.000000 0.000000 
536.910034 273.719238 0.746215 
535.493713 322.273285 0.795742 
533.959778 369.276123 0.758936 
523.713379 267.851410 0.696860 
535.431641 320.787598 0.717640 
533.984619 366.322662 0.700507 
557.432434 157.572647 0.950802 
0.000000 0.000000 0.000000 
544.205994 166.382370 0.774596 
0.000000 0.000000 0.000000 
18
560.418152 159.109863 0.928486 
535.494080 204.573349 0.827323 
547.138306 209.053284 0.927902 
554.511902 254.584671 0.812885 
566.280457 288.508087 0.863228 
528.053650 194.351639 0.701093 
558.979370 197.275482 0.330793 
581.000977 194.351990 0.663115 
536.896423 273.721649 0.728441 
536.869019 322.278168 0.791078 
533.951843 369.294189 0.782276 
523.670532 267.817993 0.701616 
535.438721 322.180817 0.700921 
533.982239 364.889130 0.695890 
557.428589 157.582092 0.961783 
0.000000 0.000000 0.000000 
544.190247 166.373291 0.796394 
0.000000 0.000000 0.000000 
18
560.423584 159.109100 0.869257 
535.492126 204.596909 0.827719 
547.179565 211.939636 0.888454 
553.079346 256.073914 0.761539 
558.989441 294.323181 0.863731 
526.602661 194.344284 0.708244 
555.996765 192.849304 0.519889 
570.673218 184.016495 0.700217 
536.902527 273.738281 0.721200 
536.910889 320.774475 0.748570 
533.960754 369.284363 0.792808 
523.671387 266.409454 0.710598 
536.907227 317.805939 0.652192 
535.395386 363.408875 0.672512 
557.453308 157.598526 0.957908 
0.000000 0.000000 0.000000 
544.258911 167.810074 0.799213 
0.000000 0.000000 0.000000 
18
559.019531 159.124268 0.849618 
536.905762 206.054337 0.826676 
547.230713 211.968063 0.886091 
547.181396 254.632156 0.823571 
555.976807 294.281464 0.883178 
528.054260 198.748367 0.663109 
554.533447 191.346710 0.293661 
569.240845 182.599243 0.451244 
536.926819 275.159973 0.723953 
536.898865 322.214508 0.752919 
533.960632 369.287933 0.812183 
525.124634 269.290527 0.665635 
535.493408 319.307220 0.684647 
533.994019 364.877136 0.671421 
557.441833 157.584747 0.924548 
0.000000 0.000000 0.000000 
544.270325 164.925156 0.777837 
0.000000 0.000000 0.000000 
18
561.876465 159.109924 0.837059 
538.350098 204.652069 0.795807 
547.218323 211.944351 0.891080 
545.717407 254.644165 0.816286 
550.140198 295.763275 0.881314 
530.998718 198.713181 0.635682 
553.088013 189.905258 0.329196 
566.287781 181.108658 0.486001 
538.337158 275.151886 0.719344 
535.496094 323.705353 0.751598 
534.007629 369.306244 0.791267 
525.186340 267.831573 0.618175 
535.452454 322.238312 0.713991 
534.013306 366.321716 0.673723 
557.512817 157.597626 0.928744 
0.000000 0.000000 0.000000 
545.685242 166.401199 0.771872 
0.000000 0.000000 0.000000 
18
560.439209 160.490387 0.878932 
536.927612 204.607086 0.788964 
547.200806 210.491745 0.886316 
545.731750 254.632797 0.809905 
547.276306 297.173706 0.921987 
529.536926 197.257828 0.666248 
519.256470 234.027664 0.187579 
0.000000 0.000000 0.000000 
536.942078 273.707947 0.710714 
536.874878 323.711029 0.713181 
533.975586 369.294952 0.782534 
523.740112 264.942169 0.634078 
535.450806 322.232361 0.750496 
534.003845 366.348633 0.672339 
557.463745 157.588455 0.927008 
0.000000 0.000000 0.000000 
544.267761 164.916840 0.757432 
0.000000 0.000000 0.000000 
18
560.403015 162.010910 0.819489 
535.509094 204.553619 0.778357 
545.773315 209.046280 0.885046 
545.691040 253.198471 0.836627 
547.265503 294.296051 0.936005 
528.093018 194.324356 0.640982 
555.985840 191.367981 0.372713 
567.790588 181.075928 0.539760 
538.387390 273.719086 0.684795 
536.886047 323.674622 0.691240 
533.968323 369.288971 0.769433 
526.609741 267.824585 0.596268 
535.464722 322.209686 0.744717 
534.000366 366.360840 0.670977 
557.482727 159.025146 0.945311 
0.000000 0.000000 0.000000 
545.654114 166.399658 0.764331 
0.000000 0.000000 0.000000 
18
560.419495 164.910843 0.808147 
535.479370 204.545578 0.806079 
545.714050 210.478561 0.877227 
545.709473 253.191757 0.828875 
548.708679 292.804596 0.917450 
528.095459 194.299576 0.683740 
555.999573 194.328094 0.602442 
570.667969 182.618256 0.826547 
538.403503 275.165161 0.704846 
536.901367 323.750000 0.698733 
533.984192 369.291168 0.773151 
529.538269 270.779572 0.602738 
535.453430 322.278168 0.725029 
534.005127 366.345947 0.673049 
557.526306 159.063461 0.967486 
0.000000 0.000000 0.000000 
545.674255 166.400345 0.807982 
0.000000 0.000000 0.000000 
18
559.025085 166.350647 0.792820 
535.470154 204.566254 0.815146 
545.708252 210.492752 0.888281 
545.727478 254.598129 0.822625 
554.555603 289.950165 0.905780 
528.080627 194.319168 0.673175 
556.016174 195.824234 0.634782 
569.247192 184.021744 0.859468 
538.380249 275.173401 0.721923 
536.899597 323.687347 0.742708 
533.966492 369.279419 0.803584 
528.088135 270.762878 0.615342 
536.915100 322.206299 0.701889 
534.005127 364.883301 0.688796 
557.498962 159.089005 0.940537 
0.000000 0.000000 0.000000 
544.263245 166.383698 0.781994 
0.000000 0.000000 0.000000 
18
558.998901 163.465591 0.758622 
535.473206 204.538147 0.818238 
545.718201 209.029785 0.897575 
545.721313 253.130310 0.882152 
557.458069 288.449493 0.943623 
528.080017 194.315948 0.657143 
557.427429 195.831406 0.602994 
569.196411 179.641541 0.813965 
538.348206 275.170776 0.730124 
536.927429 322.282776 0.767204 
533.963867 369.307709 0.831046 
528.083740 270.763306 0.609519 
536.919312 322.176666 0.672425 
535.369446 364.858643 0.663328 
557.467529 159.050812 0.917937 
0.000000 0.000000 0.000000 
545.650452 166.364807 0.770214 
0.000000 0.000000 0.000000 
18
559.024963 161.964813 0.760986 
536.896545 204.599701 0.811317 
545.773010 209.027451 0.915629 
547.128601 254.600372 0.870275 
558.979309 288.497223 0.935659 
530.999939 198.708099 0.619201 
557.471680 195.837967 0.554026 
569.254395 179.643936 0.764888 
538.346863 275.174652 0.720848 
536.952454 322.235931 0.723969 
533.976807 369.304565 0.792929 
526.634033 270.758759 0.633788 
536.928467 320.726837 0.665468 
534.014282 366.321625 0.669508 
557.454529 159.013245 0.892162 
0.000000 0.000000 0.000000 
544.271851 167.820953 0.769339 
0.000000 0.000000 0.000000 
18
564.840515 160.541000 0.698331 
538.373230 204.634079 0.784681 
547.159363 210.493698 0.914726 
547.211853 254.603958 0.876454 
560.461548 289.865814 0.911674 
532.501648 200.185806 0.623048 
557.462646 194.340424 0.500252 
569.229431 179.608948 0.714890 
538.396301 275.179077 0.708766 
536.890991 323.669525 0.758847 
533.957031 369.283173 0.783962 
529.527710 270.777313 0.634964 
536.897888 322.212585 0.685258 
535.370667 366.316589 0.693205 
558.950623 159.040787 0.860509 
0.000000 0.000000 0.000000 
547.176025 169.306427 0.804834 
0.000000 0.000000 0.000000 
18
560.432312 163.434860 0.789536 
536.944397 204.583191 0.749776 
545.785034 210.473419 0.894296 
547.225281 254.612030 0.836273 
563.335022 288.475067 0.886591 
532.500488 195.796204 0.617394 
557.499573 192.882416 0.485135 
569.246277 175.199097 0.523346 
539.825806 275.163849 0.686000 
536.945679 323.657471 0.744992 
533.962158 369.297882 0.780318 
529.567566 270.757263 0.609810 
536.883728 322.206024 0.709872 
534.003723 366.348358 0.697873 
557.497131 159.022232 0.925479 
0.000000 0.000000 0.000000 
545.650574 164.929901 0.764264 
0.000000 0.000000 0.000000 
18
558.970398 159.097626 0.656601 
539.818481 203.160904 0.721190 
547.130981 211.970963 0.861883 
548.641418 254.619507 0.822627 
563.341125 289.869141 0.870324 
533.947815 194.315918 0.569250 
558.944214 185.528229 0.596021 
570.673340 166.357056 0.729850 
538.369629 273.717621 0.676715 
538.348694 322.273712 0.727599 
533.974670 369.279175 0.787381 
530.980835 267.819946 0.593885 
536.898743 322.176514 0.690718 
534.002197 366.329346 0.685303 
557.438721 157.589203 0.748068 
0.000000 0.000000 0.000000 
547.147339 164.916367 0.714496 
0.000000 0.000000 0.000000 
18
560.402344 160.486221 0.509428 
538.387024 204.655518 0.753237 
547.125488 213.430893 0.893254 
548.636963 254.616547 0.848124 
561.869873 289.887939 0.888905 
533.882080 201.648300 0.582412 
558.969055 170.825790 0.581569 
578.027710 147.334442 0.750999 
539.838684 275.153778 0.682309 
536.939819 323.662445 0.728358 
533.981384 369.264893 0.782416 
531.017639 269.318054 0.603814 
536.887268 322.180542 0.685687 
535.365356 364.872864 0.683302 
557.493774 159.065994 0.555628 
0.000000 0.000000 0.000000 
548.713074 169.299042 0.691290 
0.000000 0.000000 0.000000 
18
560.428040 167.817780 0.593900 
539.815979 206.127609 0.773128 
547.195801 214.860855 0.889644 
548.651550 254.653442 0.828929 
560.432800 289.927856 0.893101 
532.482056 204.550858 0.617863 
557.487671 163.460403 0.481433 
572.240540 145.802017 0.760617 
539.812439 273.741455 0.683500 
538.366577 322.233124 0.711462 
533.961853 369.280518 0.784877 
530.983521 267.850616 0.609109 
536.943115 319.306396 0.676019 
535.378113 364.885406 0.677657 
557.514587 164.901047 0.634619 
0.000000 0.000000 0.000000 
548.659851 170.813919 0.698386 
0.000000 0.000000 0.000000 
18
561.898743 170.738037 0.671685 
539.841980 207.595184 0.764737 
547.262146 213.419769 0.840299 
547.232056 254.634766 0.860454 
559.006226 289.916870 0.907176 
532.477722 206.084824 0.653182 
526.617676 241.424637 0.067207 
0.000000 0.000000 0.000000 
538.370422 273.736664 0.693531 
538.341492 322.210876 0.728333 
533.983521 369.301361 0.818034 
529.527344 267.835693 0.606041 
538.373230 319.282562 0.665762 
534.001892 364.868927 0.663480 
558.920166 167.819702 0.717151 
0.000000 0.000000 0.000000 
547.236328 170.769958 0.729607 
0.000000 0.000000 0.000000 
18
564.808289 169.321335 0.626374 
541.306763 207.593185 0.757835 
547.241699 214.860703 0.856222 
547.212341 256.103943 0.840291 
558.947937 289.927460 0.901441 
533.924438 206.054489 0.657946 
531.010193 239.936172 0.069418 
0.000000 0.000000 0.000000 
538.395081 275.135101 0.691530 
536.951355 322.197632 0.738158 
533.967590 369.278656 0.799779 
531.020203 267.866669 0.599371 
538.359436 319.277100 0.667603 
534.016724 364.853882 0.670500 
558.999451 164.940216 0.670577 
0.000000 0.000000 0.000000 
551.599365 170.783447 0.729966 
0.000000 0.000000 0.000000 
18
564.830811 170.775101 0.519820 
541.294373 209.019623 0.762438 
547.255371 214.894104 0.872823 
547.223389 254.650696 0.840809 
558.922424 291.363556 0.900947 
533.893982 206.074509 0.673282 
528.077454 241.341385 0.061321 
0.000000 0.000000 0.000000 
538.382874 275.135803 0.700525 
538.348145 322.198914 0.741010 
533.965515 369.250732 0.798650 
531.013916 269.287964 0.596475 
538.391174 319.290558 0.647908 
535.371643 361.949768 0.665930 
560.396240 167.873398 0.597466 
0.000000 0.000000 0.000000 
554.543030 170.812729 0.724883 
0.000000 0.000000 0.000000 
18
566.311218 170.742325 0.607520 
539.860718 207.610626 0.767774 
547.237610 214.889404 0.888384 
547.217285 256.052368 0.852282 
558.936584 291.366028 0.910146 
532.500610 206.050110 0.674476 
529.540222 239.945068 0.063161 
0.000000 0.000000 0.000000 
539.812378 275.134308 0.690890 
538.369751 322.196869 0.721988 
533.958252 369.228638 0.777595 
531.012756 269.290710 0.603614 
538.364868 319.274780 0.672304 
534.012268 361.955902 0.669379 
560.438721 167.842010 0.647646 
0.000000 0.000000 0.000000 
554.551270 170.835770 0.728631 
0.000000 0.000000 0.000000 
18
566.270813 170.797211 0.794265 
541.295410 207.566742 0.756340 
547.217346 213.455582 0.876858 
547.233154 256.102020 0.832620 
558.983215 291.382904 0.897357 
533.922791 204.638382 0.658271 
528.073181 241.330627 0.062684 
0.000000 0.000000 0.000000 
538.393555 275.127716 0.685781 
538.368286 322.187256 0.709948 
533.962524 369.236786 0.774909 
531.021973 267.852203 0.604913 
538.375183 317.841553 0.670030 
535.369690 363.398376 0.684597 
560.400208 167.871017 0.803872 
0.000000 0.000000 0.000000 
550.109009 170.785461 0.702504 
0.000000 0.000000 0.000000 
18
566.301331 170.815964 0.897687 
541.304626 207.534485 0.748860 
547.218811 213.425110 0.875006 
547.217224 256.086731 0.843540 
559.020508 291.359314 0.892491 
533.945496 204.609421 0.652479 
0.000000 0.000000 0.000000 
0.000000 0.000000 0.000000 
539.842102 275.143494 0.684456 
538.373962 322.227631 0.723074 
533.971436 369.239319 0.783379 
532.433411 267.862885 0.601941 
536.950745 320.720001 0.687697 
534.011230 363.384827 0.677214 
559.028015 167.842972 0.875322 
0.000000 0.000000 0.000000 
547.187073 169.357483 0.762416 
0.000000 0.000000 0.000000 
18
566.297913 170.824631 0.890139 
541.276489 206.132217 0.742768 
547.205566 211.981979 0.873769 
547.238586 254.614441 0.841080 
559.024719 289.918030 0.900568 
533.919495 204.569748 0.640477 
0.000000 0.000000 0.000000 
0.000000 0.000000 0.000000 
538.380615 273.733978 0.688135 
538.344727 322.218262 0.723807 
533.988159 369.302582 0.816345 
531.033325 267.820892 0.580028 
539.828491 319.286194 0.649563 
535.370605 363.426483 0.663766 
559.029236 167.883179 0.887019 
0.000000 0.000000 0.000000 
547.198914 169.387009 0.749598 
0.000000 0.000000 0.000000 
18
566.274475 170.816940 0.881215 
541.329590 206.157303 0.742661 
547.217957 213.443161 0.878062 
547.246826 254.586670 0.863184 
560.404480 289.929382 0.910522 
533.963501 204.588226 0.640754 
0.000000 0.000000 0.000000 
0.000000 0.000000 0.000000 
538.395691 273.731537 0.690408 
538.391907 322.188873 0.689088 
533.967590 369.262512 0.786100 
530.992188 267.847015 0.592835 
536.950623 317.838318 0.692433 
533.980347 364.873474 0.684135 
558.999573 167.876144 0.880434 
569.136841 167.838470 0.300507 
547.185242 170.750885 0.758590 
0.000000 0.000000 0.000000 
18
567.792908 169.368073 0.851826 
542.766724 206.159042 0.750132 
547.197205 214.864502 0.879490 
547.240662 254.615387 0.859368 
560.408203 289.938324 0.904897 
535.373352 204.569595 0.655919 
0.000000 0.000000 0.000000 
0.000000 0.000000 0.000000 
538.385498 273.737000 0.679899 
538.374084 322.222992 0.689808 
533.980408 369.261444 0.784937 
531.026001 267.842621 0.589222 
538.350403 319.282471 0.672227 
533.988647 363.423462 0.668186 
560.472229 166.401016 0.795865 
0.000000 0.000000 0.000000 
550.111450 170.778870 0.754429 
0.000000 0.000000 0.000000 
18
569.151306 169.336182 0.888521 
542.782227 206.127762 0.756504 
547.203308 213.440445 0.884790 
547.256409 253.203674 0.862221 
559.029297 289.913544 0.915348 
535.427124 204.555801 0.651533 
0.000000 0.000000 0.000000 
0.000000 0.000000 0.000000 
536.950073 273.698090 0.695928 
539.816284 320.746124 0.678180 
533.978027 369.239502 0.773072 
531.015137 266.401550 0.602912 
538.393066 316.339691 0.678116 
533.995117 363.399048 0.671734 
560.460571 166.377197 0.838681 
569.184570 159.133987 0.219703 
548.669922 170.773209 0.797435 
0.000000 0.000000 0.000000 
18
567.756531 167.873672 0.758758 
544.196838 206.135498 0.751814 
547.202454 213.438614 0.890693 
547.248413 254.602814 0.857694 
559.011047 289.934723 0.914676 
535.461487 204.568512 0.629489 
0.000000 0.000000 0.000000 
0.000000 0.000000 0.000000 
536.945984 273.717133 0.695237 
538.380432 322.189972 0.699704 
533.979675 369.257874 0.792957 
532.435120 267.822906 0.589351 
538.396973 317.832336 0.661749 
534.007080 363.398163 0.674054 
560.443359 163.434586 0.760721 
0.000000 0.000000 0.000000 
550.118042 169.378479 0.764146 
0.000000 0.000000 0.000000 
18
567.740845 167.883331 0.652519 
542.803162 207.533768 0.731164 
547.201599 214.875366 0.891443 
547.221191 254.643784 0.859679 
559.008240 291.356354 0.895478 
535.429749 204.594391 0.618647 
0.000000 0.000000 0.000000 
0.000000 0.000000 0.000000 
538.349609 275.126068 0.695051 
538.358154 322.201385 0.719133 
533.973145 369.251068 0.799321 
532.453308 267.846375 0.585910 
539.816467 319.270294 0.659811 
534.018860 363.384460 0.669736 
560.446838 163.448776 0.672706 
0.000000 0.000000 0.000000 
550.137024 170.754456 0.737285 
0.000000 0.000000 0.000000 
18
567.717041 166.390732 0.727686 
544.200562 206.091415 0.744362 
547.205383 214.902237 0.902239 
547.198364 256.111298 0.849980 
559.006104 292.817871 0.891170 
535.418457 203.131897 0.577624 
560.431091 151.673065 0.514154 
578.053406 134.021149 0.708598 
538.358276 273.739441 0.707190 
538.356689 322.240509 0.728656 
533.991638 369.306274 0.808958 
531.030273 267.837585 0.603036 
538.363342 320.735748 0.680013 
535.368896 364.872223 0.679296 
560.410950 161.967926 0.718109 
0.000000 0.000000 0.000000 
548.710449 170.788589 0.676019 
0.000000 0.000000 0.000000 
18
567.727844 167.801224 0.755961 
544.186035 206.070602 0.738747 
547.193115 213.459015 0.886176 
547.191284 256.100739 0.862693 
558.996765 292.806976 0.888762 
535.446716 203.108688 0.583358 
0.000000 0.000000 0.000000 
0.000000 0.000000 0.000000 
538.365295 275.133667 0.699861 
536.951965 322.263306 0.731669 
533.988770 369.281982 0.791703 
532.451843 267.854767 0.609630 
536.956055 320.764191 0.686631 
534.010498 364.852844 0.677400 
560.401001 161.987885 0.755834 
0.000000 0.000000 0.000000 
548.679138 169.369980 0.720828 
0.000000 0.000000 0.000000 
18
567.752136 169.243057 0.813767 
542.782959 206.096405 0.752833 
547.207703 211.990524 0.872622 
547.186523 254.653122 0.856441 
558.981873 291.368011 0.904539 
535.419495 203.140182 0.636328 
0.000000 0.000000 0.000000 
0.000000 0.000000 0.000000 
538.366028 273.739471 0.691734 
536.955627 322.281586 0.715075 
533.989075 369.283417 0.785020 
532.439026 267.848389 0.597054 
538.352844 320.762939 0.686729 
535.366699 364.847961 0.676368 
560.436279 163.431213 0.795069 
0.000000 0.000000 0.000000 
548.636475 169.371216 0.775944 
0.000000 0.000000 0.000000 
18
567.780334 167.871948 0.822082 
542.795898 206.114334 0.751369 
547.224426 211.968246 0.860353 
547.190369 254.619308 0.855083 
558.982239 291.371246 0.884736 
535.405884 204.550842 0.627593 
525.115967 239.849838 0.084882 
0.000000 0.000000 0.000000 
538.365173 273.729614 0.707338 
538.346130 322.280853 0.731334 
533.966431 369.292389 0.788033 
531.028259 267.832947 0.603728 
536.944458 322.174286 0.683425 
534.009216 364.874664 0.671536 
560.445496 161.974319 0.805883 
0.000000 0.000000 0.000000 
548.644226 169.310043 0.745332 
0.000000 0.000000 0.000000 
18
567.724854 169.391068 0.829659 
542.777649 206.086456 0.760633 
547.213562 211.964767 0.870726 
547.186523 256.055359 0.861246 
558.998413 291.391083 0.891252 
535.398621 203.115814 0.634600 
0.000000 0.000000 0.000000 
0.000000 0.000000 0.000000 
538.402405 275.131165 0.691334 
538.353333 322.276276 0.731462 
533.968872 369.290009 0.803262 
532.456665 267.855194 0.608900 
538.386047 320.782745 0.684112 
535.368225 363.413544 0.665987 
560.404968 166.412811 0.798877 
569.172546 163.448135 0.259830 
548.633606 169.379761 0.739406 
0.000000 0.000000 0.000000 
18
567.719238 169.374542 0.860346 
542.757263 206.040070 0.762795 
547.172119 211.943634 0.859740 
547.192749 256.053558 0.856639 
559.004028 291.391113 0.892451 
535.430786 201.678909 0.636190 
0.000000 0.000000 0.000000 
0.000000 0.000000 0.000000 
538.405151 273.713989 0.682394 
538.384583 322.227356 0.698983 
533.979614 369.286407 0.796730 
532.492798 266.399872 0.617644 
539.815002 319.301056 0.659638 
535.364807 363.415863 0.667871 
560.414490 166.361816 0.805531 
569.217285 163.425674 0.310316 
547.226868 169.289734 0.766590 
0.000000 0.000000 0.000000 
18
567.724426 170.750031 0.876964 
542.747009 204.661209 0.755771 
547.203674 210.524414 0.845480 
547.153320 254.655060 0.844663 
558.992126 291.375671 0.905218 
534.005920 201.647781 0.626521 
0.000000 0.000000 0.000000 
0.000000 0.000000 0.000000 
538.358704 272.240387 0.680574 
539.833374 319.297943 0.667838 
533.978455 369.279602 0.799431 
532.430481 264.933289 0.611113 
542.735596 313.443237 0.675721 
535.378296 364.847626 0.680917 
560.416443 167.797897 0.839219 
0.000000 0.000000 0.000000 
547.220276 169.301178 0.793897 
0.000000 0.000000 0.000000 
18
567.784241 169.362640 0.846052 
542.765686 204.674011 0.765737 
547.234131 210.520477 0.833951 
547.165527 256.094177 0.842683 
558.988770 291.380646 0.920825 
533.994507 201.652817 0.631386 
0.000000 0.000000 0.000000 
0.000000 0.000000 0.000000 
538.395203 273.683258 0.686475 
538.385803 320.783539 0.695545 
533.988159 369.299438 0.799869 
532.434021 266.358887 0.609867 
541.304504 316.361176 0.668592 
534.009094 364.871735 0.669038 
560.468201 164.939987 0.784922 
0.000000 0.000000 0.000000 
547.235107 169.283585 0.763986 
0.000000 0.000000 0.000000 
18
569.199158 169.350128 0.943408 
544.185913 204.651031 0.766373 
547.228394 210.517487 0.842527 
547.150452 256.052063 0.843752 
558.941467 291.352386 0.928786 
535.420837 201.633911 0.625649 
0.000000 0.000000 0.000000 
0.000000 0.000000 0.000000 
536.939575 272.261230 0.704071 
538.381287 320.746613 0.701356 
533.980469 369.298920 0.801112 
532.450378 264.939880 0.611582 
542.733032 314.888824 0.652894 
534.005493 364.857788 0.657735 
561.918884 164.910690 0.837317 
0.000000 0.000000 0.000000 
547.259399 169.277390 0.808168 
0.000000 0.000000 0.000000 
18
569.182312 170.797760 0.888174 
544.203430 206.050491 0.766111 
547.252075 211.952148 0.831521 
547.151123 254.626389 0.851162 
557.539612 291.373230 0.936871 
535.432373 203.089142 0.619335 
0.000000 0.000000 0.000000 
0.000000 0.000000 0.000000 
538.357666 273.697693 0.720547 
538.370667 322.183075 0.724148 
533.984741 369.302429 0.803570 
532.468750 266.379913 0.609366 
541.298706 317.840454 0.667732 
534.015686 364.879242 0.665710 
563.352356 167.832153 0.822823 
0.000000 0.000000 0.000000 
548.677551 169.306122 0.779039 
0.000000 0.000000 0.000000 
18
569.258545 170.793823 0.945276 
544.205200 204.671692 0.766982 
547.258606 210.525284 0.824116 
547.153198 254.584946 0.851314 
557.478088 292.847565 0.947357 
535.435303 201.646057 0.625174 
0.000000 0.000000 0.000000 
0.000000 0.000000 0.000000 
539.836670 273.711334 0.719976 
538.378235 322.200012 0.734410 
533.972778 369.317383 0.814582 
532.498047 266.396362 0.601286 
542.738159 319.280426 0.670400 
533.993591 364.880310 0.662119 
564.855591 167.810883 0.850447 
0.000000 0.000000 0.000000 
548.692749 169.309769 0.796310 
0.000000 0.000000 0.000000 
18
569.266602 170.781738 0.931179 
544.206726 204.608261 0.754374 
547.251953 210.489334 0.829754 
547.161438 253.138275 0.867822 
557.395569 291.351959 0.932262 
535.431946 198.720322 0.609671 
0.000000 0.000000 0.000000 
0.000000 0.000000 0.000000 
541.282410 273.731262 0.723856 
538.345886 322.271576 0.753674 
533.982849 369.302612 0.821717 
533.911011 267.856049 0.589160 
539.839783 320.786285 0.676080 
533.991882 364.881470 0.668965 
566.271973 167.812820 0.838349 
0.000000 0.000000 0.000000 
550.151306 169.343811 0.765082 
0.000000 0.000000 0.000000 
18
569.302124 170.823715 0.915903 
544.203796 204.643127 0.743513 
547.223511 211.954620 0.829583 
547.165039 254.646133 0.839878 
556.012817 294.295532 0.919237 
535.462402 200.186707 0.584633 
0.000000 0.000000 0.000000 
0.000000 0.000000 0.000000 
539.816284 275.144440 0.728581 
536.918701 323.692963 0.760602 
533.965515 369.301270 0.841639 
533.972351 270.761139 0.588302 
541.280457 322.205017 0.665678 
534.002930 363.393707 0.641935 
566.291199 167.876785 0.849467 
0.000000 0.000000 0.000000 
550.125244 169.362686 0.766663 
0.000000 0.000000 0.000000 
18
570.653992 170.852966 0.903488 
544.242737 204.639755 0.744797 
547.239441 211.950195 0.815606 
547.147827 256.057800 0.835733 
555.973999 294.279938 0.920470 
536.873413 198.739914 0.579551 
0.000000 0.000000 0.000000 
0.000000 0.000000 0.000000 
539.859619 275.146942 0.723657 
536.910522 323.700256 0.761466 
533.967590 369.309052 0.827451 
535.441589 272.218750 0.586171 
541.279175 322.225128 0.691028 
534.003967 364.866455 0.668852 
567.715820 167.881622 0.840817 
0.000000 0.000000 0.000000 
551.603333 169.373642 0.757178 
0.000000 0.000000 0.000000 
18
570.690369 170.845581 0.884396 
545.659302 206.082230 0.759248 
547.226257 213.429672 0.817744 
545.768250 258.985199 0.838864 
555.991882 294.308075 0.941705 
538.368591 201.679550 0.563155 
0.000000 0.000000 0.000000 
0.000000 0.000000 0.000000 
539.828308 275.138245 0.710631 
536.954651 322.264557 0.756917 
533.970093 369.282349 0.845535 
536.874146 272.222717 0.565310 
542.777222 320.761658 0.679033 
534.004517 361.952789 0.639525 
567.757874 169.245499 0.845514 
0.000000 0.000000 0.000000 
551.612305 169.388306 0.779406 
0.000000 0.000000 0.000000 
18
569.282898 170.834564 0.908755 
544.274109 206.066513 0.743848 
547.239075 213.445694 0.811906 
547.130005 258.984497 0.827160 
556.019592 295.757141 0.939948 
536.924316 201.680954 0.565624 
0.000000 0.000000 0.000000 
0.000000 0.000000 0.000000 
539.833435 275.148071 0.714578 
536.935303 323.656342 0.744711 
533.961182 369.273987 0.835109 
535.434143 270.793884 0.565377 
542.789429 320.775513 0.657770 
533.977600 361.922974 0.629164 
566.285095 167.880188 0.854813 
0.000000 0.000000 0.000000 
550.148132 169.286926 0.760201 
0.000000 0.000000 0.000000 
