45
1
18
544.231873 170.795868 0.924229 
522.244568 198.721191 0.780422 
523.661194 203.165146 0.926059 
525.146729 241.430084 0.840575 
528.062439 273.737427 0.793564 
520.731812 195.805038 0.600126 
535.477478 231.096695 0.128866 
0.000000 0.000000 0.000000 
535.393555 267.819366 0.732999 
544.215271 316.351471 0.883886 
530.981018 367.764160 0.839882 
523.648376 266.348602 0.700105 
523.626404 310.437408 0.896014 
520.742432 347.240051 0.827118 
536.934448 167.810196 0.848295 
0.000000 0.000000 0.000000 
523.682739 169.256622 0.861666 
0.000000 0.000000 0.000000 
18
544.254578 170.754288 0.953064 
522.247864 198.755508 0.777955 
523.653931 204.546677 0.936416 
525.142090 242.828171 0.834364 
528.055420 275.177887 0.812158 
522.158447 195.827179 0.597649 
535.473572 232.571594 0.119430 
0.000000 0.000000 0.000000 
535.377075 267.855316 0.724712 
544.208435 316.368317 0.878250 
530.979187 367.764130 0.833807 
523.662476 266.381775 0.680915 
523.634094 310.427063 0.874338 
520.748901 347.241425 0.826567 
536.930908 166.366928 0.860842 
0.000000 0.000000 0.000000 
523.674133 169.257004 0.872532 
0.000000 0.000000 0.000000 
18
544.260742 169.390732 0.952999 
522.247253 198.760269 0.781535 
523.655151 204.557892 0.941622 
525.162170 242.856873 0.829268 
529.521851 275.206665 0.813531 
522.156494 195.828308 0.604454 
535.440063 231.150940 0.132937 
0.000000 0.000000 0.000000 
534.004456 267.839294 0.727329 
544.220703 316.370911 0.883545 
529.570129 367.776367 0.835565 
523.670959 266.369629 0.692740 
523.652954 310.405731 0.862454 
520.749084 347.220886 0.827143 
536.926453 164.927734 0.856072 
0.000000 0.000000 0.000000 
523.671753 169.251099 0.872222 
0.000000 0.000000 0.000000 
18
544.250916 170.747925 0.952759 
522.247498 198.752014 0.777607 
523.650635 204.544205 0.937075 
525.158691 242.834152 0.834943 
529.554016 275.169098 0.795623 
522.170532 195.827332 0.596705 
535.480225 232.562714 0.121952 
0.000000 0.000000 0.000000 
534.002258 267.853088 0.726303 
544.220703 316.368622 0.883879 
529.547913 367.783997 0.832956 
523.675598 266.374512 0.688463 
523.640869 309.030396 0.865028 
522.127136 347.223328 0.827850 
536.929199 166.354446 0.858462 
0.000000 0.000000 0.000000 
523.664246 169.245773 0.871992 
0.000000 0.000000 0.000000 
18
544.269775 170.738007 0.958697 
523.610596 198.745239 0.778191 
523.648682 204.545593 0.939453 
525.163147 242.846008 0.837981 
530.988220 275.176239 0.796559 
522.198547 195.823364 0.601705 
535.459290 231.148499 0.134191 
0.000000 0.000000 0.000000 
533.993713 267.845673 0.720823 
544.225769 316.363708 0.884051 
529.560242 367.792908 0.836464 
523.675598 266.368317 0.686498 
523.645508 309.023468 0.861723 
522.129211 347.201508 0.824843 
536.933289 164.947113 0.859923 
544.276184 161.994247 0.129381 
523.665527 169.256363 0.877299 
0.000000 0.000000 0.000000 
18
544.271851 170.764252 0.968239 
522.234802 198.766556 0.768912 
523.638916 204.546616 0.940334 
525.149170 242.848450 0.841978 
529.559204 275.173981 0.799457 
522.156006 195.845169 0.595749 
535.443787 232.584717 0.122517 
0.000000 0.000000 0.000000 
533.998169 269.284546 0.716620 
544.219177 316.368408 0.877091 
529.564331 367.768372 0.833917 
523.666687 266.387695 0.687921 
523.636841 310.437286 0.875883 
520.751587 347.231140 0.813914 
536.942261 166.372162 0.866399 
0.000000 0.000000 0.000000 
523.656616 169.254456 0.870283 
0.000000 0.000000 0.000000 
18
544.274719 169.373306 0.972852 
522.236084 198.746475 0.779828 
523.666016 204.551712 0.930665 
525.124512 241.433289 0.848154 
528.083557 273.710266 0.782586 
520.705994 195.833359 0.606523 
535.440063 232.593582 0.128591 
0.000000 0.000000 0.000000 
534.002991 269.283264 0.721172 
544.227356 316.349091 0.881525 
530.984253 367.789337 0.839436 
523.658569 266.382843 0.690646 
523.620789 310.437683 0.887222 
520.730591 347.244904 0.821190 
536.944031 163.480103 0.865028 
0.000000 0.000000 0.000000 
523.678223 167.868423 0.866572 
0.000000 0.000000 0.000000 
18
545.642944 169.316025 0.990242 
522.226501 198.751846 0.771739 
523.656128 204.540878 0.929063 
525.115967 241.354935 0.858113 
529.556274 272.232361 0.746203 
519.266785 195.844208 0.603947 
536.891907 235.480652 0.092633 
0.000000 0.000000 0.000000 
535.390625 269.286530 0.714828 
544.207947 316.348785 0.863869 
530.981812 367.763367 0.833454 
523.664856 266.375061 0.691936 
523.594482 310.414398 0.872745 
520.738831 347.211761 0.810998 
536.951294 162.007462 0.884481 
0.000000 0.000000 0.000000 
523.672729 167.858063 0.871097 
0.000000 0.000000 0.000000 
18
545.664673 169.251694 0.990143 
522.247986 200.181030 0.798429 
523.685425 204.562927 0.939415 
525.158691 241.362213 0.814890 
529.528259 272.227173 0.717872 
520.701050 195.843430 0.630116 
536.890137 235.493622 0.277701 
555.968140 239.942062 0.310340 
535.410156 269.307922 0.722607 
544.196777 316.366058 0.861298 
530.998230 367.757355 0.845443 
523.669922 266.396088 0.696094 
522.254028 310.452698 0.885669 
520.735779 347.211456 0.809258 
536.940857 160.566742 0.894176 
542.789063 159.060944 0.131522 
523.644287 169.242813 0.860691 
0.000000 0.000000 0.000000 
18
545.670959 166.385040 0.970452 
523.616821 198.721832 0.828458 
523.707153 204.540756 0.927591 
526.596497 241.349228 0.821406 
531.003845 270.770172 0.738271 
520.705688 195.806732 0.673722 
535.482544 228.134583 0.345569 
559.010315 225.178787 0.533975 
535.387939 269.305511 0.713387 
544.214722 316.336243 0.866624 
530.988281 367.760895 0.836819 
523.639954 266.376923 0.714573 
523.607361 309.025146 0.863652 
520.734558 347.212494 0.829882 
536.944580 159.102554 0.925176 
542.759583 157.599045 0.127883 
523.664734 167.812149 0.842082 
0.000000 0.000000 0.000000 
18
545.655640 162.008133 0.959553 
523.609985 197.282806 0.840922 
525.130432 204.569260 0.940644 
530.992188 241.396133 0.845632 
531.015991 272.262054 0.745671 
519.249756 194.355499 0.712679 
544.226990 210.512451 0.365296 
564.828064 206.089966 0.722943 
534.005127 267.837524 0.727753 
544.214600 314.904816 0.871265 
530.993347 367.756836 0.833342 
522.230652 264.940094 0.728612 
523.602417 308.990082 0.855143 
520.743958 347.221100 0.831262 
536.914978 159.039673 0.941922 
0.000000 0.000000 0.000000 
523.704956 167.832031 0.832512 
0.000000 0.000000 0.000000 
18
545.680237 161.970581 0.931175 
523.609009 197.246994 0.835643 
526.613831 204.568466 0.931364 
531.028015 239.961624 0.847646 
533.918945 267.840973 0.731476 
516.313171 194.305450 0.726154 
539.854980 201.661545 0.487024 
557.469604 194.259567 0.855645 
533.993286 267.820709 0.745392 
544.208191 314.885498 0.875859 
530.984375 366.368835 0.831127 
522.176575 264.916046 0.729918 
523.601318 308.990997 0.867827 
520.726379 347.209778 0.836132 
536.950806 159.030304 0.934131 
544.188843 157.590195 0.136948 
523.721619 167.834595 0.824560 
0.000000 0.000000 0.000000 
18
545.643250 160.559830 0.896560 
522.225891 197.276016 0.835077 
526.619324 204.567642 0.925493 
533.882324 241.360367 0.866915 
535.373169 270.757660 0.726919 
516.294983 194.316559 0.729800 
539.818909 198.735535 0.338420 
551.581787 186.993500 0.628700 
535.373535 267.843201 0.728980 
544.220886 314.924042 0.880886 
529.568115 367.772034 0.833568 
522.189087 264.928040 0.745294 
522.249573 310.430115 0.886247 
520.723206 347.216583 0.816462 
536.908691 159.029175 0.935846 
544.196472 157.630508 0.216383 
523.709900 167.848999 0.814416 
0.000000 0.000000 0.000000 
18
545.691101 160.501373 0.957042 
523.639404 200.195679 0.791477 
526.586548 204.599640 0.906001 
533.874634 241.418335 0.843215 
533.996033 272.240845 0.721563 
519.229187 195.805389 0.666184 
538.354797 234.012527 0.097250 
0.000000 0.000000 0.000000 
535.412354 269.286194 0.729915 
544.210327 316.334320 0.873351 
530.979614 367.759277 0.834467 
523.615967 266.345490 0.733504 
522.251526 310.426453 0.891222 
520.705627 347.198273 0.822814 
536.889343 158.982620 0.937261 
542.793701 157.492691 0.217474 
523.718262 167.886551 0.817343 
0.000000 0.000000 0.000000 
18
545.675110 161.994461 0.925679 
523.693604 198.741882 0.774337 
525.120911 204.562744 0.901694 
532.485718 241.355545 0.830350 
533.994202 273.674835 0.739583 
522.214905 195.832169 0.610404 
539.838989 232.532257 0.157132 
0.000000 0.000000 0.000000 
535.402222 267.842773 0.732526 
544.224976 314.917755 0.880853 
530.979004 367.768402 0.832214 
523.682373 264.952393 0.723121 
523.626282 310.394867 0.893802 
520.725647 347.188324 0.835530 
536.902710 159.006149 0.927598 
544.182373 157.560043 0.195097 
523.653625 167.811340 0.831894 
0.000000 0.000000 0.000000 
18
545.693054 161.972275 0.964492 
523.667358 198.724930 0.777323 
523.730957 204.561798 0.931601 
529.555786 241.336472 0.805162 
533.926880 269.315857 0.734991 
522.183960 195.797455 0.613812 
538.384644 232.529922 0.141756 
0.000000 0.000000 0.000000 
535.416565 267.847595 0.730681 
544.237000 314.912415 0.885994 
529.562134 367.781097 0.827997 
523.707947 266.343475 0.710552 
523.635132 309.033783 0.887297 
520.742004 347.185669 0.838472 
536.901611 159.019119 0.953507 
544.195068 157.531464 0.212374 
523.667419 167.857071 0.836112 
0.000000 0.000000 0.000000 
18
545.695374 164.903275 0.963787 
523.658813 198.713745 0.768867 
523.731812 204.562759 0.922532 
528.053406 241.375580 0.816084 
533.961670 270.776978 0.719578 
522.184326 195.775711 0.622323 
536.892395 233.999023 0.095463 
0.000000 0.000000 0.000000 
535.418457 269.301819 0.727864 
544.237427 314.898804 0.889841 
529.570129 367.772827 0.826421 
523.711792 266.357666 0.711290 
523.628601 309.017761 0.898129 
520.733887 347.186523 0.832276 
536.915710 159.096481 0.935575 
544.247375 157.603775 0.234618 
523.672729 169.245438 0.841376 
0.000000 0.000000 0.000000 
18
545.716431 166.413666 0.979841 
523.634460 197.287888 0.772093 
523.700806 203.174377 0.925948 
523.726807 241.377716 0.860700 
532.449707 272.241974 0.757162 
522.169861 194.396042 0.626048 
529.552429 234.041321 0.078071 
0.000000 0.000000 0.000000 
535.447754 266.379028 0.740432 
544.249451 314.881622 0.894657 
530.991760 367.779846 0.830480 
525.164551 264.916534 0.703248 
523.647766 308.997955 0.883754 
520.747620 347.193756 0.835251 
536.956299 160.527267 0.908503 
545.640198 158.981293 0.204106 
523.681946 169.270599 0.865145 
0.000000 0.000000 0.000000 
18
545.750916 169.277557 1.014142 
523.663574 197.248367 0.774345 
523.711914 203.163589 0.900081 
525.108276 241.401779 0.846145 
529.550293 273.704468 0.751552 
522.205017 194.343414 0.621453 
528.070618 234.029343 0.067922 
0.000000 0.000000 0.000000 
535.461121 264.942200 0.743170 
544.252686 314.905884 0.899636 
529.571472 367.767273 0.832321 
526.580750 264.892029 0.705847 
523.641846 309.034180 0.878020 
520.750122 347.240540 0.813623 
538.403381 164.901108 0.877565 
545.647217 159.055023 0.158614 
523.724426 169.375168 0.871177 
0.000000 0.000000 0.000000 
18
545.735229 169.347321 1.017836 
523.623962 195.849808 0.775464 
523.675964 203.137177 0.913555 
523.665405 241.356934 0.863515 
528.053955 272.266083 0.756571 
520.734314 194.352921 0.612744 
526.618042 232.533890 0.070001 
0.000000 0.000000 0.000000 
535.473083 264.913513 0.750455 
544.251709 314.902954 0.903046 
529.552185 367.781891 0.831175 
526.590149 264.869263 0.702980 
523.637634 309.034637 0.878266 
520.745239 347.202881 0.813889 
539.814209 166.384811 0.872052 
545.648743 160.556168 0.132424 
523.738953 169.389084 0.853109 
0.000000 0.000000 0.000000 
18
544.262939 172.275589 0.916929 
522.170593 197.260468 0.770738 
523.631287 203.132904 0.920691 
523.625000 241.355408 0.861427 
526.623962 272.271576 0.738960 
517.782166 194.381256 0.625146 
544.238647 216.365417 0.208402 
545.736755 210.500610 0.359252 
535.478943 264.897522 0.754189 
544.252075 314.871155 0.914256 
529.561157 367.773041 0.832927 
526.588745 264.859497 0.708995 
523.628540 309.002777 0.882760 
520.737732 347.195465 0.824890 
538.367249 169.364899 0.902041 
545.631348 169.221344 0.138934 
525.116272 170.777298 0.825845 
0.000000 0.000000 0.000000 
18
544.204346 179.571243 0.848873 
522.175110 198.753616 0.743032 
523.621765 204.553177 0.929873 
523.622131 242.813385 0.871779 
528.099854 275.130341 0.761276 
519.241272 195.796265 0.604020 
535.418823 226.643646 0.125811 
0.000000 0.000000 0.000000 
535.468872 264.916992 0.745256 
544.269287 313.475677 0.913842 
530.986328 367.757507 0.837606 
528.080017 264.890106 0.685773 
523.645691 309.030487 0.876398 
522.124634 347.216705 0.823991 
538.369446 172.265533 0.842537 
545.679871 170.838699 0.300974 
525.148804 172.272034 0.753757 
0.000000 0.000000 0.000000 
18
544.225037 182.600220 0.878413 
522.238708 201.688293 0.754871 
523.675842 204.619049 0.934267 
522.253479 242.857437 0.860585 
529.523254 275.138947 0.731158 
520.711975 197.246216 0.599304 
532.498169 232.533401 0.077883 
0.000000 0.000000 0.000000 
535.486572 266.347748 0.729668 
544.260071 314.890808 0.896984 
530.991516 366.368805 0.829559 
529.519226 264.933990 0.672155 
523.643250 309.007843 0.866339 
522.128906 347.198700 0.822770 
536.922424 181.048325 0.871325 
545.686523 179.606796 0.474238 
523.688904 179.629852 0.816439 
0.000000 0.000000 0.000000 
18
544.254761 181.147736 0.803492 
523.648926 201.668655 0.758004 
523.648315 204.618958 0.941858 
522.223572 242.873169 0.844642 
528.050842 275.143280 0.729346 
523.649414 197.247971 0.590572 
538.350525 232.533173 0.087151 
0.000000 0.000000 0.000000 
536.871643 266.346130 0.726844 
544.269409 314.866425 0.906241 
530.981995 366.368439 0.827453 
531.007813 264.916290 0.664028 
523.635437 308.995422 0.860231 
522.127686 347.198761 0.818859 
538.404114 178.172638 0.737507 
545.719421 176.705780 0.203326 
529.551086 178.144989 0.704570 
0.000000 0.000000 0.000000 
18
545.629456 182.617355 0.778879 
523.613098 203.113876 0.754613 
523.674072 204.661758 0.932536 
522.217285 244.319153 0.835131 
528.061829 275.172150 0.702711 
522.164734 197.279984 0.580573 
536.914795 228.121506 0.097684 
0.000000 0.000000 0.000000 
535.466187 266.365295 0.726582 
544.250122 314.874359 0.901534 
529.557007 367.755890 0.834833 
528.076538 264.943665 0.646915 
523.610229 308.988281 0.865777 
520.745911 347.205078 0.823233 
541.276794 181.059006 0.746028 
545.728210 181.027054 0.171815 
528.100830 179.595856 0.728506 
0.000000 0.000000 0.000000 
18
545.682800 182.634766 0.800910 
523.673218 203.149887 0.735647 
523.689941 206.039734 0.926615 
522.207703 245.773773 0.833979 
526.621033 275.210083 0.739458 
523.653625 198.753296 0.547736 
0.000000 0.000000 0.000000 
0.000000 0.000000 0.000000 
535.471436 266.372559 0.725428 
544.256470 314.905426 0.889876 
530.987610 367.756989 0.834023 
529.537903 264.954132 0.635968 
523.626038 308.976044 0.859182 
520.737061 347.187286 0.825919 
542.752808 181.060074 0.751428 
545.758179 181.025970 0.173288 
529.565735 179.619980 0.739834 
0.000000 0.000000 0.000000 
18
545.720337 184.001816 0.811353 
523.695190 203.155853 0.751426 
525.115234 206.039948 0.921230 
522.233887 244.316116 0.851164 
526.624817 275.193695 0.749617 
523.630859 200.185867 0.567808 
535.458069 239.825058 0.073264 
0.000000 0.000000 0.000000 
535.472168 266.384766 0.722070 
544.250916 314.905914 0.891551 
530.990845 366.367462 0.833330 
528.086304 266.341003 0.647724 
523.616333 308.976471 0.854241 
520.745483 347.189423 0.819350 
542.795349 181.073929 0.753774 
547.102661 180.991165 0.124656 
531.020020 179.644257 0.767016 
0.000000 0.000000 0.000000 
18
545.734497 182.624695 0.741660 
523.661560 203.140182 0.767373 
525.133179 206.043167 0.928158 
523.670044 244.301071 0.855446 
526.638794 275.200897 0.750211 
520.741150 198.733505 0.582257 
0.000000 0.000000 0.000000 
0.000000 0.000000 0.000000 
535.444763 266.392792 0.732298 
544.231873 314.907196 0.889879 
529.566101 367.765137 0.840055 
525.168152 266.343231 0.666649 
523.623657 309.003265 0.873371 
520.728943 347.222382 0.822650 
544.249329 181.058334 0.716896 
0.000000 0.000000 0.000000 
533.969482 179.630905 0.798690 
0.000000 0.000000 0.000000 
18
545.765320 182.604156 0.728715 
523.684814 203.135315 0.762603 
525.147156 206.038589 0.924088 
523.654602 244.329849 0.865118 
526.638550 275.222015 0.772183 
522.183472 198.735062 0.584814 
536.915527 239.824707 0.077012 
0.000000 0.000000 0.000000 
535.440979 266.381195 0.732846 
544.243347 314.885254 0.897015 
529.561462 367.787018 0.840849 
526.593079 264.954620 0.665561 
523.633362 308.986603 0.863612 
520.739319 347.209198 0.825169 
544.264282 181.032761 0.692063 
0.000000 0.000000 0.000000 
533.964478 179.630966 0.789392 
0.000000 0.000000 0.000000 
18
545.757996 182.635056 0.726350 
523.697693 203.117355 0.761674 
525.174072 204.673141 0.918082 
523.633423 242.895187 0.880983 
526.584412 275.176849 0.789125 
522.182007 198.712860 0.597269 
0.000000 0.000000 0.000000 
0.000000 0.000000 0.000000 
535.452209 266.357666 0.733645 
544.248169 314.873993 0.902514 
529.564209 367.772400 0.834924 
526.592285 264.936432 0.673930 
523.635803 308.975525 0.871347 
520.736145 347.206238 0.826426 
544.272095 181.070343 0.704770 
0.000000 0.000000 0.000000 
533.986572 179.639801 0.796347 
0.000000 0.000000 0.000000 
18
545.730713 182.637085 0.741777 
523.681396 203.091553 0.759772 
525.163208 204.652206 0.915370 
523.653503 242.842163 0.882811 
526.588684 275.163208 0.783708 
522.167114 197.254684 0.608788 
0.000000 0.000000 0.000000 
0.000000 0.000000 0.000000 
535.452148 266.362427 0.742511 
544.236023 314.877899 0.908491 
530.982544 367.769318 0.835084 
525.155701 264.931702 0.688940 
523.642456 308.981415 0.882101 
522.129395 347.220306 0.832331 
544.222412 181.070251 0.710178 
547.143250 179.657242 0.084564 
532.508789 179.638046 0.778073 
0.000000 0.000000 0.000000 
18
545.784058 184.004486 0.762502 
523.692261 201.694397 0.753088 
525.172119 204.655014 0.906618 
523.642151 244.292038 0.856013 
526.589050 275.187500 0.779078 
522.200073 197.252319 0.607840 
0.000000 0.000000 0.000000 
0.000000 0.000000 0.000000 
535.458252 266.385590 0.729762 
544.245361 314.906616 0.897318 
529.566040 367.758667 0.828065 
526.592896 264.958893 0.666195 
523.636353 308.977234 0.861851 
520.753052 347.193573 0.825308 
545.641479 181.072510 0.736047 
547.197266 180.986893 0.095474 
533.923279 179.610245 0.779767 
0.000000 0.000000 0.000000 
18
547.143921 184.002960 0.769278 
523.736450 203.089691 0.743361 
525.191772 204.670975 0.895424 
523.636108 244.327759 0.868745 
526.591736 275.211700 0.780965 
523.645386 197.251312 0.596389 
536.906311 238.383911 0.074220 
0.000000 0.000000 0.000000 
535.455566 266.372314 0.734658 
544.251648 314.894775 0.895304 
530.982849 367.761017 0.833061 
528.049438 264.944489 0.652485 
523.635742 308.946411 0.856082 
520.751343 347.191284 0.821768 
545.670654 181.065430 0.744898 
547.206299 179.643753 0.073420 
533.937805 179.619186 0.799080 
0.000000 0.000000 0.000000 
18
547.212463 182.606979 0.694500 
525.119751 203.089066 0.745276 
526.589050 204.676147 0.887381 
523.656433 244.343567 0.865302 
526.623291 275.203857 0.781534 
523.650696 197.254028 0.602644 
535.448975 239.827866 0.071901 
0.000000 0.000000 0.000000 
535.474976 266.380676 0.727308 
544.247314 314.878845 0.901337 
529.567749 367.772980 0.832584 
528.055725 264.951996 0.650042 
523.652588 307.557831 0.861785 
520.740051 347.191711 0.832726 
545.739685 181.026276 0.683970 
0.000000 0.000000 0.000000 
535.378662 179.606384 0.801858 
0.000000 0.000000 0.000000 
18
547.147644 182.545837 0.697580 
523.689880 201.676605 0.765411 
525.196167 204.671906 0.899844 
523.668213 244.305176 0.868341 
526.636169 275.171722 0.763166 
522.172729 195.835297 0.616771 
535.461548 219.334412 0.074538 
0.000000 0.000000 0.000000 
535.460571 266.390076 0.725834 
544.244446 314.888519 0.899715 
529.572327 367.774506 0.832000 
525.144226 264.949738 0.666280 
523.642151 308.954895 0.865299 
520.750854 345.808594 0.832639 
545.693298 179.596619 0.674742 
0.000000 0.000000 0.000000 
535.380981 178.160065 0.780485 
0.000000 0.000000 0.000000 
18
547.175171 181.064194 0.674493 
523.675598 201.655380 0.760362 
526.582886 204.658981 0.891291 
523.689026 242.887146 0.864922 
528.054016 275.134430 0.740541 
522.133667 195.810654 0.620387 
535.476379 217.827057 0.082595 
0.000000 0.000000 0.000000 
535.458191 266.386383 0.724196 
544.247314 314.888824 0.897437 
530.981018 367.763397 0.834812 
525.111938 264.942291 0.679168 
523.631592 308.975098 0.866449 
520.754272 347.184204 0.829527 
545.710999 175.215912 0.668990 
0.000000 0.000000 0.000000 
535.402039 176.698318 0.770992 
0.000000 0.000000 0.000000 
18
548.701599 176.672760 0.606385 
523.722900 201.645432 0.741249 
528.054993 204.667633 0.867833 
525.139404 242.872192 0.817023 
526.636414 273.720825 0.696336 
522.150696 195.807526 0.622143 
0.000000 0.000000 0.000000 
0.000000 0.000000 0.000000 
535.453796 266.368286 0.727968 
544.259766 314.893707 0.892183 
529.552673 367.773926 0.829238 
525.110779 264.920410 0.689782 
523.645691 307.553711 0.857653 
520.742554 347.197662 0.825381 
547.173462 170.847992 0.718304 
0.000000 0.000000 0.000000 
536.875488 175.229294 0.825399 
0.000000 0.000000 0.000000 
18
550.125244 178.110947 0.634341 
525.126160 198.751328 0.723952 
529.522522 204.589111 0.845200 
525.126648 241.442245 0.825379 
526.607483 272.265503 0.722562 
522.213379 195.770081 0.636222 
528.089111 235.486099 0.064518 
0.000000 0.000000 0.000000 
535.439392 264.941681 0.720921 
544.251892 314.874878 0.895559 
529.561646 367.762573 0.834244 
525.110718 264.881592 0.686074 
523.656982 308.945984 0.862179 
520.746460 347.218109 0.827852 
547.210938 170.863632 0.730830 
0.000000 0.000000 0.000000 
536.892700 175.193451 0.803935 
0.000000 0.000000 0.000000 
18
548.715210 175.229660 0.584114 
523.720764 197.266632 0.742002 
529.560974 203.124176 0.839895 
528.064819 241.321823 0.847502 
526.612427 269.335724 0.736453 
522.135254 194.366440 0.653086 
0.000000 0.000000 0.000000 
0.000000 0.000000 0.000000 
535.392700 264.905548 0.736937 
544.260254 314.862000 0.897992 
529.563599 367.771515 0.835812 
523.648499 263.471985 0.732328 
523.641174 307.544495 0.861214 
520.748718 347.197632 0.830825 
547.197876 170.798477 0.700621 
0.000000 0.000000 0.000000 
536.904358 172.286301 0.806556 
0.000000 0.000000 0.000000 
18
548.701294 172.241562 0.529157 
523.721802 197.243057 0.773420 
529.562073 203.108765 0.839806 
528.096802 241.313583 0.844854 
529.557312 269.318817 0.736806 
522.129272 194.350647 0.681073 
528.075623 231.104248 0.065820 
0.000000 0.000000 0.000000 
534.006409 264.851990 0.751195 
544.261658 313.451477 0.911644 
529.570679 367.777710 0.833739 
522.228455 263.415405 0.737929 
523.647827 307.506531 0.871193 
520.752869 347.182159 0.834034 
547.165405 169.328964 0.630448 
0.000000 0.000000 0.000000 
535.506531 170.861252 0.829867 
0.000000 0.000000 0.000000 
18
548.687195 172.308197 0.598216 
523.695557 195.813858 0.790098 
529.566833 201.676651 0.835763 
529.532593 239.909958 0.854207 
529.549500 267.872009 0.740717 
520.695129 194.297562 0.679135 
526.629395 228.159500 0.065023 
0.000000 0.000000 0.000000 
533.971130 263.437683 0.761919 
544.263367 313.437439 0.924161 
530.983215 367.761749 0.844152 
522.171814 263.383850 0.744089 
523.635681 307.539612 0.875963 
522.127258 347.190552 0.827667 
547.168274 169.364639 0.697833 
0.000000 0.000000 0.000000 
535.489807 170.844589 0.853507 
0.000000 0.000000 0.000000 
18
548.674500 172.263657 0.556522 
523.709045 195.818222 0.775767 
529.557983 201.667618 0.831324 
529.541138 239.957230 0.859969 
531.007629 269.321777 0.745105 
520.728333 194.314682 0.669079 
529.542053 231.074997 0.062985 
0.000000 0.000000 0.000000 
533.983887 264.865662 0.752726 
544.266418 313.434570 0.926701 
530.983154 367.761078 0.840179 
522.198547 263.421021 0.741177 
523.645874 308.969269 0.883701 
520.752808 347.211060 0.828141 
547.164490 169.338470 0.655285 
0.000000 0.000000 0.000000 
536.875366 170.842163 0.840128 
0.000000 0.000000 0.000000 
18
548.699829 173.726212 0.571730 
523.726074 195.831573 0.769510 
529.556213 201.679840 0.830423 
529.566589 241.320847 0.849698 
532.453491 269.309753 0.722064 
522.144836 194.332199 0.677012 
528.081726 232.537018 0.059647 
0.000000 0.000000 0.000000 
533.988281 264.853851 0.751855 
545.626831 313.436493 0.925849 
529.556824 367.779907 0.835557 
522.201599 263.411987 0.752380 
523.658813 308.971649 0.881040 
522.130615 347.218475 0.823467 
547.158325 169.386032 0.668733 
0.000000 0.000000 0.000000 
535.475037 170.866089 0.818314 
0.000000 0.000000 0.000000 
18
548.653748 175.205231 0.627926 
523.715271 195.833344 0.753656 
529.523560 201.675690 0.836374 
528.088257 241.314514 0.843700 
531.009155 270.770630 0.733042 
522.158020 194.329788 0.641576 
0.000000 0.000000 0.000000 
0.000000 0.000000 0.000000 
533.965210 263.469910 0.749985 
544.274719 313.424530 0.919704 
529.560425 367.778931 0.833368 
522.222656 263.405060 0.732538 
523.660645 308.956848 0.880159 
520.737488 347.215942 0.831460 
545.786255 170.779312 0.714040 
0.000000 0.000000 0.000000 
535.425293 170.886307 0.807974 
0.000000 0.000000 0.000000 
18
545.784363 172.326691 0.636179 
523.704102 195.816833 0.801390 
529.563660 201.698013 0.832073 
529.524902 239.951370 0.838883 
531.015503 269.332764 0.718241 
520.743774 194.293365 0.677659 
539.873718 204.614227 0.131487 
0.000000 0.000000 0.000000 
533.985413 264.881683 0.746893 
544.259583 313.455811 0.911413 
529.565979 367.788574 0.843621 
522.213318 263.428894 0.742827 
523.645142 308.980927 0.889664 
520.735107 347.206360 0.832018 
544.274536 170.769760 0.664437 
0.000000 0.000000 0.000000 
533.972168 170.881989 0.744078 
0.000000 0.000000 0.000000 
18
545.772339 170.866760 0.645417 
523.696411 195.793747 0.808851 
529.542664 201.694138 0.836449 
529.535706 239.933304 0.842587 
531.022949 269.338654 0.729028 
520.724182 194.272079 0.659058 
539.854980 206.051910 0.167003 
547.198914 204.578064 0.403228 
534.005127 264.873077 0.741528 
544.254456 313.469147 0.904763 
530.977539 367.774170 0.841295 
522.236938 263.423615 0.736609 
523.646484 308.989014 0.884884 
520.750732 347.214691 0.831856 
544.273499 169.347015 0.659173 
0.000000 0.000000 0.000000 
535.366455 170.834610 0.798517 
0.000000 0.000000 0.000000 
