36
1
18
641.321411 126.665482 0.883113 
607.499023 157.571182 0.782339 
607.466797 162.014618 0.852820 
606.051941 216.304077 0.915393 
617.740051 254.603317 0.932877 
607.450378 151.697586 0.543702 
617.856567 173.818848 0.060962 
0.000000 0.000000 0.000000 
604.539734 248.705429 0.745948 
600.118958 304.586212 0.802695 
592.783264 358.957428 0.920784 
597.158997 242.881958 0.631001 
585.407349 298.694702 0.810268 
581.003052 345.775024 0.608254 
639.792053 122.285934 0.939971 
0.000000 0.000000 0.000000 
626.548889 123.798012 0.911679 
0.000000 0.000000 0.000000 
18
641.305786 126.674057 0.886891 
607.484375 157.556870 0.780193 
606.056458 161.955414 0.863015 
606.027405 214.905853 0.921957 
617.729858 254.606491 0.936763 
608.921570 153.129257 0.541357 
617.830200 172.386902 0.053082 
0.000000 0.000000 0.000000 
604.559509 248.691635 0.740955 
601.547180 304.571198 0.802823 
592.776611 358.954803 0.912054 
597.191772 242.873428 0.641020 
586.879517 298.696655 0.800078 
582.447327 345.768494 0.625651 
639.779602 122.284973 0.947613 
0.000000 0.000000 0.000000 
626.520569 123.780991 0.901967 
0.000000 0.000000 0.000000 
18
641.287109 126.703568 0.898831 
607.458801 157.540039 0.777040 
606.034241 160.528259 0.868265 
606.005920 214.909119 0.925408 
617.730347 254.607391 0.925906 
607.484009 151.698593 0.542968 
0.000000 0.000000 0.000000 
0.000000 0.000000 0.000000 
604.556580 247.254349 0.734171 
601.573730 303.133240 0.804573 
592.752319 358.937103 0.913859 
597.177002 242.850494 0.653249 
585.403198 298.652283 0.812388 
580.974548 345.711273 0.638691 
639.762451 122.299973 0.957298 
0.000000 0.000000 0.000000 
625.072754 123.765274 0.899165 
0.000000 0.000000 0.000000 
18
641.284058 128.171692 0.895679 
607.453430 157.559067 0.779582 
606.015015 160.541245 0.868509 
605.988892 214.911316 0.937440 
617.709412 254.619400 0.918382 
607.489075 153.131470 0.543236 
619.271484 192.853745 0.065762 
0.000000 0.000000 0.000000 
604.563293 248.695572 0.727989 
600.127014 304.604889 0.792204 
592.766296 358.950439 0.908388 
597.197327 242.872147 0.636021 
585.390442 298.694122 0.810023 
582.452820 345.786377 0.591851 
639.769409 122.338158 0.964527 
0.000000 0.000000 0.000000 
623.660767 123.764343 0.907037 
0.000000 0.000000 0.000000 
18
641.270020 128.144440 0.900150 
606.028503 157.568024 0.792238 
606.034302 161.971085 0.867930 
604.594421 214.934189 0.946583 
617.723389 254.581070 0.924065 
604.547729 151.681168 0.543000 
620.701050 182.551834 0.051131 
0.000000 0.000000 0.000000 
604.555420 247.261871 0.715717 
598.652344 306.036987 0.783406 
592.765930 358.948822 0.908500 
597.198059 242.854721 0.651189 
583.934875 298.656647 0.821163 
581.008789 345.728851 0.616713 
639.753601 122.319748 0.963483 
0.000000 0.000000 0.000000 
623.645691 123.759003 0.898461 
0.000000 0.000000 0.000000 
18
641.269470 126.718430 0.891906 
605.951233 157.559753 0.832376 
606.092407 162.013397 0.865206 
601.601379 216.321091 0.913413 
617.736572 251.707367 0.944370 
600.117554 150.228424 0.608802 
617.774902 173.776245 0.062306 
0.000000 0.000000 0.000000 
604.550354 247.245697 0.718937 
600.139099 304.579315 0.781829 
592.753662 358.929779 0.918076 
594.262634 241.425247 0.707117 
583.919495 297.250275 0.835661 
578.049377 341.371796 0.595554 
639.746826 122.302254 0.952051 
0.000000 0.000000 0.000000 
623.649292 123.758308 0.895854 
0.000000 0.000000 0.000000 
18
641.275574 126.724487 0.903400 
606.001709 157.528885 0.800252 
606.034851 160.504593 0.893632 
594.316223 214.913513 0.918726 
617.747742 247.259903 0.888511 
604.493958 151.667587 0.575594 
617.773132 182.521347 0.059911 
0.000000 0.000000 0.000000 
604.526672 244.325943 0.748500 
601.574219 303.157684 0.805953 
592.765991 358.971741 0.911318 
594.269043 241.374771 0.691499 
583.995728 298.662201 0.821053 
581.023865 345.706635 0.621495 
639.749268 122.306297 0.957640 
0.000000 0.000000 0.000000 
623.654785 123.745499 0.895754 
0.000000 0.000000 0.000000 
18
641.288452 126.712898 0.902253 
605.958679 156.119202 0.794163 
606.064941 159.076889 0.913875 
594.243164 207.620026 0.927510 
617.770142 239.949234 0.910875 
601.580383 150.201401 0.612535 
0.000000 0.000000 0.000000 
0.000000 0.000000 0.000000 
604.535156 242.865280 0.760015 
603.055420 303.113800 0.838744 
592.764709 358.982452 0.906909 
594.241882 241.333282 0.700810 
583.989075 298.637909 0.812706 
581.038696 344.269440 0.644439 
639.759827 122.304039 0.957548 
0.000000 0.000000 0.000000 
625.086121 123.763786 0.901102 
0.000000 0.000000 0.000000 
18
641.289734 129.627838 0.889597 
604.553040 154.651901 0.776312 
606.043640 157.620438 0.933529 
592.822876 206.113953 0.992857 
617.756775 238.393616 0.880525 
600.096313 148.772141 0.634902 
0.000000 0.000000 0.000000 
0.000000 0.000000 0.000000 
604.529297 242.816574 0.758769 
604.511963 300.260437 0.880201 
592.752014 358.966217 0.910155 
594.224548 239.929749 0.703655 
586.862122 297.220032 0.782302 
581.031189 341.365509 0.686954 
639.781860 123.702713 0.962304 
0.000000 0.000000 0.000000 
625.118958 123.792068 0.903496 
0.000000 0.000000 0.000000 
18
641.331787 132.583252 0.915934 
604.524963 154.614868 0.770505 
606.066650 157.579697 0.919464 
592.800537 206.030563 0.979460 
617.709778 234.028625 0.863848 
597.185364 148.727783 0.676173 
0.000000 0.000000 0.000000 
0.000000 0.000000 0.000000 
604.513123 241.396881 0.763244 
605.972351 300.224060 0.889628 
592.780579 357.582153 0.928841 
592.762207 239.908188 0.726259 
585.427307 295.791656 0.767755 
581.012268 336.956726 0.749838 
639.843567 123.829628 0.957491 
0.000000 0.000000 0.000000 
626.532654 123.811493 0.917607 
0.000000 0.000000 0.000000 
18
641.345520 134.076477 0.932593 
604.499695 154.608276 0.772900 
606.072083 157.557617 0.912004 
592.742188 204.564850 0.947384 
616.219299 231.070251 0.899438 
595.753296 148.724686 0.700904 
0.000000 0.000000 0.000000 
0.000000 0.000000 0.000000 
604.479919 241.388092 0.736305 
606.076416 300.179565 0.877932 
592.810974 357.554352 0.920468 
591.301086 239.916794 0.703920 
585.426941 294.276489 0.758597 
581.050232 336.946259 0.777861 
639.851318 126.729118 0.905403 
0.000000 0.000000 0.000000 
625.096985 125.246346 0.896741 
0.000000 0.000000 0.000000 
18
642.742798 136.987762 0.901920 
604.492249 153.174454 0.764324 
606.026123 157.570480 0.916031 
592.754456 204.553558 0.949157 
614.840698 229.691055 0.899031 
597.185669 147.343094 0.686748 
0.000000 0.000000 0.000000 
0.000000 0.000000 0.000000 
603.079163 241.350876 0.739903 
607.459106 300.142426 0.880992 
592.803955 357.511444 0.918121 
591.274902 239.890259 0.702300 
585.406006 294.273285 0.761619 
581.041260 338.424042 0.737333 
641.240173 133.961899 0.937190 
0.000000 0.000000 0.000000 
625.087219 128.172470 0.859753 
0.000000 0.000000 0.000000 
18
641.344299 144.271164 0.929814 
604.514771 154.608429 0.748176 
606.016968 157.575012 0.909190 
592.767395 204.523636 0.933518 
616.226929 231.111694 0.888938 
598.632996 147.349167 0.651300 
0.000000 0.000000 0.000000 
0.000000 0.000000 0.000000 
603.064880 241.359558 0.741744 
607.440186 300.154205 0.901893 
592.765259 357.491394 0.913207 
591.260132 239.888657 0.706571 
583.985535 294.317688 0.774085 
582.444641 338.419800 0.716298 
641.232483 135.494492 0.985221 
0.000000 0.000000 0.000000 
623.646729 131.067047 0.845534 
0.000000 0.000000 0.000000 
18
641.302734 145.754211 0.975319 
604.543152 156.043900 0.757885 
606.032593 157.599915 0.923802 
592.787354 204.598511 0.963466 
616.218079 235.472076 0.865818 
598.634766 148.740601 0.626987 
0.000000 0.000000 0.000000 
0.000000 0.000000 0.000000 
603.030945 241.389862 0.739773 
605.969482 300.154877 0.907551 
592.760803 357.495178 0.904104 
591.304016 239.924988 0.711237 
583.994141 297.208801 0.798357 
581.009094 339.904877 0.712517 
639.868896 135.601456 0.972810 
642.796570 135.431641 0.130997 
625.077576 131.107452 0.848419 
0.000000 0.000000 0.000000 
18
641.334045 145.831512 0.969140 
604.571350 156.097046 0.768829 
606.035583 159.006729 0.915137 
591.320496 204.681854 0.921337 
616.279297 239.847092 0.882287 
598.677979 148.770844 0.587925 
0.000000 0.000000 0.000000 
0.000000 0.000000 0.000000 
603.043518 241.427109 0.731331 
604.509521 300.209595 0.883709 
592.763184 357.513855 0.904780 
592.741333 239.941559 0.719260 
583.985657 295.780365 0.779595 
580.990479 339.885712 0.706119 
641.222229 137.034592 0.937861 
644.274109 135.539490 0.164377 
625.076538 131.127457 0.858259 
0.000000 0.000000 0.000000 
18
644.203003 145.858932 0.950277 
606.007996 156.074020 0.765876 
605.974182 159.004486 0.903755 
586.900330 206.047195 0.864489 
616.226379 239.852676 0.852141 
605.985107 148.789261 0.543153 
0.000000 0.000000 0.000000 
0.000000 0.000000 0.000000 
603.009644 242.840866 0.705015 
603.043640 301.627533 0.856498 
592.751160 357.528809 0.879572 
594.264404 241.371887 0.649772 
586.876953 297.265594 0.764852 
583.979980 345.734009 0.610807 
641.348755 138.465057 0.896103 
645.735413 135.554611 0.116668 
626.606140 132.574478 0.906723 
0.000000 0.000000 0.000000 
18
645.682129 147.228455 0.927943 
606.045715 156.082611 0.781745 
605.952271 159.029449 0.913853 
586.884094 206.139023 0.863740 
616.237793 241.310852 0.898357 
607.482788 150.204529 0.561416 
0.000000 0.000000 0.000000 
0.000000 0.000000 0.000000 
603.064026 244.306137 0.709548 
600.115479 303.132996 0.802545 
592.763977 357.552277 0.883284 
594.282532 242.825226 0.627876 
588.346252 298.691620 0.764431 
585.408936 347.200562 0.616743 
642.789429 141.366730 0.855898 
648.667480 135.615845 0.107704 
628.048279 134.017700 0.962435 
0.000000 0.000000 0.000000 
18
644.229309 147.360458 0.917119 
606.060913 156.123779 0.773596 
605.976135 159.016434 0.926555 
592.698547 207.558746 0.908774 
616.256287 241.333252 0.915403 
607.461487 150.251343 0.559250 
0.000000 0.000000 0.000000 
0.000000 0.000000 0.000000 
603.067078 244.342590 0.720853 
597.163696 303.109558 0.801456 
592.747559 357.540802 0.856893 
598.653503 242.864517 0.595112 
591.295166 298.754669 0.756449 
588.339050 347.262390 0.609780 
642.771606 144.319977 0.890030 
0.000000 0.000000 0.000000 
628.077271 134.083466 0.957423 
0.000000 0.000000 0.000000 
18
644.199951 148.807266 0.899890 
607.442932 157.585495 0.780812 
604.586853 159.085907 0.896072 
594.239746 210.508820 0.893906 
617.759094 241.422928 0.910807 
613.318481 156.114227 0.575620 
0.000000 0.000000 0.000000 
0.000000 0.000000 0.000000 
603.064209 247.251816 0.733963 
594.284668 303.105408 0.818102 
592.722412 357.517059 0.841630 
605.949829 244.325439 0.640501 
592.807068 300.215271 0.741310 
592.720764 348.681091 0.618240 
642.766724 145.738464 0.911128 
0.000000 0.000000 0.000000 
628.106689 134.109253 0.958509 
0.000000 0.000000 0.000000 
18
642.763062 153.129807 0.908529 
607.464111 157.620941 0.781512 
604.579468 160.519165 0.869248 
595.728271 214.928131 0.908111 
619.232483 245.804459 0.902358 
614.780579 157.529526 0.583060 
0.000000 0.000000 0.000000 
0.000000 0.000000 0.000000 
603.077454 248.690811 0.739138 
594.237061 303.117828 0.812366 
592.706970 357.539246 0.816850 
606.045227 244.325577 0.642522 
592.824280 301.626251 0.723617 
592.698730 348.723602 0.594709 
642.724426 145.823654 0.939204 
647.183716 145.745514 0.085544 
628.091064 135.479370 0.974312 
0.000000 0.000000 0.000000 
18
642.812683 151.713486 0.875837 
607.505432 157.631516 0.792867 
604.575928 160.561890 0.852320 
594.300537 216.371460 0.970269 
617.770264 248.738800 0.925861 
614.841370 157.517334 0.622351 
613.315002 207.544525 0.081452 
0.000000 0.000000 0.000000 
601.599243 248.721405 0.737267 
594.194824 301.649872 0.815910 
591.323364 357.487518 0.790181 
608.937439 244.325653 0.622958 
592.795166 300.194336 0.749125 
592.731323 347.267578 0.600808 
642.761292 145.832199 0.924131 
650.080444 145.750198 0.102014 
628.120300 135.498672 0.962332 
0.000000 0.000000 0.000000 
18
644.246826 153.132889 0.862132 
608.920654 159.010712 0.785131 
604.586304 161.971420 0.858793 
594.200073 216.358337 0.978670 
616.333557 250.140762 0.927560 
616.232178 157.556046 0.633398 
0.000000 0.000000 0.000000 
0.000000 0.000000 0.000000 
603.039856 250.204910 0.748144 
592.777283 303.122620 0.786833 
591.317627 357.520905 0.767975 
607.500305 248.712265 0.605305 
592.765625 301.637695 0.743748 
592.749756 348.703796 0.607724 
644.201660 145.841827 0.908776 
648.647888 145.800339 0.077233 
629.512878 135.532440 0.946325 
0.000000 0.000000 0.000000 
18
645.690552 153.174545 0.857876 
608.961304 159.015259 0.774607 
605.966553 162.004700 0.841128 
592.789978 216.368805 0.969410 
616.263672 248.714676 0.899213 
616.245117 157.547012 0.614319 
0.000000 0.000000 0.000000 
0.000000 0.000000 0.000000 
603.040283 250.180237 0.747979 
592.761963 303.108704 0.792114 
591.298401 357.530609 0.756688 
608.926453 248.695099 0.594611 
592.767273 301.633270 0.733763 
592.775940 348.728333 0.617892 
644.242676 145.861313 0.899228 
650.117004 145.810211 0.085731 
629.555298 135.529099 0.946860 
0.000000 0.000000 0.000000 
18
647.173157 153.159668 0.856202 
608.967773 159.003387 0.773542 
605.979126 163.435547 0.834639 
591.314270 216.350067 0.919100 
614.842407 250.186401 0.880584 
616.230652 157.503632 0.583906 
0.000000 0.000000 0.000000 
0.000000 0.000000 0.000000 
603.029602 250.214996 0.747812 
592.754150 303.107208 0.793804 
591.286499 357.532104 0.760046 
607.476990 248.725891 0.585787 
592.759705 301.636200 0.725869 
592.804932 348.734283 0.632447 
645.681580 145.853973 0.897021 
651.539673 145.765228 0.094528 
629.545715 135.559830 0.946029 
0.000000 0.000000 0.000000 
18
647.172852 154.600449 0.844134 
611.874451 159.001938 0.776524 
605.977234 163.427460 0.838367 
588.362122 216.316711 0.875075 
613.367432 250.138855 0.847691 
616.313232 156.110779 0.601778 
628.023376 194.312088 0.057287 
0.000000 0.000000 0.000000 
603.034180 250.167419 0.752150 
592.780151 303.102844 0.802128 
591.291016 357.555969 0.773697 
610.413452 247.242645 0.569174 
592.771179 300.245544 0.714284 
592.787720 350.159302 0.605450 
645.721008 147.216522 0.880626 
0.000000 0.000000 0.000000 
629.589294 135.599670 0.925995 
0.000000 0.000000 0.000000 
18
648.615784 154.602097 0.855099 
613.330017 159.036102 0.793763 
605.994934 163.464066 0.833333 
582.556580 214.880188 0.896121 
611.898926 244.340454 0.849206 
617.720154 157.517258 0.607816 
626.577393 191.390457 0.067158 
0.000000 0.000000 0.000000 
604.466248 247.257965 0.750088 
592.785950 301.678894 0.815136 
591.294739 357.549652 0.773941 
613.328552 244.297836 0.595340 
592.819275 300.231964 0.733972 
592.811218 348.728882 0.628234 
645.724060 147.219803 0.890034 
651.515198 145.808990 0.078644 
629.572815 136.969528 0.922863 
0.000000 0.000000 0.000000 
18
648.653381 154.613235 0.872378 
613.349792 159.046082 0.797038 
606.015869 163.435120 0.829291 
582.405090 213.431091 0.893131 
608.950806 241.355560 0.933042 
617.720886 157.532196 0.610460 
622.177490 191.362701 0.076109 
0.000000 0.000000 0.000000 
604.455872 250.191803 0.749996 
592.794006 303.122681 0.822370 
591.306885 357.541046 0.794048 
610.402039 248.733109 0.582764 
594.210266 301.647156 0.732910 
592.781860 350.152588 0.634331 
647.161377 147.223099 0.897626 
651.550354 145.788605 0.081762 
629.584656 136.973984 0.920013 
0.000000 0.000000 0.000000 
18
648.618774 154.645462 0.871122 
613.376282 159.026199 0.800299 
606.014282 161.972687 0.841383 
580.961487 209.044968 0.896084 
611.854004 239.860352 0.924505 
617.760071 157.529892 0.638838 
619.285217 186.989853 0.130092 
0.000000 0.000000 0.000000 
604.496338 250.172867 0.758956 
592.821472 303.157593 0.824801 
591.310791 357.558563 0.803259 
611.885742 248.702057 0.599332 
594.208618 301.672607 0.728483 
592.807190 350.163391 0.636479 
647.146118 147.249374 0.901161 
0.000000 0.000000 0.000000 
629.594238 136.981308 0.921286 
0.000000 0.000000 0.000000 
18
648.647339 154.644333 0.884538 
613.370789 159.024567 0.811700 
606.000732 161.990936 0.839162 
579.550537 209.030548 0.888723 
614.838684 235.473831 0.932927 
617.754578 157.518890 0.664620 
620.685913 188.454224 0.204049 
0.000000 0.000000 0.000000 
604.515930 250.154495 0.758929 
594.171936 303.155121 0.837957 
591.324402 357.570007 0.818879 
614.777527 247.247116 0.638404 
594.199646 301.658447 0.733399 
592.758850 350.195251 0.615163 
647.165588 147.251099 0.912172 
0.000000 0.000000 0.000000 
629.579651 136.985504 0.926467 
0.000000 0.000000 0.000000 
18
648.624451 154.638260 0.885185 
614.772278 159.045868 0.829608 
605.972839 161.996964 0.846293 
580.941650 210.495758 0.895857 
619.210999 231.113419 0.910054 
617.803711 157.545746 0.684714 
617.781128 200.174850 0.349804 
632.469971 229.619461 0.297594 
604.516663 248.701233 0.750204 
594.185120 303.143982 0.842570 
591.315186 357.555573 0.817074 
616.224548 245.777924 0.683906 
594.218140 301.648071 0.752605 
592.756958 350.188171 0.623521 
645.717712 147.250168 0.914386 
651.587952 145.759628 0.084909 
629.553772 136.961838 0.934145 
0.000000 0.000000 0.000000 
18
648.606079 154.638855 0.870442 
614.759033 159.036865 0.819838 
605.948486 163.448395 0.842215 
581.059326 213.411636 0.910473 
626.551270 229.569321 0.923094 
617.810913 157.524323 0.660407 
616.329102 203.148117 0.441450 
635.427124 226.687881 0.491085 
603.077942 248.700516 0.729572 
594.201050 303.133209 0.838452 
591.297729 357.553650 0.825616 
614.843079 245.782303 0.694357 
594.245728 301.637054 0.753956 
592.757080 350.161407 0.611383 
645.702698 147.254639 0.904610 
651.551758 145.784760 0.087674 
629.521423 136.968414 0.937058 
0.000000 0.000000 0.000000 
18
647.177246 153.138184 0.854780 
613.327148 159.056519 0.819319 
604.577759 164.903229 0.847113 
582.551392 214.933868 0.917275 
628.083313 228.180115 0.939599 
617.794556 157.531372 0.658725 
616.291260 201.674728 0.292360 
631.053406 225.201385 0.292506 
603.050415 248.698196 0.726107 
594.231812 303.108154 0.846312 
591.316284 357.528870 0.835528 
614.845825 244.297928 0.712845 
594.254333 301.638214 0.757459 
592.712097 348.731567 0.596658 
644.253357 145.860413 0.920159 
651.556213 145.716934 0.106873 
629.479919 135.580414 0.956143 
0.000000 0.000000 0.000000 
18
647.179749 148.779053 0.860478 
613.315125 159.112335 0.814822 
604.518555 166.403641 0.854549 
591.246948 216.384521 0.930008 
633.941162 228.060043 0.850372 
619.253906 157.573792 0.693658 
620.682373 198.729843 0.486238 
639.769104 216.400833 0.547390 
603.018372 245.787384 0.695308 
594.210327 301.683319 0.849745 
591.313538 357.537231 0.822178 
616.241455 242.862518 0.731376 
594.300293 300.249969 0.740052 
592.774658 350.153870 0.631066 
644.213196 145.763321 0.916173 
651.613647 144.345688 0.164954 
628.094177 135.531662 0.958626 
0.000000 0.000000 0.000000 
18
647.174866 147.328033 0.896502 
613.336670 160.511856 0.811070 
604.511047 167.869446 0.867612 
592.791260 217.832535 0.970809 
638.343079 225.184067 0.819922 
620.722961 157.564972 0.704577 
625.082275 194.338531 0.670745 
641.289734 213.443848 0.721081 
604.457642 250.203217 0.759484 
594.232117 303.111847 0.829211 
591.322632 357.528564 0.818646 
616.232544 245.790344 0.704431 
594.272583 301.656006 0.723850 
592.774231 348.728088 0.617283 
644.201721 144.324951 0.886952 
651.536743 138.481674 0.102806 
628.068848 135.531540 0.930383 
0.000000 0.000000 0.000000 
18
648.616028 147.258621 0.913412 
611.878418 160.535172 0.786604 
604.468079 169.320221 0.870417 
595.739990 219.327469 0.876957 
641.335388 220.795990 0.970731 
619.262390 157.519165 0.666652 
626.526367 192.888824 0.519619 
641.224243 204.638565 0.436590 
603.049072 250.176987 0.771739 
594.227783 301.692230 0.852880 
592.689270 357.522675 0.822446 
616.214111 244.304123 0.711482 
594.273438 301.632019 0.722257 
592.752625 348.737701 0.607497 
642.815125 142.869156 0.871263 
651.560913 139.908310 0.120600 
628.039856 135.540634 0.930580 
0.000000 0.000000 0.000000 
18
648.632263 147.213531 0.919255 
611.890503 160.526962 0.799868 
604.494019 169.317078 0.886045 
603.012817 219.337067 0.861775 
641.346191 217.950256 0.997154 
619.244934 157.514008 0.682267 
626.607361 192.785004 0.647324 
641.337585 201.671692 0.639119 
604.449036 250.152145 0.762139 
594.235291 301.709808 0.842571 
592.690674 357.534576 0.824367 
616.219421 242.882034 0.701437 
594.247986 301.646637 0.714822 
592.708374 350.171753 0.597655 
644.207092 141.390350 0.875003 
651.570007 136.989563 0.139952 
628.028870 135.494751 0.915092 
0.000000 0.000000 0.000000 
18
648.650879 145.843491 0.923120 
613.306824 160.510910 0.796866 
604.557495 169.297714 0.897242 
604.543274 219.304474 0.916012 
645.699097 217.893906 0.946829 
617.814575 157.524551 0.680879 
627.978210 191.372742 0.669911 
642.812256 203.099457 0.681185 
604.470886 250.213287 0.798376 
594.222107 301.679352 0.852181 
592.691101 357.509247 0.816680 
614.814087 244.332275 0.697047 
594.267517 300.243713 0.721958 
592.764160 348.724060 0.621645 
644.235840 139.907532 0.872678 
651.553955 135.543701 0.128443 
628.037231 135.452911 0.908456 
0.000000 0.000000 0.000000 
