38
1
18
628.113708 132.532990 0.879000 
592.787537 160.526978 0.875682 
601.601135 169.318344 0.865386 
598.676514 226.628906 0.846719 
608.935791 267.814697 0.853942 
582.483215 157.533768 0.802800 
581.020264 210.494278 0.061679 
0.000000 0.000000 0.000000 
592.746460 253.166275 0.727118 
583.988342 310.442566 0.835286 
581.009277 360.456116 0.867390 
579.538513 250.200256 0.706855 
580.966492 308.977051 0.716329 
582.460266 353.106476 0.629516 
626.604309 123.814560 0.938581 
0.000000 0.000000 0.000000 
613.347351 128.164093 0.850084 
0.000000 0.000000 0.000000 
18
629.455627 132.543533 0.878890 
592.786377 160.543442 0.866220 
601.608826 169.323410 0.866417 
600.143555 226.620483 0.852524 
608.920349 266.421875 0.857691 
582.471497 157.562897 0.802126 
582.462341 211.975311 0.061326 
0.000000 0.000000 0.000000 
592.720459 253.140213 0.730562 
585.410156 309.014191 0.825886 
581.048401 359.051910 0.873863 
579.516785 250.174042 0.698376 
578.056580 306.049316 0.701632 
579.501526 353.107056 0.626296 
627.968323 123.816246 0.938259 
0.000000 0.000000 0.000000 
613.370728 128.152664 0.854661 
0.000000 0.000000 0.000000 
18
629.456909 132.539688 0.878524 
592.790833 160.548828 0.868693 
603.004272 169.336960 0.868128 
601.551270 225.212601 0.851190 
608.931030 266.411774 0.861683 
582.473633 157.554367 0.801628 
581.016296 211.973251 0.063490 
0.000000 0.000000 0.000000 
592.723328 253.109604 0.733713 
585.422974 308.981323 0.808613 
581.061279 359.059479 0.862908 
578.082397 248.718506 0.684543 
575.102173 301.685364 0.719507 
578.042114 353.096222 0.633514 
627.972534 123.812805 0.940983 
0.000000 0.000000 0.000000 
614.767517 128.159470 0.856755 
0.000000 0.000000 0.000000 
18
629.458008 132.535797 0.873369 
592.789734 160.546692 0.863529 
603.002014 169.324203 0.868040 
600.111511 225.205231 0.847021 
608.969788 266.415039 0.848559 
582.474915 157.565567 0.800031 
581.007019 211.982391 0.067758 
0.000000 0.000000 0.000000 
592.737671 253.101547 0.731780 
585.444397 308.960358 0.803548 
581.065063 359.037842 0.861933 
578.073975 248.709244 0.688149 
573.656921 301.640442 0.746204 
576.613586 353.112518 0.636773 
627.979431 123.807739 0.938103 
0.000000 0.000000 0.000000 
614.781555 128.135803 0.860625 
0.000000 0.000000 0.000000 
18
629.469299 132.544479 0.876439 
592.781799 160.549149 0.868075 
603.007813 169.329956 0.870447 
601.553101 226.613144 0.854954 
610.399475 266.382050 0.870333 
582.458313 157.566925 0.805343 
582.452820 213.442062 0.066959 
0.000000 0.000000 0.000000 
592.763733 253.149536 0.748389 
585.433533 309.018951 0.820035 
581.050415 359.052429 0.872771 
578.072205 250.168854 0.707060 
573.648438 301.675812 0.740035 
576.607910 353.100525 0.642978 
627.983093 123.812523 0.939186 
0.000000 0.000000 0.000000 
614.762817 128.163361 0.859714 
0.000000 0.000000 0.000000 
18
629.471497 132.532440 0.868970 
592.772888 160.554596 0.866557 
603.018372 169.333176 0.872065 
601.559265 226.639435 0.859874 
610.423523 266.351288 0.880992 
582.440247 157.573639 0.810505 
582.456909 214.893570 0.072136 
0.000000 0.000000 0.000000 
592.776184 253.169373 0.752042 
585.436768 310.426300 0.826005 
581.052246 360.438660 0.878439 
578.050659 250.186798 0.714262 
573.633118 301.665466 0.738969 
575.143250 351.622650 0.640201 
627.983826 123.806374 0.938769 
0.000000 0.000000 0.000000 
614.769287 128.167328 0.858719 
0.000000 0.000000 0.000000 
18
629.461060 132.553650 0.888417 
592.763672 161.951965 0.870472 
603.032959 169.326889 0.875993 
601.571350 226.625183 0.860303 
611.884460 266.346741 0.881432 
582.418701 157.591736 0.823117 
581.016907 214.910477 0.084404 
0.000000 0.000000 0.000000 
592.816223 253.187698 0.748748 
585.409668 310.432373 0.812976 
581.045227 359.049133 0.858478 
579.499512 251.619705 0.741079 
573.646484 303.111969 0.732380 
579.481873 354.554688 0.627786 
627.981262 123.820633 0.943290 
0.000000 0.000000 0.000000 
614.773987 128.156204 0.854774 
0.000000 0.000000 0.000000 
18
629.467041 132.541916 0.865624 
592.759705 161.967590 0.875847 
603.082703 169.336609 0.885097 
600.141174 226.616058 0.842281 
611.895508 264.922974 0.902999 
581.026123 157.588867 0.836635 
582.470398 214.919113 0.104474 
0.000000 0.000000 0.000000 
592.788330 253.154236 0.764042 
585.412903 310.422028 0.814577 
581.053467 359.060120 0.867873 
578.038147 250.197266 0.728783 
572.194580 301.646057 0.771099 
576.601013 353.108093 0.632437 
627.991028 123.812958 0.935671 
0.000000 0.000000 0.000000 
614.806274 128.144485 0.869367 
0.000000 0.000000 0.000000 
18
629.460327 132.538361 0.870680 
592.759277 161.952682 0.909109 
604.481384 169.333237 0.913311 
601.606018 223.717621 0.817997 
613.347595 264.911346 0.892146 
581.007324 157.567200 0.861302 
604.424194 216.344208 0.207751 
620.718140 217.816071 0.561411 
592.789734 253.115799 0.756706 
585.423340 309.022430 0.809111 
581.058899 359.043671 0.872864 
576.587280 248.725494 0.716332 
572.213745 300.213470 0.785810 
575.109985 351.634888 0.660035 
627.988342 123.811737 0.936707 
0.000000 0.000000 0.000000 
614.809570 128.135223 0.863468 
0.000000 0.000000 0.000000 
18
628.119080 132.553940 0.856094 
592.720215 160.554825 0.894171 
604.472534 169.320816 0.892269 
603.034851 225.213303 0.870036 
613.371643 264.918945 0.886007 
579.561401 157.559677 0.842308 
592.733521 182.639786 0.050466 
0.000000 0.000000 0.000000 
592.776184 253.098862 0.744825 
585.435730 309.030304 0.791001 
581.053284 359.052582 0.857069 
575.130615 248.732330 0.709629 
572.209778 300.200562 0.779890 
576.587463 351.657257 0.633852 
627.985657 123.823883 0.921058 
0.000000 0.000000 0.000000 
614.824341 126.721764 0.872701 
0.000000 0.000000 0.000000 
18
628.088684 132.540039 0.809157 
592.699829 160.527618 0.917592 
604.489929 169.318375 0.909423 
603.043518 225.183685 0.872843 
614.803406 264.912964 0.905099 
579.514771 157.519867 0.842877 
610.403625 179.598312 0.316619 
644.211609 176.694290 0.303287 
592.777649 253.155838 0.749701 
585.441528 310.477020 0.803705 
581.052002 360.439056 0.856299 
576.579102 250.207443 0.718281 
573.661438 303.136322 0.730141 
578.057983 354.587433 0.634414 
627.979370 123.825768 0.895360 
0.000000 0.000000 0.000000 
616.213501 126.710609 0.879808 
0.000000 0.000000 0.000000 
18
628.067566 132.584686 0.845752 
591.309387 160.532364 0.893861 
604.487427 169.318802 0.901961 
603.036560 223.754837 0.873728 
614.843445 264.918274 0.909614 
578.062134 157.541412 0.840336 
601.565918 178.122940 0.104240 
0.000000 0.000000 0.000000 
592.806580 253.131882 0.762925 
585.439636 310.469574 0.810689 
581.039856 359.061829 0.859442 
576.577454 250.179123 0.709883 
572.214172 301.685364 0.760539 
578.075684 354.582306 0.634881 
627.962524 125.208298 0.894769 
0.000000 0.000000 0.000000 
614.820374 126.706116 0.869737 
0.000000 0.000000 0.000000 
18
628.097900 132.585434 0.797850 
591.303650 160.497452 0.907195 
603.073242 169.339005 0.893339 
603.047913 225.174927 0.858526 
614.849731 264.941071 0.892900 
579.521912 156.079666 0.846277 
613.339661 170.783707 0.645436 
628.079773 154.629501 0.819477 
592.796143 253.147430 0.756832 
586.862976 310.445648 0.806412 
581.053040 359.065369 0.863310 
576.590576 250.171707 0.715092 
572.220947 300.236816 0.761565 
578.044922 354.550812 0.635878 
627.979553 125.229568 0.912768 
0.000000 0.000000 0.000000 
614.791931 128.177582 0.870481 
0.000000 0.000000 0.000000 
18
628.050659 132.539093 0.715725 
591.325256 160.502640 0.910873 
604.472351 169.363998 0.929083 
603.026184 225.190262 0.842033 
616.225952 264.916107 0.896551 
579.521545 156.068893 0.846059 
614.758728 169.356216 0.555901 
626.561890 148.790497 0.795128 
592.809937 253.143921 0.759602 
586.884399 310.436737 0.805290 
581.051575 359.063965 0.871331 
578.025574 250.181091 0.714539 
573.642944 301.650116 0.740563 
576.599304 353.109589 0.635600 
626.583984 125.207123 0.859056 
0.000000 0.000000 0.000000 
614.797424 128.163879 0.858400 
0.000000 0.000000 0.000000 
18
628.089539 134.014481 0.889395 
591.273376 160.547073 0.872585 
603.007507 169.365448 0.922392 
603.022583 225.192261 0.861080 
616.224670 264.907867 0.918331 
579.506897 157.520386 0.839746 
580.993835 216.398117 0.097952 
0.000000 0.000000 0.000000 
594.186340 253.172882 0.761913 
586.872070 310.460541 0.818028 
581.037842 359.069885 0.872798 
578.071899 251.607697 0.733311 
572.241882 301.654816 0.746912 
576.565613 353.118713 0.643153 
627.967468 125.262421 0.918826 
0.000000 0.000000 0.000000 
613.325073 128.190796 0.846640 
0.000000 0.000000 0.000000 
18
628.111328 134.029343 0.921677 
591.284607 161.980789 0.857097 
602.999329 170.744965 0.908038 
601.574890 226.608536 0.850788 
616.207886 264.900604 0.926935 
579.517090 157.558182 0.830250 
581.002380 216.392929 0.089451 
0.000000 0.000000 0.000000 
594.189331 253.190521 0.756335 
586.866638 310.461639 0.814004 
581.035400 359.054688 0.873468 
579.518921 251.631912 0.736377 
573.644409 301.698242 0.736772 
578.048035 354.551361 0.634936 
627.972717 125.254860 0.933425 
0.000000 0.000000 0.000000 
611.851563 129.613525 0.842800 
0.000000 0.000000 0.000000 
18
628.101990 134.089767 0.919280 
591.268188 161.967560 0.859059 
601.595337 170.755997 0.932987 
601.578979 226.621536 0.861726 
614.764282 264.950134 0.910644 
579.498230 157.539505 0.822404 
613.309265 170.878769 0.234216 
616.317627 159.095764 0.347568 
592.823730 253.183594 0.748613 
586.867737 310.451172 0.809347 
581.044434 359.057098 0.867799 
579.522583 251.616699 0.731966 
572.244751 301.664185 0.741303 
576.601318 353.108856 0.625955 
627.967285 126.716087 0.911143 
0.000000 0.000000 0.000000 
610.418457 131.079773 0.857099 
0.000000 0.000000 0.000000 
18
628.114563 134.099030 0.901438 
591.241150 161.977249 0.857863 
601.571533 170.782974 0.926258 
600.121216 226.618774 0.850105 
610.438538 264.969360 0.886377 
578.073120 157.520447 0.812959 
614.766296 172.268967 0.377818 
617.724060 157.601395 0.424861 
592.812683 253.176651 0.741765 
585.450012 310.426270 0.797408 
581.052551 359.053223 0.847627 
579.490234 250.216370 0.730179 
572.226685 301.663147 0.750490 
578.063171 354.574402 0.633788 
627.972229 128.139130 0.907202 
0.000000 0.000000 0.000000 
610.417114 131.099304 0.865092 
0.000000 0.000000 0.000000 
18
629.472534 134.100082 0.924707 
591.246948 161.998383 0.835020 
600.113770 170.776489 0.902947 
598.662720 226.642319 0.861977 
608.928589 266.365051 0.888380 
579.509033 157.546082 0.806689 
580.982544 214.908478 0.058414 
0.000000 0.000000 0.000000 
592.760925 253.186218 0.733619 
586.863037 310.439697 0.812018 
581.046021 360.444275 0.855896 
579.498779 251.611847 0.717097 
573.670776 303.112305 0.713157 
578.078003 354.576233 0.619592 
627.973267 126.732826 0.915165 
0.000000 0.000000 0.000000 
610.410522 131.108841 0.867312 
0.000000 0.000000 0.000000 
18
628.098572 134.076340 0.912898 
591.251038 161.974396 0.850991 
600.132751 170.776459 0.919005 
595.755066 225.221939 0.876592 
607.461792 266.392822 0.891618 
579.508789 157.524399 0.807864 
613.316162 172.243805 0.310412 
616.355652 160.487488 0.392235 
592.767761 253.135849 0.731168 
586.891418 310.414215 0.801144 
581.032959 360.443970 0.852337 
579.485474 250.169128 0.710433 
573.668579 301.666901 0.727975 
578.076721 354.547546 0.618592 
626.603821 126.721039 0.912420 
0.000000 0.000000 0.000000 
610.408325 131.115707 0.870772 
0.000000 0.000000 0.000000 
18
629.465454 134.079865 0.904411 
591.240662 161.968628 0.868539 
600.141541 170.799774 0.916038 
595.749634 225.215210 0.876571 
606.060425 266.396301 0.893995 
578.087097 156.116058 0.811078 
616.233765 170.886246 0.552943 
617.794067 157.527557 0.551460 
592.764954 253.152115 0.735975 
585.446899 310.439453 0.802987 
581.044678 360.449921 0.862680 
578.084106 250.164780 0.716036 
573.662720 301.701996 0.718191 
578.055603 354.548859 0.622213 
627.969910 128.146484 0.917657 
0.000000 0.000000 0.000000 
610.402893 132.530365 0.890647 
0.000000 0.000000 0.000000 
18
628.110535 134.078537 0.906066 
591.256226 161.978882 0.863408 
601.556519 170.797867 0.923901 
595.742493 225.199554 0.878615 
606.026550 266.387756 0.905411 
579.501770 157.520844 0.814419 
614.827576 170.878235 0.404226 
617.741455 158.995941 0.404136 
592.758362 253.136887 0.738615 
585.448242 309.011627 0.790839 
581.044678 359.061432 0.868424 
579.488525 250.156174 0.709901 
573.672546 301.632263 0.730131 
578.047119 353.103271 0.623197 
626.610107 128.141510 0.911266 
0.000000 0.000000 0.000000 
610.426453 132.533035 0.883656 
0.000000 0.000000 0.000000 
18
628.051697 135.473083 0.873182 
591.259094 161.962616 0.874806 
601.553650 170.800018 0.925440 
595.753052 226.610291 0.877913 
606.044983 266.406647 0.897296 
579.502136 157.514359 0.818367 
616.260925 172.271408 0.548028 
617.770874 157.600555 0.606727 
592.771362 253.135696 0.738965 
585.444458 310.408356 0.785886 
581.047180 359.070648 0.861485 
579.494995 250.154877 0.714895 
573.692078 301.659088 0.714876 
578.044739 353.116058 0.614076 
626.568542 129.642441 0.885913 
0.000000 0.000000 0.000000 
608.979370 132.543839 0.887001 
0.000000 0.000000 0.000000 
18
628.054504 135.486740 0.877032 
591.238098 161.976608 0.858669 
600.135193 170.801392 0.926696 
595.743958 225.214462 0.886910 
607.451538 266.416260 0.892271 
578.077087 157.512527 0.809006 
614.837158 170.885117 0.415803 
617.735291 160.514160 0.445954 
592.777283 253.160217 0.735555 
585.435059 310.450836 0.792669 
581.044739 359.073395 0.862990 
579.499084 250.187790 0.715184 
575.105530 303.138977 0.702503 
578.060486 353.120392 0.611025 
626.569946 129.651932 0.877960 
0.000000 0.000000 0.000000 
610.381653 132.558578 0.896314 
0.000000 0.000000 0.000000 
18
628.049500 135.477249 0.808675 
589.848572 161.954758 0.874913 
601.549927 170.801071 0.919577 
597.170715 225.210419 0.868870 
607.475830 266.396271 0.878078 
578.059021 156.096527 0.812551 
616.323792 170.841934 0.628869 
619.220337 157.503052 0.581570 
592.746704 253.129639 0.748212 
585.451050 308.980621 0.793079 
581.043701 360.438080 0.852512 
578.050415 250.149734 0.711052 
572.221497 300.242950 0.760848 
578.030823 353.089478 0.622876 
626.572937 129.655563 0.854568 
0.000000 0.000000 0.000000 
608.981628 132.574432 0.919171 
0.000000 0.000000 0.000000 
18
628.032898 135.460663 0.814930 
589.829041 160.562912 0.870716 
600.099487 170.804550 0.918755 
597.159668 225.212204 0.871758 
608.926636 266.391724 0.866556 
578.055481 156.090332 0.805387 
617.742981 170.824127 0.641857 
617.790955 157.561661 0.562800 
592.714722 253.147827 0.738939 
585.447815 309.011993 0.800048 
581.046753 360.439056 0.855421 
576.604309 250.171432 0.706883 
572.226929 301.661804 0.761778 
576.615234 353.103363 0.630927 
626.545227 129.647858 0.840672 
0.000000 0.000000 0.000000 
608.940918 132.586563 0.927686 
0.000000 0.000000 0.000000 
18
628.043213 134.073822 0.821922 
589.826782 160.553391 0.873132 
600.099121 170.813095 0.911301 
597.161194 226.608398 0.869722 
608.973633 266.389709 0.860731 
578.047913 156.075500 0.803677 
617.750916 170.822937 0.667341 
617.752808 157.542374 0.568644 
592.729797 253.147964 0.740102 
585.425476 310.412354 0.795261 
581.047729 360.444427 0.852950 
576.609619 250.170013 0.706527 
572.220581 301.668152 0.766704 
576.589233 353.102661 0.625129 
626.547302 128.194275 0.847623 
0.000000 0.000000 0.000000 
608.942749 132.600693 0.933661 
0.000000 0.000000 0.000000 
18
628.035095 135.453934 0.792481 
589.808655 160.555634 0.869260 
600.096802 170.816696 0.897654 
600.089600 226.617966 0.849610 
610.400330 266.396179 0.854129 
576.618591 156.070969 0.811065 
617.736023 170.799591 0.685728 
617.804871 156.091583 0.550860 
592.737976 253.170044 0.742027 
585.424194 309.031677 0.797530 
581.041931 360.439362 0.850302 
576.607056 250.197968 0.716781 
572.238525 301.682098 0.748396 
579.494141 354.580078 0.632077 
626.542847 129.652298 0.822875 
0.000000 0.000000 0.000000 
608.977295 133.966370 0.924399 
0.000000 0.000000 0.000000 
18
628.079468 134.027130 0.799058 
589.798218 160.558014 0.868631 
598.650452 170.809921 0.886058 
598.668518 226.632568 0.847139 
610.419189 266.407776 0.846958 
578.054871 156.075317 0.819317 
616.298218 170.889786 0.741473 
617.819946 156.065308 0.681662 
592.730347 253.151489 0.743525 
585.438965 308.993927 0.790045 
581.053040 359.059418 0.854996 
576.595581 250.169296 0.713697 
572.233765 301.632629 0.772912 
578.029297 353.101715 0.628118 
626.575256 128.150467 0.853556 
0.000000 0.000000 0.000000 
610.399841 133.984818 0.948598 
0.000000 0.000000 0.000000 
18
628.050659 134.080093 0.803285 
588.378601 161.978867 0.849284 
598.632996 170.827576 0.897542 
598.630005 226.652466 0.863881 
610.405334 266.395630 0.856182 
578.052246 156.100998 0.810081 
616.287109 172.280594 0.671665 
617.752686 157.512558 0.611026 
592.718750 254.587265 0.739927 
585.425476 310.422577 0.803062 
581.045288 359.067505 0.845437 
576.596863 251.609726 0.723478 
572.232422 301.673553 0.748530 
578.077148 354.567780 0.633806 
626.551331 129.627213 0.839348 
0.000000 0.000000 0.000000 
611.888000 134.000336 0.937074 
0.000000 0.000000 0.000000 
18
627.996216 135.463882 0.706471 
588.375793 161.970215 0.851952 
598.665649 170.831116 0.902858 
597.174927 226.628342 0.883656 
608.950928 266.364380 0.873287 
576.614380 156.105347 0.819252 
614.839844 172.256165 0.548267 
617.725708 159.014664 0.468735 
592.733154 253.170761 0.743003 
585.440125 309.017883 0.796457 
581.043701 359.056152 0.854560 
576.575684 250.187592 0.715622 
572.242981 300.223145 0.737671 
578.057373 353.100311 0.628169 
626.525635 131.119003 0.774587 
0.000000 0.000000 0.000000 
613.347229 134.021652 0.960255 
0.000000 0.000000 0.000000 
18
627.966187 135.495987 0.548848 
588.369873 160.555511 0.863247 
598.676514 170.806900 0.891410 
597.212585 226.645081 0.874519 
607.521729 266.373047 0.863249 
576.600830 156.079681 0.823913 
616.261841 170.881012 0.679649 
617.819458 156.060379 0.608436 
592.703125 253.101486 0.733339 
585.444763 307.556671 0.791898 
581.048340 359.039978 0.848989 
575.129272 248.693680 0.700743 
572.223755 300.154724 0.772074 
578.034912 351.654175 0.625426 
626.520264 132.564590 0.675624 
0.000000 0.000000 0.000000 
614.764587 134.046371 0.955296 
0.000000 0.000000 0.000000 
18
627.970825 134.104843 0.531096 
588.346863 161.955887 0.852839 
598.646118 170.815735 0.871330 
597.211243 226.645294 0.864669 
607.511536 266.358246 0.866460 
576.608459 156.084763 0.823302 
616.283386 172.247757 0.745119 
617.777893 154.621994 0.689332 
591.323181 253.122009 0.730283 
585.452087 307.558533 0.793272 
581.051575 359.044098 0.854490 
575.129944 248.728485 0.705078 
572.205933 300.158173 0.777806 
576.574829 350.187500 0.622624 
626.533813 132.537659 0.656953 
0.000000 0.000000 0.000000 
614.784180 134.017090 0.929151 
0.000000 0.000000 0.000000 
18
626.594482 135.473114 0.510843 
588.368713 161.968857 0.847342 
598.662354 170.843414 0.889423 
597.178406 226.643127 0.877649 
607.474915 266.382782 0.878358 
576.605652 156.090408 0.814811 
614.821411 170.891937 0.493611 
617.705200 159.090179 0.433206 
592.702209 253.105698 0.734501 
586.880310 308.968475 0.793732 
581.049561 359.066406 0.851807 
575.150574 248.709808 0.696712 
572.209900 300.183533 0.778456 
576.565857 351.657715 0.625281 
626.521545 132.546265 0.641979 
0.000000 0.000000 0.000000 
614.839966 134.031418 0.967438 
0.000000 0.000000 0.000000 
18
626.569397 135.523346 0.460320 
588.379944 161.969437 0.858148 
600.090271 170.862534 0.884230 
597.179504 226.661728 0.885974 
607.465393 266.402588 0.878751 
576.592041 156.085617 0.817957 
616.262024 170.876434 0.588935 
617.747375 157.591843 0.470028 
592.718872 253.124710 0.739038 
586.856995 308.996918 0.789476 
581.044312 359.062866 0.839821 
576.592224 248.724442 0.698236 
572.202026 300.192932 0.781570 
576.584534 353.083099 0.626726 
625.113342 133.968536 0.612673 
0.000000 0.000000 0.000000 
614.778748 134.064209 0.968049 
0.000000 0.000000 0.000000 
18
627.978149 135.554947 0.643921 
589.789246 161.958786 0.860448 
601.548401 170.839539 0.888332 
598.632446 226.648682 0.870424 
607.475037 266.396637 0.872671 
575.159241 156.077728 0.829134 
616.268066 170.842941 0.636118 
617.844177 156.112488 0.613903 
592.731018 253.132980 0.739915 
585.446350 310.409943 0.784740 
581.057739 359.054779 0.844511 
576.600037 248.730682 0.703285 
572.211670 300.210693 0.769112 
576.607971 353.097992 0.632038 
626.526855 133.978531 0.763486 
0.000000 0.000000 0.000000 
613.369202 134.036850 0.930546 
0.000000 0.000000 0.000000 
18
626.602600 135.561172 0.575768 
588.370117 161.976044 0.856339 
598.679199 170.844528 0.884083 
600.096008 226.685165 0.870926 
607.499817 267.841614 0.842102 
576.579102 156.091232 0.815425 
616.247925 172.261948 0.604763 
617.760925 157.562805 0.574630 
592.712402 253.155121 0.735724 
585.403320 308.991486 0.794430 
581.042053 359.035461 0.853188 
575.142151 250.155457 0.712071 
572.197083 300.236816 0.764491 
579.484436 354.548981 0.630715 
625.112000 133.990982 0.720842 
0.000000 0.000000 0.000000 
613.349060 134.088226 0.962722 
0.000000 0.000000 0.000000 
18
627.985352 137.007111 0.755000 
589.809509 161.963623 0.862002 
600.141663 170.837051 0.907244 
600.127136 228.059708 0.880938 
607.527344 267.848236 0.837330 
576.588318 156.095001 0.822073 
616.207520 170.860016 0.388784 
616.344788 161.991531 0.377302 
592.724304 253.130890 0.733813 
585.394226 308.996796 0.789938 
581.034912 359.040375 0.840983 
575.137024 248.723450 0.698496 
572.193176 300.205994 0.770614 
579.513184 354.557434 0.635441 
626.517700 134.024200 0.857752 
0.000000 0.000000 0.000000 
611.882690 134.083054 0.933869 
0.000000 0.000000 0.000000 
18
628.069519 135.548996 0.795851 
589.819275 161.973145 0.872082 
601.604370 170.855804 0.904643 
601.566589 226.684845 0.877838 
608.921448 267.817841 0.846982 
575.144043 156.079239 0.823412 
616.309021 170.752609 0.532170 
617.791626 156.105743 0.395884 
592.717651 253.112823 0.738167 
585.401062 307.550720 0.796300 
581.037598 359.035736 0.853154 
573.681152 247.273605 0.698083 
572.215820 300.180664 0.771918 
579.521973 353.110870 0.628640 
626.575562 132.554474 0.857409 
0.000000 0.000000 0.000000 
610.423096 134.035965 0.951727 
0.000000 0.000000 0.000000 
