32
1
18
520.694153 158.980057 0.918824 
511.890442 170.742081 0.942521 
482.518158 170.741348 0.880672 
475.072754 217.901901 0.926654 
475.118805 261.981018 0.949363 
542.769897 170.737915 0.867193 
548.632935 217.876846 0.909339 
557.397156 264.928833 0.890859 
495.699585 259.029419 0.741951 
494.237335 313.468903 0.841047 
491.353729 364.862213 0.820610 
528.085632 257.535583 0.740881 
526.583862 312.000702 0.870370 
533.874512 364.868683 0.831640 
511.944336 150.201126 0.923697 
523.728821 150.259293 0.888593 
500.190399 142.883133 0.871274 
533.928223 144.322296 0.230876 
18
522.161194 157.624069 0.943217 
513.355042 170.754807 0.919022 
485.401459 170.733948 0.894182 
475.206116 217.895905 0.941485 
476.553345 263.450562 1.003786 
545.677917 170.771790 0.905915 
548.710754 217.850555 0.899780 
557.455017 264.938721 0.897331 
497.153534 259.022766 0.745576 
494.271179 314.882477 0.848471 
491.340363 364.849701 0.816524 
531.000916 258.996857 0.745620 
526.604126 312.017334 0.867937 
533.878296 364.858063 0.827698 
513.393677 148.804001 0.890993 
526.581787 150.231232 0.861805 
501.615265 142.892426 0.862487 
534.005310 144.333664 0.219418 
18
523.618347 157.617889 0.947278 
514.820251 170.741089 0.910644 
486.833862 169.395660 0.912576 
476.605499 217.906296 0.942425 
476.661041 261.975922 0.981432 
545.749939 170.756653 0.931214 
550.105225 217.865646 0.892201 
557.484131 264.951447 0.902992 
498.603241 259.026947 0.764704 
495.726685 314.880188 0.847290 
491.334473 363.432281 0.816657 
532.498291 257.538300 0.775384 
528.063538 312.003235 0.850810 
533.894348 364.863831 0.823827 
516.333923 150.203110 0.844625 
529.540955 150.194336 0.870398 
503.065887 144.310623 0.857254 
534.036987 142.834320 0.163477 
18
523.703796 157.615204 0.938752 
516.323181 170.740356 0.907319 
486.932495 169.383911 0.934171 
476.670441 217.910919 0.929927 
478.058868 263.343475 0.959791 
547.138550 170.769272 0.934567 
553.065308 217.929245 0.855582 
557.507874 266.339661 0.908767 
498.611511 257.570374 0.761134 
495.738586 314.867981 0.852970 
491.335785 363.428009 0.818178 
533.879028 257.562073 0.777631 
528.059082 311.994049 0.866336 
533.889343 363.419861 0.826190 
519.275635 150.205261 0.855411 
532.436523 148.793549 0.904361 
503.112457 144.319016 0.858711 
535.442993 142.814499 0.086970 
18
525.137024 157.607666 0.916485 
517.798584 170.749146 0.909557 
488.321472 170.733078 0.927898 
478.072906 217.855576 0.936730 
476.683807 261.912964 0.957893 
547.192322 170.777557 0.924250 
554.555420 217.924393 0.870703 
558.907654 266.403534 0.878076 
498.686371 257.556519 0.777653 
497.162903 314.864197 0.856950 
491.344604 363.421906 0.814252 
533.957520 258.989716 0.805537 
528.073914 312.017334 0.838630 
533.875488 363.411835 0.819578 
520.737427 150.198074 0.869786 
533.871094 148.774551 0.928373 
506.040527 144.344025 0.841917 
535.494263 142.799225 0.072214 
18
525.183411 157.633759 0.879991 
520.713440 170.778748 0.929011 
488.411926 169.396027 0.923831 
479.542816 217.783524 0.899040 
476.629486 260.493622 0.962787 
548.665894 170.852142 0.883640 
557.392395 219.350433 0.889809 
559.005554 267.850922 0.893085 
498.687988 257.523834 0.784812 
497.197418 313.464783 0.881390 
492.770142 364.851685 0.815079 
533.976746 258.988342 0.820000 
530.983398 313.401459 0.848686 
533.897156 363.431213 0.824197 
522.135193 150.224167 0.862719 
533.945557 148.809586 0.923302 
508.964203 144.301361 0.864955 
536.943115 141.407928 0.166747 
18
528.065918 157.582108 0.867160 
522.114685 170.758575 0.944126 
488.446899 169.353912 0.921499 
479.567017 216.442627 0.907277 
476.600189 261.925690 0.966644 
550.109436 170.850052 0.868026 
557.448120 219.323471 0.906565 
560.406372 266.417786 0.879821 
500.104279 256.106018 0.788394 
498.617126 313.441589 0.921760 
492.771790 364.860168 0.822550 
535.394043 257.544678 0.819957 
531.033630 313.401733 0.850368 
533.895874 364.850494 0.822445 
522.228333 148.775421 0.910885 
534.002075 148.763062 0.944707 
510.394257 142.843781 0.885893 
541.300659 139.937927 0.146954 
18
529.567932 157.556641 0.890913 
522.199036 170.751785 0.956441 
491.300262 169.376694 0.903128 
481.023804 216.423599 0.896920 
475.201385 260.490692 0.942060 
551.589233 170.822861 0.863717 
557.499878 217.922104 0.926897 
561.866028 267.869202 0.854035 
500.156158 256.083588 0.795467 
498.644714 313.439789 0.911011 
492.776550 364.851135 0.819721 
535.440979 257.543793 0.810039 
532.452271 313.423126 0.857406 
533.884216 363.412018 0.829251 
523.623840 148.720078 0.951067 
535.393311 148.753433 0.949420 
510.467651 142.827087 0.908105 
544.261353 142.852386 0.165569 
18
533.890503 157.535568 0.937010 
523.647888 170.753799 0.942081 
494.269714 169.322647 0.880869 
482.521759 216.421173 0.902562 
475.192413 258.995972 0.934747 
554.549011 170.882767 0.846925 
557.526917 220.766541 0.884869 
567.725281 269.297302 0.844454 
500.179474 256.101715 0.799821 
498.691986 313.420624 0.934238 
492.781067 364.861877 0.829806 
535.476868 259.005737 0.797277 
532.504089 312.007324 0.877811 
533.893250 363.410217 0.826415 
525.113403 147.335617 0.944430 
536.907654 148.727249 0.914238 
511.884155 141.418457 0.895890 
545.708496 141.416214 0.117984 
18
533.950256 157.512054 0.944723 
525.132629 169.392883 0.922941 
497.191254 169.261383 0.895246 
485.427979 216.374252 0.925204 
475.205688 257.528870 0.932498 
557.438354 170.860229 0.890702 
558.912354 220.807587 0.880592 
569.176392 272.211761 0.859182 
501.593475 257.522644 0.783306 
500.075897 313.448212 0.927069 
491.352692 364.848724 0.828429 
536.905762 260.457458 0.772520 
533.883362 313.405731 0.881344 
533.887939 363.430054 0.825186 
525.185791 147.301117 0.918967 
538.401794 148.717834 0.898580 
511.987885 141.390381 0.882033 
545.793701 144.290970 0.251480 
18
535.378540 157.482681 0.933879 
526.619873 169.389633 0.914377 
498.637909 167.882416 0.915145 
486.862457 216.397858 0.941197 
476.597015 256.091980 0.937110 
557.524658 170.854660 0.919350 
559.004700 222.281250 0.876806 
569.292175 273.665131 0.872626 
501.594635 257.520691 0.775487 
500.116394 313.458679 0.917186 
491.357849 364.877594 0.832039 
536.889832 260.474579 0.781613 
533.927368 313.390808 0.891126 
533.892151 364.853943 0.833949 
529.535828 147.294571 0.885978 
541.334045 147.358856 0.909941 
513.426331 139.925583 0.851736 
547.152588 144.288620 0.116460 
18
535.510071 156.104568 0.919176 
528.104675 169.384537 0.911296 
498.702667 167.879578 0.927002 
486.893097 216.406693 0.938155 
476.644104 256.073486 0.920192 
558.900940 170.849854 0.931611 
560.476868 223.716019 0.843730 
570.770996 273.737274 0.858649 
503.078491 257.521667 0.758766 
500.174591 313.449463 0.897271 
492.811066 364.873352 0.836720 
536.944641 260.464844 0.770337 
533.954712 313.391479 0.891602 
533.907654 363.404541 0.840626 
532.488403 147.276291 0.918060 
544.263184 147.317688 0.961734 
517.757141 139.938080 0.832537 
547.248901 142.808441 0.079071 
18
538.357239 156.114304 0.886779 
532.433167 170.740921 0.925027 
500.148834 167.887726 0.929926 
488.330505 214.933472 0.912347 
478.116943 254.632385 0.905755 
558.982788 172.258194 0.899554 
566.293884 223.713486 0.841870 
573.686340 275.126526 0.830519 
504.581055 256.100372 0.749867 
500.194366 314.870972 0.878916 
495.696167 364.863098 0.844474 
539.825378 260.467468 0.762822 
533.992920 313.392334 0.906549 
533.922241 363.412476 0.857885 
533.955139 147.285568 0.946524 
545.723755 147.323792 0.986253 
522.109436 141.368744 0.884517 
548.682617 141.361725 0.117334 
18
539.829834 156.102066 0.884161 
532.507996 169.376068 0.937069 
501.612213 167.833618 0.892719 
488.425140 214.890671 0.901479 
483.974365 253.201096 0.930594 
559.006104 172.241287 0.881640 
569.181274 223.711700 0.867301 
579.480286 273.668030 0.844141 
507.487488 256.091980 0.757874 
501.580658 313.461884 0.876261 
495.720001 364.855621 0.846919 
542.750061 260.464478 0.760037 
535.380371 313.433746 0.884702 
533.923279 361.969971 0.845585 
534.019043 147.269028 0.972471 
545.776611 147.325745 0.988715 
522.179749 141.362289 0.908309 
550.110840 142.871964 0.095326 
18
542.739868 156.099823 0.885064 
533.935669 169.352829 0.940557 
503.090424 167.813538 0.864052 
489.835754 214.931396 0.901998 
485.432617 253.190384 0.957160 
560.427734 170.859451 0.875536 
569.260010 219.379257 0.883605 
580.914856 272.256622 0.849779 
508.913269 254.651047 0.763563 
501.583496 313.455444 0.876094 
495.734863 364.856293 0.850307 
542.764954 258.998566 0.755102 
535.403259 313.417450 0.895718 
533.919373 360.497345 0.859086 
535.412720 147.260727 0.986285 
547.174866 147.317703 0.967136 
522.253540 139.904785 0.914956 
554.554993 142.876282 0.119560 
18
544.250366 156.112564 0.912749 
533.997498 169.355270 0.945005 
506.002869 167.804169 0.850489 
491.334290 214.882095 0.855604 
486.852264 254.581497 0.963230 
561.878113 170.873215 0.850718 
570.703064 219.351883 0.892235 
580.985535 269.305695 0.867950 
508.934113 254.636261 0.769597 
501.601501 313.467468 0.878251 
495.749084 364.854370 0.847232 
544.199036 257.550140 0.770286 
535.406799 313.428864 0.900807 
533.940247 361.918945 0.863712 
535.497437 147.250687 0.974377 
548.645691 147.314087 0.935591 
523.634399 138.465698 0.917771 
557.403320 144.260620 0.121079 
18
545.692627 156.123062 0.935526 
535.417847 169.364731 0.942700 
507.511169 166.396271 0.855990 
494.277191 213.411438 0.832000 
486.960999 254.579147 0.957236 
564.854858 172.276962 0.819974 
570.779663 222.235031 0.873664 
580.993896 269.290741 0.865411 
508.981018 253.189240 0.768472 
501.617615 313.419006 0.877928 
497.141205 364.850494 0.845450 
544.251709 256.086151 0.779478 
535.441711 313.415833 0.889006 
533.951355 360.502319 0.869397 
536.939453 147.252274 0.939043 
550.124390 147.335449 0.913364 
523.696350 138.461838 0.903770 
557.453491 144.283524 0.102576 
18
545.713196 157.484268 0.942263 
535.446228 169.365219 0.941653 
508.912506 166.395279 0.863750 
495.688354 213.441833 0.845091 
488.364471 254.644791 0.928159 
566.324341 172.282867 0.830404 
572.169434 222.236191 0.874759 
580.937439 270.800751 0.849331 
510.373810 253.176926 0.781576 
501.642914 312.025574 0.880231 
497.179901 364.856018 0.852358 
545.634827 256.067535 0.788198 
535.448547 312.009979 0.891953 
533.953552 360.482025 0.869274 
536.950989 147.256363 0.933410 
550.166809 147.344254 0.903078 
523.726990 138.489746 0.887962 
557.507080 144.295517 0.119923 
18
545.698669 157.483658 0.946135 
535.473633 169.368454 0.939040 
508.937622 166.382385 0.871735 
495.699799 213.454407 0.850242 
488.374847 254.659927 0.922852 
567.742004 172.295563 0.838151 
570.762634 222.258774 0.877199 
579.539795 273.671570 0.852638 
510.405029 253.166153 0.790113 
501.646271 313.407166 0.877923 
497.180359 364.876740 0.860455 
545.638184 256.072327 0.790468 
535.448486 312.007721 0.894845 
533.936829 361.911987 0.859593 
536.943909 147.257202 0.940935 
550.140320 147.350525 0.909279 
523.732666 138.497238 0.890012 
557.474426 144.372879 0.121178 
18
545.704834 157.490067 0.945185 
536.875366 169.373535 0.928921 
508.989563 166.366821 0.878845 
495.742401 211.982986 0.858854 
488.389191 254.662064 0.926226 
567.781006 172.307877 0.845035 
570.734314 223.734741 0.884468 
576.611206 269.321899 0.821282 
510.435730 253.189972 0.790731 
501.644928 313.427521 0.870716 
497.170685 364.864288 0.859258 
545.667297 257.556976 0.779967 
535.454285 312.009491 0.899254 
533.943115 360.489014 0.864301 
536.961548 147.269806 0.922394 
550.142395 148.717468 0.902205 
525.114441 139.907074 0.878661 
557.494812 145.724884 0.166697 
18
545.737854 157.486633 0.943611 
536.892151 169.382874 0.927265 
510.352173 166.355011 0.883822 
497.141083 213.400177 0.868573 
488.432861 256.054382 0.912152 
569.161804 172.313721 0.852260 
570.662476 223.750870 0.872696 
573.654358 267.847900 0.844021 
510.453186 254.594757 0.786669 
501.651917 313.425873 0.871023 
497.181793 364.877472 0.861001 
545.703735 257.567902 0.787183 
535.450623 312.021271 0.908280 
533.949219 361.921051 0.860556 
538.396362 147.271454 0.906134 
551.581787 147.370377 0.894391 
525.123840 138.487625 0.873257 
557.495300 144.347977 0.089808 
18
545.755920 157.498993 0.945463 
536.927002 169.388199 0.922781 
510.380463 164.946701 0.888060 
497.164215 213.398224 0.872008 
489.836029 254.661789 0.900307 
569.188599 172.325882 0.855712 
570.644653 222.257904 0.885540 
572.227844 267.817230 0.869444 
510.461212 254.592957 0.781601 
501.656494 313.412354 0.872314 
497.179169 363.429718 0.862554 
545.701538 258.995361 0.787814 
535.450928 312.015167 0.908961 
533.949341 360.462769 0.879979 
539.818237 147.284302 0.896251 
551.618286 148.721710 0.895668 
525.146667 138.484756 0.862799 
558.897339 144.302704 0.094263 
18
545.781799 157.496078 0.942118 
536.940247 169.390503 0.926892 
510.380890 166.358932 0.884855 
497.144928 213.431335 0.876746 
489.868103 256.061157 0.896729 
569.214539 172.326614 0.856772 
570.649719 219.350861 0.910057 
570.745178 264.943756 0.927777 
510.476471 253.187027 0.788297 
501.652649 313.413727 0.872414 
497.189240 364.852600 0.865614 
545.718140 257.544922 0.791840 
535.460144 312.009399 0.911809 
533.944397 360.491272 0.871734 
539.854248 147.291107 0.890639 
553.052551 147.363525 0.900169 
525.175598 139.906067 0.848982 
558.920227 144.265503 0.089078 
18
547.139648 156.116714 0.936345 
536.941162 170.737259 0.927351 
510.365540 166.406998 0.885792 
497.159393 213.459885 0.882051 
489.878296 256.048950 0.893053 
569.222473 172.325684 0.857773 
570.645142 219.316040 0.915652 
570.697632 264.847046 0.944182 
510.485718 253.191208 0.793901 
501.657532 313.421600 0.874127 
497.178558 364.857880 0.866652 
545.720093 257.549255 0.789949 
535.448486 312.021759 0.905565 
533.949585 360.495667 0.870848 
541.309021 147.275116 0.897426 
553.079895 147.343567 0.915874 
525.189880 138.474869 0.846430 
558.952759 142.871185 0.073685 
18
547.148865 156.119797 0.944065 
536.945190 170.743729 0.926376 
510.372650 167.813614 0.895042 
497.142059 214.905884 0.889076 
489.861145 256.072784 0.900533 
569.219727 172.321594 0.862506 
570.652466 219.336029 0.914846 
570.683289 264.869507 0.938397 
510.496185 253.181992 0.800178 
501.661346 313.393555 0.875556 
497.180023 364.855835 0.870503 
545.743103 257.530396 0.796422 
535.454163 312.011414 0.905611 
533.952637 360.484253 0.870808 
541.315796 147.273819 0.903356 
554.506287 147.338989 0.924651 
526.602661 138.485764 0.833723 
558.976318 142.852493 0.075998 
18
547.162903 156.115021 0.946803 
536.944824 170.749069 0.928423 
510.370026 167.832886 0.902100 
495.742676 214.919678 0.893661 
489.905029 256.090027 0.884154 
569.217834 172.323730 0.862288 
569.305603 219.311295 0.921986 
570.719910 264.882385 0.939326 
511.838837 253.185654 0.793389 
503.053497 313.391785 0.873435 
497.170074 364.854736 0.863973 
545.714905 257.523987 0.797076 
535.442749 311.989471 0.925228 
533.953247 360.473480 0.875122 
542.743164 147.270462 0.907954 
554.523926 147.333435 0.931319 
526.610779 138.471756 0.837728 
559.001282 142.832718 0.072497 
18
547.191406 156.115128 0.944569 
536.920410 170.757416 0.935449 
510.360962 167.850037 0.900074 
495.731537 214.929901 0.896363 
489.906433 256.055023 0.887252 
569.184448 172.330551 0.850673 
569.283081 219.322449 0.911077 
572.160156 264.970428 0.900155 
511.842072 253.189865 0.795029 
503.052490 313.393250 0.877461 
497.166870 363.420380 0.863388 
545.715332 256.104095 0.798816 
535.439209 311.973083 0.923992 
533.956238 360.463928 0.873529 
542.783081 147.271057 0.915984 
554.559265 147.325500 0.935365 
526.610596 139.901871 0.832646 
560.421509 139.904282 0.050334 
18
547.187134 156.101791 0.941447 
536.903564 170.768723 0.934803 
508.985687 167.864761 0.889460 
495.740112 214.928253 0.899872 
491.290100 256.076660 0.885213 
569.179260 173.730713 0.847755 
569.297607 220.770142 0.895264 
572.223938 266.388489 0.885096 
511.849213 254.609390 0.782902 
503.061310 313.411713 0.875680 
497.163666 363.427277 0.865154 
545.711182 257.563232 0.799034 
535.433594 311.996063 0.910450 
533.957642 360.470703 0.869406 
542.780334 147.259888 0.921396 
554.548828 147.316788 0.935743 
526.587097 138.466354 0.851098 
560.411804 139.906662 0.054851 
18
547.145081 156.073303 0.941448 
536.879456 170.760330 0.935579 
508.964691 167.857697 0.889778 
495.731567 216.314819 0.908691 
489.898560 257.526581 0.881640 
567.792236 172.332123 0.844783 
570.655396 220.822296 0.881071 
573.648682 266.397736 0.867130 
511.849640 254.634918 0.771745 
503.077148 313.411072 0.872378 
497.170990 363.413269 0.866955 
545.704529 258.991394 0.793293 
535.433472 312.015015 0.899345 
533.967224 360.503510 0.859044 
541.312317 147.228760 0.921263 
553.085876 147.302353 0.934136 
525.155884 137.043152 0.881643 
559.016113 141.404694 0.060122 
18
547.122009 154.618958 0.946001 
535.493347 170.753036 0.946259 
508.947144 167.870407 0.898427 
495.699890 216.326660 0.902587 
489.874084 257.558197 0.895556 
567.737488 172.304337 0.845115 
570.673218 220.821854 0.884005 
575.097839 266.405792 0.855816 
510.495789 254.649414 0.773016 
503.056702 313.424835 0.873229 
497.170837 363.431091 0.865281 
545.673279 259.021606 0.794086 
535.431580 313.395020 0.884141 
533.966309 360.508087 0.859415 
539.852295 145.833267 0.935516 
553.072571 147.251221 0.951374 
525.147461 137.011337 0.901072 
558.936218 142.858704 0.070840 
18
547.131470 154.589310 0.933716 
535.467041 170.752213 0.951036 
508.936005 167.863205 0.891014 
494.251526 216.375153 0.900535 
489.826172 260.465454 0.909698 
566.305786 172.294479 0.837539 
570.676819 220.791931 0.885723 
575.095764 267.847321 0.849480 
510.479706 256.065491 0.773556 
501.652374 313.427155 0.878668 
497.163879 364.865143 0.855621 
545.660461 259.032379 0.789697 
535.447815 313.423676 0.877545 
533.973022 360.507599 0.862420 
539.861145 145.829285 0.932404 
553.059509 147.221008 0.947358 
525.128662 137.020813 0.901885 
558.903198 139.906647 0.073865 
18
545.752075 153.135376 0.924773 
535.431946 170.745880 0.959901 
507.505707 167.876434 0.888954 
492.795410 216.380997 0.897223 
488.465668 260.462097 0.914994 
564.852417 172.276031 0.841552 
570.664124 219.376297 0.890072 
573.659912 267.866852 0.845150 
510.445099 254.643372 0.777167 
501.641724 313.440826 0.873446 
497.159180 364.852722 0.854225 
545.638062 258.996643 0.782803 
535.461487 313.397186 0.883587 
533.968750 360.472595 0.871175 
538.387512 145.796112 0.940687 
551.594788 145.867233 0.939524 
525.120422 137.012314 0.907616 
557.437134 141.391327 0.098316 
18
545.705933 151.702988 0.910814 
535.392700 170.755630 0.957662 
506.041138 169.266693 0.888927 
492.778534 216.399353 0.896270 
488.446899 259.039734 0.912921 
563.380188 172.266876 0.836943 
569.244812 219.336212 0.898749 
572.232544 267.853760 0.840807 
510.434784 254.641281 0.779666 
501.642975 313.430695 0.874416 
497.161438 364.849030 0.852422 
544.266907 257.569855 0.779471 
535.436890 312.012207 0.893211 
533.970581 360.464966 0.872188 
536.954529 145.779419 0.941403 
550.139343 145.849777 0.937082 
523.745972 136.975021 0.927398 
557.478699 141.416397 0.201294 
