33
1
18
513.375610 154.635986 0.920340 
510.474792 184.041534 0.923640 
486.910400 184.003448 0.906251 
481.009979 228.108841 0.821642 
482.522369 259.029602 0.814288 
535.405396 184.092758 0.889514 
539.829224 228.106262 0.883520 
535.387451 260.506927 0.902128 
497.176514 253.199997 0.825959 
498.676605 300.168823 0.913034 
498.619812 342.805023 0.876272 
523.650757 254.581009 0.827982 
520.697693 300.161316 0.847397 
520.735107 342.824524 0.845941 
510.399017 147.292664 0.971576 
522.132141 147.338760 0.960836 
500.168701 148.792999 0.854012 
525.179382 151.702484 0.704205 
18
513.383423 156.034958 0.924591 
510.470856 184.008179 0.928163 
486.901367 182.595001 0.912025 
479.551971 226.679520 0.810599 
478.145691 257.519470 0.832796 
535.402588 184.082275 0.895560 
539.820251 228.117844 0.887241 
535.404175 261.921417 0.911657 
497.168457 253.181366 0.824795 
498.653595 300.174713 0.904742 
498.614105 342.801819 0.867652 
523.643982 253.199951 0.825712 
520.665710 300.169037 0.828940 
520.744690 342.829376 0.844441 
510.404236 147.302597 0.973727 
522.137451 147.349609 0.962997 
500.170715 148.803955 0.847986 
525.175293 151.717209 0.674540 
18
513.395508 156.043991 0.922994 
510.468079 184.020050 0.922926 
486.912506 182.613663 0.902844 
479.573578 226.646561 0.804094 
476.691406 254.596176 0.861263 
535.386719 184.084534 0.896159 
539.832764 228.107758 0.889486 
535.424622 261.920898 0.909591 
497.181061 253.189346 0.821674 
498.655670 300.151459 0.913117 
498.610504 342.798462 0.868090 
523.640930 253.204330 0.825575 
520.681213 300.150940 0.836395 
520.753052 344.230621 0.849684 
510.412811 147.308563 0.973786 
522.149292 147.359512 0.963521 
500.157959 150.197968 0.863751 
525.170227 153.146286 0.619809 
18
513.391479 156.068649 0.928848 
510.471893 184.008987 0.925880 
486.913544 182.611145 0.909082 
479.567383 226.689133 0.817236 
476.665802 256.063232 0.861850 
535.393372 184.064102 0.904648 
539.838135 228.084641 0.886861 
535.442993 261.895844 0.902475 
497.158783 253.185989 0.823142 
498.630768 300.159790 0.908658 
498.615601 342.790680 0.867039 
523.637878 253.193573 0.836470 
520.679504 300.155396 0.845572 
520.739990 342.843536 0.848831 
510.412476 147.323563 0.968035 
522.146179 148.722977 0.952112 
500.155975 150.192642 0.866859 
525.174255 153.148087 0.628156 
18
513.382935 156.078384 0.932867 
510.470123 184.027359 0.925373 
486.905457 182.631424 0.908703 
479.562439 228.067047 0.827771 
476.663849 256.085571 0.861157 
535.398315 184.081268 0.899381 
541.280334 228.062973 0.876264 
535.485474 260.486023 0.888675 
497.161499 253.167099 0.834007 
498.634003 300.126160 0.914312 
498.616089 341.359344 0.864976 
523.638916 253.166931 0.846243 
520.681702 300.144226 0.844954 
520.745667 342.834808 0.842851 
510.408081 147.335587 0.962165 
522.133484 148.734711 0.943325 
500.161835 150.205978 0.863059 
525.171692 153.156372 0.677493 
18
513.384766 156.082748 0.933646 
510.466095 184.031616 0.923206 
486.900269 182.634415 0.904875 
479.561096 226.688797 0.826055 
476.696777 256.051666 0.860708 
535.394958 184.093674 0.893480 
541.292358 228.058182 0.877767 
535.498474 260.454834 0.879151 
497.180756 253.151047 0.836891 
498.636963 300.122101 0.913552 
498.610504 342.784271 0.865691 
523.644775 253.148010 0.847525 
520.675903 300.125854 0.842539 
520.750122 342.844208 0.842385 
510.409576 147.340195 0.960199 
522.133179 148.740479 0.943224 
500.161072 150.210632 0.866569 
525.161377 153.164185 0.660996 
18
513.375610 156.091217 0.937282 
510.485443 184.045212 0.921771 
486.932800 182.638046 0.909467 
479.585541 226.678223 0.818150 
476.704590 254.628479 0.861965 
535.402649 185.496948 0.891984 
541.277527 228.071152 0.884581 
535.496338 260.489288 0.888440 
497.203705 253.163528 0.836069 
498.632904 300.131714 0.903281 
498.623871 342.827271 0.866359 
523.665100 253.180084 0.840939 
519.275513 300.170410 0.838623 
520.739868 344.264832 0.853101 
510.401245 147.348694 0.955525 
522.125610 148.751083 0.934765 
500.167175 150.227982 0.860034 
525.183105 153.176208 0.722906 
18
513.370544 156.113297 0.943088 
510.466309 184.042419 0.925515 
486.908325 182.639740 0.907677 
481.007935 226.672516 0.809795 
478.070404 254.615341 0.859179 
535.383118 185.481247 0.898781 
544.188293 226.688034 0.894748 
535.397278 258.989868 0.878848 
497.179932 253.177643 0.825402 
498.624573 300.157166 0.901227 
498.627197 342.823334 0.867511 
523.655212 253.183441 0.841119 
519.255188 300.177521 0.836384 
520.752869 344.236908 0.846538 
510.383423 148.731644 0.931048 
522.107788 148.770370 0.932815 
500.131958 151.695953 0.845497 
525.137573 154.608032 0.662592 
18
513.354980 156.058838 0.932591 
510.458954 184.009720 0.931089 
486.894440 182.631943 0.908555 
481.010162 226.654129 0.804225 
478.060608 254.595932 0.869588 
535.365356 184.047195 0.909209 
545.741211 219.347473 0.924616 
532.510193 245.787155 0.857564 
497.201050 253.149048 0.833212 
498.639435 300.155518 0.916666 
498.635345 342.846771 0.872397 
523.656189 251.714264 0.835190 
520.664551 298.772095 0.843264 
520.743652 344.231018 0.840430 
510.369537 147.326965 0.947039 
520.749939 147.367233 0.943925 
500.097290 150.209686 0.861849 
525.136353 153.131180 0.644526 
18
513.386169 150.206100 0.912726 
510.467346 182.535614 0.955322 
486.897766 182.553329 0.910586 
481.009735 226.626648 0.783491 
478.092194 254.610962 0.825128 
534.014526 182.514206 0.960971 
553.093323 216.408310 0.887508 
533.997620 217.807678 0.874532 
497.202667 253.089523 0.835825 
498.642487 300.120911 0.915056 
498.635590 342.822479 0.872610 
523.635193 251.714645 0.853585 
520.662537 298.775452 0.848836 
522.115662 344.234131 0.845612 
510.381897 145.843262 0.963616 
522.106201 145.870758 0.972183 
500.099915 147.334076 0.865486 
525.105286 148.735565 0.509954 
18
513.398254 148.746597 0.940793 
511.849457 181.107727 0.941288 
486.934479 182.541550 0.888048 
481.012054 226.666473 0.792535 
478.085693 254.644714 0.814984 
535.415344 181.023758 0.903434 
555.980591 214.872925 0.879027 
533.953064 192.833984 0.791137 
497.209412 253.086365 0.842407 
498.652893 300.131104 0.910339 
498.617249 342.837463 0.871957 
523.635986 251.691040 0.851289 
520.686462 298.777283 0.843959 
522.112305 344.237335 0.845523 
510.381653 145.769775 0.958989 
522.112915 145.799026 0.983234 
498.734192 147.272293 0.888012 
525.123108 147.367279 0.461894 
18
513.343994 147.267151 0.977379 
510.466034 181.104630 0.916689 
486.914001 182.605835 0.874261 
480.996796 228.090561 0.797557 
478.104553 256.090881 0.806357 
534.009583 179.578903 0.806693 
556.033203 204.542923 0.881106 
528.093079 170.862259 0.863998 
497.221375 253.151917 0.828778 
498.641052 300.154419 0.899776 
498.619873 342.821106 0.864056 
523.640259 251.719345 0.847009 
520.690552 298.776855 0.832525 
522.112000 342.839783 0.839917 
508.969055 144.304535 0.919826 
520.725891 144.310455 0.960862 
498.676392 147.242432 0.862734 
525.154358 147.307251 0.526886 
18
513.344666 147.338074 0.923927 
510.455017 182.516678 0.952475 
486.930939 182.604477 0.891355 
481.005310 228.120667 0.803638 
478.112885 257.537262 0.821474 
533.910156 181.132172 0.836577 
550.146851 195.850861 0.863964 
528.073853 167.841370 0.882542 
497.209045 253.153351 0.823029 
498.633484 300.159821 0.893519 
498.614868 342.834747 0.863428 
523.608948 253.085358 0.844275 
520.670898 298.776459 0.826305 
520.752380 342.840424 0.838206 
508.979034 144.366043 0.943251 
520.728333 145.743500 0.950220 
498.691559 147.250595 0.839758 
525.125122 147.314529 0.469353 
18
511.876343 147.328598 0.949311 
510.434540 182.494385 0.950390 
486.917755 182.623749 0.898895 
481.001068 228.151855 0.806263 
478.116364 257.558044 0.813506 
532.509277 181.062073 0.826758 
547.230896 195.857147 0.906116 
525.162781 167.838318 0.901211 
497.180573 253.150818 0.813944 
498.638580 300.148407 0.894293 
498.621582 342.828400 0.865402 
522.223877 251.709747 0.836065 
520.659302 298.760834 0.832635 
522.102600 342.823700 0.832700 
506.040680 145.729446 0.913117 
517.769348 144.361130 0.897508 
498.616821 147.299759 0.865991 
523.680115 147.289185 0.704958 
18
510.457520 153.186325 0.881976 
510.465363 182.519348 0.947549 
486.843536 185.509323 0.865872 
479.560150 229.603622 0.823527 
478.091431 257.560516 0.818051 
535.437500 179.578491 0.880323 
545.715759 206.080200 0.913777 
522.150635 170.823166 0.953260 
497.153931 253.136230 0.816192 
498.625610 300.144501 0.889142 
498.618073 342.833710 0.867874 
522.245056 251.713242 0.850401 
519.254578 298.765625 0.822556 
520.749023 342.831787 0.831080 
503.103485 147.302979 0.910068 
514.822998 147.245209 0.918087 
497.189362 151.716919 0.784719 
523.670654 148.750885 0.807190 
18
510.349457 160.499680 0.881634 
510.384003 184.007660 0.946260 
485.374725 185.529144 0.871204 
479.547028 228.149628 0.868359 
476.670288 256.060608 0.859363 
534.010132 182.562653 0.939693 
535.459595 216.386841 0.964844 
513.419678 181.107239 0.917996 
495.715668 253.085144 0.807571 
498.607513 298.773804 0.889464 
498.621490 342.828125 0.865420 
522.185486 251.711792 0.848170 
519.227051 298.763733 0.828824 
520.735168 342.840027 0.825069 
501.624878 157.523529 0.924606 
511.972931 157.509552 0.931701 
495.701416 157.591293 0.662187 
523.604187 157.526489 0.883076 
18
504.575714 173.775436 0.823224 
510.393005 185.516388 0.886415 
485.434052 186.974716 0.862764 
478.115448 228.146851 0.878447 
476.637482 254.664017 0.892318 
533.926208 185.498428 0.867393 
530.989014 225.169403 0.888440 
510.470306 194.355820 0.881015 
495.691101 251.622131 0.831284 
497.211182 298.739594 0.896111 
498.615784 342.828033 0.866079 
522.167053 251.622040 0.862380 
517.770691 298.743408 0.843745 
520.738220 344.239136 0.834063 
500.137146 169.388336 0.944153 
510.463837 169.376953 0.942758 
494.254730 169.306305 0.225586 
522.164368 167.813782 0.812853 
18
498.642090 188.456848 0.801290 
508.948273 189.906876 0.891824 
485.409363 188.426605 0.858597 
478.066193 226.646271 0.878404 
476.566223 251.722244 0.947792 
532.447815 192.853653 0.914085 
523.676697 229.618622 0.928187 
508.957825 206.146240 0.899324 
492.770447 250.216507 0.820047 
497.199585 298.737335 0.903630 
498.623047 342.844910 0.884498 
520.749268 251.643814 0.868864 
516.292175 298.745117 0.862896 
520.728271 344.251251 0.844594 
495.693237 182.508987 0.753423 
503.066925 182.599930 0.739534 
491.292603 170.758911 0.113255 
519.224670 176.676300 0.646301 
18
494.234711 195.787216 0.837066 
506.043152 194.340836 0.912932 
482.528809 194.292953 0.879358 
476.691254 226.678543 0.913513 
476.559296 251.589218 0.934286 
528.085449 197.296692 0.810179 
522.214844 235.464981 0.882519 
505.996674 214.883911 0.958530 
491.322754 251.624512 0.855600 
497.188110 298.705933 0.888518 
498.622101 342.810791 0.878706 
519.276306 251.699173 0.854727 
514.829468 298.724701 0.881034 
520.732605 344.267151 0.855393 
488.401306 191.404938 0.862106 
500.088715 192.870697 0.846383 
486.922211 181.130569 0.102345 
513.361816 191.335907 0.609151 
18
489.875549 201.680603 0.854495 
503.098938 195.853287 0.862336 
481.034271 194.324539 0.859599 
476.637817 226.648438 0.938787 
475.138214 248.733536 0.891604 
525.107727 204.580063 0.854833 
520.746643 235.506744 0.808133 
503.067444 216.356781 0.844750 
489.866882 251.602844 0.855254 
497.153473 298.688324 0.882940 
498.612427 342.821503 0.888788 
517.757874 251.707794 0.824064 
513.363647 298.719666 0.912283 
520.723877 344.297791 0.863584 
486.973297 194.283478 0.788431 
498.622528 197.255692 0.853478 
486.869202 181.105331 0.077551 
511.864716 194.283813 0.698390 
18
489.890259 203.101791 0.869866 
503.103607 197.252060 0.824789 
479.576019 194.313171 0.862551 
476.604919 225.151276 0.881697 
473.692627 245.793533 0.852459 
525.134766 204.576263 0.844457 
523.675415 232.557373 0.456993 
507.476837 217.913879 0.518153 
488.427917 251.634521 0.883640 
497.162354 298.704803 0.875779 
498.607239 342.841492 0.891210 
517.757141 253.113846 0.802804 
513.359070 298.753204 0.894173 
520.727356 345.681122 0.871424 
486.957520 194.306412 0.776488 
498.597229 197.248276 0.846153 
483.968811 182.596008 0.126345 
510.462860 192.841171 0.740349 
18
488.435455 201.676926 0.869463 
501.662354 197.264099 0.814754 
478.117981 194.328674 0.886757 
475.201752 223.717239 0.896545 
473.683655 245.785599 0.855460 
523.723877 204.553741 0.859116 
522.183533 238.400848 0.515436 
507.477478 217.871872 0.541820 
488.404877 251.634628 0.899937 
497.166168 298.721375 0.880912 
498.599426 344.240906 0.893380 
516.325134 253.109146 0.805479 
513.358521 298.747162 0.901986 
520.739685 344.319000 0.879277 
486.870361 194.286331 0.752447 
497.143585 195.821991 0.823760 
483.963165 182.518311 0.089015 
510.396729 192.838974 0.771567 
18
488.397400 195.783676 0.932019 
501.581879 194.317368 0.909744 
476.683197 192.877930 0.941387 
475.160950 223.696121 0.890851 
473.681824 247.225952 0.856555 
523.708374 197.291809 0.868938 
519.258972 232.574524 0.724586 
507.462738 216.347443 0.665874 
488.403473 251.622879 0.920578 
497.164520 298.720306 0.894606 
498.600952 344.235504 0.897494 
516.328613 253.083740 0.829266 
513.385010 298.752106 0.910657 
520.747070 344.303711 0.877430 
485.465149 191.394577 0.849769 
497.169983 192.851791 0.904342 
479.543671 181.135437 0.131698 
510.397858 186.967697 0.736721 
18
488.426422 192.770309 0.940265 
500.185120 192.810928 0.928190 
476.665619 192.784439 0.931641 
475.151917 223.725571 0.894896 
473.703094 247.255112 0.831872 
523.648438 192.914032 0.935939 
520.750671 232.556244 0.864953 
503.063812 213.411545 0.832170 
488.413544 251.637726 0.917755 
497.169525 298.716095 0.894495 
498.605743 342.840820 0.892135 
517.765930 251.676086 0.841066 
513.400635 298.713562 0.907480 
520.738831 344.293427 0.877269 
486.861023 184.004517 0.888023 
497.185608 184.073441 0.876017 
0.000000 0.000000 0.000000 
510.409760 179.607346 0.786276 
18
489.833557 181.122253 0.919371 
500.179382 191.355469 0.900827 
476.701508 192.791168 0.910425 
475.162292 225.197678 0.899108 
473.689545 251.598389 0.878829 
522.254028 191.363403 0.867462 
522.136719 228.137695 0.923399 
501.645111 206.059296 0.883891 
488.405945 251.648193 0.917737 
497.156708 298.719788 0.899011 
498.612213 342.829590 0.894348 
516.308594 251.634262 0.837303 
513.411743 298.690247 0.896205 
520.737549 344.291840 0.870707 
486.915833 176.649124 0.889663 
497.190643 173.767456 0.845348 
0.000000 0.000000 0.000000 
510.379333 169.345551 0.840710 
18
491.320465 170.867844 0.884012 
500.074738 184.036041 0.930073 
476.594452 188.415756 0.916660 
475.095856 228.122620 0.920764 
473.684814 254.577682 0.874950 
522.232056 182.618042 0.881204 
522.203430 225.174042 0.884259 
503.082031 201.664352 0.816793 
488.384125 251.594696 0.897157 
497.175507 298.729553 0.913524 
498.613922 342.828369 0.889982 
517.750000 250.185211 0.813424 
514.835938 298.701324 0.877397 
520.726379 344.269592 0.856241 
486.966187 169.241821 0.964612 
498.635406 167.847610 0.914251 
482.501007 162.014938 0.162605 
510.368408 160.546677 0.830323 
18
495.696228 166.362213 0.856182 
498.732452 182.627563 0.948378 
475.202332 188.454697 0.913682 
475.074280 228.137894 0.930953 
473.657104 257.555817 0.821729 
523.608948 182.499573 0.917435 
523.620789 217.877808 0.959508 
505.996796 192.854721 0.871889 
488.372650 251.617218 0.903129 
497.180511 298.748413 0.909477 
498.604980 344.246826 0.897431 
517.766479 250.190659 0.798104 
514.835144 298.736267 0.885196 
520.726379 344.302612 0.873534 
488.350922 159.049225 0.998411 
498.712769 158.982117 0.963397 
481.018982 159.031555 0.584775 
510.366608 157.529144 0.915356 
18
494.228699 159.057724 0.909321 
500.088806 182.633865 0.963382 
475.209076 189.925583 0.932594 
475.061646 228.187943 0.907650 
473.700134 261.978912 0.851286 
523.664063 181.057480 0.942891 
525.120850 213.462616 0.899375 
504.558777 182.531876 0.909249 
488.411285 253.081848 0.885154 
497.191223 300.153473 0.894231 
498.609192 344.264618 0.898645 
517.789551 251.652466 0.812847 
516.288635 298.768463 0.854752 
520.737488 344.306213 0.866733 
486.960144 156.080811 0.962972 
498.730835 154.613953 0.942249 
479.531128 157.594543 0.650345 
510.421417 156.093170 0.902708 
18
497.145477 157.501770 0.907305 
500.104889 182.507004 0.982346 
476.562042 185.538116 0.913350 
475.072632 229.553162 0.902034 
475.086395 263.463501 0.883460 
523.672485 178.158386 0.912898 
526.636414 209.062164 0.854410 
508.927673 179.582565 0.901408 
488.418488 253.122559 0.854993 
497.184357 300.173584 0.882762 
498.614838 344.250458 0.889045 
517.790710 251.653976 0.814922 
514.876770 298.764771 0.849048 
520.733765 344.300140 0.860057 
488.373718 150.213959 0.930937 
500.096191 147.362579 0.963327 
482.466766 156.114655 0.777552 
510.406525 151.665131 0.856816 
18
498.650299 154.642563 0.923352 
498.735657 182.527908 0.963075 
475.182922 188.432999 0.904021 
475.060120 229.675995 0.878233 
475.108704 264.901489 0.878412 
523.662109 178.130844 0.899898 
532.508057 207.586182 0.918818 
510.400665 176.651550 0.941293 
488.415192 253.161407 0.846118 
497.151184 300.211365 0.865355 
498.614868 344.248230 0.889246 
517.778198 251.689575 0.820068 
514.868774 298.775269 0.846967 
520.735229 344.300293 0.859180 
489.832428 147.351288 0.946245 
501.594452 147.261108 0.986009 
482.469208 154.633255 0.838315 
510.456970 148.761032 0.801681 
18
498.721405 151.692093 0.930760 
500.116486 182.537048 0.975771 
475.182190 186.969894 0.899844 
473.682312 229.604813 0.884192 
475.150574 264.869080 0.895502 
523.718750 179.599945 0.906592 
535.422729 210.484756 0.920940 
510.454773 178.137329 0.889963 
488.423798 253.155243 0.839920 
494.266174 300.209381 0.852253 
498.608307 344.233459 0.879036 
517.767822 251.688156 0.811599 
514.870300 298.755310 0.851538 
520.726074 344.305939 0.859426 
491.312622 147.288300 0.930997 
501.671967 145.848053 0.959934 
485.386536 154.591644 0.852877 
511.855499 147.327560 0.822237 
18
500.107361 151.673996 0.936142 
500.116028 182.565903 0.969947 
475.201172 184.063293 0.907833 
473.675995 228.177261 0.873599 
476.550629 264.834473 0.880116 
523.706665 181.125092 0.905493 
538.384033 216.354507 0.924238 
517.780518 187.000061 0.722136 
488.402710 253.188690 0.839113 
492.819458 300.196045 0.842161 
498.599182 344.243286 0.884446 
516.321655 253.101532 0.800425 
514.866577 298.773315 0.848209 
520.726074 344.304596 0.865459 
492.807648 147.268585 0.912823 
503.113007 145.857712 0.939042 
485.430573 153.146103 0.843973 
510.476318 148.720184 0.644558 
18
500.096283 151.682587 0.924019 
498.723785 182.614716 0.961042 
475.180481 184.064606 0.899306 
473.689301 229.634445 0.876648 
476.597900 264.878876 0.883079 
522.255432 182.561157 0.907333 
542.745300 219.318954 0.876136 
514.860229 204.628067 0.794243 
488.405701 254.591125 0.828184 
494.255432 300.239594 0.843261 
498.597931 344.249420 0.897269 
516.304688 253.155090 0.798152 
514.829773 300.134033 0.865821 
520.724243 344.277252 0.854424 
492.801636 147.262726 0.898414 
503.109100 145.872253 0.922181 
485.429688 151.680710 0.825584 
510.447205 147.363312 0.630335 
18
500.092133 151.681778 0.923458 
498.668823 184.031082 0.930134 
475.133636 184.062714 0.908825 
473.661987 229.590393 0.877595 
476.608521 263.482117 0.892556 
522.229431 182.632462 0.925619 
536.957520 217.883560 0.890435 
522.207703 226.699875 0.819739 
488.392273 256.099060 0.809075 
494.242554 301.663147 0.824448 
498.598236 344.269684 0.904819 
514.853027 254.582642 0.793746 
513.431030 300.169678 0.871260 
520.725464 344.259827 0.864974 
492.805603 147.271759 0.900027 
503.098938 147.216019 0.926456 
485.444366 151.684280 0.834492 
510.433289 148.725952 0.623467 
