60
1
18
522.111511 213.431229 0.894543 
519.265930 228.057449 0.871399 
491.343353 226.625366 0.840427 
470.742737 261.911163 0.875670 
479.547424 284.031769 0.868700 
545.631470 228.117874 0.880517 
558.894409 266.418213 0.859186 
548.695923 251.680466 0.895810 
498.667847 285.497742 0.904455 
486.852356 329.608398 0.855550 
500.121521 370.763275 0.883635 
533.902405 286.894440 0.837776 
544.222046 325.166260 0.890535 
554.558838 370.714111 0.860002 
513.403137 206.081177 0.938290 
525.111389 206.088318 0.962777 
508.893616 204.594330 0.861782 
533.934692 204.609604 0.918837 
18
522.137207 213.411697 0.902707 
519.262207 226.692383 0.862465 
491.352539 226.622971 0.835951 
470.744843 261.914520 0.877531 
479.542999 284.021149 0.871733 
544.264343 228.095001 0.863054 
557.539307 266.420929 0.866251 
548.702454 251.631439 0.876742 
498.670532 285.508606 0.901761 
486.837311 329.583160 0.850253 
500.132263 370.733734 0.902671 
533.906250 286.914642 0.847991 
544.261658 325.219025 0.881966 
555.954590 370.743958 0.855320 
513.429871 206.067902 0.932648 
525.137451 206.080551 0.961489 
508.923645 204.595993 0.874082 
533.939087 204.611893 0.884242 
18
522.134277 213.407867 0.898099 
519.248779 226.693771 0.861274 
491.353394 226.620117 0.836519 
470.746704 261.913666 0.877679 
479.550385 284.023956 0.875276 
544.241211 228.098846 0.858502 
557.546021 266.407806 0.878722 
548.710083 251.641251 0.861920 
498.662445 285.507019 0.903591 
485.460693 329.601257 0.848832 
500.126007 370.740234 0.894101 
533.887085 286.911041 0.847458 
544.255188 325.176788 0.890682 
554.559631 370.768768 0.853231 
514.819092 206.071274 0.927594 
525.130432 206.086212 0.962133 
508.934875 204.597534 0.875341 
533.927612 204.622726 0.881216 
18
522.139404 213.398193 0.899812 
519.259155 226.695343 0.860505 
491.349579 226.628571 0.836079 
470.755280 261.921204 0.880415 
479.553680 284.028046 0.872754 
544.259094 228.096436 0.862725 
557.545105 266.396545 0.877855 
548.704651 251.635620 0.874948 
498.659027 285.501526 0.901682 
485.459015 329.608521 0.847917 
500.119568 370.734436 0.894262 
533.888367 286.905701 0.844941 
544.258057 325.168884 0.897354 
554.559387 370.758789 0.858307 
514.825195 206.068954 0.929006 
525.130859 206.080368 0.963929 
508.941559 204.608368 0.877364 
533.925659 204.622589 0.881942 
18
522.139465 211.988724 0.899780 
519.266052 226.696152 0.861953 
491.355347 226.627319 0.836477 
470.756012 261.920288 0.881041 
479.559906 284.016846 0.868446 
544.269592 228.102341 0.864755 
557.550171 266.418671 0.872537 
548.706543 251.630295 0.870400 
498.661957 285.498077 0.906168 
485.444550 329.609131 0.843920 
500.108704 370.731537 0.897914 
533.882202 286.905579 0.847267 
544.250610 325.156555 0.898629 
554.558411 370.768494 0.862801 
514.830139 206.065231 0.926691 
525.130615 206.079117 0.964207 
508.944000 204.607590 0.881612 
533.925415 204.634048 0.887821 
18
522.144043 211.986526 0.901831 
519.265381 226.694977 0.862572 
492.771729 226.621445 0.832102 
470.756104 261.921326 0.879651 
479.555908 284.016602 0.867683 
544.258179 228.099823 0.866706 
557.547974 266.395386 0.872296 
548.711731 251.641190 0.870119 
498.667023 285.499359 0.906581 
485.448761 329.583008 0.842776 
500.117523 370.743683 0.895442 
533.887756 286.897705 0.847648 
544.258545 325.171051 0.895781 
554.554932 370.761475 0.863047 
514.830078 206.061066 0.925988 
525.133911 206.073700 0.963596 
508.942413 204.602524 0.876357 
533.927551 204.623352 0.880594 
18
522.152527 213.422333 0.907740 
519.275391 226.696411 0.863746 
492.769775 226.618881 0.833982 
470.734833 261.915619 0.877766 
479.531708 284.013184 0.868902 
545.635254 228.112976 0.877384 
558.895935 266.396729 0.872327 
548.674500 251.618256 0.882253 
498.672607 285.504578 0.911599 
485.449097 329.592773 0.843395 
500.118713 370.713898 0.898549 
533.896667 286.899200 0.850718 
544.259705 325.173798 0.892278 
554.557068 370.783844 0.854087 
514.839172 206.074936 0.923673 
525.150146 206.101242 0.954472 
508.937073 204.594391 0.884155 
533.917664 204.628952 0.802153 
18
522.152405 213.448532 0.913417 
520.682434 226.690445 0.864786 
492.798004 225.205322 0.824915 
470.755920 261.907410 0.874683 
479.528320 284.002380 0.876866 
545.655029 228.131348 0.875309 
558.943298 267.837280 0.850784 
550.122375 250.202484 0.826021 
498.662415 285.484894 0.900576 
485.439575 329.595184 0.843009 
500.099518 370.694092 0.895172 
533.876465 286.892517 0.844320 
544.212769 323.779846 0.894262 
555.952087 370.712158 0.871188 
514.846985 206.095505 0.919166 
525.146179 206.119553 0.955704 
508.960785 204.622620 0.869537 
533.932373 204.649063 0.854020 
18
522.163147 214.873932 0.932139 
520.674988 226.685547 0.860952 
492.786926 225.219543 0.823538 
470.759186 261.899353 0.869379 
478.139191 284.008972 0.875459 
545.646179 228.114502 0.858513 
558.974426 266.390015 0.885713 
550.112549 242.861908 0.762742 
498.682953 285.501312 0.890996 
485.441010 329.587463 0.835442 
500.108948 370.712128 0.900059 
533.909363 286.900391 0.841015 
544.240540 325.169647 0.891216 
554.561462 370.729431 0.865531 
514.868469 206.121048 0.908637 
525.153381 206.158295 0.943179 
508.968109 204.633606 0.893807 
533.940857 206.023529 0.802866 
18
522.151917 213.463379 0.916447 
520.721558 226.698593 0.881151 
492.814789 225.205612 0.824604 
472.171265 261.898468 0.869208 
478.139038 284.010864 0.875897 
545.687195 228.123398 0.879064 
559.002991 264.929047 0.916506 
548.712402 239.916519 0.748641 
498.686035 286.888458 0.900118 
485.449585 329.592072 0.841325 
500.112030 370.734650 0.906380 
533.891235 286.924286 0.855544 
544.251587 323.774078 0.893672 
554.563721 370.722687 0.860364 
514.873352 206.108246 0.910748 
525.142883 206.144638 0.948796 
510.357483 204.616623 0.863299 
533.941711 204.677490 0.848859 
18
522.108521 213.441513 0.900425 
520.702087 228.064026 0.883549 
492.795898 225.207504 0.827733 
472.172516 261.897797 0.869829 
478.130554 284.015625 0.880360 
545.646057 228.157394 0.833123 
558.983337 263.435486 0.957754 
548.718262 236.932938 0.755519 
498.686646 286.890564 0.905548 
485.438171 329.582977 0.837565 
500.119568 370.722992 0.904940 
532.513123 286.922974 0.847596 
544.249817 323.767944 0.900245 
554.563904 370.720184 0.865077 
514.817749 206.088135 0.932968 
525.111694 206.130508 0.961231 
510.336456 204.567932 0.783764 
533.953003 204.670441 0.909278 
18
520.703003 213.410980 0.881240 
520.683411 226.667236 0.863997 
492.797424 225.217789 0.818397 
470.753632 261.898315 0.865916 
478.143799 284.025116 0.872889 
544.241638 228.098770 0.818244 
559.015869 263.347351 0.920872 
550.118103 229.663940 0.776387 
498.690216 286.906097 0.906840 
485.430664 329.584839 0.836140 
500.129791 370.728394 0.903401 
532.496460 286.938354 0.841040 
544.248779 323.777863 0.895222 
555.957031 370.722809 0.867175 
513.382446 206.067627 0.968530 
523.722656 206.103546 0.980691 
508.952576 203.140076 0.721285 
533.951172 204.617340 0.938186 
18
520.674866 214.849792 0.872214 
519.258362 228.088669 0.866170 
492.772888 226.632858 0.826389 
472.165680 261.904175 0.868374 
478.134460 284.024811 0.877649 
542.803711 228.160934 0.793102 
559.035828 260.490814 0.872493 
550.159424 229.554382 0.779478 
498.691803 286.901520 0.905590 
485.443695 329.571136 0.841725 
500.157410 370.758545 0.894271 
532.468018 286.924896 0.831731 
544.233398 323.764740 0.901218 
554.553711 370.789490 0.859668 
513.350281 206.103867 0.952251 
523.702271 206.144745 0.962352 
508.905762 204.547211 0.802604 
533.919861 204.642471 0.896376 
18
519.244690 213.464905 0.866143 
519.247925 226.617630 0.829420 
491.350708 225.220459 0.811946 
470.756470 261.901611 0.864813 
478.135132 284.002960 0.872918 
542.798767 226.655579 0.778713 
560.434937 258.993500 0.850478 
547.229858 228.123154 0.798155 
498.667542 286.876801 0.891431 
485.425415 329.576019 0.830127 
500.151123 370.754242 0.887261 
532.437256 286.879120 0.815510 
544.205872 323.769196 0.887677 
554.561279 370.758423 0.867452 
511.973724 206.094162 0.987625 
523.665222 206.127762 0.972570 
508.907288 203.128296 0.649491 
533.945251 204.581635 0.954481 
18
516.325500 213.403931 0.848057 
517.809753 226.654175 0.834225 
491.316193 226.623474 0.829781 
472.173370 261.902832 0.872373 
478.141205 283.978027 0.873897 
542.750427 226.677124 0.779994 
560.447205 257.566193 0.858030 
547.190857 228.114746 0.800713 
498.672699 286.884491 0.888801 
485.418579 329.583710 0.828011 
500.145203 370.745667 0.895905 
532.447388 286.896606 0.821540 
544.204895 323.783264 0.884256 
555.951477 370.738037 0.873430 
511.911285 206.040421 1.010263 
523.602295 206.088211 0.981868 
507.456207 203.106857 0.603574 
533.895569 204.603210 0.952556 
18
514.882690 213.402634 0.853047 
519.215027 226.637955 0.823436 
491.307159 226.614395 0.823714 
472.167572 261.905090 0.864125 
478.136261 283.985931 0.876424 
542.775391 226.665344 0.779472 
560.425293 258.997253 0.852995 
547.194397 228.105270 0.800078 
498.661285 286.888214 0.888610 
485.416504 329.584412 0.829130 
500.145203 370.734039 0.894884 
531.039429 286.893463 0.810570 
544.213379 323.766663 0.894853 
554.564270 370.743103 0.876172 
511.878052 206.045425 1.023168 
522.236938 206.078461 0.986941 
506.019684 203.112305 0.579955 
533.873840 204.561691 0.968516 
18
514.827393 213.420242 0.868549 
517.796143 225.215851 0.808038 
491.300842 225.222748 0.818560 
470.759369 261.912323 0.865106 
478.142273 283.995728 0.877538 
542.744934 225.203552 0.759204 
560.406006 259.034515 0.870755 
545.761230 228.058167 0.794023 
498.670502 286.885712 0.885705 
485.400757 329.566620 0.824644 
500.134186 370.728180 0.893879 
532.440063 286.883698 0.807051 
544.207825 323.776581 0.887786 
554.554749 370.743774 0.868854 
511.830994 206.058289 1.017218 
522.185181 206.086975 0.982035 
504.554596 203.152527 0.471458 
532.496948 204.567123 0.955030 
18
513.370728 211.969559 0.888704 
517.774109 226.621613 0.820955 
491.300964 226.608261 0.831569 
470.751282 261.900299 0.862927 
479.530212 284.007324 0.874832 
541.317017 226.639938 0.774155 
558.988892 260.451477 0.907948 
547.134216 229.683289 0.789982 
498.665070 286.881073 0.888275 
485.402802 329.583344 0.826347 
500.113831 370.717438 0.890960 
532.429382 286.889679 0.809581 
544.195007 325.153473 0.879215 
554.564819 370.740051 0.874934 
510.450317 206.035110 1.019103 
522.120544 206.055283 0.972080 
503.074005 203.130600 0.323178 
532.457397 204.557281 0.943503 
18
513.346008 211.989807 0.895185 
517.769531 226.641083 0.827467 
489.903687 225.222885 0.836697 
472.177673 261.920868 0.871343 
479.534668 283.983887 0.868559 
542.738770 226.675949 0.777642 
558.959534 261.912201 0.940715 
547.140015 231.058365 0.798840 
498.661774 285.507263 0.887265 
485.428375 329.590637 0.826579 
500.109802 370.715485 0.900454 
532.446350 286.890381 0.818315 
544.222412 325.175323 0.882834 
554.558044 370.742584 0.868910 
510.427277 206.046860 1.012227 
522.100769 206.072601 0.961132 
501.661682 203.148788 0.316720 
532.437012 204.582733 0.945477 
18
511.962280 211.966095 0.903752 
516.338135 226.638290 0.827018 
489.892212 226.609390 0.835283 
472.191559 261.903809 0.870680 
479.532745 283.980499 0.868875 
541.315308 226.671005 0.778484 
558.924500 261.937500 0.951263 
545.770874 231.130692 0.767472 
498.661469 285.489471 0.881083 
485.421570 329.601105 0.827172 
500.102386 370.701813 0.902464 
532.442322 286.878845 0.812655 
544.220215 325.148651 0.885303 
555.951294 370.736267 0.876718 
510.396851 206.039307 1.000777 
520.700134 206.058212 0.941998 
501.609467 203.131149 0.256438 
531.031311 204.572937 0.936660 
18
511.969177 211.964279 0.903123 
517.777100 225.205963 0.815435 
491.295746 225.212845 0.830413 
472.188538 261.896545 0.869080 
479.535980 283.987885 0.870390 
542.754639 225.207275 0.765310 
558.905518 261.915649 0.938536 
544.251648 229.667267 0.821646 
498.653381 285.494690 0.875344 
485.412506 329.588501 0.826708 
500.117432 370.707733 0.899649 
532.429199 285.496124 0.792853 
544.205811 323.781860 0.881786 
555.953125 370.721588 0.875441 
510.401764 206.037277 1.013910 
520.704163 206.054001 0.938710 
501.632141 203.113052 0.266277 
532.424988 203.175461 0.933331 
18
513.404358 213.414795 0.881721 
517.773376 226.619156 0.825137 
489.885345 226.612595 0.850363 
472.203064 261.913483 0.875073 
479.543579 283.987488 0.860622 
542.787170 225.212784 0.776375 
557.514709 260.490448 0.942859 
541.312195 229.579361 0.788203 
498.647308 286.890411 0.882287 
485.406891 329.579193 0.828035 
500.098816 370.705902 0.901499 
532.442322 286.907379 0.808457 
544.215576 325.189240 0.872560 
555.950806 370.717316 0.873837 
510.471802 206.052933 1.025813 
522.148376 206.089462 0.963342 
504.526581 203.126801 0.494965 
532.449219 204.532211 0.927938 
18
513.365662 211.975647 0.890087 
517.765930 226.611053 0.820164 
491.308838 225.199661 0.841795 
472.184814 261.905823 0.872490 
479.532928 282.565857 0.861554 
541.306274 226.614197 0.771170 
557.468933 260.507751 0.935978 
542.748657 229.560440 0.761260 
498.654510 286.875671 0.889913 
485.401031 329.573090 0.823898 
500.080231 369.341003 0.899691 
532.444519 286.891785 0.812806 
544.200134 325.169312 0.877841 
554.555237 370.703705 0.876138 
510.438446 206.024704 1.014323 
522.114685 206.056122 0.958562 
503.059814 201.693146 0.418887 
532.421082 203.155380 0.905083 
18
513.379517 210.518646 0.890230 
517.764282 225.190475 0.814342 
491.307434 225.210419 0.836663 
472.181732 261.905945 0.874617 
479.549225 283.994354 0.865405 
541.327026 223.753296 0.754998 
557.424927 260.491272 0.918697 
541.314514 229.607712 0.808440 
498.658051 285.508240 0.877847 
485.392853 329.580627 0.822129 
498.713531 369.333130 0.900591 
532.464783 285.503845 0.806462 
544.224792 325.209351 0.871613 
555.954041 370.723450 0.874311 
510.426208 204.687897 1.021596 
522.112488 204.691483 0.965084 
501.669983 203.110626 0.468212 
531.021179 203.109344 0.907297 
18
513.420349 209.055710 0.871516 
517.753418 225.186920 0.815259 
489.898254 225.206223 0.844317 
470.760376 261.907928 0.875399 
479.542816 283.978943 0.858721 
542.752625 223.740372 0.767314 
557.400208 260.485626 0.907997 
538.372925 229.557449 0.808724 
498.652924 286.890747 0.886013 
485.390503 329.573944 0.825646 
500.123383 370.744751 0.894296 
532.481689 286.882446 0.815451 
544.194702 325.164520 0.881413 
554.555908 370.718140 0.884101 
510.465607 204.656876 1.009998 
522.141479 204.668213 0.963349 
503.073242 203.118988 0.593411 
530.999207 203.133575 0.885365 
18
513.421936 209.055206 0.877981 
516.335205 225.204742 0.819798 
489.889343 225.217545 0.855396 
472.161591 261.910706 0.876423 
479.537628 283.970276 0.861386 
541.313416 223.754883 0.764516 
557.398804 260.471375 0.911862 
536.948181 229.570465 0.833432 
498.662231 286.892395 0.891910 
485.386017 329.571808 0.827463 
500.102203 370.721069 0.902065 
532.458557 286.880737 0.812515 
544.234985 325.218170 0.868815 
554.553223 370.746735 0.875575 
510.474304 204.644623 1.015273 
522.158081 204.669205 0.972381 
503.078125 203.094757 0.621542 
531.020081 203.163773 0.892238 
18
513.390808 209.028061 0.903035 
516.300720 225.174606 0.817519 
489.874023 225.209305 0.852692 
470.752136 261.902039 0.876714 
479.553955 283.991791 0.863904 
539.847290 223.746765 0.754131 
556.037964 260.471924 0.910164 
541.304260 229.573120 0.809076 
498.647766 286.886475 0.887863 
485.377838 329.582092 0.816940 
500.119659 370.729401 0.895603 
532.457092 286.880493 0.814420 
544.229065 325.203888 0.875198 
554.543884 370.740295 0.875838 
510.431946 204.630493 1.006068 
522.127258 204.641205 0.977382 
501.634613 201.701630 0.606968 
530.998718 203.133865 0.892278 
18
513.352356 209.008575 0.906069 
516.305725 225.189636 0.826402 
489.888214 226.624908 0.851043 
472.160614 261.904816 0.880249 
479.555328 283.983704 0.866772 
539.839722 225.162827 0.760972 
557.405640 259.040588 0.903249 
541.287598 228.162842 0.821818 
498.652496 286.886963 0.884181 
483.985779 329.559143 0.817214 
500.111542 370.702332 0.905428 
532.457520 285.504822 0.807527 
544.219910 325.200958 0.874794 
554.540466 370.723724 0.873098 
510.390198 204.629013 1.007894 
520.727295 204.615875 0.950561 
501.619904 203.133224 0.474244 
530.996399 201.697098 0.902019 
18
511.962036 209.010422 0.913131 
516.342712 223.749649 0.815317 
489.894836 225.204010 0.843690 
470.758881 261.907684 0.870783 
479.553986 283.982727 0.857091 
541.303772 223.725632 0.759833 
557.472717 259.001984 0.906674 
538.382874 228.178589 0.832863 
498.644531 285.508179 0.879232 
483.984924 328.131897 0.821904 
500.123840 370.721130 0.897900 
532.450623 285.503723 0.798185 
544.218567 325.182770 0.876027 
554.553955 370.724670 0.873225 
510.363190 204.628357 1.005362 
520.684082 204.624481 0.933219 
501.582825 203.089523 0.360883 
530.991028 201.691772 0.903618 
18
511.908966 209.013626 0.927740 
516.331665 225.164841 0.819280 
489.900726 225.210175 0.844817 
472.163208 261.905090 0.868638 
479.549377 283.976166 0.861307 
539.868103 223.743622 0.766878 
557.513733 258.991028 0.915378 
541.311646 228.125626 0.787847 
498.634003 286.880402 0.875694 
483.986115 328.137054 0.817973 
500.113525 370.705139 0.899879 
531.037231 285.504333 0.796150 
544.213196 325.174133 0.878376 
554.538208 370.722900 0.868808 
508.973022 204.632797 1.000104 
519.248474 204.632324 0.918361 
500.197510 203.112854 0.324001 
530.979675 203.109238 0.930936 
18
511.831299 209.008957 0.925791 
514.878967 225.201843 0.835162 
489.882294 226.633835 0.853914 
470.748535 261.910645 0.870950 
479.560852 282.562531 0.864999 
539.817444 225.192047 0.764849 
557.516663 257.524567 0.929979 
545.641541 228.126877 0.778572 
498.654358 285.495789 0.885625 
485.390472 329.563507 0.814781 
500.099640 369.338593 0.905970 
532.439758 285.484406 0.802656 
544.230347 325.196899 0.881563 
554.560486 370.803070 0.853808 
507.512482 204.638107 0.964773 
516.325500 204.641556 0.908798 
500.159973 203.075958 0.212302 
528.088806 203.130844 0.907592 
18
510.468414 207.609161 0.939898 
516.312134 225.212067 0.832332 
491.293976 226.628616 0.839655 
470.749268 261.913177 0.867232 
479.566010 283.981445 0.867375 
539.838928 225.200821 0.764136 
557.525452 256.068634 0.942060 
544.230042 226.611633 0.750782 
498.642090 285.496460 0.874708 
483.977234 329.559204 0.809386 
500.089203 369.332581 0.901325 
532.433105 285.470886 0.789486 
544.201294 325.180725 0.879370 
555.953918 370.758545 0.868978 
507.487000 204.635056 0.966735 
514.859192 204.638718 0.920640 
500.207550 198.757416 0.107475 
528.050232 203.143539 0.891666 
18
510.380554 209.007675 0.922476 
514.874817 225.197037 0.837587 
489.881714 226.634003 0.846839 
472.160736 261.907410 0.869410 
479.577911 283.994446 0.864881 
539.830444 225.171875 0.768407 
558.880005 254.605835 0.949565 
544.210449 223.706818 0.774542 
498.643402 285.503540 0.880045 
483.988312 329.559479 0.811682 
500.120239 370.701324 0.901093 
531.019409 285.479492 0.794254 
544.202087 325.159424 0.881148 
555.951965 370.750397 0.871750 
504.575043 204.648071 0.957628 
513.369995 204.663345 0.952083 
0.000000 0.000000 0.000000 
526.593872 203.150345 0.896974 
18
508.901581 209.013855 0.889915 
513.417114 223.747833 0.842383 
489.869049 226.634842 0.853706 
470.757568 261.908356 0.873976 
479.562836 283.970795 0.865296 
536.932068 222.273132 0.785976 
558.884460 254.626083 0.940955 
545.649231 222.247620 0.764988 
498.654022 285.495697 0.874565 
485.380249 329.570068 0.810755 
500.118500 370.703918 0.903891 
531.013611 285.440399 0.783171 
544.196472 323.781006 0.886095 
554.562012 370.732147 0.875506 
501.676239 204.657120 0.958535 
511.908661 204.672485 0.985159 
0.000000 0.000000 0.000000 
525.117126 204.553741 0.927246 
18
506.030731 207.599945 0.873657 
514.827637 225.180573 0.836069 
489.863220 226.652985 0.857339 
470.733307 261.909546 0.870530 
479.569550 283.984222 0.865946 
538.372742 223.748016 0.761634 
557.513489 254.633331 0.931346 
545.703918 220.775436 0.835546 
498.663940 285.498077 0.879807 
483.978973 329.559662 0.807561 
500.105469 370.705048 0.898717 
531.027222 285.447083 0.786003 
544.209106 325.156708 0.885161 
554.557312 370.732056 0.875651 
501.605316 204.650681 0.942122 
511.838959 204.644318 0.973599 
0.000000 0.000000 0.000000 
523.718201 203.164352 0.922124 
18
506.044159 207.598648 0.881180 
513.430054 225.212418 0.838659 
489.882843 226.653595 0.861520 
470.732178 261.910370 0.869141 
479.566345 283.973145 0.861785 
536.930054 225.192505 0.773965 
558.888000 253.217560 0.938592 
541.332397 219.291718 0.802812 
498.665741 286.883789 0.884735 
483.957367 328.131073 0.806230 
500.098663 370.700806 0.897370 
531.011353 285.475555 0.788033 
544.197388 325.163757 0.873388 
555.950623 370.739716 0.875246 
501.620483 204.653702 0.949912 
511.842377 204.644943 0.979153 
0.000000 0.000000 0.000000 
523.684998 204.538330 0.922637 
18
506.037781 207.618454 0.874445 
513.405396 226.643082 0.862691 
489.853394 226.669189 0.870354 
470.747467 261.928925 0.875308 
479.579590 283.988586 0.858782 
536.942749 226.647034 0.795589 
558.887024 254.580444 0.951793 
544.218933 226.624817 0.742607 
498.654327 286.879700 0.890376 
485.384979 328.141144 0.819658 
500.113831 370.711670 0.902564 
531.009399 285.479980 0.791367 
544.213623 325.202728 0.874512 
554.563721 370.765564 0.863151 
501.602905 204.653061 0.986355 
511.838593 204.657410 0.984026 
0.000000 0.000000 0.000000 
523.693115 204.550751 0.947405 
18
506.024200 209.002594 0.875034 
513.424988 225.216461 0.841379 
489.873505 226.649826 0.862566 
470.744446 261.920349 0.870588 
479.565491 283.982178 0.867195 
536.948975 225.206009 0.772324 
557.493652 254.595947 0.949736 
541.324524 220.797379 0.769265 
498.653259 285.509277 0.883130 
483.983917 329.564026 0.809567 
500.118561 369.345520 0.895669 
531.010376 285.473267 0.786269 
544.197510 325.160950 0.885560 
554.562927 370.730865 0.873274 
501.608948 204.664185 0.967453 
511.838104 204.665634 0.978934 
0.000000 0.000000 0.000000 
523.694885 204.561218 0.941628 
18
504.581146 210.478531 0.861445 
513.422546 226.616806 0.838801 
489.866669 226.679993 0.867028 
470.748718 261.928558 0.876222 
479.582336 283.988312 0.865552 
536.930603 225.210556 0.764599 
557.450745 254.584396 0.952101 
538.387329 217.931244 0.839455 
498.671875 286.897705 0.888240 
483.960602 328.140289 0.811678 
500.099335 369.342621 0.899324 
531.017212 285.493835 0.789862 
544.204895 325.152527 0.885883 
554.555908 370.732819 0.873168 
501.585022 206.041016 0.958661 
510.476593 206.031418 0.971554 
0.000000 0.000000 0.000000 
523.665466 204.568130 0.938460 
18
504.522949 211.987137 0.864043 
514.878052 225.224792 0.825502 
489.869446 226.663101 0.867397 
470.743103 261.919678 0.871490 
479.568604 283.987000 0.868023 
539.848022 225.206467 0.758078 
557.461548 254.580246 0.953003 
538.377319 220.784760 0.777216 
498.663300 286.901459 0.895411 
483.972687 328.147247 0.810824 
500.088318 369.344971 0.893358 
531.011719 286.877838 0.795015 
544.191772 325.159576 0.879876 
554.555786 370.725769 0.874799 
500.206085 206.097855 0.938519 
510.433563 206.095276 0.978580 
0.000000 0.000000 0.000000 
523.666931 204.580750 0.964035 
18
504.557556 213.402496 0.862825 
514.870544 225.221176 0.825598 
489.868195 226.650681 0.858775 
470.742065 261.932800 0.877330 
479.571747 284.002869 0.867595 
539.845154 225.217072 0.757644 
557.434204 254.605103 0.934688 
536.951782 220.824341 0.780258 
498.651764 286.877045 0.892188 
483.944763 328.138123 0.801825 
500.101166 369.335724 0.894150 
530.996216 285.495361 0.790808 
542.804810 325.161407 0.876959 
554.559937 370.724396 0.876213 
500.216125 206.087891 0.986880 
510.463837 206.102066 0.978558 
0.000000 0.000000 0.000000 
523.669556 204.592758 0.956807 
18
504.525818 213.397598 0.863943 
514.876709 225.221634 0.832151 
489.861481 226.651352 0.871112 
470.724548 261.908508 0.875378 
479.581848 283.979401 0.859789 
541.277344 225.208694 0.763091 
556.019287 254.665833 0.897256 
538.342773 220.795563 0.775327 
498.640015 286.891754 0.898812 
483.945068 328.137543 0.801228 
500.091217 369.333008 0.893346 
530.989563 286.882935 0.796700 
544.189392 325.171051 0.877651 
555.952698 370.737488 0.873730 
500.205322 206.100815 0.937881 
510.435364 206.103088 0.967612 
0.000000 0.000000 0.000000 
523.658203 204.585907 0.943188 
18
506.035095 213.418762 0.857167 
514.834351 225.218994 0.836202 
489.846191 226.657990 0.873232 
470.747314 261.928741 0.875788 
479.574921 284.008331 0.859108 
539.826233 225.205566 0.772469 
555.956604 256.053375 0.868038 
535.446472 222.259079 0.819964 
498.659485 286.895752 0.899110 
483.981049 329.570679 0.818437 
500.108185 370.701630 0.894676 
531.006531 286.895325 0.805188 
544.194946 325.207672 0.870876 
554.559692 370.785431 0.863546 
501.588837 206.091370 0.987991 
511.831848 206.108871 0.961404 
0.000000 0.000000 0.000000 
523.685730 204.570450 0.945782 
18
508.912537 213.453583 0.873127 
514.851563 225.202911 0.833217 
489.838043 226.657486 0.868553 
472.163300 261.926727 0.880380 
479.575775 284.001007 0.854815 
539.856384 225.176163 0.782774 
553.081848 257.525452 0.861691 
535.468994 228.073410 0.834844 
498.655670 286.877747 0.886360 
483.974213 329.576447 0.811040 
500.102753 369.329742 0.896397 
531.014099 286.876312 0.797754 
542.800659 325.185303 0.867472 
555.954590 370.747986 0.877778 
501.633270 206.132339 0.975663 
511.879333 206.126144 0.959310 
0.000000 0.000000 0.000000 
523.693665 204.538498 0.957495 
18
507.505859 213.404816 0.867264 
514.831421 225.222992 0.839723 
489.827942 226.644119 0.869191 
472.162445 261.934052 0.885307 
479.577179 283.995056 0.858896 
539.836304 226.612640 0.775380 
550.154663 259.021545 0.861079 
535.471375 226.650513 0.838788 
498.648407 285.494080 0.886177 
483.948059 328.139771 0.811170 
500.095337 370.697296 0.887796 
531.025085 285.494232 0.794449 
542.782593 325.156189 0.879655 
555.953613 370.746643 0.873375 
501.627716 206.092468 0.990701 
511.874390 206.096588 0.969660 
0.000000 0.000000 0.000000 
523.698181 204.562698 0.960167 
18
507.466980 211.951981 0.856055 
514.843567 225.189575 0.832164 
489.850677 226.635406 0.873476 
470.740601 261.924408 0.883146 
479.554901 284.005432 0.861173 
539.851807 225.174744 0.769963 
550.125488 257.569672 0.878427 
535.462708 226.640411 0.820395 
498.656616 286.887238 0.895373 
483.950714 328.137085 0.810849 
500.110046 370.709900 0.894268 
532.432129 286.889191 0.811886 
544.190979 325.190979 0.876480 
555.957458 370.747894 0.875407 
501.609070 206.053879 0.995503 
511.853973 206.063934 0.968207 
0.000000 0.000000 0.000000 
523.685425 204.539352 0.953320 
18
507.486542 211.981491 0.860689 
514.823486 225.209732 0.836947 
489.831055 226.637558 0.867386 
470.739563 261.921692 0.881553 
479.539948 283.994934 0.865139 
539.827148 225.203934 0.791012 
548.711304 257.561096 0.884744 
535.431213 228.161087 0.842352 
498.641968 286.900269 0.889223 
483.947815 329.558167 0.809168 
500.088043 370.697937 0.894578 
531.034790 286.889496 0.808834 
544.190613 325.186554 0.873874 
555.957764 370.747833 0.878981 
501.610626 206.079132 0.998852 
511.859467 206.079041 0.969341 
0.000000 0.000000 0.000000 
523.682739 204.540924 0.967694 
18
507.504120 211.988388 0.868828 
514.830322 225.220276 0.839008 
489.820435 226.647919 0.872643 
470.737885 261.926270 0.881870 
479.553528 284.009125 0.857238 
539.854187 225.213791 0.792453 
548.718628 258.983948 0.884966 
535.470337 228.172592 0.843103 
498.645996 286.913605 0.894994 
483.943573 328.140747 0.808832 
498.714996 369.343536 0.891555 
531.041077 286.906464 0.815787 
544.189636 325.222504 0.861210 
555.965515 370.749634 0.883503 
501.614899 206.082397 1.006526 
511.871765 206.081406 0.975774 
0.000000 0.000000 0.000000 
523.682434 204.544769 0.970775 
18
507.468658 213.407410 0.871136 
514.821106 225.219025 0.837381 
489.827484 226.665619 0.877442 
470.714294 261.941315 0.883956 
479.551239 284.009369 0.860320 
539.824280 225.211685 0.773136 
548.711670 257.552765 0.877928 
535.428406 225.215500 0.812175 
498.669098 286.902283 0.902551 
483.927673 328.134705 0.809905 
500.093292 369.308899 0.898958 
531.039551 286.904236 0.817111 
544.239014 326.624115 0.873858 
555.959290 370.756104 0.868883 
501.590332 206.088013 1.013394 
511.845428 206.095505 0.975098 
0.000000 0.000000 0.000000 
523.660217 204.555176 0.969268 
18
507.500305 213.422623 0.859538 
514.837585 225.186493 0.831331 
489.825470 226.667297 0.872286 
470.719940 261.944641 0.887770 
479.552338 284.013611 0.855472 
539.845825 225.165848 0.780108 
548.713684 257.532410 0.871233 
535.363647 225.178635 0.821307 
498.655182 286.891266 0.896333 
483.945557 329.563141 0.812318 
500.093292 369.344635 0.899802 
531.036011 286.886749 0.808435 
544.209473 325.200012 0.878417 
554.560425 370.760223 0.868929 
501.601868 206.102356 0.988456 
511.858917 206.102432 0.955278 
0.000000 0.000000 0.000000 
523.653870 203.167328 0.963962 
18
508.904938 211.978149 0.868088 
514.825745 225.170593 0.834691 
489.829742 226.627991 0.869694 
470.728638 261.942322 0.886859 
479.558838 283.980377 0.853809 
539.846252 223.752930 0.789890 
548.718323 257.537048 0.882865 
535.489502 229.594482 0.860084 
498.649963 286.891907 0.894690 
483.930756 328.139618 0.814737 
500.102997 370.708435 0.893020 
531.036743 286.882385 0.806900 
544.218628 325.234680 0.866456 
554.558533 370.769592 0.864103 
501.626984 206.091370 0.990716 
511.877686 206.077148 0.972110 
0.000000 0.000000 0.000000 
523.661865 203.159058 0.974677 
18
507.497162 211.970703 0.860914 
513.427917 225.208374 0.840076 
489.820526 226.649689 0.874872 
470.702728 261.935577 0.879015 
479.559692 283.992340 0.857796 
538.398315 225.194031 0.788779 
550.114319 257.542633 0.880393 
535.473389 228.131149 0.830567 
498.643402 286.886780 0.896972 
483.929810 328.127319 0.811571 
500.085510 370.695374 0.887806 
531.014771 286.882294 0.803951 
544.210449 325.196686 0.876331 
554.564758 370.748993 0.868586 
501.612762 206.076172 0.999501 
511.864655 206.070892 0.971609 
0.000000 0.000000 0.000000 
523.670288 204.530701 0.971741 
18
507.449249 211.981720 0.858951 
514.841736 225.219269 0.836007 
489.830139 226.666229 0.876650 
470.707214 261.936279 0.880473 
479.562439 284.003052 0.860466 
539.859497 225.210358 0.778985 
550.138428 257.564819 0.860278 
535.410156 225.184387 0.829368 
498.661835 286.897491 0.901009 
483.940155 328.121063 0.812361 
498.723145 370.700378 0.891505 
531.035889 286.894165 0.811094 
544.202209 325.190002 0.881265 
555.955322 370.761017 0.871574 
501.578613 206.076431 1.012027 
511.833191 206.078674 0.971849 
0.000000 0.000000 0.000000 
523.651245 204.538483 0.967293 
18
508.902039 211.969650 0.866505 
514.859863 225.190063 0.828899 
489.846008 226.644913 0.868001 
469.288849 261.931854 0.876533 
479.564056 284.013824 0.854541 
541.294739 225.183823 0.795422 
550.160950 257.569427 0.871871 
535.473206 229.581131 0.853434 
498.650360 286.901031 0.895837 
482.519592 328.129822 0.810102 
498.720612 369.339081 0.885545 
531.038574 286.902710 0.816440 
544.207153 325.193329 0.874589 
555.958435 370.752075 0.869415 
501.627136 206.089264 0.990046 
511.871948 206.070389 0.973761 
0.000000 0.000000 0.000000 
523.662598 203.165573 0.979864 
18
508.937439 213.399841 0.883787 
514.841187 225.192886 0.831740 
489.828064 226.647308 0.865143 
470.719604 261.921753 0.876585 
479.552338 283.992371 0.847864 
539.861694 225.169922 0.789324 
550.124756 259.012756 0.875110 
535.443115 229.577072 0.883187 
498.662598 286.916534 0.898402 
483.962982 329.580719 0.814141 
498.708496 369.313416 0.900582 
532.446655 286.911102 0.823507 
544.242249 326.678192 0.860934 
555.953552 370.734375 0.872029 
501.652588 206.101822 0.989019 
511.903839 206.083557 0.973128 
0.000000 0.000000 0.000000 
523.703369 203.167801 0.969946 
18
508.924591 211.990662 0.875335 
514.833252 225.225876 0.844810 
488.460541 226.660629 0.876907 
470.712494 261.925507 0.875905 
479.543518 284.008911 0.857095 
539.844971 226.616974 0.791975 
548.693115 259.025177 0.902000 
535.492188 228.119019 0.819589 
498.665741 286.911896 0.904526 
483.937317 329.565338 0.808242 
498.722229 369.324585 0.895710 
532.440857 286.899048 0.824158 
544.210693 326.623657 0.874494 
555.959229 370.720428 0.875672 
501.641998 206.093201 0.985887 
511.894348 206.082108 0.967681 
0.000000 0.000000 0.000000 
523.693604 204.533875 0.963266 
18
508.910675 213.395798 0.873159 
514.832825 226.614288 0.844648 
488.457794 226.671997 0.877758 
470.714844 261.922180 0.879966 
479.549042 284.002563 0.858877 
541.277161 226.620483 0.777208 
548.693726 260.451538 0.891147 
536.889709 226.674606 0.800038 
498.663025 286.910461 0.902030 
483.935486 328.129639 0.808767 
498.721802 369.312775 0.900993 
532.448975 286.896576 0.824886 
544.203308 325.233856 0.869273 
555.959839 370.734009 0.874374 
501.633362 206.097580 0.987796 
511.883057 206.087173 0.967410 
0.000000 0.000000 0.000000 
523.705139 203.172562 0.946705 
18
507.509857 213.410431 0.872744 
514.831055 225.214020 0.841841 
489.829681 226.648056 0.876286 
470.723511 261.927399 0.881966 
479.562439 284.006744 0.859226 
539.831787 225.218445 0.786302 
548.711975 259.008972 0.887188 
535.459045 228.090378 0.831173 
498.662506 286.911407 0.899282 
482.508698 328.131622 0.805238 
498.713318 369.301208 0.896712 
532.434143 286.898468 0.816270 
544.197693 326.622742 0.862173 
555.953552 370.733856 0.866479 
501.615356 206.101196 0.996258 
511.867584 206.094437 0.971918 
0.000000 0.000000 0.000000 
523.679688 204.545532 0.971269 
18
508.925629 213.443069 0.884998 
514.842346 226.611481 0.841564 
489.824188 226.656952 0.871720 
470.742798 261.932404 0.883157 
479.565582 284.004333 0.855533 
539.851257 226.613388 0.788070 
548.694458 258.996765 0.891631 
535.452820 228.147812 0.863371 
498.652832 286.898804 0.893344 
483.928040 329.564331 0.804997 
498.715149 369.331970 0.888501 
531.041138 286.891693 0.812968 
542.794312 325.197723 0.872137 
554.566528 370.743744 0.869519 
501.642303 206.123123 0.988007 
511.894836 206.119308 0.966749 
0.000000 0.000000 0.000000 
523.702393 204.552124 0.961836 
18
508.900085 213.447113 0.881589 
513.431030 226.626434 0.851123 
488.455383 226.667328 0.876869 
470.717285 261.925262 0.879178 
479.570770 284.007019 0.860135 
539.822266 226.635620 0.780085 
548.690613 259.028595 0.886342 
536.913818 226.639328 0.783690 
498.660034 286.897247 0.903019 
482.516937 328.134857 0.807489 
498.711639 369.320923 0.890200 
532.430603 286.885437 0.817759 
542.795532 325.212677 0.870913 
555.960388 370.748627 0.874313 
501.625671 206.123657 0.990424 
511.875854 206.126465 0.969399 
0.000000 0.000000 0.000000 
523.702576 204.562653 0.950820 
18
507.481934 213.452103 0.879744 
513.432068 226.617432 0.852524 
489.824432 226.658478 0.875091 
470.726563 261.921356 0.875971 
479.553131 283.982422 0.857404 
539.810608 226.614807 0.778121 
548.702393 259.037140 0.881455 
536.913147 225.203995 0.778815 
498.659393 286.885681 0.899083 
483.928711 328.141266 0.809705 
500.094055 370.696381 0.893525 
532.426514 286.882782 0.813204 
544.208008 325.216980 0.875519 
554.549683 370.768402 0.858270 
501.607910 206.126358 0.989645 
511.850250 206.135162 0.967953 
0.000000 0.000000 0.000000 
523.665833 204.581451 0.960352 
