44
1
18
510.387909 148.774155 0.923597 
500.211334 170.804474 0.948549 
470.758606 170.818069 0.892769 
463.429779 219.338577 0.915827 
463.354614 263.490051 0.959798 
533.935791 170.770416 0.899713 
539.809326 217.911499 0.865066 
545.666199 264.893402 0.909243 
486.820374 257.564392 0.782510 
486.922668 313.434601 0.887599 
486.886261 361.935242 0.865275 
522.160278 256.076752 0.810523 
522.124023 311.973755 0.920075 
523.619995 360.451385 0.865639 
501.588745 144.327133 0.921821 
513.397888 144.332687 0.910924 
488.445648 135.572739 0.909016 
522.143616 135.561905 0.296407 
18
510.367523 148.802307 0.901923 
500.187561 170.818329 0.951516 
470.707794 170.844757 0.881598 
463.380676 222.244644 0.893050 
463.349823 264.881042 0.948188 
533.923950 170.770111 0.898671 
538.377014 217.928284 0.860830 
545.651978 264.916107 0.914961 
485.462921 258.993988 0.778072 
486.905365 313.470123 0.872715 
486.876312 361.918518 0.854414 
522.147217 256.084045 0.800727 
522.116699 311.998291 0.910759 
523.615540 360.485413 0.856613 
500.211243 144.353409 0.934395 
513.369202 144.340591 0.917853 
488.395081 136.958572 0.923515 
522.116882 135.533356 0.280723 
18
510.350983 150.200058 0.885778 
500.186066 170.815140 0.951356 
469.283112 170.837387 0.882611 
463.382782 220.801682 0.897961 
463.362488 264.893402 0.947125 
533.926697 170.768631 0.900093 
536.942810 217.888718 0.888462 
545.634277 264.904633 0.917328 
486.831360 258.998688 0.786616 
486.902466 314.886139 0.868419 
486.873596 360.510162 0.851510 
522.169739 256.074432 0.809474 
522.133667 311.993042 0.920215 
523.620300 360.473022 0.863163 
500.192688 145.718307 0.941182 
513.343384 144.351028 0.923319 
488.366577 136.957687 0.934740 
520.754150 135.513687 0.283009 
18
508.971893 150.195847 0.883866 
500.175842 170.812225 0.958053 
469.266235 170.843414 0.882793 
463.368317 220.821152 0.891029 
463.374603 264.896454 0.949845 
533.912354 170.761124 0.898750 
536.909912 217.843277 0.908870 
544.191406 264.879730 0.897170 
486.833527 259.010498 0.787960 
486.911926 314.870331 0.870866 
486.876160 360.508789 0.855875 
522.148926 256.066528 0.802395 
522.126587 311.963898 0.921721 
523.610535 360.447998 0.869559 
500.173218 145.721954 0.946152 
511.966919 144.356934 0.939080 
488.359314 135.598953 0.931245 
520.719116 135.544159 0.315673 
18
508.949890 150.196838 0.878029 
500.152527 170.815186 0.960315 
469.239166 170.853149 0.882239 
463.359528 222.287964 0.884234 
463.394073 264.939270 0.950662 
533.886292 170.757339 0.890993 
536.916565 217.831665 0.910814 
541.316406 264.846436 0.895124 
486.846436 259.033661 0.791348 
486.914368 313.458801 0.878398 
486.879120 360.505859 0.861323 
522.137451 256.072601 0.795779 
522.114929 311.967041 0.920358 
523.614136 360.462128 0.870118 
500.151306 145.721268 0.949323 
511.947327 144.355270 0.943892 
488.334534 136.966782 0.927621 
520.697937 135.543121 0.294046 
18
508.910248 150.194031 0.864372 
500.132843 170.813965 0.962489 
467.806549 170.856232 0.883095 
463.358307 223.708893 0.888611 
463.396454 264.953339 0.949634 
532.500305 170.754715 0.893720 
536.922424 217.831436 0.914910 
538.389954 264.863190 0.905865 
486.848633 259.028992 0.791198 
486.909363 313.456940 0.879718 
486.879303 360.506226 0.860049 
522.134216 256.058380 0.794798 
522.116882 311.949646 0.924950 
523.613342 360.443970 0.876525 
500.123322 145.725998 0.947435 
511.909760 144.362808 0.956181 
486.974731 136.977783 0.931106 
519.278992 135.562836 0.314644 
18
508.906067 150.197830 0.859735 
500.122101 170.794846 0.963640 
467.799835 170.848694 0.885218 
463.354340 223.714996 0.886621 
463.412170 266.339142 0.942693 
532.475586 169.390274 0.890012 
538.385132 216.430801 0.898736 
536.928223 263.474823 0.911071 
486.822876 260.451385 0.779957 
486.878143 313.466614 0.868402 
486.876831 361.935577 0.845993 
520.750488 256.074371 0.782584 
520.732605 311.978241 0.921529 
523.624634 360.464447 0.869322 
500.111053 145.725708 0.944657 
511.908661 144.361801 0.955288 
486.959229 136.981903 0.939450 
520.684387 135.577225 0.333521 
18
506.030762 148.807037 0.845401 
500.122284 170.766937 0.962175 
467.784851 170.841080 0.884050 
463.343872 220.825806 0.892345 
463.403290 264.963196 0.947719 
532.455566 169.351471 0.878561 
544.223572 216.354935 0.928647 
535.493713 261.920319 0.901466 
486.829834 260.458099 0.781319 
486.890808 314.862000 0.870730 
486.882080 361.924835 0.858183 
520.716431 256.088501 0.772949 
520.720581 311.985474 0.912130 
523.620789 360.451935 0.870030 
498.730377 145.729004 0.938653 
511.844818 145.720917 0.966282 
486.933990 136.989441 0.933123 
519.243774 136.962418 0.405365 
18
504.531219 148.806595 0.852930 
500.105286 170.762421 0.964285 
466.351013 170.827316 0.900786 
461.913940 220.811020 0.885104 
463.411682 264.945709 0.949408 
531.042236 169.342728 0.857978 
545.716614 213.399292 0.908455 
535.410400 253.186584 0.944446 
485.431396 260.497406 0.769480 
486.896637 314.870789 0.882836 
486.887451 361.920532 0.861018 
519.244202 257.551178 0.737832 
520.702576 311.997772 0.906451 
523.623413 360.466339 0.878346 
498.664307 145.724014 0.934278 
510.464203 145.721069 0.968991 
486.905182 136.980255 0.913049 
517.811584 136.986511 0.490992 
18
503.075043 148.802063 0.864230 
500.085388 170.743805 0.959650 
466.334198 170.833252 0.908270 
460.432556 220.792175 0.868211 
463.422791 264.868042 0.959963 
531.031067 169.302307 0.852191 
547.206055 206.106140 0.942285 
535.434448 250.142380 0.928723 
485.382599 261.926025 0.769854 
486.883179 314.872131 0.885163 
486.894043 360.516815 0.866997 
517.788391 256.105591 0.738258 
520.692078 311.949310 0.913700 
523.622009 360.455994 0.873985 
498.619507 145.724289 0.921044 
510.421661 145.722717 0.967695 
486.855316 136.987091 0.916882 
516.330444 136.984207 0.467493 
18
503.060303 148.803772 0.869280 
500.084564 170.738724 0.958138 
466.336670 170.851563 0.909602 
458.947968 220.816101 0.864223 
467.784363 264.840179 0.896902 
531.032227 169.270584 0.846095 
548.688049 204.567322 0.895017 
535.499146 242.829880 0.904555 
483.989777 260.484406 0.731943 
486.889069 314.880554 0.887282 
486.882324 361.912872 0.846463 
519.221436 254.625137 0.746348 
520.693970 311.938873 0.930797 
523.610718 360.443878 0.873486 
498.608276 145.733429 0.924499 
510.401398 145.724823 0.967172 
486.843964 137.023743 0.903391 
514.857300 135.592209 0.458798 
18
501.654755 148.810898 0.876437 
500.094391 169.387558 0.960168 
466.341034 170.869186 0.896502 
458.997437 220.765823 0.866606 
475.088684 264.889557 0.925947 
531.037903 167.849609 0.837016 
551.596191 198.752716 0.844395 
536.867371 238.433014 0.876089 
483.946350 259.005432 0.710627 
486.869690 314.867737 0.891501 
486.873169 361.933472 0.844206 
519.263855 254.603363 0.751859 
520.680664 311.931976 0.918664 
523.606934 359.065033 0.870986 
498.581543 145.736374 0.919382 
510.382965 145.733673 0.967672 
485.440826 137.037598 0.886881 
514.861877 136.973007 0.461140 
18
501.641602 150.221207 0.888270 
500.108948 169.392578 0.968202 
466.356812 172.312668 0.866101 
461.858948 225.174515 0.867366 
479.567749 264.843811 0.887549 
532.443481 166.404251 0.827879 
555.976563 197.300064 0.865710 
535.446350 236.975906 0.872289 
483.930420 260.447998 0.715693 
486.847534 313.462646 0.888088 
486.876495 361.911804 0.839814 
519.251465 254.623535 0.738969 
520.690979 311.964905 0.899012 
523.603455 360.480133 0.861255 
497.200836 145.757980 0.926506 
510.366760 145.739624 0.969014 
485.379639 138.461029 0.858657 
513.414429 136.962494 0.365250 
18
501.613617 151.672531 0.905324 
500.089935 170.776428 0.964339 
466.370270 176.667435 0.827482 
463.409912 228.128571 0.954551 
486.899170 264.970703 0.908939 
531.010803 166.360504 0.805284 
557.443359 195.768005 0.914481 
535.463562 235.497818 0.866207 
479.589661 260.454315 0.717846 
486.835999 314.879242 0.884301 
486.881378 361.922394 0.839227 
516.297302 254.595322 0.726554 
520.693970 311.982574 0.884806 
523.601440 360.491272 0.862329 
495.755615 145.799026 0.915902 
508.972870 145.735535 0.963471 
482.470154 141.386993 0.841374 
511.991852 135.573380 0.352182 
18
501.590149 153.152191 0.905677 
500.092041 170.799362 0.963218 
467.807068 179.586868 0.827688 
466.329224 229.609589 0.942770 
495.710663 266.387115 0.870980 
530.984436 164.889557 0.795433 
557.504272 194.409241 0.928832 
535.447205 238.399475 0.858024 
481.018402 261.906067 0.769156 
486.848724 314.883820 0.891111 
486.878540 361.918518 0.854584 
514.878357 254.591278 0.719657 
520.703186 311.969330 0.883178 
523.600525 360.464691 0.880858 
495.698608 147.211639 0.903316 
508.914398 145.747986 0.950675 
479.577087 142.893143 0.871223 
511.906097 135.511871 0.386328 
18
500.175446 156.060379 0.932888 
500.094208 170.816788 0.938404 
469.272156 181.044846 0.837358 
475.058289 231.108597 0.904634 
500.088928 267.841827 0.881283 
529.550415 163.432022 0.795398 
557.495667 194.389832 0.945720 
535.414429 239.843414 0.892547 
483.941559 260.467499 0.789532 
486.853333 313.469299 0.898707 
486.867920 361.935303 0.842420 
517.791931 253.168518 0.735487 
520.711121 311.990723 0.880591 
523.598816 360.461060 0.868361 
492.781097 147.325958 0.881441 
506.042725 145.820297 0.928781 
479.532745 145.753464 0.907830 
510.494446 135.568878 0.548101 
18
500.087677 157.506592 0.962274 
500.078430 170.846130 0.924235 
469.274811 181.125656 0.851071 
476.687714 235.488297 0.895619 
503.095581 269.335266 0.822048 
528.096436 162.006409 0.785124 
557.467590 195.770432 0.906526 
534.016479 239.910492 0.893428 
483.991974 260.482544 0.807954 
486.831451 314.882385 0.880442 
486.867065 361.942963 0.835431 
517.798218 253.183350 0.734115 
520.704651 311.976990 0.873632 
522.256042 360.467743 0.863604 
489.906036 148.766296 0.882376 
504.533508 147.255692 0.915088 
478.096863 145.827042 0.941087 
510.446594 138.450226 0.519527 
18
498.715485 157.579391 0.986033 
500.076935 172.281555 0.904968 
469.266602 182.587143 0.849842 
479.546631 238.378983 0.889721 
507.471893 270.769897 0.831402 
528.104370 163.427383 0.779489 
554.548340 195.834412 0.850098 
533.992737 239.944916 0.930402 
485.412109 261.918121 0.831899 
486.837830 314.859467 0.878427 
486.875641 361.928894 0.843524 
519.234619 254.596283 0.747887 
520.706787 311.980133 0.864423 
523.603638 360.473907 0.862515 
489.843536 150.252274 0.886037 
501.665771 147.322357 0.910433 
478.079071 147.272934 0.910586 
510.424347 141.370468 0.594362 
18
500.110962 159.029190 0.977443 
500.103058 172.326279 0.895167 
470.732269 182.643234 0.833706 
479.584534 236.973999 0.878152 
504.573456 272.216125 0.857478 
529.533630 163.441666 0.782935 
548.638855 198.738220 0.847446 
533.949768 241.448685 0.926138 
483.981445 261.926819 0.835129 
486.845825 314.884827 0.877463 
486.875031 361.956146 0.838772 
519.216125 254.609833 0.735568 
520.707214 311.958282 0.857780 
523.609497 360.477753 0.857961 
489.887421 156.052536 0.900006 
504.526550 148.797607 0.866249 
476.694183 148.753952 0.900477 
510.444794 142.828995 0.457787 
18
498.717468 160.515778 0.962215 
500.130493 173.723770 0.881026 
470.757172 184.062897 0.827178 
481.000641 236.958069 0.869587 
504.540741 273.678375 0.870016 
529.544983 161.996002 0.777768 
547.155029 203.113525 0.891191 
533.897827 248.687881 0.878032 
483.973877 261.939758 0.836991 
486.847229 314.880157 0.875048 
486.880524 363.385376 0.841353 
517.803711 254.640549 0.735591 
520.722839 311.947662 0.846485 
523.618408 360.473114 0.859421 
489.824371 157.547485 0.977632 
503.058777 154.587540 0.872458 
478.069092 151.708298 0.841296 
510.449280 145.783951 0.673938 
18
498.704773 164.886490 0.928641 
500.149536 173.727844 0.879735 
472.186920 184.046707 0.840123 
479.587677 236.982468 0.869787 
504.556824 273.714386 0.887557 
530.995300 163.466965 0.791478 
545.652222 204.657730 0.923052 
532.480652 251.594574 0.873620 
485.410095 261.930176 0.841224 
486.844940 314.872192 0.873365 
486.866089 361.949341 0.847717 
519.244446 256.058319 0.741275 
520.721130 311.962830 0.854774 
523.620483 360.460785 0.866744 
488.466278 158.992172 0.999996 
503.058960 156.119873 0.909288 
478.083160 154.611710 0.813720 
510.440674 145.828064 0.698317 
18
498.721893 167.827209 0.966663 
500.160339 173.740097 0.865304 
472.211823 184.067047 0.831235 
479.537506 238.425598 0.885812 
504.559479 273.733154 0.893057 
531.011414 164.902878 0.806206 
544.224243 206.122604 0.898011 
532.433472 251.681305 0.878392 
485.407227 261.921844 0.821919 
486.839508 313.474396 0.872031 
486.861603 361.946075 0.846468 
517.795166 256.064941 0.735987 
520.720947 311.972839 0.849420 
523.624695 360.471588 0.868453 
489.859833 160.485153 0.968078 
503.061066 157.596970 0.951262 
478.139587 156.116409 0.805705 
510.449921 147.251801 0.751102 
18
498.704681 167.885910 0.973777 
500.132965 172.318802 0.873529 
472.204407 184.035141 0.828990 
478.076477 238.419830 0.904725 
503.091705 273.672211 0.875254 
529.561279 163.458176 0.802017 
544.209656 207.542435 0.884672 
529.557434 251.673599 0.887578 
483.956818 261.943024 0.828408 
486.839020 314.877899 0.870336 
486.865051 361.946625 0.848996 
517.767578 256.106384 0.726278 
522.108398 311.989685 0.859782 
523.622864 360.471161 0.865212 
489.866821 160.553604 0.945332 
501.660370 158.999573 0.939894 
479.552734 157.503876 0.799402 
510.456512 147.308762 0.770300 
18
498.727753 169.298737 0.982999 
500.115051 172.300293 0.888715 
472.178009 182.636200 0.831780 
476.663635 236.964737 0.901378 
501.664948 272.270813 0.880453 
529.541443 163.437698 0.810885 
541.306763 209.032837 0.829787 
526.595276 253.114105 0.887803 
483.966309 260.473999 0.797922 
486.849121 313.472046 0.870683 
486.871765 361.948029 0.838027 
516.333496 254.617767 0.722925 
522.115784 311.951385 0.852376 
523.618225 360.476471 0.865510 
489.895691 162.010437 0.916018 
503.078766 159.056030 0.916383 
479.571350 157.526978 0.800785 
510.467560 147.323837 0.704584 
18
498.659088 169.327255 0.956958 
500.099670 172.302994 0.891964 
470.750793 182.609665 0.841849 
476.643158 236.947418 0.894079 
503.059174 272.264984 0.859301 
529.530151 163.477310 0.812442 
536.888794 211.950256 0.854651 
525.149597 253.084183 0.893151 
483.966675 260.493225 0.804913 
486.841827 314.881348 0.869565 
486.869110 361.948090 0.841089 
516.334900 254.649734 0.734681 
522.120911 311.950989 0.856265 
523.614746 360.454681 0.870532 
489.834808 163.454849 0.920539 
501.627899 159.114136 0.882952 
479.546143 157.512039 0.752010 
510.434814 148.754288 0.643704 
18
497.220337 169.316605 0.909020 
500.072815 172.306183 0.903794 
469.283966 182.611694 0.851608 
476.651642 235.487396 0.887182 
503.080017 272.239044 0.865290 
528.094604 164.906418 0.821648 
535.503723 210.511597 0.863000 
525.186035 253.087311 0.871346 
483.982544 261.935883 0.821654 
486.841156 314.895813 0.862317 
486.876129 361.936676 0.832750 
517.771423 257.534851 0.731743 
522.105469 311.961273 0.847613 
523.605225 360.461273 0.867992 
488.414948 163.451370 0.914745 
500.175659 159.128845 0.881119 
478.089600 157.527206 0.720046 
510.367706 150.215179 0.584727 
18
495.728577 169.340698 0.871029 
498.727966 172.266342 0.907863 
469.262390 182.572708 0.853484 
476.662964 236.933289 0.883094 
501.658569 270.779785 0.858103 
528.053650 164.898804 0.824337 
536.868225 211.935867 0.860294 
526.579102 251.726334 0.854039 
483.977448 260.505096 0.814511 
486.851044 313.464142 0.882505 
486.870789 361.910461 0.835068 
517.766174 256.056915 0.736071 
522.103455 311.967468 0.851099 
523.604370 360.452820 0.862204 
488.328949 164.909775 0.913280 
500.079803 160.514832 0.877016 
476.680145 157.555420 0.659371 
508.950867 150.207321 0.638595 
18
498.596588 169.356796 0.883947 
498.681824 172.287018 0.904696 
467.801483 182.583588 0.851147 
476.647614 235.506683 0.886686 
501.660370 269.293396 0.861607 
526.613464 164.944046 0.841679 
542.769592 207.587341 0.857805 
529.526123 251.617584 0.834054 
485.379974 260.484772 0.810500 
486.847412 313.452484 0.887712 
486.865814 361.941254 0.834210 
519.248291 254.624237 0.749971 
522.127686 311.989471 0.851183 
523.616943 360.463867 0.863834 
488.422119 166.382370 0.891991 
500.181274 160.531738 0.827562 
476.687592 158.986725 0.783145 
508.938721 148.769470 0.480357 
18
495.712341 169.348297 0.847313 
498.633606 172.263657 0.902138 
466.361420 182.564743 0.868273 
476.646088 235.475449 0.888357 
501.656158 267.856018 0.876437 
525.178711 164.918549 0.846548 
545.701965 204.667282 0.964271 
532.443787 250.135880 0.857633 
483.953430 260.468170 0.808212 
486.836639 313.443939 0.891883 
486.873108 361.937103 0.843012 
519.220825 254.585968 0.772983 
522.156311 311.990051 0.873193 
523.607300 360.473297 0.871914 
488.321472 166.373840 0.893787 
498.721954 160.519714 0.851968 
476.631592 158.975739 0.744662 
507.498993 148.778519 0.587673 
18
497.164795 169.386307 0.844494 
498.597900 172.244522 0.906468 
466.308380 182.536804 0.883289 
476.595825 234.005981 0.893218 
501.624969 266.412750 0.889156 
525.159729 164.913040 0.854927 
545.764404 204.577957 0.946350 
532.485596 247.266907 0.859823 
483.947571 259.018646 0.795489 
486.832672 313.438782 0.887902 
486.867340 361.955719 0.835189 
519.226624 253.152969 0.785157 
522.159058 312.020172 0.868515 
523.615173 360.481750 0.864689 
488.361877 167.817749 0.896322 
500.120880 160.564667 0.817877 
476.641327 159.008636 0.801782 
507.518372 148.742935 0.537130 
18
494.285461 170.766647 0.828969 
497.230621 170.863785 0.898351 
466.321259 182.505249 0.875941 
476.577911 234.035568 0.895665 
501.631348 267.823456 0.888683 
525.128601 163.470886 0.850523 
547.175354 201.659897 0.888808 
533.868286 242.876938 0.870432 
482.516846 259.010834 0.791465 
486.821808 313.439941 0.885931 
486.861725 361.946014 0.841753 
517.809143 253.132553 0.791118 
522.162903 312.009644 0.880291 
523.622559 360.513580 0.858104 
488.320435 167.849426 0.913731 
498.719238 163.429337 0.812287 
476.637512 159.006805 0.799720 
507.491486 150.208694 0.564352 
18
495.705109 169.363205 0.816940 
497.221893 170.847397 0.911018 
466.298523 181.136078 0.884991 
476.553558 232.534973 0.900215 
500.201416 266.400970 0.894296 
525.138489 163.463898 0.848522 
547.226257 195.850342 0.883725 
533.972473 241.329819 0.919563 
482.502655 258.992218 0.784298 
485.449005 313.456512 0.880306 
486.862640 361.938019 0.842333 
517.806824 253.128174 0.781757 
522.140076 313.402191 0.877729 
523.615173 360.502441 0.859518 
488.325073 166.384674 0.875483 
498.724182 160.549347 0.802097 
476.620361 157.617294 0.808302 
506.026825 147.351212 0.493148 
18
497.151306 169.310577 0.841977 
497.216278 170.833542 0.909607 
464.923492 181.133347 0.894159 
476.556305 232.546188 0.905018 
500.155579 266.427185 0.878296 
525.147217 163.435730 0.851422 
548.703491 194.330170 0.904853 
535.411377 238.386871 0.893552 
481.024658 259.014099 0.780724 
485.464722 313.448822 0.893800 
486.867981 361.935547 0.846997 
516.287537 253.150833 0.757772 
520.719604 311.994202 0.874017 
523.609985 360.479370 0.868182 
488.340393 164.896088 0.871682 
500.111420 159.111435 0.834866 
476.603973 157.574127 0.836388 
506.028473 147.276154 0.449568 
18
495.746124 169.312500 0.847643 
497.194550 170.806595 0.908045 
464.907440 181.112183 0.897177 
475.189484 231.098129 0.923241 
500.102386 266.375336 0.896277 
525.117859 161.969604 0.865717 
554.515564 192.822815 0.890838 
538.365417 232.534195 0.829661 
481.000336 257.525543 0.764946 
485.461487 313.433167 0.899405 
486.867584 361.927795 0.846414 
514.824890 253.117966 0.769171 
520.688171 311.975372 0.884592 
523.604431 360.488220 0.872847 
488.332489 164.886292 0.884223 
500.100189 159.113327 0.843400 
476.604248 157.544418 0.816287 
506.004517 147.270569 0.460353 
18
495.714508 169.257339 0.835320 
497.171539 170.799103 0.914210 
464.873718 181.069046 0.914160 
475.120453 231.103790 0.916870 
498.721680 266.353088 0.907537 
523.738098 161.997971 0.871124 
556.005676 192.776093 0.914199 
545.675232 229.663559 0.843442 
481.000885 256.103668 0.771675 
485.454590 313.455872 0.893419 
486.863617 361.933258 0.842979 
514.849548 253.095200 0.771741 
520.699707 311.988770 0.886288 
523.606323 360.475067 0.873016 
486.968323 161.983078 0.901753 
498.731903 159.055038 0.870958 
476.587738 156.125092 0.811671 
503.117981 145.872009 0.487523 
18
497.214233 169.249023 0.857133 
495.753326 170.768784 0.902804 
464.820404 181.010818 0.913345 
473.643616 229.665039 0.893670 
498.645630 264.936584 0.916834 
523.728088 163.430252 0.873972 
555.975281 192.794846 0.900262 
547.197327 229.689026 0.927166 
481.013855 256.104828 0.760535 
485.443878 313.450500 0.893833 
486.870728 361.930359 0.841557 
516.304932 253.103821 0.770426 
520.687195 312.001282 0.881885 
523.600952 360.485687 0.871862 
488.397858 160.544525 0.908012 
500.175110 159.026474 0.871452 
476.624634 154.634888 0.809722 
507.519928 145.830124 0.400053 
18
497.169434 166.395203 0.808863 
495.751831 170.771484 0.911892 
464.793732 179.596115 0.899981 
467.780579 228.194885 0.900987 
497.228180 264.853302 0.902490 
525.110596 164.920807 0.860460 
551.572510 194.342606 0.879465 
548.637268 232.549423 0.862569 
481.010498 257.528961 0.749973 
485.434143 313.457733 0.882764 
486.874146 361.950806 0.832223 
516.327148 253.111099 0.765592 
520.711121 312.008057 0.877190 
523.598999 360.490845 0.862608 
488.348694 159.040726 0.939503 
500.162537 157.563126 0.863671 
476.581146 150.196030 0.820778 
508.953827 145.729019 0.438056 
18
497.223511 164.924271 0.805061 
497.135773 170.767426 0.917215 
464.785370 178.141068 0.886829 
464.828949 228.180771 0.954851 
497.169037 261.942108 0.859557 
523.746277 166.371948 0.872854 
547.228638 194.397659 0.922184 
547.256836 234.035934 0.847131 
481.017426 256.080444 0.735038 
485.435150 313.459442 0.878982 
486.877258 361.924255 0.834524 
514.874329 251.697220 0.770311 
520.690735 312.000214 0.878681 
523.602112 360.483337 0.864920 
488.402832 158.978943 0.956846 
500.222412 157.508209 0.863743 
476.634735 147.356995 0.825943 
510.395050 145.714096 0.480973 
18
498.648041 161.966782 0.831374 
497.180939 170.751984 0.923986 
464.849854 175.208542 0.886629 
461.910645 228.079971 0.913361 
489.843628 256.105133 0.852711 
523.743958 167.797806 0.875314 
547.141663 200.202316 0.877499 
547.119141 231.130325 0.884883 
481.018982 254.629669 0.733881 
485.451569 313.397705 0.890228 
486.874359 361.948608 0.840004 
516.309082 251.670364 0.766965 
520.685425 311.930389 0.882252 
522.255249 360.462433 0.872077 
488.459320 157.567429 0.944351 
501.658020 154.646744 0.832709 
476.670471 147.295502 0.863110 
510.463318 144.314682 0.495539 
18
498.687653 159.085266 0.906337 
497.171539 170.766083 0.912133 
464.860779 173.752426 0.891440 
457.497528 225.195435 0.844854 
486.914612 253.159851 0.917230 
523.710266 167.831146 0.878466 
545.684631 204.555038 0.908432 
539.823059 239.907242 0.885449 
482.471252 256.091522 0.713108 
485.443604 313.423920 0.872859 
486.873169 361.936584 0.840374 
517.771851 253.135803 0.776536 
520.680786 311.954987 0.888838 
522.257629 360.466766 0.869975 
489.849854 156.086136 0.898834 
503.064209 151.692123 0.822017 
478.082764 147.229385 0.872659 
510.466034 142.847641 0.445326 
18
498.728333 159.027374 0.949854 
497.193024 170.750977 0.914057 
464.881439 170.884415 0.918769 
454.560303 220.801071 0.860457 
485.423218 253.084808 0.876885 
523.726379 169.265350 0.883606 
542.742920 206.093933 0.879469 
534.005371 241.375336 0.935870 
482.499390 257.523651 0.700975 
485.463379 313.425201 0.877617 
486.881165 361.941284 0.839875 
519.214539 253.163467 0.763028 
520.679504 311.980530 0.882792 
522.256104 360.478851 0.868572 
489.904938 153.183441 0.874190 
504.562439 150.226532 0.839755 
478.138885 145.793762 0.878964 
511.830994 141.354584 0.373643 
18
498.715912 158.981003 0.959642 
498.602142 170.764389 0.919874 
464.887543 170.861725 0.927718 
453.140167 219.303650 0.908918 
483.923096 251.625793 0.875402 
526.581543 169.336182 0.853706 
536.941528 207.600174 0.861133 
531.017212 242.851471 0.841113 
482.466675 256.056000 0.706777 
486.815277 313.406677 0.865848 
486.881012 361.917603 0.839666 
519.238403 253.107086 0.733999 
520.677063 311.956177 0.885295 
522.252014 360.462616 0.870067 
489.885162 151.696045 0.888147 
504.547882 148.773178 0.861736 
479.572998 145.760956 0.854353 
511.892578 139.941116 0.617429 
18
500.113281 157.631638 0.955642 
498.614838 170.773270 0.920067 
464.892303 170.841034 0.930176 
453.152924 217.872681 0.930617 
481.028748 250.194275 0.862808 
526.622253 169.378021 0.851975 
536.878052 210.476654 0.871573 
525.113403 242.898895 0.887350 
479.565918 259.029999 0.721572 
485.452087 313.470337 0.862880 
486.879089 361.931335 0.840183 
516.315552 254.602890 0.717763 
520.683472 312.022369 0.889954 
522.255981 360.498169 0.865149 
491.348907 151.662415 0.855581 
507.454865 148.760681 0.875944 
481.050934 144.364151 0.844650 
511.950867 139.908722 0.559758 
18
500.118408 157.606644 0.960297 
498.669006 170.772232 0.930587 
464.918488 170.821793 0.928387 
453.148621 216.443878 0.949478 
478.078400 247.279907 0.871958 
529.544434 170.767349 0.855415 
536.886841 211.959671 0.866876 
523.604370 242.905579 0.895150 
479.575867 257.526367 0.716873 
485.455841 313.438934 0.864862 
486.871216 360.514282 0.841369 
516.319458 253.172089 0.720151 
520.675781 311.970459 0.889943 
522.248657 360.467163 0.861308 
492.789459 150.201019 0.860848 
507.478821 148.743454 0.880663 
483.956299 144.277466 0.809337 
513.394653 139.898773 0.620441 
