66
1
18
650.115051 135.519653 0.753103 
613.321350 159.046860 0.878929 
619.263245 166.390076 0.826106 
622.190186 219.328491 0.838568 
630.969849 260.502167 0.874342 
603.080078 156.047699 0.815067 
625.067139 185.504425 0.166793 
0.000000 0.000000 0.000000 
607.516479 250.174576 0.758197 
604.495544 303.145081 0.814405 
595.755737 357.462372 0.797050 
594.302734 242.885925 0.662034 
594.178589 298.723175 0.813319 
595.727112 347.226074 0.585457 
650.094360 131.114441 0.775399 
0.000000 0.000000 0.000000 
639.764221 126.726959 0.878676 
0.000000 0.000000 0.000000 
18
650.103394 135.538940 0.729959 
613.314758 159.040527 0.872438 
619.253540 166.405762 0.836177 
620.698792 217.872696 0.873437 
628.054749 261.951416 0.904130 
603.074707 154.645889 0.811017 
622.191040 182.531433 0.115821 
0.000000 0.000000 0.000000 
606.043518 248.717300 0.760679 
604.479797 301.671112 0.845367 
595.746094 357.484009 0.823102 
594.222412 241.410934 0.682954 
592.695313 298.707703 0.796741 
594.230957 347.243469 0.559310 
650.090759 132.519577 0.763984 
0.000000 0.000000 0.000000 
639.778076 128.147095 0.888717 
0.000000 0.000000 0.000000 
18
650.118835 135.531235 0.733753 
613.316528 159.053482 0.867461 
619.281128 167.824570 0.836200 
619.226746 217.898590 0.896994 
626.601379 263.386536 0.902965 
603.043396 156.046219 0.808888 
613.317505 204.594681 0.064906 
0.000000 0.000000 0.000000 
606.033020 248.720306 0.756269 
604.471130 303.115723 0.841132 
595.752075 357.485138 0.827263 
594.216919 241.405563 0.686378 
591.237061 298.682343 0.778079 
591.253479 345.772308 0.543765 
650.102844 131.121323 0.765262 
0.000000 0.000000 0.000000 
639.777466 126.727615 0.893901 
0.000000 0.000000 0.000000 
18
650.111816 135.558960 0.729781 
613.314941 159.054291 0.862952 
619.279419 167.809723 0.836284 
617.811890 217.927460 0.911742 
623.665344 263.376678 0.882346 
603.049072 156.055756 0.809772 
613.298584 204.679810 0.066514 
0.000000 0.000000 0.000000 
606.052368 250.165726 0.760670 
604.456604 303.118805 0.838659 
595.740967 357.490143 0.821982 
594.235962 242.833694 0.686000 
591.251587 298.702484 0.783033 
592.741150 347.206696 0.540362 
650.099976 132.527893 0.770593 
0.000000 0.000000 0.000000 
639.778625 128.139160 0.889305 
0.000000 0.000000 0.000000 
18
650.107178 135.572113 0.749348 
611.900391 159.058029 0.858803 
619.270813 167.833389 0.850525 
617.769897 217.926331 0.918757 
623.611450 263.357819 0.885425 
603.053589 156.050156 0.804447 
625.072266 181.114746 0.076769 
0.000000 0.000000 0.000000 
606.021851 250.182602 0.764882 
604.455383 303.106110 0.832666 
595.746826 356.080505 0.819544 
594.196655 242.850998 0.681233 
589.828552 298.667999 0.776244 
591.314209 345.731140 0.548374 
650.095398 132.539276 0.790423 
0.000000 0.000000 0.000000 
639.772766 126.729591 0.889174 
0.000000 0.000000 0.000000 
18
650.116455 135.545609 0.767973 
611.894348 159.055969 0.849637 
619.242737 167.841446 0.855049 
617.745911 217.924652 0.925826 
623.656189 263.345764 0.882514 
603.055359 154.649673 0.788899 
0.000000 0.000000 0.000000 
0.000000 0.000000 0.000000 
606.025635 250.202454 0.771366 
604.452271 303.146454 0.822073 
597.152710 357.462555 0.807942 
594.218323 244.297180 0.668149 
591.274231 298.741364 0.772105 
594.211365 347.209900 0.551890 
650.097412 131.128372 0.794512 
0.000000 0.000000 0.000000 
639.750610 126.722084 0.882449 
0.000000 0.000000 0.000000 
18
650.098572 135.547806 0.790023 
611.884521 159.056030 0.853129 
619.201294 167.864334 0.874767 
617.715393 219.333313 0.912920 
626.521667 263.394073 0.899258 
603.080200 154.631317 0.784970 
627.966431 181.011734 0.083170 
0.000000 0.000000 0.000000 
606.037903 250.188232 0.767984 
604.444458 303.122375 0.839955 
595.752625 357.465881 0.823640 
594.247375 242.862411 0.664650 
589.832031 298.700714 0.774861 
591.296387 345.772247 0.562363 
650.075317 132.513351 0.809203 
0.000000 0.000000 0.000000 
638.367676 128.140793 0.867427 
0.000000 0.000000 0.000000 
18
650.083191 135.547745 0.789407 
611.887024 159.051132 0.857597 
617.823181 167.867233 0.871772 
617.696289 219.301971 0.898637 
627.977661 263.370911 0.922294 
604.480713 154.617737 0.788626 
626.552307 181.127518 0.120913 
0.000000 0.000000 0.000000 
606.054138 250.214615 0.755736 
604.455017 303.149475 0.817535 
595.743835 357.470734 0.804399 
594.278870 244.327805 0.655907 
592.735168 300.125305 0.798239 
594.234802 347.222626 0.568172 
650.052612 132.516388 0.801274 
0.000000 0.000000 0.000000 
638.341064 128.141235 0.855554 
0.000000 0.000000 0.000000 
18
650.076538 135.536301 0.780285 
611.871521 159.047180 0.853713 
617.818909 167.873978 0.876224 
616.343323 219.342529 0.905212 
628.069885 263.382477 0.929106 
604.467224 154.596085 0.777579 
626.582031 181.039642 0.108351 
0.000000 0.000000 0.000000 
607.451477 251.634827 0.744307 
604.462463 304.609924 0.807320 
597.152283 357.471405 0.779977 
594.301758 247.238602 0.653711 
592.758606 300.162079 0.806554 
594.266174 348.700531 0.582166 
650.050354 132.511169 0.798553 
0.000000 0.000000 0.000000 
638.342651 128.147171 0.857696 
0.000000 0.000000 0.000000 
18
650.081543 135.524048 0.784686 
611.864502 159.044525 0.851003 
617.816589 167.867737 0.872993 
617.700256 219.352997 0.890719 
628.109558 261.959106 0.902424 
604.460999 154.593735 0.774790 
627.906677 182.489380 0.083565 
0.000000 0.000000 0.000000 
607.455627 251.616409 0.755666 
604.468811 306.042267 0.818672 
595.753113 357.456177 0.808477 
594.294189 245.802155 0.657610 
592.783020 300.165314 0.805517 
592.783264 347.246429 0.605712 
650.047119 131.114334 0.797568 
0.000000 0.000000 0.000000 
638.325134 128.149155 0.854696 
0.000000 0.000000 0.000000 
18
650.070496 135.523697 0.773164 
611.866272 159.043411 0.859830 
617.828125 167.867462 0.867163 
617.717041 219.338638 0.891795 
629.537659 261.939575 0.911072 
604.455750 154.595520 0.783604 
625.067444 182.553452 0.104227 
0.000000 0.000000 0.000000 
607.441528 251.623062 0.771949 
604.458557 306.050171 0.823856 
595.741577 357.462860 0.826099 
594.244873 245.794067 0.665195 
592.707886 300.136536 0.792312 
592.751526 347.200897 0.564990 
648.654724 131.121094 0.786861 
0.000000 0.000000 0.000000 
638.331116 128.157990 0.855173 
0.000000 0.000000 0.000000 
18
650.066345 135.506332 0.770823 
611.868896 159.043533 0.875146 
617.844482 167.872345 0.862568 
617.710999 219.353104 0.888908 
629.555481 261.932526 0.909466 
603.077332 153.175110 0.791649 
623.620789 184.014496 0.142883 
638.315247 194.286530 0.573065 
606.067322 250.217438 0.757471 
604.466492 304.607574 0.818869 
595.745544 357.461121 0.826063 
594.216431 244.312683 0.674094 
592.694641 298.710815 0.792754 
592.716980 345.772919 0.567502 
648.648743 131.107452 0.784486 
0.000000 0.000000 0.000000 
638.330078 128.154648 0.849753 
0.000000 0.000000 0.000000 
18
650.054321 135.510544 0.775200 
611.859924 159.050888 0.878817 
617.825806 167.870010 0.853131 
617.712769 219.360275 0.890212 
629.545349 261.913971 0.892917 
604.459473 154.608810 0.801661 
625.125977 184.049423 0.242664 
639.763428 194.280441 0.730471 
606.068237 251.625015 0.768205 
604.454041 306.049133 0.812652 
595.698181 357.472900 0.823821 
594.240784 245.772690 0.660495 
592.776733 300.161835 0.791098 
594.229126 347.277100 0.585206 
648.639343 131.118576 0.789190 
0.000000 0.000000 0.000000 
638.322388 128.157410 0.846887 
0.000000 0.000000 0.000000 
18
650.047974 135.515671 0.769790 
611.855957 159.056778 0.873225 
617.829224 167.864120 0.853689 
617.732666 219.347717 0.878165 
629.506653 261.919556 0.894102 
604.460632 154.613785 0.801106 
626.512146 184.017456 0.258460 
639.779541 192.912048 0.764465 
606.074341 251.642838 0.767009 
604.460938 304.619873 0.813333 
595.717896 357.462891 0.815542 
594.257568 245.798676 0.664176 
592.796326 300.167419 0.796256 
594.230225 347.269684 0.595013 
648.630554 131.125793 0.788706 
0.000000 0.000000 0.000000 
638.311096 128.162766 0.840842 
0.000000 0.000000 0.000000 
18
650.041931 135.507614 0.778055 
611.858765 159.046448 0.878408 
617.834473 167.852386 0.852556 
617.708313 219.298767 0.879482 
628.089905 260.502319 0.891793 
604.460693 154.597809 0.801242 
626.551025 184.024826 0.269296 
639.818054 192.920593 0.741951 
606.041687 251.624222 0.780121 
604.466858 304.597687 0.812164 
595.723572 357.461121 0.816941 
594.245544 245.778061 0.669306 
592.808167 300.162231 0.810290 
594.203491 347.248108 0.601967 
648.628296 131.116196 0.790858 
0.000000 0.000000 0.000000 
638.316162 128.145874 0.843106 
0.000000 0.000000 0.000000 
18
650.038757 135.496872 0.768355 
610.440491 159.022339 0.880870 
617.836304 167.845688 0.855752 
617.699707 217.924866 0.877431 
628.013489 261.933746 0.891446 
603.065918 153.159058 0.795036 
626.523499 182.563797 0.201803 
639.774841 192.909271 0.568721 
606.012756 250.206970 0.774028 
604.450439 303.145355 0.816666 
595.717041 357.476685 0.830799 
594.222168 244.300461 0.672105 
592.737244 300.126801 0.803283 
592.794495 347.213440 0.591992 
648.626404 131.099808 0.782024 
0.000000 0.000000 0.000000 
638.314575 126.731766 0.845559 
0.000000 0.000000 0.000000 
18
648.653687 135.505341 0.740302 
610.433716 159.018234 0.876440 
617.837097 167.849777 0.856623 
616.353271 217.921432 0.879245 
628.004272 261.952820 0.898418 
603.040771 153.154022 0.791624 
626.495789 182.508240 0.141136 
0.000000 0.000000 0.000000 
606.002075 250.171570 0.763267 
604.452454 301.696564 0.820706 
595.739563 357.458160 0.820582 
594.205933 242.852432 0.681577 
592.723999 298.732361 0.805850 
592.790405 345.782013 0.586504 
648.613403 131.105820 0.767193 
0.000000 0.000000 0.000000 
638.299500 128.164215 0.847509 
0.000000 0.000000 0.000000 
18
648.626038 135.510803 0.717858 
610.415894 159.029663 0.878432 
617.809448 167.842087 0.857836 
616.333679 217.893509 0.888191 
627.989502 261.942505 0.891400 
603.043030 154.593918 0.792516 
626.515503 184.030899 0.188593 
639.812317 192.889053 0.470537 
606.014282 250.170670 0.756701 
604.456970 301.672485 0.823445 
595.751160 357.454071 0.812173 
594.243591 242.852722 0.676631 
592.704956 298.705383 0.812824 
592.774292 345.775177 0.585416 
647.190002 131.119797 0.749720 
0.000000 0.000000 0.000000 
638.282776 128.172974 0.844770 
0.000000 0.000000 0.000000 
18
648.600647 135.539536 0.713183 
608.971802 159.008423 0.873247 
617.789429 167.824463 0.862115 
617.699097 217.908783 0.892155 
627.986328 261.980408 0.886428 
603.009216 153.178925 0.778876 
625.097168 181.113571 0.129856 
0.000000 0.000000 0.000000 
606.008301 248.719345 0.756328 
604.475769 301.656708 0.856864 
595.735413 357.448761 0.840123 
594.196350 241.415573 0.705290 
591.277771 298.647675 0.813802 
589.831787 344.266724 0.548321 
647.173035 132.533035 0.761578 
0.000000 0.000000 0.000000 
638.291565 128.175476 0.845840 
0.000000 0.000000 0.000000 
18
648.587891 135.549210 0.717707 
608.967285 159.018234 0.873458 
617.756653 166.408356 0.853392 
616.346619 217.918304 0.889636 
627.987122 261.984314 0.893908 
603.045654 154.603058 0.783051 
625.112732 184.073853 0.206114 
639.783020 194.271500 0.586476 
606.002869 248.741348 0.751060 
604.480042 301.656433 0.843952 
595.755066 357.456116 0.823231 
594.211731 241.421585 0.699989 
591.279053 298.661804 0.810376 
591.289612 345.712677 0.553344 
647.170105 132.541351 0.758933 
0.000000 0.000000 0.000000 
638.285583 128.157486 0.842618 
0.000000 0.000000 0.000000 
18
647.165527 135.541641 0.748994 
608.971680 159.013611 0.869887 
617.743103 166.393814 0.847285 
616.335999 217.922760 0.884107 
628.049194 261.942535 0.900497 
603.077332 154.601624 0.777111 
623.609619 184.063232 0.262996 
638.361938 194.260590 0.801543 
606.025574 250.169632 0.764713 
604.477600 303.100861 0.823138 
595.741699 357.461639 0.827084 
594.236267 242.840698 0.687995 
591.310608 298.682129 0.814244 
592.713318 345.758484 0.572189 
645.725220 132.537064 0.782649 
0.000000 0.000000 0.000000 
635.427002 128.166672 0.827308 
0.000000 0.000000 0.000000 
18
647.171570 135.538452 0.756963 
608.956543 159.003403 0.875059 
617.734924 166.393265 0.859266 
616.321289 217.896042 0.881021 
628.067322 260.506927 0.889101 
603.045593 154.596207 0.759025 
625.065186 182.607529 0.216650 
638.334473 194.292343 0.632739 
606.049438 250.144562 0.751996 
604.496948 301.679840 0.830020 
595.741028 356.077057 0.819692 
594.260681 242.833313 0.684755 
591.317444 298.651886 0.811311 
591.287720 345.719635 0.584022 
647.142944 132.520462 0.785012 
0.000000 0.000000 0.000000 
635.405762 128.168045 0.833876 
0.000000 0.000000 0.000000 
18
647.179810 135.528412 0.762810 
608.955200 159.016708 0.873196 
617.729370 166.409332 0.862363 
616.328552 217.902161 0.883370 
628.081604 260.479065 0.902847 
603.050354 154.607605 0.762546 
623.634399 184.054474 0.246250 
639.774292 194.388290 0.641347 
606.073242 250.173660 0.745628 
604.488770 303.148773 0.830225 
595.750305 357.456238 0.831432 
594.277466 242.863434 0.680887 
591.290344 298.657928 0.816727 
589.803467 344.295135 0.584849 
647.155090 131.123962 0.779392 
0.000000 0.000000 0.000000 
635.415222 128.162674 0.832438 
0.000000 0.000000 0.000000 
18
647.140076 135.513565 0.722722 
608.947388 159.018234 0.872634 
617.704346 166.402786 0.857017 
616.293335 217.886322 0.895027 
628.097839 260.462524 0.903636 
603.049561 154.612808 0.753708 
625.096985 186.982956 0.301593 
639.839417 195.815460 0.607799 
606.060608 250.174713 0.750735 
604.481995 303.143768 0.834188 
595.762573 357.476929 0.841254 
594.275696 242.861099 0.676828 
591.256714 297.267151 0.809395 
585.413269 342.830078 0.578396 
645.718201 131.120972 0.752482 
0.000000 0.000000 0.000000 
635.391724 128.177719 0.838441 
0.000000 0.000000 0.000000 
18
647.161621 135.516815 0.749620 
608.940613 159.013657 0.873222 
617.711365 166.407211 0.868032 
616.256226 217.850327 0.908116 
628.081116 258.990082 0.900329 
603.019348 154.615265 0.748520 
620.681274 186.987930 0.149368 
636.876099 197.271149 0.440400 
606.058777 250.152603 0.748730 
604.478271 303.118805 0.836751 
597.153870 357.474213 0.842896 
594.262146 242.840225 0.687374 
591.268188 298.650970 0.821944 
588.343628 344.294800 0.575767 
647.136658 131.110687 0.770750 
0.000000 0.000000 0.000000 
635.375793 128.185974 0.836151 
0.000000 0.000000 0.000000 
18
647.148132 135.501648 0.760759 
608.935120 159.004547 0.870743 
617.694946 166.393539 0.855857 
616.234924 217.855713 0.900511 
628.056152 258.987671 0.898947 
603.015015 154.611404 0.739137 
622.159302 189.930573 0.187631 
639.765747 197.284836 0.469934 
606.067627 250.173859 0.750149 
604.470825 303.153687 0.835536 
597.155579 357.480713 0.847849 
594.304321 242.873169 0.669881 
591.252014 298.664398 0.822268 
583.986938 341.359589 0.595411 
645.711670 131.093231 0.769082 
0.000000 0.000000 0.000000 
633.940430 128.158737 0.838373 
0.000000 0.000000 0.000000 
18
647.160461 135.472733 0.750139 
608.930115 159.002991 0.873572 
616.349548 166.385803 0.852122 
616.231201 217.854141 0.892148 
628.058044 259.036438 0.896197 
603.021667 154.616669 0.743299 
616.263000 204.612946 0.225259 
635.399536 201.681549 0.627036 
606.067749 250.162903 0.749833 
604.464539 303.113098 0.827649 
595.736267 357.473083 0.849986 
594.288452 242.849823 0.675271 
591.286011 297.266418 0.811360 
585.411682 341.358368 0.581238 
645.723694 129.651215 0.756454 
0.000000 0.000000 0.000000 
633.936340 128.162354 0.839819 
0.000000 0.000000 0.000000 
18
647.176880 135.452286 0.742848 
608.940613 159.017258 0.870115 
616.338013 166.392822 0.845541 
616.224792 217.873917 0.879924 
628.026733 260.501831 0.894865 
603.050110 154.637009 0.750047 
616.293335 204.588470 0.282754 
636.861389 201.698196 0.708589 
606.031616 248.731186 0.746628 
604.462708 301.679962 0.836339 
595.736267 357.449646 0.849838 
594.244019 241.405365 0.702713 
591.235352 297.225769 0.795086 
583.937927 339.904877 0.615607 
647.153137 129.608231 0.748301 
0.000000 0.000000 0.000000 
635.378113 126.725693 0.834504 
0.000000 0.000000 0.000000 
18
648.599854 134.091492 0.748425 
608.936829 159.021927 0.867640 
616.313049 166.408920 0.846564 
616.216736 217.888046 0.868986 
627.969543 261.917847 0.900626 
603.062683 154.639954 0.742587 
616.310486 203.136963 0.299595 
638.333313 203.135376 0.754344 
606.010010 250.158356 0.753609 
604.454590 301.699707 0.826707 
595.758301 357.469086 0.841334 
594.231689 241.422546 0.700491 
589.841858 297.246216 0.795201 
583.972717 339.911743 0.596859 
647.165039 128.165359 0.754506 
0.000000 0.000000 0.000000 
635.392273 126.712059 0.838355 
0.000000 0.000000 0.000000 
18
647.179626 135.465652 0.777492 
608.954346 159.031982 0.853361 
616.301147 166.402588 0.837640 
616.204590 217.848846 0.860291 
626.534546 261.920898 0.882136 
604.495728 156.049561 0.742967 
616.344360 203.116150 0.328221 
638.355591 203.092377 0.782200 
605.960266 248.732147 0.754653 
604.462280 301.644104 0.846268 
595.751831 357.452240 0.842257 
594.222351 241.392059 0.685308 
588.336548 295.785736 0.775170 
582.495361 338.440125 0.649148 
647.161682 129.620575 0.767708 
0.000000 0.000000 0.000000 
635.399048 126.681793 0.840719 
0.000000 0.000000 0.000000 
18
648.591614 135.519226 0.812323 
608.950439 159.036499 0.854204 
616.305725 167.814560 0.841040 
614.817810 217.867065 0.866998 
625.075134 263.341827 0.867861 
604.493958 156.043427 0.740433 
616.326599 203.127426 0.330334 
638.295410 203.082855 0.766786 
605.962646 250.159103 0.754678 
604.467834 301.686157 0.842627 
595.752319 357.461670 0.830428 
594.235596 241.411682 0.667588 
588.357788 297.231201 0.786243 
583.936279 341.344116 0.558893 
647.165710 131.085938 0.795551 
0.000000 0.000000 0.000000 
633.964111 126.678337 0.839173 
0.000000 0.000000 0.000000 
18
647.164185 135.503616 0.799608 
608.965820 159.025330 0.854977 
616.308899 166.406387 0.838284 
614.803284 217.847519 0.872522 
622.195679 261.981049 0.862786 
604.506104 154.648270 0.736177 
616.354675 203.092163 0.310372 
638.352905 201.631165 0.756705 
605.965149 250.179886 0.762268 
604.468140 303.129730 0.831298 
595.759155 357.461365 0.808300 
594.267517 242.839417 0.644255 
589.825684 298.655792 0.777685 
591.270020 345.764496 0.565111 
647.143250 131.066895 0.783098 
0.000000 0.000000 0.000000 
633.963928 126.673347 0.839313 
0.000000 0.000000 0.000000 
18
647.170593 135.503616 0.788303 
608.973694 159.038284 0.854000 
616.305237 167.814407 0.835035 
613.368591 217.864441 0.866120 
622.187134 261.977448 0.859039 
604.526611 156.045609 0.739887 
619.254883 188.463730 0.322254 
638.339600 198.748581 0.815354 
605.941650 250.155533 0.768055 
604.468079 303.106873 0.831267 
597.150391 357.462158 0.820482 
594.232666 241.413254 0.650236 
588.352539 297.200653 0.777047 
583.954651 341.362732 0.575530 
647.149475 131.069382 0.775426 
0.000000 0.000000 0.000000 
635.394836 126.672554 0.838512 
0.000000 0.000000 0.000000 
18
647.180176 135.477066 0.788237 
608.980164 159.046692 0.845865 
616.305542 167.810944 0.834929 
613.360535 217.880203 0.863808 
622.181030 263.361908 0.868363 
604.534607 156.059631 0.738156 
616.324097 203.112961 0.333351 
636.883240 200.217484 0.802669 
605.951355 250.162582 0.767341 
604.460144 303.124207 0.828734 
595.764587 357.453461 0.823998 
594.244446 241.420868 0.646281 
588.356689 297.257263 0.780724 
585.428101 342.805389 0.555016 
647.153381 129.630829 0.774856 
0.000000 0.000000 0.000000 
635.404419 126.673294 0.837325 
0.000000 0.000000 0.000000 
18
647.162109 135.470032 0.779304 
608.965637 159.040024 0.846612 
616.308594 167.815338 0.843033 
614.772827 217.842331 0.863101 
622.175720 261.976318 0.855539 
604.508850 156.049530 0.732347 
616.323914 204.604553 0.321323 
636.875061 203.116577 0.761458 
605.957458 248.738113 0.757706 
604.460266 303.103088 0.823380 
597.148926 357.463318 0.820083 
594.256104 241.400787 0.661704 
589.818970 297.252319 0.788763 
585.425720 341.358673 0.563366 
647.144470 129.615509 0.765531 
0.000000 0.000000 0.000000 
635.406799 125.280502 0.840048 
0.000000 0.000000 0.000000 
18
647.146545 135.462051 0.765921 
608.953735 159.034576 0.851615 
616.307556 167.811295 0.840958 
613.359375 217.847168 0.860332 
623.640503 261.941895 0.856833 
604.498596 156.048279 0.734995 
616.279602 204.608032 0.329903 
635.392517 203.109833 0.786998 
605.992249 250.170563 0.758646 
604.461243 303.130005 0.829339 
595.763062 357.461700 0.824237 
594.271057 242.829453 0.660806 
588.364624 298.639923 0.788830 
585.421204 342.813782 0.567180 
645.720886 129.612000 0.757365 
0.000000 0.000000 0.000000 
635.393616 125.277954 0.841399 
0.000000 0.000000 0.000000 
18
647.142151 134.101105 0.753591 
608.941284 159.020782 0.857874 
616.291809 166.385574 0.828318 
614.820557 217.810867 0.874161 
625.094727 261.929962 0.865891 
604.484802 156.044159 0.734836 
616.300720 204.554993 0.300956 
633.937378 201.648438 0.772591 
606.013855 250.154633 0.747363 
604.458557 301.695465 0.838463 
595.763550 357.444672 0.824117 
594.294006 242.826630 0.649611 
589.839661 298.631866 0.790153 
585.420715 342.802124 0.538204 
645.716003 128.162445 0.754681 
0.000000 0.000000 0.000000 
635.389343 125.268272 0.847741 
0.000000 0.000000 0.000000 
18
645.706543 135.465042 0.758978 
608.934814 159.020462 0.856156 
616.293030 166.385452 0.827961 
614.835510 217.814453 0.878279 
626.544983 260.465240 0.874287 
604.477539 156.044250 0.735798 
616.269104 204.567749 0.275425 
633.911255 201.644058 0.744239 
606.029663 250.179810 0.752770 
604.455444 303.120941 0.814747 
597.149109 357.466644 0.817777 
594.291992 242.851685 0.656857 
591.294556 298.675323 0.795306 
589.835388 345.709381 0.543363 
645.704163 129.610397 0.753321 
0.000000 0.000000 0.000000 
635.395752 125.268150 0.845466 
0.000000 0.000000 0.000000 
18
645.702148 135.442902 0.737399 
608.933594 159.018219 0.859699 
616.300964 166.387222 0.831720 
614.833557 217.804077 0.873757 
626.587219 259.036835 0.888055 
604.474731 156.039108 0.741319 
616.301147 203.099899 0.297781 
636.848450 201.650330 0.747462 
606.028748 250.197922 0.752174 
604.443848 303.157654 0.816617 
597.181641 357.468872 0.827077 
594.288086 242.866455 0.662493 
589.831726 298.679413 0.791494 
586.866211 344.301880 0.542348 
645.697021 128.166931 0.742792 
0.000000 0.000000 0.000000 
635.385986 125.264153 0.844995 
0.000000 0.000000 0.000000 
18
645.715942 134.097427 0.747187 
608.933350 159.015610 0.863670 
616.299805 166.390015 0.828688 
614.842590 217.796661 0.878325 
627.977539 259.021942 0.896717 
604.467834 154.644760 0.742311 
616.291382 201.669983 0.302635 
635.402222 200.200943 0.767849 
606.022522 250.184021 0.758948 
604.442261 303.143280 0.822139 
597.161804 357.465820 0.835406 
594.265137 242.844391 0.676072 
589.813965 297.262115 0.788052 
583.957886 342.827515 0.556100 
645.703857 128.146317 0.750951 
0.000000 0.000000 0.000000 
635.389465 125.251411 0.850438 
0.000000 0.000000 0.000000 
18
645.703369 134.102493 0.740126 
608.926392 159.015518 0.865178 
616.302307 166.387527 0.830054 
614.845947 217.797440 0.878995 
627.971863 259.023132 0.898214 
603.068237 154.646622 0.744445 
616.268982 203.103867 0.298598 
635.408569 200.209534 0.757516 
606.031982 250.198013 0.763388 
604.438843 304.579010 0.826826 
595.757141 357.470032 0.840320 
594.276245 242.866516 0.669478 
589.803650 298.682220 0.788856 
585.394531 344.286163 0.523143 
645.695740 128.152283 0.744906 
0.000000 0.000000 0.000000 
635.384094 125.251602 0.848386 
0.000000 0.000000 0.000000 
18
645.720032 134.083878 0.739430 
608.930115 159.007706 0.862797 
616.296143 166.375534 0.820307 
616.204651 216.444336 0.876022 
627.962646 258.995667 0.893839 
603.073792 154.638474 0.739949 
616.299866 201.647339 0.311890 
636.868347 200.198349 0.762605 
606.024597 250.182510 0.755851 
604.448853 303.147308 0.825034 
595.757629 357.469055 0.845243 
594.276733 242.849426 0.675432 
588.354980 297.269684 0.793253 
582.452759 342.794006 0.558334 
645.707458 126.725204 0.749162 
0.000000 0.000000 0.000000 
635.381653 125.248680 0.851456 
0.000000 0.000000 0.000000 
18
645.667603 135.443237 0.739415 
608.921570 159.003479 0.862006 
616.298157 166.386414 0.829950 
614.840637 216.442993 0.887076 
626.590820 260.473877 0.883287 
603.059753 154.621262 0.727118 
617.798401 186.986649 0.237747 
635.398987 200.178482 0.661631 
606.014282 250.173370 0.753057 
603.081421 303.158051 0.822974 
595.738464 357.471649 0.847062 
594.289490 242.847855 0.661259 
588.358093 298.656036 0.800645 
582.500610 341.368713 0.567825 
645.670349 128.173645 0.743106 
0.000000 0.000000 0.000000 
633.955261 125.273407 0.842751 
0.000000 0.000000 0.000000 
18
644.266052 135.477859 0.764562 
608.931091 159.014587 0.859190 
616.287964 166.394226 0.826684 
614.836060 217.791046 0.899845 
626.566833 260.467102 0.878260 
604.471313 154.643417 0.731848 
619.223999 184.085510 0.284525 
633.953857 197.293076 0.716800 
606.014587 250.161118 0.751571 
604.449707 303.140747 0.821543 
595.745117 357.460419 0.843085 
594.286743 242.837784 0.664777 
589.826538 298.658783 0.807719 
583.948914 341.357971 0.600982 
644.265808 129.625549 0.755601 
0.000000 0.000000 0.000000 
633.953308 125.273293 0.843446 
0.000000 0.000000 0.000000 
18
645.672363 135.516724 0.786649 
608.920654 159.015625 0.859604 
616.296570 166.394897 0.831792 
614.826782 217.791702 0.893876 
626.533203 260.469666 0.875359 
603.068726 154.639999 0.730400 
617.807617 185.550522 0.247937 
635.391907 198.729630 0.684032 
606.002991 250.173965 0.757201 
604.440552 304.589569 0.820267 
595.744934 357.464752 0.846214 
594.269043 242.850769 0.675298 
588.369263 298.692139 0.810235 
585.407410 342.845978 0.593734 
645.673035 131.074905 0.768011 
0.000000 0.000000 0.000000 
633.947754 125.266777 0.841576 
0.000000 0.000000 0.000000 
18
645.687561 135.525009 0.791105 
607.518372 159.007080 0.865180 
616.296570 166.394058 0.838678 
614.810364 217.799698 0.890423 
626.531555 260.510406 0.878045 
603.033386 154.633499 0.719625 
617.735718 185.549362 0.186479 
633.958801 198.755249 0.611530 
605.988770 250.153885 0.756020 
603.085327 303.141541 0.817819 
595.735535 357.461334 0.838164 
594.244873 242.822815 0.683292 
589.814880 298.659363 0.790680 
588.363892 344.256012 0.565384 
645.683472 131.081772 0.774795 
0.000000 0.000000 0.000000 
633.944031 125.266304 0.842415 
0.000000 0.000000 0.000000 
18
645.698486 135.521378 0.798007 
607.511414 159.008255 0.867667 
616.295044 166.397186 0.842650 
614.801514 217.808655 0.883504 
625.091553 261.915894 0.868977 
603.018677 154.633575 0.716429 
616.271790 204.568939 0.231077 
635.375732 201.678574 0.617200 
605.994263 250.148865 0.748492 
604.438965 303.117218 0.826159 
595.740723 357.450134 0.838589 
594.246033 241.423401 0.680994 
589.787170 297.264587 0.782193 
586.865540 342.809479 0.583114 
645.688843 131.074158 0.776864 
0.000000 0.000000 0.000000 
633.933594 125.269150 0.843539 
0.000000 0.000000 0.000000 
18
645.696594 135.508682 0.783126 
607.521973 159.009521 0.865239 
616.284607 166.399658 0.834717 
614.760620 217.824142 0.863886 
623.653931 260.509308 0.864082 
603.054016 154.632309 0.715568 
616.313843 203.129578 0.313787 
636.897156 203.089035 0.733600 
606.002625 250.151733 0.750585 
603.080139 303.130798 0.822895 
595.734924 357.447876 0.839536 
594.270996 241.428421 0.674623 
589.790161 298.631104 0.787532 
583.967896 341.359924 0.588936 
645.691467 131.063583 0.766406 
0.000000 0.000000 0.000000 
633.960022 125.273834 0.841514 
0.000000 0.000000 0.000000 
18
644.261108 135.508667 0.762996 
607.517700 158.997665 0.860627 
616.276367 166.392410 0.826229 
613.347717 217.808456 0.859626 
622.187439 260.473267 0.857657 
603.056458 154.619827 0.711983 
616.288330 203.147415 0.278916 
636.838379 203.097260 0.681969 
606.004944 250.168701 0.750526 
603.077454 304.569702 0.826559 
595.740601 357.471863 0.838593 
594.290405 242.844055 0.665068 
589.820740 298.694275 0.791755 
588.340759 345.707428 0.526760 
644.256287 131.071686 0.756343 
0.000000 0.000000 0.000000 
633.935974 126.672676 0.839126 
0.000000 0.000000 0.000000 
18
644.265869 135.507477 0.771535 
607.518799 158.993805 0.858694 
616.262634 166.397537 0.819284 
613.346680 217.837616 0.853039 
622.195984 260.490875 0.863946 
603.069641 154.612854 0.705447 
616.292175 203.086838 0.278144 
636.887207 201.689194 0.660332 
605.982239 250.150909 0.746349 
603.072632 304.589569 0.816406 
595.745361 357.488281 0.828232 
594.278076 242.826538 0.662861 
589.820313 298.695679 0.786756 
589.833740 345.756500 0.535823 
644.258789 131.068268 0.761463 
0.000000 0.000000 0.000000 
633.926208 126.667091 0.842447 
0.000000 0.000000 0.000000 
18
644.249023 135.488052 0.756824 
607.501648 158.994217 0.863860 
616.260376 166.403030 0.833525 
613.338562 217.803177 0.861732 
622.174011 260.482727 0.863068 
603.041809 154.607544 0.704005 
617.730835 185.538406 0.194222 
0.000000 0.000000 0.000000 
605.983887 250.175522 0.761752 
603.070190 304.603241 0.826425 
595.736816 357.478058 0.832417 
594.260254 242.848480 0.678333 
589.785278 298.702759 0.790892 
589.820618 345.775208 0.535138 
644.250854 129.641907 0.753009 
0.000000 0.000000 0.000000 
633.921265 126.669800 0.847564 
0.000000 0.000000 0.000000 
18
644.237854 135.471878 0.744511 
607.491516 158.990555 0.854779 
616.247253 166.393158 0.830979 
613.332397 217.795227 0.864945 
622.174316 260.483185 0.857464 
603.032166 154.613403 0.691526 
616.249023 204.543350 0.185875 
632.495178 203.090027 0.446740 
605.997498 250.173111 0.757503 
603.070129 304.608032 0.808986 
595.746460 357.485718 0.833154 
594.264099 242.859711 0.675906 
589.807068 298.698486 0.787719 
589.831665 345.720154 0.523528 
644.241943 129.622482 0.748032 
0.000000 0.000000 0.000000 
633.926147 126.672203 0.847949 
0.000000 0.000000 0.000000 
18
644.234558 135.499802 0.756418 
607.498779 159.009567 0.851857 
616.237122 166.409531 0.829775 
613.318481 217.816071 0.869617 
622.169922 260.474182 0.855841 
603.061462 154.625259 0.694371 
616.283875 203.125793 0.230943 
633.957092 201.696671 0.558781 
606.006165 250.194077 0.757673 
603.066345 306.046265 0.809609 
595.745850 357.478058 0.828471 
594.278198 242.880920 0.665976 
589.832825 298.719055 0.782222 
589.825256 345.749634 0.541461 
644.241272 131.063660 0.754264 
0.000000 0.000000 0.000000 
633.932495 126.672295 0.844656 
0.000000 0.000000 0.000000 
18
644.250977 135.476013 0.771960 
607.514282 159.008835 0.847048 
616.235352 166.410156 0.824994 
613.327393 217.815842 0.875012 
622.148560 260.492340 0.860704 
604.476440 154.620392 0.690674 
616.306213 201.629745 0.256156 
636.839233 201.682831 0.634491 
605.994446 250.196976 0.757900 
603.073364 306.062378 0.810139 
595.727905 357.501160 0.826420 
594.277161 244.294601 0.656797 
589.846558 298.745392 0.775641 
592.759338 347.219574 0.535997 
644.257629 129.624466 0.758230 
0.000000 0.000000 0.000000 
633.936584 125.272263 0.842344 
0.000000 0.000000 0.000000 
18
644.228333 135.489655 0.765314 
607.495361 159.003998 0.859466 
616.241333 166.396515 0.830651 
613.335999 216.416458 0.876996 
622.142883 260.485474 0.864019 
603.047180 154.595367 0.704276 
617.701172 200.177887 0.244207 
638.317993 200.211288 0.579953 
605.990417 250.185455 0.750130 
603.082581 306.049042 0.816373 
595.729431 357.475464 0.843105 
594.275635 242.865891 0.664177 
588.356628 298.662994 0.800346 
585.407349 342.811432 0.554564 
644.235413 129.635193 0.755518 
0.000000 0.000000 0.000000 
633.923645 125.272224 0.847859 
0.000000 0.000000 0.000000 
18
644.215332 135.505432 0.763403 
607.476257 158.989899 0.853826 
616.233398 166.390396 0.829036 
613.337585 217.791245 0.873290 
622.163452 260.474487 0.856080 
603.018677 153.170212 0.692104 
616.328125 201.630676 0.210645 
638.297668 201.664688 0.492506 
605.993225 250.168808 0.746027 
604.445801 304.606293 0.820140 
595.747253 357.474457 0.837038 
594.274597 242.856812 0.672877 
588.333191 298.677277 0.802193 
583.979492 342.829468 0.548851 
644.229919 129.653473 0.754641 
0.000000 0.000000 0.000000 
633.933838 125.268585 0.845445 
0.000000 0.000000 0.000000 
18
644.200012 135.500488 0.755723 
607.466553 158.996490 0.862040 
616.236938 166.404129 0.831569 
613.327271 216.436829 0.878582 
622.182251 260.483734 0.863177 
601.595032 153.150681 0.697494 
616.315125 200.169479 0.206519 
638.318848 200.206421 0.550318 
605.993408 250.180923 0.748618 
603.081360 304.577515 0.823793 
595.728516 357.475891 0.844336 
594.268188 242.867218 0.666028 
589.800903 298.667694 0.794254 
588.358459 344.293121 0.546772 
644.215576 129.647263 0.751253 
0.000000 0.000000 0.000000 
633.922180 125.272705 0.847320 
0.000000 0.000000 0.000000 
18
644.197205 135.501114 0.754601 
607.474609 158.999695 0.862886 
616.244263 166.405731 0.835906 
613.333618 217.796753 0.875604 
622.189148 260.508514 0.864861 
601.601624 153.153336 0.699698 
617.734985 192.851868 0.226517 
638.325623 200.188995 0.590187 
605.996521 250.194839 0.749879 
603.070801 304.587616 0.812828 
595.733276 357.467621 0.825932 
594.282898 244.299927 0.654707 
591.259094 298.748779 0.798030 
592.716736 345.767822 0.553990 
644.211975 129.643982 0.750762 
0.000000 0.000000 0.000000 
633.915466 125.273888 0.850205 
0.000000 0.000000 0.000000 
18
642.813782 135.505859 0.754950 
607.458740 158.990646 0.856100 
616.240051 166.397018 0.833581 
613.344482 216.443451 0.884820 
622.184448 261.902679 0.858266 
601.575439 153.148041 0.690627 
616.275635 201.680649 0.169919 
635.415344 201.644287 0.400372 
606.007263 250.174240 0.742794 
603.075867 304.574890 0.820642 
595.708313 357.467316 0.842824 
594.295532 242.881058 0.655840 
589.829346 298.731781 0.807222 
591.258423 345.716522 0.545946 
644.198120 129.644730 0.751905 
0.000000 0.000000 0.000000 
633.908081 125.268784 0.852822 
0.000000 0.000000 0.000000 
18
642.819885 135.490372 0.741927 
607.471497 158.993851 0.868829 
616.257202 166.409470 0.839070 
613.356262 217.803360 0.875348 
622.192810 261.898407 0.857036 
601.580017 153.144867 0.701911 
616.296936 203.106857 0.224168 
638.307007 201.659180 0.589794 
606.002991 250.186737 0.753079 
603.072205 306.046234 0.815024 
595.730286 357.472382 0.842056 
594.267639 242.869858 0.676970 
588.350037 298.690033 0.800535 
586.873108 342.829895 0.549599 
644.207153 129.618500 0.743063 
0.000000 0.000000 0.000000 
633.927551 125.260551 0.853580 
0.000000 0.000000 0.000000 
18
642.819397 135.507050 0.779981 
607.468628 158.982620 0.873452 
616.246643 166.392899 0.827208 
614.782227 217.836472 0.877035 
623.622192 261.913208 0.863180 
601.570862 153.141785 0.700479 
617.757690 188.457840 0.228582 
633.922607 197.279465 0.644214 
605.959717 250.167847 0.752824 
603.067078 304.569366 0.818440 
595.755249 357.483795 0.835582 
594.221741 242.848862 0.680543 
589.787903 298.708099 0.793101 
588.340820 345.712097 0.526546 
644.207642 129.647964 0.769062 
0.000000 0.000000 0.000000 
633.915894 125.265083 0.853402 
0.000000 0.000000 0.000000 
18
644.199646 135.490631 0.758707 
607.485474 159.001785 0.875184 
616.261780 167.814987 0.829144 
614.772156 217.846527 0.871817 
623.629150 261.899170 0.861271 
601.597534 153.157516 0.713505 
616.313782 201.636887 0.295455 
633.920410 197.270004 0.758945 
605.968872 250.175278 0.757450 
603.071167 304.572388 0.814499 
595.744324 357.489319 0.847951 
594.228882 242.849487 0.684125 
588.369873 298.683990 0.797246 
583.979248 342.803833 0.561286 
644.214966 129.643433 0.757760 
0.000000 0.000000 0.000000 
633.940796 125.275841 0.849770 
0.000000 0.000000 0.000000 
18
644.201355 135.462387 0.774001 
607.487976 159.003601 0.873472 
616.264526 167.817184 0.830196 
614.770203 217.888565 0.869052 
623.655884 261.936462 0.870484 
601.594360 153.160202 0.711546 
616.339722 198.710236 0.296228 
632.485107 197.255493 0.781175 
605.959595 250.185760 0.759708 
603.085876 304.598022 0.809366 
595.733887 357.483673 0.850758 
594.215820 242.860245 0.670150 
589.821716 298.707428 0.795226 
586.880188 342.821289 0.550969 
644.204224 128.188309 0.771994 
0.000000 0.000000 0.000000 
633.907043 125.264206 0.855886 
0.000000 0.000000 0.000000 
18
644.204834 134.102509 0.749753 
607.486755 158.998520 0.876764 
616.278625 167.816650 0.838237 
613.372375 217.854843 0.870175 
625.080688 261.925415 0.871836 
601.575256 153.149673 0.716823 
616.312012 200.175232 0.280333 
632.462341 197.259705 0.763579 
605.970642 250.181992 0.763178 
603.074890 306.041809 0.806661 
595.756348 357.477264 0.843914 
594.202942 242.849915 0.680718 
588.364319 298.695770 0.803885 
583.961792 342.811554 0.600998 
644.200623 128.162003 0.759729 
0.000000 0.000000 0.000000 
633.910645 125.271309 0.853159 
0.000000 0.000000 0.000000 
18
644.198120 135.447159 0.738197 
607.486938 158.989136 0.877985 
616.272583 166.413208 0.839955 
614.767639 217.850815 0.883453 
625.070923 261.921967 0.865845 
601.567261 153.141815 0.712364 
617.754883 189.925827 0.243797 
631.036560 197.297592 0.726287 
605.985779 250.180710 0.761642 
603.073486 304.616730 0.809104 
595.745911 357.461029 0.826002 
594.248901 242.856155 0.667108 
589.832458 298.705353 0.791574 
588.359985 344.300842 0.556193 
644.205933 128.185532 0.751590 
0.000000 0.000000 0.000000 
633.917236 126.669060 0.848762 
0.000000 0.000000 0.000000 
18
644.206970 134.106888 0.702897 
607.494385 158.988739 0.877887 
616.286377 166.407059 0.840028 
614.788940 217.818451 0.884000 
623.667603 261.912140 0.858093 
601.561462 153.157227 0.714935 
617.746704 188.464828 0.209110 
632.439331 200.205200 0.644256 
605.987488 250.168854 0.759202 
603.085938 304.606995 0.811388 
595.748047 357.458710 0.833562 
594.244629 242.849976 0.674781 
589.831421 298.688019 0.795698 
586.863403 342.832062 0.570365 
644.207397 128.176544 0.731651 
0.000000 0.000000 0.000000 
633.923828 126.674370 0.849319 
0.000000 0.000000 0.000000 
18
644.232971 135.465714 0.714110 
607.498596 158.987991 0.875044 
616.300964 166.395691 0.846851 
614.777466 217.804749 0.890187 
623.657471 260.505981 0.858794 
601.566223 153.154648 0.712438 
616.302856 203.096161 0.215051 
635.408752 201.688370 0.557729 
605.982666 250.160767 0.750286 
603.081665 303.135529 0.809675 
595.737671 357.456207 0.829500 
594.237549 242.834152 0.677289 
589.831482 297.228668 0.778282 
585.425049 339.882690 0.581369 
644.244019 129.610535 0.728719 
0.000000 0.000000 0.000000 
635.375610 125.286469 0.842502 
0.000000 0.000000 0.000000 
