37
1
18
510.489319 156.056549 0.959320 
510.374664 182.620453 0.914049 
485.461914 182.607391 0.898201 
479.527039 228.093384 0.849235 
476.699158 256.095642 0.857598 
533.946350 182.618042 0.918060 
538.349060 225.190811 0.858684 
535.479980 257.550720 0.874890 
497.215393 253.093826 0.856310 
500.136841 298.717712 0.941184 
500.220612 339.856445 0.850139 
523.658264 251.709457 0.848937 
522.184570 298.704742 0.892218 
523.693909 342.783356 0.895162 
506.004852 147.321259 0.900331 
516.305725 147.358215 0.903623 
498.612946 148.777863 0.813265 
523.635193 151.658279 0.778061 
18
511.889526 156.088074 0.963639 
510.391632 182.611069 0.914842 
486.834961 182.584457 0.904421 
479.545685 226.665207 0.826653 
478.105591 256.052521 0.848342 
533.967224 182.628922 0.914645 
538.402283 225.193710 0.847340 
535.497620 258.996643 0.878833 
497.211395 253.158905 0.832369 
500.132385 300.129974 0.935327 
501.590057 339.888458 0.843686 
523.675720 253.128799 0.833892 
522.203308 298.761169 0.895325 
523.684631 342.820953 0.899241 
507.511475 147.352325 0.901463 
517.803650 148.736588 0.890829 
498.654053 150.190353 0.859378 
523.675415 151.676086 0.715417 
18
511.925323 156.089661 0.960449 
510.414154 182.607773 0.926674 
486.854462 182.583313 0.908308 
479.580719 226.686234 0.818820 
478.135651 256.083008 0.833727 
533.995300 182.618073 0.928018 
538.394348 225.166656 0.842682 
536.868408 257.571381 0.878122 
497.213654 253.140152 0.843299 
500.128876 298.766022 0.942438 
501.590332 339.875977 0.846942 
523.674622 253.108475 0.837408 
522.234680 298.718536 0.893363 
523.690308 342.825684 0.903687 
508.929077 147.361679 0.909559 
519.246948 148.728653 0.898814 
498.688660 150.211899 0.867023 
523.697266 150.231918 0.696985 
18
511.943604 156.079819 0.956211 
510.431061 182.603271 0.929098 
486.874115 182.578354 0.906412 
481.002838 225.221252 0.794097 
479.547699 254.649399 0.823619 
534.010498 182.616318 0.925126 
539.833801 223.753204 0.833120 
536.922302 257.557800 0.871698 
498.601135 253.161148 0.838926 
500.150269 300.131836 0.936800 
501.584167 339.907990 0.851629 
523.717407 253.122375 0.829065 
522.242371 298.748474 0.903154 
523.695862 342.830658 0.910643 
508.947998 147.354385 0.918011 
519.277344 148.720215 0.908883 
498.705627 150.212280 0.861038 
523.714172 150.237793 0.675066 
18
511.942322 156.077118 0.956494 
510.433960 182.612823 0.930317 
486.875641 182.607193 0.904308 
481.009003 226.677322 0.817166 
479.595642 256.052216 0.820334 
534.020935 182.606873 0.933140 
541.293701 225.160080 0.833057 
538.348816 257.536957 0.855281 
498.614349 253.152588 0.846451 
500.168732 298.762329 0.936258 
500.226715 339.892120 0.855872 
523.732117 253.109100 0.827675 
522.239319 298.732330 0.904496 
523.693176 342.813263 0.903324 
508.946320 147.350159 0.920802 
520.662292 147.370483 0.913833 
498.708588 150.208084 0.854174 
523.719421 150.238602 0.670657 
18
511.896790 156.071350 0.962228 
510.450226 182.598114 0.934696 
486.884796 182.582779 0.919499 
481.038300 226.681747 0.817135 
482.483887 256.057648 0.828452 
535.376770 182.611969 0.926269 
542.766357 225.175186 0.835397 
541.287048 256.107300 0.831939 
498.648621 253.116730 0.859286 
500.168213 298.756256 0.935219 
500.220459 339.904297 0.855149 
525.137268 253.080276 0.820031 
522.235840 298.713287 0.903184 
523.696228 342.830597 0.899178 
508.907104 147.333984 0.912488 
519.244202 148.716629 0.896568 
498.696472 148.797607 0.841866 
523.731995 151.672318 0.757597 
18
510.473358 154.645721 0.943962 
510.464386 182.597168 0.945680 
486.914459 182.591019 0.927266 
481.044098 226.672943 0.813285 
482.493042 256.060303 0.832947 
535.392151 182.606201 0.925783 
542.750061 225.181427 0.827531 
542.773193 256.089630 0.831025 
498.635010 253.120148 0.856494 
500.139771 298.766937 0.937399 
500.221436 339.857117 0.849560 
525.132874 253.086838 0.819376 
522.237976 298.683655 0.905161 
523.707947 342.818878 0.894581 
506.013184 147.289093 0.910652 
516.317627 147.341873 0.901145 
498.658813 148.722382 0.754984 
523.704224 151.661514 0.825630 
18
511.872253 153.151352 0.940786 
510.479797 182.616516 0.933518 
486.924133 182.625427 0.917678 
481.051697 228.082031 0.820733 
482.499207 256.081696 0.828087 
535.411804 182.615875 0.924447 
542.799438 225.218613 0.840592 
542.790466 256.094391 0.829043 
498.659851 253.131424 0.862296 
500.147125 298.767273 0.942736 
500.214569 339.907898 0.853180 
525.155334 253.083145 0.817692 
522.242065 298.707001 0.908742 
523.710022 342.844879 0.901451 
507.502472 147.241943 0.926510 
519.223816 147.278259 0.912732 
498.708984 148.728134 0.814751 
523.739502 150.205399 0.798324 
18
516.294739 148.808304 0.886823 
510.437836 184.013443 0.922045 
486.845306 184.073105 0.871379 
481.013733 228.115845 0.829419 
482.492157 256.082092 0.820910 
535.387939 182.618073 0.936302 
542.781738 225.219925 0.843373 
544.189270 256.051514 0.843800 
498.667572 253.150574 0.870583 
500.165863 298.764008 0.932362 
500.213043 339.892242 0.851394 
525.160950 253.087616 0.824267 
522.258240 298.683746 0.908332 
523.712036 342.831116 0.911372 
510.462646 145.844788 0.990315 
522.187439 145.846710 0.991792 
500.129639 148.729355 0.874679 
523.718384 148.710419 0.285985 
18
522.226257 148.790833 0.940342 
510.440491 184.012695 0.900521 
486.876404 184.070023 0.878018 
481.020325 228.137573 0.828216 
483.947479 257.539154 0.814163 
535.371460 182.606888 0.924290 
542.799683 226.621201 0.859969 
544.191589 256.069702 0.843463 
498.681885 253.178085 0.859680 
500.174530 298.755920 0.936175 
500.210266 339.885559 0.857045 
525.175781 253.119720 0.815143 
522.256958 298.701813 0.903568 
523.710571 342.816406 0.904789 
514.848083 145.817917 0.927685 
523.732361 145.790466 0.917892 
500.196045 147.317566 0.899564 
0.000000 0.000000 0.000000 
18
523.609924 148.756363 0.949948 
510.460358 182.615616 0.909008 
486.900604 184.046021 0.880131 
481.033813 228.070877 0.797397 
483.927612 257.535828 0.808897 
535.375366 182.555618 0.924810 
544.221069 225.198532 0.850152 
544.234680 254.654297 0.855448 
498.692322 253.158051 0.864696 
500.188507 298.760559 0.938936 
500.210327 339.888580 0.852920 
525.193237 253.084213 0.802940 
523.599548 298.695435 0.896031 
523.716797 342.825989 0.902404 
516.299072 145.814178 0.917400 
525.117188 145.758774 0.910985 
500.217987 147.364182 0.877392 
0.000000 0.000000 0.000000 
18
522.142578 148.768921 0.928792 
510.442139 184.008667 0.907138 
486.857880 184.089630 0.866394 
481.038422 228.097183 0.803025 
483.951660 257.561249 0.805768 
535.390991 182.593475 0.926380 
544.228149 225.194046 0.854616 
544.270081 254.639801 0.853486 
498.696228 253.167236 0.871879 
500.200195 298.756897 0.943878 
500.210693 341.319946 0.858061 
525.187683 253.102264 0.812421 
523.598511 298.703949 0.903101 
523.707458 342.822998 0.907662 
513.362610 145.819458 0.945639 
523.653687 145.783691 0.950996 
500.163971 147.358643 0.890973 
0.000000 0.000000 0.000000 
18
513.350037 148.799973 0.927940 
510.465118 184.019989 0.931074 
486.869934 184.087570 0.873520 
482.506439 228.174210 0.817339 
485.385284 260.470398 0.810856 
535.426331 182.623367 0.926051 
544.223328 226.632645 0.871839 
545.645447 256.064941 0.850725 
498.681366 253.166611 0.864360 
500.199188 298.749878 0.944670 
501.580353 339.884094 0.855595 
525.167603 253.117157 0.819009 
522.256592 298.693176 0.895900 
523.694397 342.802582 0.915402 
508.968262 145.837875 0.943836 
520.718079 145.827850 0.963692 
500.074432 148.763687 0.848845 
525.114441 148.738770 0.624914 
18
508.975494 150.212784 0.894541 
511.855133 185.480148 0.926243 
486.910889 185.524490 0.887773 
482.517639 229.560867 0.814359 
485.410126 260.455200 0.807793 
535.490784 184.067505 0.880120 
544.222900 228.052094 0.885057 
544.260620 257.554352 0.844636 
498.670044 253.205414 0.849784 
500.190308 298.777130 0.932988 
500.220367 339.871399 0.853892 
525.174316 253.177170 0.810649 
522.258911 298.748077 0.885140 
523.701904 342.806885 0.902008 
501.633148 145.868698 0.951835 
513.349304 145.840729 0.946398 
500.080139 151.660889 0.259207 
523.728577 148.734283 0.861210 
18
508.897583 148.784317 0.890612 
511.881104 184.058304 0.926155 
486.959015 184.072876 0.901904 
483.950714 228.188690 0.812451 
485.413025 259.031189 0.810432 
535.499023 184.043671 0.878219 
544.229004 228.056290 0.882705 
544.223999 258.998932 0.841437 
498.666992 253.196915 0.847460 
500.187683 300.141083 0.929064 
500.217163 339.897217 0.853270 
525.174805 253.179642 0.808702 
523.597168 298.766968 0.891053 
523.701233 342.817566 0.908786 
501.613647 145.837494 0.974428 
511.933258 145.837692 0.966721 
501.615723 154.629623 0.095641 
523.709229 148.765457 0.845053 
18
511.852386 150.219788 0.944431 
511.860565 185.479233 0.920605 
486.929352 185.511459 0.895938 
483.951935 228.191452 0.822397 
485.386139 260.459808 0.804521 
535.489319 184.090164 0.873505 
544.204895 228.064590 0.887706 
542.764221 259.000946 0.826066 
498.678436 254.590469 0.857702 
500.184052 300.146698 0.941936 
500.203644 341.330475 0.860137 
525.163696 253.203705 0.817371 
523.598694 300.144867 0.892363 
523.702148 342.840515 0.918733 
507.456665 145.844925 0.930314 
519.219238 145.852859 0.921438 
498.739227 148.745682 0.654602 
525.182007 148.765274 0.810795 
18
516.286682 148.802094 0.891158 
510.497711 185.488876 0.909894 
486.884796 185.537689 0.872234 
483.930237 229.604584 0.810384 
485.384430 261.896423 0.807013 
535.461792 185.482239 0.888248 
542.782288 228.089142 0.885310 
541.321960 259.037476 0.830961 
498.665924 254.609985 0.846917 
500.182251 300.149689 0.938921 
500.208679 341.325317 0.862042 
525.159302 254.587173 0.819092 
522.260193 300.142059 0.893903 
523.707947 344.231445 0.918362 
510.453735 145.842041 0.981537 
522.202942 145.844925 0.985025 
500.147125 148.784683 0.893887 
526.591736 148.808685 0.488367 
18
520.740723 148.797836 0.918925 
510.486877 184.070175 0.903450 
486.880402 185.512482 0.869459 
482.485229 229.585648 0.802047 
485.382324 261.895264 0.807147 
535.448853 184.028946 0.910906 
544.226501 228.052704 0.885142 
544.198364 259.007996 0.846366 
498.677490 254.579346 0.852176 
500.187469 298.774994 0.935804 
500.213135 339.893036 0.860609 
525.192261 253.178467 0.809523 
523.612793 298.760773 0.897498 
523.701233 342.840851 0.917807 
511.962769 145.842072 0.963835 
523.646729 145.822220 0.990050 
500.191559 148.766144 0.885260 
523.629639 151.676315 0.102945 
18
519.225830 148.780441 0.899989 
511.854401 184.058014 0.920220 
486.933472 185.500519 0.881455 
483.934540 228.192993 0.810483 
483.986084 260.479584 0.810447 
535.464905 184.019608 0.908570 
544.247009 226.686981 0.889092 
544.234375 259.013336 0.850171 
498.692413 253.208694 0.855262 
500.176514 298.772369 0.936791 
500.218201 339.898499 0.861105 
526.586121 253.174118 0.804718 
523.610901 298.716187 0.888909 
523.659729 342.806671 0.914571 
511.861725 145.848175 0.983405 
522.243225 145.821106 0.997185 
500.176910 150.195099 0.865428 
525.120728 147.367111 0.279716 
18
511.951843 148.797058 0.944901 
511.915924 184.076065 0.914910 
488.350861 184.080124 0.895488 
483.966248 228.067734 0.813345 
483.980927 258.993500 0.796227 
536.880798 184.094162 0.862205 
544.264343 228.080154 0.903775 
544.247131 260.465515 0.867454 
498.693939 253.207458 0.851923 
500.166626 298.766693 0.936078 
500.208588 339.895355 0.861097 
525.187744 253.199493 0.809669 
522.252686 298.739319 0.902671 
523.673096 342.817474 0.912078 
508.945404 145.837616 0.946793 
520.695313 145.829758 0.949026 
500.141968 148.789169 0.828566 
525.188721 148.764908 0.820796 
18
508.931580 150.214127 0.881703 
511.934113 185.498764 0.895341 
488.338043 185.501770 0.882913 
483.959625 228.179489 0.811919 
483.976685 259.029083 0.793072 
536.912842 185.527313 0.826736 
544.270325 228.136200 0.897879 
544.251587 260.497009 0.866801 
498.673309 254.587326 0.845642 
500.175171 298.775482 0.935797 
500.217651 339.890442 0.856404 
525.182434 253.206467 0.807715 
522.254211 298.762451 0.895790 
523.688049 342.819855 0.901660 
501.622528 145.871277 0.966532 
511.974457 145.853470 0.949775 
501.616791 156.049362 0.106364 
525.141174 148.773041 0.845312 
18
507.468903 148.768326 0.889813 
511.915253 185.520325 0.897743 
488.314423 185.524643 0.888764 
483.965149 228.182053 0.816238 
483.974396 259.024750 0.787149 
536.902649 185.543167 0.827852 
545.633179 228.137054 0.907773 
544.206177 261.909515 0.870845 
498.672119 254.607727 0.846385 
500.171082 300.145691 0.935747 
500.213074 339.896362 0.855444 
526.584595 254.604584 0.803599 
522.255249 300.146271 0.893560 
523.693970 342.825897 0.897826 
501.598053 145.822174 0.970420 
511.918488 145.832520 0.970813 
0.000000 0.000000 0.000000 
523.731812 150.209229 0.832427 
18
510.499695 150.197433 0.944586 
511.883240 185.509705 0.908978 
486.949799 185.504059 0.889194 
483.944031 229.555664 0.820247 
482.511841 260.480743 0.803348 
535.508850 186.949142 0.844577 
544.273132 228.126007 0.907317 
544.196533 260.467346 0.842703 
498.681549 254.608261 0.848198 
500.187927 300.149261 0.939909 
500.214020 339.884003 0.856898 
526.581177 254.585770 0.800000 
523.612305 300.128876 0.897879 
523.701660 342.837250 0.905280 
507.460938 145.835556 0.937758 
517.791016 145.854309 0.921498 
500.117645 148.725632 0.490430 
526.613770 150.190277 0.811090 
18
517.808289 150.202957 0.885581 
511.840790 185.525665 0.898364 
486.902374 186.953247 0.870988 
483.925110 229.613373 0.822748 
483.930725 261.909943 0.815925 
535.466736 186.957245 0.876187 
544.266235 228.107666 0.912000 
544.210815 259.019928 0.842688 
498.698029 254.594955 0.855602 
500.185669 300.139587 0.945052 
500.213074 339.868042 0.856082 
526.611206 253.189880 0.808577 
523.628784 300.124908 0.890476 
523.704468 344.231232 0.908861 
511.871826 145.852905 0.983595 
523.598083 145.863647 0.993723 
500.205658 148.769699 0.896533 
526.619202 148.809067 0.446413 
18
523.602112 150.196548 0.940531 
511.850372 184.076935 0.901498 
486.932770 185.518051 0.881025 
483.957581 229.635345 0.812469 
483.980103 261.983490 0.801508 
535.455444 184.051102 0.890074 
544.272156 228.084396 0.908333 
544.249207 259.035736 0.859731 
498.708832 254.609634 0.844551 
500.196960 300.161865 0.924376 
500.209900 339.892151 0.856036 
526.604553 253.197006 0.801127 
523.642151 300.132568 0.885525 
523.691040 344.237061 0.919124 
516.299866 145.848953 0.919242 
525.169983 145.826767 0.926683 
501.617432 148.781921 0.873618 
0.000000 0.000000 0.000000 
18
522.255920 148.794922 0.945624 
511.880920 185.498718 0.894265 
486.957306 186.963364 0.874411 
483.950989 229.588882 0.821960 
485.374512 261.939819 0.808368 
535.491272 185.484497 0.862540 
544.270569 228.089539 0.906059 
545.671631 257.567657 0.876185 
498.697418 254.586380 0.854205 
500.196045 300.134369 0.922643 
500.201263 339.884735 0.858003 
526.588867 253.186417 0.800465 
523.646729 298.749298 0.894812 
523.695618 342.833893 0.912695 
514.873474 145.836655 0.920695 
525.145691 145.802673 0.923358 
501.605896 148.790054 0.850947 
0.000000 0.000000 0.000000 
18
516.296692 148.796310 0.897729 
511.902100 185.518005 0.911682 
486.956238 188.431656 0.865991 
483.979034 229.605133 0.823824 
485.424713 261.914124 0.792014 
536.906250 185.482666 0.865334 
545.652100 228.081955 0.907308 
545.693604 259.000885 0.866750 
498.715973 253.203247 0.859242 
500.201752 300.125763 0.927651 
500.222473 339.863525 0.857014 
526.603577 253.173218 0.804866 
523.640930 298.738373 0.898161 
523.700195 342.825378 0.910346 
510.453583 145.858047 0.979276 
522.196167 145.830826 0.985130 
500.169647 150.234070 0.848782 
526.580933 148.775116 0.508820 
18
510.497620 151.663193 0.931578 
511.950012 185.492645 0.897917 
488.364563 185.500397 0.883841 
485.399902 228.198746 0.827353 
485.440277 260.463196 0.797866 
536.930420 185.501175 0.837770 
545.669189 228.110138 0.911752 
545.677673 260.476196 0.867780 
498.722565 253.191010 0.852018 
500.200958 300.134064 0.932675 
500.220184 339.887115 0.861343 
526.605286 253.178085 0.802151 
523.628418 298.745728 0.896998 
523.694824 342.837952 0.909414 
506.035767 147.222534 0.928128 
517.752869 147.206802 0.914974 
500.094391 150.202972 0.497709 
525.180908 148.768875 0.838020 
18
510.380890 151.686172 0.902229 
511.964355 186.988342 0.882998 
488.354462 186.956100 0.885945 
485.387207 229.601578 0.830334 
485.444336 261.896545 0.797087 
536.955688 188.438065 0.809410 
545.672607 228.164230 0.916124 
545.661499 260.486908 0.872116 
498.707062 254.588120 0.850812 
500.199432 300.149841 0.929167 
501.583191 339.890350 0.859282 
526.596924 253.208084 0.797894 
523.629700 298.748199 0.899234 
523.691589 342.838135 0.912816 
503.118896 147.232025 0.930695 
513.426208 147.240189 0.931201 
504.533630 154.578110 0.130306 
526.592285 150.246048 0.814258 
18
511.942505 151.715149 0.937272 
511.950134 186.976639 0.889400 
488.356659 186.968918 0.874582 
485.374207 229.610352 0.826416 
485.386322 261.943176 0.807404 
536.933411 186.982224 0.830683 
545.671875 228.127502 0.921632 
544.239136 260.469238 0.844888 
498.701141 254.583588 0.853635 
500.198700 300.131500 0.932234 
500.221252 339.894714 0.862695 
526.580933 253.204849 0.807489 
523.648071 298.741486 0.897708 
523.689758 342.818512 0.916375 
508.962738 147.244980 0.960946 
520.715698 147.254745 0.957999 
500.169495 150.215820 0.688528 
528.064758 150.249115 0.790213 
18
519.262268 153.161697 0.873687 
511.918488 185.529709 0.901103 
488.341766 186.957489 0.874128 
483.980591 229.608673 0.825275 
483.979797 261.946381 0.801403 
536.890747 185.541885 0.847841 
545.671753 228.097534 0.926283 
544.236450 259.020172 0.842924 
498.723389 254.578903 0.854587 
501.583405 300.166321 0.931007 
500.206604 342.791870 0.858436 
526.612427 253.190918 0.799861 
523.681396 300.159515 0.894716 
523.691162 344.245667 0.926589 
511.924225 147.260223 0.980640 
523.640381 147.276382 0.988895 
501.648376 150.221451 0.858975 
529.541992 150.250977 0.525038 
18
522.236206 153.147964 0.928053 
511.940857 186.961090 0.883590 
488.337433 188.444962 0.871550 
483.969452 231.059891 0.796697 
485.379211 263.394623 0.807034 
536.938599 186.951126 0.828783 
545.666687 228.103561 0.923463 
545.628784 259.007599 0.857236 
500.077667 254.613403 0.839640 
501.606506 300.150330 0.924253 
500.216217 341.329315 0.850952 
526.633423 254.593567 0.787744 
523.696899 300.168457 0.897930 
523.699707 342.841156 0.920004 
514.870728 147.259628 0.913762 
525.175293 147.250000 0.948017 
503.057037 150.226517 0.831511 
532.454468 148.734772 0.146859 
18
522.231445 153.154099 0.931101 
511.961365 185.542236 0.882474 
488.354370 188.459915 0.872924 
485.400116 229.670776 0.835071 
485.395813 263.342010 0.812230 
538.348694 185.509018 0.828465 
545.683105 226.690063 0.908966 
545.690796 256.110565 0.869528 
500.104675 254.636841 0.836834 
501.606323 300.167999 0.929830 
500.211365 341.346985 0.861896 
528.071472 254.601410 0.782135 
523.706238 300.205688 0.900572 
523.701355 344.239563 0.925223 
514.875000 147.264938 0.914184 
525.166016 147.256302 0.953663 
503.074860 150.218155 0.822039 
532.440857 148.731995 0.147079 
18
519.223694 153.181427 0.867920 
513.385498 186.963318 0.872440 
488.421844 188.443359 0.865260 
485.449951 229.602722 0.873227 
485.461731 261.916931 0.814525 
539.835449 185.530884 0.817830 
545.707764 226.670532 0.913844 
545.745850 257.530762 0.877977 
500.147247 254.630966 0.837879 
501.605804 300.170258 0.932365 
500.217316 341.342651 0.863108 
529.532288 254.606720 0.784562 
523.697632 300.192932 0.908625 
523.697021 344.247742 0.925025 
511.896057 147.284607 0.980890 
523.614319 147.283203 0.975467 
503.058105 151.703659 0.845015 
530.984253 150.255936 0.656240 
18
511.928680 153.164276 0.921457 
514.859985 186.966660 0.857986 
489.852631 186.986023 0.847535 
486.870117 229.559235 0.898895 
486.889587 257.558472 0.842873 
541.329590 186.981476 0.806944 
545.734253 228.093109 0.915951 
547.127869 259.038055 0.888998 
500.173950 254.623856 0.841741 
501.625854 300.156647 0.926789 
501.578827 341.328674 0.853872 
529.565674 254.598572 0.783751 
523.691589 300.177002 0.909035 
523.699280 344.251343 0.919214 
508.971588 147.280014 0.961447 
520.697021 147.263794 0.940209 
501.625061 153.146011 0.272545 
531.026001 150.235321 0.808670 
18
510.426910 153.147827 0.916521 
519.212158 186.997391 0.835738 
492.782135 185.483795 0.845200 
486.910522 228.136856 0.913574 
486.914459 256.087524 0.876662 
542.792908 191.331268 0.799223 
545.765381 228.146194 0.926054 
545.777527 260.449890 0.886252 
500.197662 254.593597 0.852355 
501.632568 300.136322 0.925903 
500.210175 341.322937 0.853949 
530.996826 254.599503 0.790377 
523.713196 300.193756 0.901417 
523.706238 344.235718 0.909719 
506.047577 147.259796 0.913865 
514.871826 147.255432 0.900764 
0.000000 0.000000 0.000000 
530.973755 150.197098 0.787029 
18
511.859406 153.138885 0.941029 
520.688171 186.947495 0.855471 
495.726593 184.004883 0.880216 
486.950073 228.097717 0.900411 
486.938171 256.093353 0.882131 
544.241699 191.342667 0.819750 
547.127686 228.179352 0.927561 
545.740662 260.501099 0.895710 
500.185852 254.579529 0.857560 
501.648468 300.126892 0.937485 
500.218079 341.329468 0.860171 
530.979309 254.597137 0.791541 
523.725891 300.150665 0.894331 
523.691467 342.807037 0.908792 
510.344604 147.243530 0.957841 
520.674744 147.265961 0.931917 
0.000000 0.000000 0.000000 
532.503296 153.128357 0.790176 
