43
1
18
641.284546 133.963242 0.856998 
605.961243 159.089569 0.863735 
610.409180 169.273376 0.858281 
607.450134 219.348862 0.886713 
617.838013 263.414612 0.920138 
595.758789 154.648376 0.687860 
617.806396 181.038483 0.183952 
0.000000 0.000000 0.000000 
600.119934 251.673340 0.719528 
594.297546 306.052979 0.811608 
592.753418 357.576111 0.842222 
592.722900 248.726791 0.629206 
592.723877 303.098419 0.669186 
592.761841 351.651306 0.603986 
639.836914 125.214424 0.886428 
0.000000 0.000000 0.000000 
628.027771 125.233101 0.905614 
0.000000 0.000000 0.000000 
18
641.298096 133.968216 0.872464 
605.965393 159.088089 0.849647 
611.857239 167.880203 0.846051 
607.467224 219.363800 0.883175 
619.202087 263.430969 0.933448 
595.739380 154.651367 0.686013 
617.715393 182.561523 0.076324 
0.000000 0.000000 0.000000 
600.109375 251.662354 0.734406 
594.300171 306.079529 0.831179 
592.770691 357.571960 0.884289 
591.252197 247.276154 0.636290 
589.794678 301.630920 0.673202 
589.805420 348.699707 0.562104 
639.853333 125.207832 0.897108 
0.000000 0.000000 0.000000 
628.042358 125.209053 0.922252 
0.000000 0.000000 0.000000 
18
641.299072 132.598114 0.861696 
605.978516 159.081665 0.851053 
611.884033 167.882095 0.838474 
607.452393 219.346436 0.892983 
619.207581 263.447754 0.929760 
595.752930 154.633835 0.683316 
616.297424 182.532639 0.061486 
0.000000 0.000000 0.000000 
600.126221 251.656097 0.730240 
594.287476 306.082397 0.831471 
592.768677 357.577820 0.883150 
591.255371 247.257477 0.638621 
586.871277 300.210052 0.686753 
586.893860 347.272583 0.562831 
639.855896 125.195496 0.892782 
0.000000 0.000000 0.000000 
628.053772 125.206642 0.922470 
0.000000 0.000000 0.000000 
18
641.309204 132.579117 0.850998 
606.007874 159.074829 0.845418 
613.313904 167.883270 0.830621 
607.493042 220.780396 0.875065 
619.209412 263.462677 0.913371 
597.179382 154.636154 0.664180 
616.306458 204.588608 0.054921 
0.000000 0.000000 0.000000 
600.134460 251.651749 0.728860 
594.298218 306.055939 0.826592 
592.785645 357.581970 0.880102 
591.289063 247.246902 0.637722 
585.452332 300.200653 0.685245 
586.911682 348.700714 0.566706 
639.863464 123.830627 0.889715 
0.000000 0.000000 0.000000 
628.066101 125.200661 0.922956 
0.000000 0.000000 0.000000 
18
641.320923 132.570602 0.837366 
606.026978 159.083282 0.837886 
613.338928 169.259491 0.830083 
607.482727 220.793747 0.880217 
617.849609 264.837158 0.916341 
598.623840 156.051529 0.655562 
617.715271 182.591400 0.055559 
0.000000 0.000000 0.000000 
600.137573 251.666595 0.721223 
594.304504 306.086151 0.831539 
592.780151 357.580109 0.869889 
591.297058 247.270126 0.637764 
588.378296 301.640015 0.665996 
589.819702 350.157684 0.575935 
639.872192 123.823334 0.882651 
0.000000 0.000000 0.000000 
628.069397 125.192825 0.930677 
0.000000 0.000000 0.000000 
18
641.339417 132.564240 0.836323 
606.035645 159.080826 0.845761 
613.348389 169.267227 0.834393 
607.492981 222.244110 0.857582 
617.823242 264.872101 0.923604 
598.638367 154.653015 0.657165 
617.769958 182.585678 0.082465 
0.000000 0.000000 0.000000 
600.145020 251.659500 0.715919 
594.317810 306.073456 0.830125 
592.767578 357.576080 0.869704 
591.293213 247.255020 0.636026 
588.331238 300.232910 0.675975 
589.818604 348.734528 0.581035 
641.233276 123.817963 0.889253 
0.000000 0.000000 0.000000 
628.085754 123.834518 0.935333 
0.000000 0.000000 0.000000 
18
641.371582 132.563690 0.837561 
606.036804 159.084564 0.840751 
613.355530 169.280991 0.839922 
607.497986 220.811508 0.863628 
617.844421 264.853241 0.928986 
598.635071 156.057281 0.658922 
617.743042 184.008011 0.070373 
0.000000 0.000000 0.000000 
601.560608 251.678970 0.713003 
594.298096 307.526825 0.845287 
592.769897 357.579071 0.865829 
592.713623 248.712433 0.637559 
591.323853 303.130920 0.646367 
592.725281 350.198578 0.594190 
641.265686 123.813263 0.893923 
0.000000 0.000000 0.000000 
628.106445 125.194427 0.928096 
0.000000 0.000000 0.000000 
18
641.348206 132.549789 0.825780 
606.050842 159.101807 0.831508 
613.358887 169.307419 0.850641 
608.911682 220.819534 0.838441 
619.260925 264.873291 0.911159 
598.664246 156.065140 0.655925 
617.824890 182.623047 0.112237 
0.000000 0.000000 0.000000 
601.570557 251.669128 0.713279 
594.308289 307.524109 0.830747 
592.775085 357.579010 0.860712 
592.722961 248.710266 0.633278 
591.323547 303.122528 0.649038 
592.715698 351.643219 0.598713 
641.253540 123.807564 0.890316 
0.000000 0.000000 0.000000 
629.462891 125.200012 0.930247 
0.000000 0.000000 0.000000 
18
641.321045 132.511276 0.819120 
606.063965 159.111099 0.834349 
613.370605 169.309662 0.848645 
607.511841 222.279037 0.830599 
626.575134 261.981323 0.902922 
600.093994 156.098282 0.664461 
616.343750 207.557068 0.188735 
629.475952 228.130875 0.192636 
603.023865 251.654221 0.733074 
595.696838 308.966248 0.818608 
592.790100 358.932312 0.877048 
592.780640 248.709320 0.625807 
589.847778 301.681122 0.698468 
591.288330 351.630127 0.601734 
641.225891 123.778847 0.899872 
0.000000 0.000000 0.000000 
628.113708 123.829956 0.934207 
0.000000 0.000000 0.000000 
18
641.333008 132.511551 0.793892 
606.066956 159.105286 0.858995 
611.902283 169.265533 0.822605 
607.528015 219.376602 0.849584 
632.463684 251.713104 0.903910 
600.128357 156.122635 0.679398 
616.282776 203.140945 0.340061 
635.389038 211.956863 0.731023 
604.567505 251.637390 0.783505 
595.702881 308.964050 0.822750 
592.780396 357.582184 0.860994 
594.286438 248.714035 0.614504 
589.838501 301.653748 0.708973 
591.300659 351.618896 0.581461 
641.255249 123.773727 0.884318 
0.000000 0.000000 0.000000 
629.504089 123.820160 0.945259 
0.000000 0.000000 0.000000 
18
641.369141 132.529037 0.793287 
607.476257 160.484055 0.832810 
610.387756 167.862686 0.813625 
614.797180 222.287491 0.817852 
650.096558 238.430313 0.830467 
604.531616 157.530197 0.671998 
627.989441 191.380676 0.718505 
654.545410 194.294861 0.761426 
604.518127 251.623505 0.797483 
595.716125 308.967957 0.848367 
592.775513 357.573120 0.871092 
595.702942 248.694016 0.612160 
591.268372 301.690521 0.714661 
591.263245 350.171936 0.591514 
641.291870 123.772659 0.872906 
0.000000 0.000000 0.000000 
629.513428 123.827080 0.947273 
0.000000 0.000000 0.000000 
18
642.737732 133.970169 0.762670 
606.059631 159.101639 0.856199 
608.962158 167.875885 0.827370 
617.766724 219.379456 0.913354 
658.948669 216.311661 0.877102 
604.505615 157.511169 0.719271 
626.532166 182.574478 0.729150 
657.437988 175.195145 0.758846 
605.951111 251.605179 0.821575 
595.704285 308.963074 0.841545 
592.769348 357.583862 0.871008 
595.683044 247.230103 0.632181 
589.845154 301.671265 0.702648 
591.274536 350.170288 0.580540 
641.348206 125.201515 0.830737 
0.000000 0.000000 0.000000 
629.594849 125.250992 0.910206 
0.000000 0.000000 0.000000 
18
642.780396 133.980011 0.700826 
606.063354 159.025665 0.834466 
606.009583 164.893250 0.837625 
628.051575 216.390182 0.988363 
661.851196 192.835983 0.763750 
606.045959 156.114166 0.713635 
628.048523 182.552307 0.805114 
651.525696 166.409592 0.941886 
604.539551 248.715607 0.769377 
595.739807 304.587769 0.800625 
592.763000 357.562805 0.873013 
604.533508 244.331680 0.599046 
591.316833 300.178711 0.758218 
586.878174 348.678772 0.581124 
642.795471 125.236771 0.783647 
0.000000 0.000000 0.000000 
631.016602 126.697578 0.874794 
0.000000 0.000000 0.000000 
18
642.796082 134.068893 0.532593 
606.047913 158.995361 0.861678 
605.958923 164.928711 0.838565 
639.848572 206.060287 0.972009 
654.504089 169.317215 0.677824 
607.495300 156.100159 0.712858 
626.596741 173.751282 0.543362 
653.028809 163.462906 0.740979 
604.532959 247.232819 0.734135 
597.160156 304.608826 0.792750 
592.763794 357.552277 0.869721 
604.528931 244.300903 0.608955 
591.324341 300.198090 0.762100 
588.379578 348.730804 0.590900 
642.781677 129.616302 0.622787 
0.000000 0.000000 0.000000 
632.443298 129.644653 0.885445 
0.000000 0.000000 0.000000 
18
641.324585 135.454407 0.287453 
605.970825 159.008347 0.824519 
605.956848 164.920914 0.822062 
651.552795 195.791245 0.950796 
651.513062 159.034027 0.826888 
604.547058 156.077347 0.660857 
623.637329 173.737320 0.223823 
0.000000 0.000000 0.000000 
604.533142 247.251968 0.726192 
597.176025 306.044891 0.794119 
592.772949 357.559753 0.860446 
603.081726 245.757904 0.621484 
592.711914 300.247894 0.752821 
591.297485 351.619995 0.606388 
641.287598 131.112244 0.421471 
0.000000 0.000000 0.000000 
631.006958 132.544754 0.898909 
0.000000 0.000000 0.000000 
18
642.762512 132.539825 0.221387 
605.993774 159.032425 0.799363 
604.575256 164.932343 0.822809 
654.558899 186.993301 0.889472 
648.627625 147.307098 0.910265 
605.991211 156.086929 0.592163 
651.542847 186.990494 0.130054 
0.000000 0.000000 0.000000 
604.549988 248.691452 0.728137 
597.200928 306.066132 0.784906 
592.785339 357.560333 0.860034 
604.520142 245.791779 0.626060 
592.752319 301.648071 0.751059 
591.311951 351.617401 0.607250 
641.300659 125.218422 0.375125 
0.000000 0.000000 0.000000 
629.554138 129.625137 0.841017 
0.000000 0.000000 0.000000 
18
642.757263 132.587616 0.249624 
606.023254 159.039597 0.782382 
605.989990 163.473602 0.785122 
660.413147 181.073532 0.922486 
644.229187 144.310120 0.787105 
604.535767 156.091980 0.596770 
656.012512 181.122604 0.131718 
0.000000 0.000000 0.000000 
605.944702 248.745239 0.741394 
598.632141 304.621521 0.779695 
592.778687 357.547333 0.853308 
603.072632 245.803238 0.600918 
592.739807 300.237488 0.740043 
592.699829 350.172974 0.592743 
641.344849 123.814514 0.369449 
0.000000 0.000000 0.000000 
629.549500 125.210464 0.783557 
0.000000 0.000000 0.000000 
18
0.000000 0.000000 0.000000 
607.455811 159.040909 0.730446 
605.939392 162.015594 0.791715 
661.816833 176.693848 0.863744 
641.273987 142.869934 0.788904 
606.007385 156.101425 0.541947 
660.386108 179.610596 0.135608 
0.000000 0.000000 0.000000 
605.958557 248.736389 0.724149 
598.657776 303.148743 0.779545 
592.779724 357.545349 0.866463 
605.953125 247.238037 0.597627 
592.761658 300.192596 0.758923 
591.295776 348.728241 0.605033 
0.000000 0.000000 0.000000 
0.000000 0.000000 0.000000 
629.535889 131.118164 0.522259 
0.000000 0.000000 0.000000 
18
641.271179 145.844406 0.073628 
607.481812 159.061203 0.712433 
605.970093 163.433441 0.809746 
663.316895 172.271149 0.896285 
639.843811 139.903885 0.783674 
606.036316 156.108871 0.500676 
663.298767 176.655914 0.148465 
0.000000 0.000000 0.000000 
605.952576 250.156204 0.725110 
598.646912 303.142731 0.764659 
592.781982 357.520081 0.859105 
608.918335 248.696854 0.595767 
594.215881 301.630432 0.747501 
591.282043 348.716705 0.608034 
0.000000 0.000000 0.000000 
0.000000 0.000000 0.000000 
629.537659 134.022171 0.453298 
0.000000 0.000000 0.000000 
18
639.860046 145.761398 0.090518 
607.496094 159.068039 0.713584 
605.987305 162.005219 0.810232 
663.391296 170.873749 0.888974 
639.854492 138.462845 0.748338 
606.036011 156.122421 0.517980 
663.356995 173.727371 0.175471 
0.000000 0.000000 0.000000 
605.999939 248.742828 0.730513 
601.554504 301.681458 0.788987 
592.793274 357.514496 0.865887 
608.935425 247.263062 0.585773 
594.197327 300.150848 0.782412 
589.830017 347.261627 0.614285 
0.000000 0.000000 0.000000 
0.000000 0.000000 0.000000 
629.538330 134.019180 0.471211 
0.000000 0.000000 0.000000 
18
0.000000 0.000000 0.000000 
608.939392 159.036606 0.742706 
0.000000 0.000000 0.000000 
0.000000 0.000000 0.000000 
0.000000 0.000000 0.000000 
607.494995 156.107437 0.535810 
664.777832 172.260254 0.276357 
0.000000 0.000000 0.000000 
606.018433 248.726410 0.722182 
600.122192 301.688568 0.780396 
592.785461 357.510376 0.852160 
608.964539 247.240494 0.589730 
594.196167 300.169739 0.767509 
592.702087 348.720459 0.621844 
0.000000 0.000000 0.000000 
0.000000 0.000000 0.000000 
0.000000 0.000000 0.000000 
0.000000 0.000000 0.000000 
18
641.244690 144.347717 0.077663 
608.956421 159.041916 0.724056 
0.000000 0.000000 0.000000 
0.000000 0.000000 0.000000 
0.000000 0.000000 0.000000 
608.920288 156.102219 0.521514 
664.768494 172.266174 0.198328 
0.000000 0.000000 0.000000 
606.029053 248.710281 0.719740 
600.119324 303.105591 0.777373 
592.780579 357.516876 0.855455 
607.471497 245.784485 0.579429 
594.207458 300.184723 0.759414 
592.728210 348.729065 0.622345 
0.000000 0.000000 0.000000 
0.000000 0.000000 0.000000 
0.000000 0.000000 0.000000 
0.000000 0.000000 0.000000 
18
641.317078 145.730637 0.127465 
608.930115 159.033600 0.738568 
607.482849 161.961533 0.768243 
664.835510 170.829483 0.868698 
641.279663 135.542603 0.749744 
605.992737 156.064789 0.574465 
663.367310 173.757721 0.143141 
0.000000 0.000000 0.000000 
606.070374 248.717010 0.727727 
601.573364 303.100525 0.795527 
592.771912 357.508881 0.853194 
604.558716 244.336990 0.584354 
592.800476 300.141388 0.789182 
591.310974 348.722839 0.617031 
0.000000 0.000000 0.000000 
0.000000 0.000000 0.000000 
630.987976 132.581604 0.544054 
0.000000 0.000000 0.000000 
18
0.000000 0.000000 0.000000 
608.930969 159.007996 0.736684 
0.000000 0.000000 0.000000 
0.000000 0.000000 0.000000 
0.000000 0.000000 0.000000 
605.967529 156.053894 0.601782 
664.789856 175.195450 0.139024 
0.000000 0.000000 0.000000 
607.472168 248.709717 0.728108 
601.598022 301.671478 0.808198 
592.775269 357.484589 0.847138 
604.543701 244.318192 0.585365 
592.810791 298.762756 0.807492 
591.307922 348.699951 0.639975 
0.000000 0.000000 0.000000 
0.000000 0.000000 0.000000 
0.000000 0.000000 0.000000 
0.000000 0.000000 0.000000 
18
641.347717 144.283951 0.141499 
607.511353 158.983734 0.767258 
608.944275 161.973770 0.749880 
666.279297 170.872971 0.905635 
645.682678 134.093643 0.645817 
604.532776 156.042679 0.677055 
644.260620 179.605072 0.066276 
0.000000 0.000000 0.000000 
607.482300 247.270844 0.726734 
603.001160 301.649139 0.820721 
592.773987 357.458374 0.839480 
604.556580 244.288818 0.588681 
594.185913 298.763611 0.804611 
592.709229 348.691071 0.637747 
0.000000 0.000000 0.000000 
0.000000 0.000000 0.000000 
632.454407 133.987289 0.704161 
0.000000 0.000000 0.000000 
18
644.211304 141.403214 0.139991 
608.926941 158.987488 0.753650 
608.939026 160.572037 0.756481 
666.299194 172.265244 0.912909 
650.088318 133.980240 0.756972 
604.573364 156.071198 0.656580 
663.325012 178.129898 0.106727 
0.000000 0.000000 0.000000 
607.477905 248.703857 0.723839 
603.010986 301.684570 0.804325 
592.776184 357.490753 0.847037 
606.018127 244.337036 0.587633 
594.212036 300.174896 0.799233 
592.728760 348.723419 0.632711 
0.000000 0.000000 0.000000 
0.000000 0.000000 0.000000 
631.018433 132.548157 0.717236 
0.000000 0.000000 0.000000 
18
648.653442 141.363556 0.243122 
608.937500 158.988373 0.750080 
608.962524 161.960922 0.766619 
666.248657 173.770477 0.896527 
653.009644 135.587296 0.735397 
605.965881 156.083450 0.653646 
658.924866 176.695984 0.101429 
0.000000 0.000000 0.000000 
607.478882 248.697784 0.720939 
603.047119 303.107483 0.806831 
592.782288 357.498779 0.854578 
606.035828 244.330887 0.582605 
594.244324 300.190308 0.791527 
592.728882 348.725525 0.619132 
647.142639 132.594940 0.356573 
0.000000 0.000000 0.000000 
633.927002 132.552155 0.858845 
0.000000 0.000000 0.000000 
18
647.187256 137.006775 0.265794 
608.975220 157.620621 0.741785 
608.927917 160.519394 0.777331 
663.400330 179.594437 0.932305 
655.971069 136.993271 0.782787 
607.472839 156.095398 0.641120 
661.852417 181.047913 0.167309 
0.000000 0.000000 0.000000 
607.503601 247.232483 0.720782 
603.064514 301.680176 0.823770 
592.795471 357.489746 0.863895 
607.458679 242.871979 0.577796 
594.224243 300.129395 0.819694 
589.846130 348.676910 0.613117 
647.192078 131.107498 0.381696 
0.000000 0.000000 0.000000 
636.863525 129.648392 0.879393 
0.000000 0.000000 0.000000 
18
647.149231 135.583176 0.511197 
611.861328 157.605118 0.747842 
608.933472 159.119629 0.791194 
0.000000 0.000000 0.000000 
0.000000 0.000000 0.000000 
610.407166 156.091339 0.639664 
651.559509 182.542648 0.168199 
0.000000 0.000000 0.000000 
608.913269 245.799393 0.720083 
603.064270 301.700348 0.814036 
592.798218 357.495911 0.862227 
610.407654 242.879837 0.576775 
594.256653 300.173248 0.800693 
591.280029 348.712372 0.623817 
647.183472 131.094055 0.615967 
0.000000 0.000000 0.000000 
636.888306 126.729240 0.899732 
0.000000 0.000000 0.000000 
18
650.063110 134.043060 0.674527 
613.367310 157.575638 0.754497 
608.945740 159.104645 0.799264 
655.977173 192.784988 0.890613 
661.892639 151.707703 0.796792 
614.785522 156.109756 0.649092 
647.161438 188.441132 0.167963 
661.833557 156.095901 0.208801 
608.924194 245.775940 0.715348 
603.074829 301.679108 0.809098 
592.794495 357.505798 0.858542 
613.357361 242.886734 0.596495 
595.686768 300.175476 0.770887 
591.321838 348.714081 0.618913 
648.657288 125.282051 0.750188 
0.000000 0.000000 0.000000 
636.857483 125.231590 0.892049 
0.000000 0.000000 0.000000 
18
651.512573 132.570267 0.783378 
614.831482 157.620697 0.800731 
614.796387 161.964645 0.777966 
651.515808 201.667511 0.917391 
663.344238 170.782394 0.732637 
614.796631 157.511322 0.698097 
639.822510 192.843872 0.337007 
0.000000 0.000000 0.000000 
608.951294 245.770447 0.716389 
604.450256 301.659088 0.827918 
592.786621 357.500275 0.844605 
608.941284 242.870621 0.583165 
594.286560 298.768799 0.828116 
591.317017 348.704895 0.642039 
650.106262 125.197296 0.861703 
0.000000 0.000000 0.000000 
638.334290 123.835732 0.909209 
0.000000 0.000000 0.000000 
18
651.530151 132.526794 0.764561 
614.840027 159.001511 0.797787 
616.229675 161.990234 0.800164 
641.283386 209.046631 0.918502 
663.361938 178.164871 0.790367 
611.900696 157.523697 0.679326 
636.854126 201.663940 0.288718 
663.273987 175.204498 0.493868 
610.420959 245.779114 0.715741 
604.449707 301.650665 0.809796 
592.792908 357.499512 0.841088 
610.407471 242.858841 0.577688 
595.681702 298.768402 0.805246 
592.733459 348.722321 0.643529 
650.099304 123.812378 0.838721 
0.000000 0.000000 0.000000 
638.332947 125.198799 0.909943 
0.000000 0.000000 0.000000 
18
651.535095 129.628632 0.730847 
616.246155 159.056183 0.870790 
619.234436 167.840286 0.845043 
629.578918 217.804123 0.964187 
663.273071 192.892258 0.889947 
607.465332 156.090851 0.739360 
625.123962 186.976593 0.192867 
0.000000 0.000000 0.000000 
614.798401 247.259445 0.750536 
604.498657 301.660126 0.842097 
592.775269 357.492157 0.837785 
604.513428 241.373337 0.658569 
594.296326 298.746307 0.827583 
591.298035 348.708466 0.650126 
650.095459 123.731697 0.839531 
0.000000 0.000000 0.000000 
639.739441 123.799728 0.924581 
0.000000 0.000000 0.000000 
18
651.554199 129.605759 0.728903 
616.271240 160.480957 0.898581 
622.175110 169.272858 0.858388 
619.283325 220.779678 0.879652 
657.447327 209.050278 0.836997 
605.976746 156.120453 0.813890 
625.087708 201.656189 0.253075 
0.000000 0.000000 0.000000 
614.843079 251.619156 0.758194 
604.465454 304.590851 0.856013 
592.764709 357.496521 0.843651 
603.057983 245.788818 0.677078 
594.212402 300.192444 0.834563 
591.296814 348.731476 0.627762 
650.123047 123.704369 0.837203 
0.000000 0.000000 0.000000 
639.774902 123.748848 0.961103 
0.000000 0.000000 0.000000 
18
651.614563 128.146164 0.719973 
616.308228 159.091599 0.904540 
625.112671 169.284470 0.843161 
616.262329 222.235931 0.896782 
652.997559 216.400909 1.001014 
605.986633 154.645935 0.803267 
622.137939 201.688034 0.153572 
0.000000 0.000000 0.000000 
614.827148 251.641876 0.761188 
604.470154 304.616486 0.861333 
592.771301 357.501526 0.851654 
600.126282 247.231567 0.662708 
594.208557 300.200562 0.832396 
591.319275 348.716370 0.629991 
651.518311 122.333099 0.819314 
0.000000 0.000000 0.000000 
639.828735 123.734962 0.965690 
0.000000 0.000000 0.000000 
18
651.620667 128.140869 0.695483 
616.328003 159.104706 0.905264 
625.113892 169.295334 0.845081 
616.226196 220.818512 0.874179 
650.125244 217.799850 0.908512 
606.031982 156.058807 0.793801 
622.146545 203.118607 0.191892 
0.000000 0.000000 0.000000 
614.837830 251.643799 0.778457 
604.449524 306.055176 0.864820 
592.779236 357.525452 0.873634 
598.663940 245.775772 0.669887 
592.820313 300.186493 0.848622 
591.304321 348.700745 0.631495 
651.523010 122.338409 0.800913 
0.000000 0.000000 0.000000 
639.850525 123.761246 0.967172 
0.000000 0.000000 0.000000 
18
651.621216 126.719772 0.725559 
616.292664 160.508667 0.889389 
625.107056 169.306107 0.861130 
616.215698 220.812408 0.855500 
648.642822 217.874252 0.932386 
605.985474 156.110382 0.811921 
600.114685 207.579330 0.239586 
0.000000 0.000000 0.000000 
614.841553 251.604660 0.780048 
604.461121 304.577637 0.883578 
592.769165 357.518280 0.896879 
598.654053 244.319580 0.691235 
592.780273 298.734344 0.860391 
586.896301 347.215759 0.639134 
651.518616 122.331535 0.830216 
0.000000 0.000000 0.000000 
639.836060 123.768181 0.962598 
0.000000 0.000000 0.000000 
18
651.598328 126.696365 0.732774 
616.309998 159.112335 0.898918 
626.604980 169.294540 0.887990 
617.773926 223.730560 0.872913 
651.514038 217.885956 0.916205 
605.955688 156.048157 0.817322 
604.524475 207.534714 0.217416 
0.000000 0.000000 0.000000 
616.232544 250.192184 0.779285 
604.453186 304.574158 0.877163 
592.767334 357.527130 0.892799 
598.655945 242.844162 0.702671 
592.768494 298.720947 0.865074 
585.446289 347.224121 0.641569 
651.496460 122.316193 0.832881 
0.000000 0.000000 0.000000 
639.818542 123.752541 0.965415 
0.000000 0.000000 0.000000 
18
651.566284 126.698776 0.677288 
616.292786 159.110367 0.916994 
628.003662 169.296494 0.899924 
620.712036 225.183807 0.803191 
651.557251 217.838684 0.910640 
604.534241 156.063614 0.834490 
597.170898 206.076569 0.318585 
0.000000 0.000000 0.000000 
616.245117 250.199875 0.785177 
604.453979 303.149353 0.876207 
592.772095 357.518585 0.893707 
597.186157 242.829849 0.728663 
592.766174 298.711151 0.872962 
585.421631 345.788971 0.648152 
650.122742 122.322250 0.795016 
0.000000 0.000000 0.000000 
639.824585 123.766518 0.967012 
0.000000 0.000000 0.000000 
18
651.557251 125.283829 0.673339 
616.287598 159.111023 0.920783 
628.018188 169.273941 0.895946 
625.092896 223.716660 0.796701 
653.128479 217.865005 0.913876 
604.513916 156.091553 0.848011 
595.764526 206.056778 0.331464 
0.000000 0.000000 0.000000 
616.264526 250.205627 0.796014 
604.460205 303.152649 0.880985 
592.781189 357.500092 0.883004 
597.200928 242.834824 0.731416 
592.781982 298.736267 0.868051 
589.830017 347.254761 0.633159 
650.102661 122.305870 0.788866 
0.000000 0.000000 0.000000 
639.813599 123.769310 0.965577 
0.000000 0.000000 0.000000 
18
651.552612 125.254311 0.639599 
616.281128 159.104172 0.921778 
628.010193 169.276810 0.892612 
625.089905 222.287781 0.797756 
653.117493 217.894043 0.924008 
604.514465 156.084595 0.850868 
595.747803 206.071426 0.359109 
0.000000 0.000000 0.000000 
616.256165 250.190308 0.789505 
604.463196 303.125580 0.884469 
592.778381 357.487061 0.886845 
597.189392 241.427612 0.739893 
592.757080 298.695740 0.883464 
586.888977 345.806274 0.645530 
650.100586 122.282791 0.753857 
0.000000 0.000000 0.000000 
639.831421 123.766251 0.965229 
0.000000 0.000000 0.000000 
18
651.552979 125.227219 0.675876 
616.276123 159.103485 0.918512 
628.008728 169.284134 0.908222 
622.161743 222.275513 0.804547 
653.109192 217.899994 0.927861 
604.513611 156.072021 0.842516 
595.725037 206.145325 0.386989 
0.000000 0.000000 0.000000 
616.264587 250.193451 0.790928 
604.455017 303.127350 0.881472 
592.774963 357.502563 0.876982 
597.190308 241.430237 0.733679 
592.781677 298.704132 0.871252 
591.273804 347.270447 0.625488 
650.089417 122.266266 0.774462 
0.000000 0.000000 0.000000 
639.808899 123.759933 0.958649 
0.000000 0.000000 0.000000 
18
651.567688 125.195099 0.705638 
616.278809 159.097961 0.917702 
628.008606 169.266312 0.903027 
619.293884 223.726578 0.811849 
653.018066 219.327225 0.893691 
604.533142 156.071304 0.843185 
595.697632 206.142120 0.415300 
0.000000 0.000000 0.000000 
616.224426 251.602661 0.783313 
604.443359 304.571564 0.873779 
592.780396 357.512146 0.890801 
597.161255 242.867844 0.725460 
592.740112 298.747711 0.859622 
589.806519 347.257538 0.622845 
650.104248 122.237724 0.782308 
0.000000 0.000000 0.000000 
639.820374 123.740685 0.956789 
0.000000 0.000000 0.000000 
