46
1
18
500.207886 169.386200 0.953280 
498.717529 188.449631 0.881914 
464.836853 191.364212 0.894426 
456.026611 242.848587 0.861966 
453.161987 289.938812 0.906691 
533.899536 185.524490 0.833006 
542.775574 238.387756 0.852816 
547.122803 286.928314 0.945001 
485.398773 278.158875 0.733537 
488.378357 336.955963 0.871551 
491.308929 391.289337 0.805767 
523.610046 278.147430 0.807861 
520.734741 335.517731 0.879574 
522.143494 384.009674 0.825118 
494.261108 161.980759 0.859077 
508.971313 160.516525 0.937044 
482.486389 157.599075 0.842032 
514.830627 156.038513 0.537318 
18
500.197998 170.747482 0.954367 
498.730347 189.888855 0.883637 
464.831512 191.389236 0.900739 
456.037598 242.884018 0.851965 
454.552673 291.390259 0.892488 
533.921814 186.980438 0.831825 
542.771362 238.405167 0.857471 
547.134460 286.926392 0.943457 
485.405029 279.609467 0.739943 
488.376495 336.956635 0.871891 
491.305237 389.880310 0.804943 
522.234497 278.158905 0.814557 
519.275940 335.472870 0.886817 
522.158997 385.446930 0.820858 
494.237976 163.428421 0.851808 
508.956970 160.551605 0.917259 
482.469238 157.605804 0.856996 
514.828247 156.071198 0.609403 
18
500.219604 170.748627 0.949757 
500.093933 188.464279 0.880000 
464.855865 191.359940 0.897442 
457.493042 241.433914 0.879140 
454.601074 291.369995 0.881562 
533.971069 186.976303 0.836704 
542.791138 238.413452 0.862974 
547.137146 286.952301 0.952709 
485.431427 279.612732 0.743743 
488.381805 336.952637 0.873644 
491.322083 389.852600 0.807513 
522.254211 278.166107 0.815779 
519.259155 335.478638 0.887732 
522.163208 385.436218 0.820432 
494.259827 163.422195 0.858845 
508.986450 160.539810 0.931756 
482.488373 157.587784 0.841236 
514.852417 154.651123 0.554641 
18
501.644562 170.757690 0.919195 
500.119812 188.465515 0.879335 
464.878326 189.941498 0.883669 
460.403107 241.400681 0.892262 
460.440552 289.888519 0.874446 
533.996277 188.414551 0.832101 
544.186523 239.822540 0.879719 
547.144592 287.001312 0.960343 
485.414185 281.077881 0.731606 
488.383759 336.944000 0.883727 
491.323181 389.861328 0.809988 
522.235596 281.052338 0.815762 
519.231812 335.503204 0.877078 
522.155518 384.035187 0.822308 
497.140137 163.428360 0.867555 
510.393951 160.552292 0.941276 
483.952332 157.604904 0.866208 
516.339844 154.633575 0.559675 
18
503.086639 170.770294 0.900524 
500.165405 188.463165 0.869028 
464.916779 189.936417 0.874017 
460.408417 241.354172 0.899187 
463.380188 289.871094 0.897430 
535.393982 188.429962 0.833565 
544.193604 239.853485 0.891579 
547.131104 288.364288 0.961065 
486.821045 279.619110 0.746564 
488.382690 336.925903 0.885268 
491.336609 388.408447 0.794544 
523.591309 281.050934 0.814022 
519.216858 335.492523 0.882874 
522.148315 383.999054 0.829732 
497.205414 163.431244 0.879359 
510.448334 160.567780 0.940784 
485.409058 157.592392 0.894162 
519.208252 156.048767 0.572142 
18
506.035706 170.783920 0.894319 
500.199371 188.451462 0.854630 
466.310394 191.333725 0.864134 
460.421814 241.328949 0.894999 
464.855591 288.469360 0.931753 
535.434448 186.993027 0.830865 
544.188232 239.849640 0.887722 
545.736938 287.005219 0.942348 
486.897858 281.082764 0.765681 
488.410889 335.525085 0.881595 
491.323700 388.420441 0.807678 
523.624939 281.076874 0.802119 
519.219971 335.483917 0.887024 
522.145020 384.006653 0.837435 
498.649292 163.450089 0.906140 
511.851654 161.972305 0.941949 
486.848389 157.600388 0.915430 
520.664063 156.051346 0.501522 
18
508.931000 170.789276 0.930026 
501.600922 189.880371 0.851832 
466.351471 191.329208 0.855915 
458.954620 239.960419 0.896941 
467.824554 286.958984 0.896913 
535.464050 188.429703 0.830171 
544.273499 239.838165 0.911744 
545.703613 288.368591 0.937068 
486.960632 282.545288 0.755670 
488.404053 336.947083 0.895270 
491.347870 386.956451 0.792864 
523.648621 281.085114 0.800605 
519.238281 335.517670 0.875188 
522.164612 384.040588 0.837092 
498.735870 163.447983 0.926408 
511.938599 161.969513 0.931585 
486.893372 157.602417 0.930333 
522.100464 156.029114 0.418339 
18
510.355652 170.844009 0.933391 
501.669891 189.885147 0.839057 
467.775696 191.328018 0.849624 
456.068939 239.881607 0.886799 
475.102264 285.490143 0.918229 
536.885803 189.883575 0.823624 
545.685486 239.835220 0.924117 
545.679504 287.014404 0.929162 
486.963043 281.061066 0.742682 
488.369781 336.946564 0.887722 
491.357147 386.942322 0.791340 
523.669678 279.629333 0.796179 
519.208618 335.477356 0.863856 
522.161499 385.433624 0.830685 
500.150482 166.351120 0.918829 
513.369202 163.474808 0.889196 
486.971588 158.999222 0.938382 
522.168518 157.493729 0.351900 
18
510.415955 172.296799 0.922133 
503.099945 189.903732 0.846247 
467.814301 191.323563 0.839844 
454.596130 239.828995 0.881204 
476.647064 278.180359 0.884075 
536.918701 189.920013 0.824247 
545.736938 239.866791 0.948335 
544.242493 288.388367 0.916163 
486.894714 279.626099 0.731748 
488.387115 336.927551 0.884512 
491.332855 386.936859 0.801144 
523.618958 281.086914 0.798138 
517.777161 335.482544 0.856587 
522.154907 384.034332 0.839472 
500.213806 167.820694 0.932878 
514.874756 166.414307 0.876358 
488.375519 159.028214 0.934852 
522.277649 157.567215 0.299008 
18
510.489563 175.197906 0.894254 
504.579529 191.361832 0.854185 
469.285126 191.349579 0.843965 
454.543030 238.455566 0.900341 
478.130280 273.712555 0.861708 
538.359680 191.390167 0.830944 
547.125244 239.855621 0.964653 
541.332581 286.987274 0.896134 
486.861511 279.632324 0.728923 
488.402252 336.933655 0.879198 
491.336060 386.944397 0.817377 
523.611877 282.562561 0.787262 
517.782043 335.483948 0.867460 
522.157471 384.026642 0.852708 
501.653198 169.237366 0.933770 
519.220947 169.241486 0.899668 
489.824158 158.998367 0.900033 
523.711243 157.541580 0.335874 
18
511.905182 178.156891 0.910894 
506.029236 191.379120 0.875533 
470.743317 191.367783 0.846211 
453.112427 239.835876 0.927244 
483.949554 272.232025 0.814481 
538.374146 191.402618 0.829009 
547.230896 239.829681 0.947286 
538.364929 285.498444 0.882950 
483.979309 278.168762 0.717610 
488.381897 336.925110 0.890651 
491.343079 386.950409 0.811915 
522.161682 281.059387 0.777632 
517.767883 335.477173 0.881694 
522.149658 384.039886 0.847625 
504.531433 169.330338 0.907563 
520.707214 169.322556 0.956027 
489.838715 159.100021 0.903754 
525.192627 157.574066 0.326990 
18
511.984283 181.058182 0.917955 
507.470245 192.801178 0.882938 
472.213745 192.802979 0.862302 
453.088867 239.872086 0.950188 
486.910278 269.293549 0.859031 
538.405457 192.835831 0.826728 
550.126282 239.857864 0.900257 
535.462341 281.068268 0.885702 
483.970856 278.125488 0.738897 
488.368073 335.533722 0.895894 
491.344421 386.937164 0.812524 
520.742188 278.127747 0.772019 
516.312439 335.408051 0.875029 
522.158386 384.014191 0.859622 
508.900177 170.856659 0.893974 
522.118225 170.845581 0.968358 
489.858856 163.461182 0.862571 
528.085327 160.503830 0.141312 
18
513.419678 182.565491 0.877422 
507.499817 194.307800 0.876380 
473.662292 192.915558 0.870334 
453.077087 239.943451 0.957028 
486.940338 272.210266 0.858296 
539.866577 194.394135 0.805587 
553.081665 239.963577 0.900809 
533.949463 276.727570 0.919821 
483.931000 281.072296 0.716575 
488.366364 335.537079 0.906864 
492.760162 388.407837 0.810974 
520.739807 281.056763 0.746545 
516.329163 335.416809 0.867496 
522.158264 384.011322 0.857331 
508.986176 175.192856 0.860593 
522.220764 173.771469 0.914440 
494.275604 169.245743 0.869885 
530.994995 166.400558 0.245932 
18
517.798889 186.992401 0.824234 
510.380402 197.259308 0.871061 
475.072754 195.789627 0.829823 
453.054749 241.360794 0.957031 
486.960632 275.106567 0.900921 
544.245911 198.712433 0.815944 
555.972778 241.409271 0.913947 
533.882996 275.205109 0.883047 
483.961578 285.436432 0.733991 
488.336853 336.940887 0.898585 
491.353577 388.407562 0.812385 
522.110962 284.004883 0.747852 
514.869202 335.417419 0.857492 
522.165466 384.023682 0.856204 
510.450775 181.054428 0.953558 
523.650635 181.045593 0.946678 
497.186462 170.849899 0.911749 
533.898193 170.764374 0.351366 
18
522.165955 195.856506 0.889293 
510.445953 204.600372 0.894077 
475.194702 203.165771 0.852382 
451.650146 242.821365 0.916298 
486.899170 275.174774 0.871407 
545.691101 204.667587 0.850219 
557.393433 245.792480 0.888447 
529.529907 275.107941 0.816158 
483.957336 285.492645 0.754870 
488.325256 336.934692 0.892743 
492.769836 388.404633 0.802735 
520.713013 286.905212 0.756554 
514.879456 335.431091 0.857472 
522.173584 384.022186 0.854318 
511.981171 191.362656 0.895193 
528.073608 191.356201 0.846337 
498.713898 181.129471 0.915533 
535.417358 181.072861 0.299363 
18
523.686890 213.421844 0.889402 
511.851349 211.954697 0.832896 
476.566437 209.013504 0.832201 
451.590759 248.697708 0.862077 
486.882538 275.253540 0.898671 
545.743347 214.858719 0.842395 
557.523132 251.711456 0.957405 
532.492371 273.732666 0.823746 
482.493561 285.456726 0.748774 
486.950653 335.490448 0.922926 
491.351440 388.383026 0.811591 
520.702759 285.473175 0.743123 
514.845947 334.023499 0.863622 
522.163025 384.039886 0.859653 
517.800354 204.629929 0.879680 
532.492554 204.615692 0.901505 
500.217926 194.304184 0.895922 
536.969116 192.841248 0.088651 
18
525.126099 229.660965 0.912911 
511.971527 220.773422 0.842487 
476.668884 217.919022 0.809506 
451.593903 251.582916 0.905525 
486.886139 276.744202 0.877273 
547.142578 225.171310 0.859976 
557.458008 264.929840 0.911214 
533.931580 276.628052 0.827920 
482.491913 286.898193 0.766381 
486.952087 335.477081 0.927980 
491.324554 388.395813 0.822090 
520.690002 286.900909 0.746017 
514.840759 334.030090 0.864335 
522.162903 384.033020 0.859361 
520.752869 223.728149 0.826640 
533.907166 223.748932 0.764679 
505.992279 213.428055 0.752194 
545.642212 216.287598 0.103605 
18
523.700562 253.103745 0.891046 
513.382568 235.491486 0.820667 
479.587646 229.649628 0.771513 
451.588196 253.182831 0.928692 
483.981415 281.070862 0.754105 
547.166138 239.878082 0.877481 
557.503418 276.742615 0.896227 
535.408447 284.022644 0.699815 
482.482819 286.944153 0.743159 
486.951965 335.491608 0.923023 
492.759674 386.949524 0.812806 
520.702332 285.494415 0.756183 
514.818848 334.023102 0.877500 
522.170776 384.029022 0.856902 
520.700562 244.326477 0.845232 
532.482361 247.226532 0.772371 
505.999237 231.138031 0.756683 
539.828369 235.499954 0.181983 
18
523.719299 275.123230 0.680652 
513.382629 247.224579 0.800868 
481.016022 241.425812 0.665988 
453.038879 261.936920 0.827263 
488.385590 286.921906 0.800143 
547.208191 250.190445 0.911907 
557.486755 291.336548 0.901870 
533.958740 292.842621 0.806758 
478.125946 284.014923 0.605185 
488.312622 335.478241 0.940665 
492.795074 388.400360 0.789546 
520.694763 285.482727 0.630407 
517.767273 335.415131 0.869323 
522.169800 385.436188 0.836710 
522.183838 266.415009 0.747500 
531.012878 266.430969 0.543630 
508.950256 253.115799 0.608020 
535.415100 253.196518 0.282052 
18
522.227539 286.949799 0.591092 
510.443298 261.953522 0.748343 
475.169769 259.037079 0.578375 
450.151398 263.424591 0.256624 
478.123993 279.637177 0.165386 
545.724792 263.417084 0.862764 
557.451904 301.685120 0.906212 
529.553894 301.689545 0.784004 
478.126709 288.412231 0.575248 
488.319183 338.414307 0.892125 
492.792389 389.865936 0.816591 
517.772095 289.882935 0.558139 
516.335815 338.422089 0.825531 
522.145264 385.490906 0.823109 
520.713684 281.070313 0.601665 
526.631836 279.627441 0.413409 
506.005188 267.824463 0.553588 
533.976929 270.737061 0.205459 
18
511.959717 295.754700 0.317479 
511.917450 266.383118 0.731558 
476.621216 266.393585 0.589525 
453.099182 272.265869 0.182368 
0.000000 0.000000 0.000000 
547.201172 270.765503 0.801587 
557.410767 310.413971 0.925973 
532.495117 311.950256 0.821720 
479.545593 286.946350 0.510087 
486.962738 341.341736 0.882024 
491.324921 391.323120 0.838812 
517.790405 291.371735 0.505575 
522.127136 338.433258 0.786347 
522.205139 386.910217 0.845688 
511.903137 291.357910 0.290418 
522.135803 291.374756 0.175359 
504.540985 276.671997 0.355679 
523.687805 283.955963 0.257149 
18
511.920441 300.121643 0.186727 
517.779968 266.378113 0.756848 
483.971008 260.492676 0.653873 
450.174744 267.815948 0.642841 
476.639526 286.979309 0.790216 
550.144470 275.204590 0.815059 
555.958008 311.880707 0.915969 
533.912170 317.797180 0.862423 
485.422363 294.323486 0.662252 
488.346436 345.774628 0.926162 
491.312164 392.754730 0.843329 
523.633606 300.197144 0.721964 
525.169250 347.180664 0.845393 
523.611816 384.041595 0.876792 
513.372986 298.628113 0.151020 
0.000000 0.000000 0.000000 
506.001740 266.381195 0.212780 
0.000000 0.000000 0.000000 
18
511.963135 300.210693 0.236997 
517.753540 273.705505 0.694520 
483.984863 263.448700 0.603524 
453.102509 273.707520 0.761892 
478.123596 288.479614 0.777274 
548.674683 278.176117 0.770127 
556.015198 311.893066 0.908452 
533.888306 320.788849 0.944889 
486.875000 298.713196 0.671937 
488.374359 347.298737 0.898452 
491.301453 392.775665 0.846412 
523.679260 301.638000 0.691050 
530.975037 348.750610 0.820079 
525.135803 395.764099 0.837406 
511.922211 298.724670 0.174948 
0.000000 0.000000 0.000000 
508.958374 286.976440 0.249873 
0.000000 0.000000 0.000000 
18
510.394745 300.243530 0.214028 
520.702271 282.530334 0.518692 
486.882355 276.678864 0.448722 
457.482117 275.152374 0.401580 
485.429230 294.298706 0.459064 
548.644226 286.894501 0.712938 
554.563049 311.991974 0.821832 
532.492920 323.745087 0.903017 
486.906006 297.222443 0.592667 
488.416992 348.717773 0.859578 
491.330048 392.764191 0.850107 
523.645569 301.642059 0.578845 
531.023926 361.917908 0.782317 
533.984009 423.692596 0.826187 
0.000000 0.000000 0.000000 
0.000000 0.000000 0.000000 
520.670044 300.099030 0.225599 
0.000000 0.000000 0.000000 
18
525.135071 314.859100 0.165710 
522.158997 285.470367 0.632844 
486.868652 285.469299 0.472702 
456.007904 275.225372 0.372319 
486.855194 301.672455 0.398779 
557.513550 286.969757 0.656550 
558.891418 316.348694 0.714137 
535.385193 329.565247 0.797658 
486.909943 295.753845 0.344633 
488.430878 351.631165 0.771868 
492.804749 391.347473 0.774770 
0.000000 0.000000 0.000000 
0.000000 0.000000 0.000000 
0.000000 0.000000 0.000000 
0.000000 0.000000 0.000000 
0.000000 0.000000 0.000000 
520.667786 300.155945 0.407390 
0.000000 0.000000 0.000000 
18
538.338928 322.174133 0.275385 
526.582886 284.020050 0.722029 
488.380402 276.647766 0.567697 
461.851166 278.166382 0.759358 
486.961426 310.475189 0.754255 
566.294067 289.891693 0.736518 
567.757080 322.162933 0.801674 
544.203735 333.943237 0.800727 
488.373444 313.426117 0.531023 
488.371399 363.385132 0.752343 
492.812195 392.816864 0.803814 
531.003906 316.371368 0.505070 
533.968567 381.029724 0.909312 
536.870667 453.097382 0.842033 
535.382690 313.416626 0.321600 
547.146851 320.790222 0.233816 
523.674622 298.697998 0.496393 
0.000000 0.000000 0.000000 
18
542.760437 323.670715 0.463349 
533.960876 288.431946 0.743675 
497.216064 282.555573 0.573943 
463.350800 285.437958 0.796187 
495.693695 320.752380 0.794024 
570.769470 295.758850 0.784165 
570.747070 328.113342 0.889802 
547.134888 336.943939 0.874501 
495.717560 314.882233 0.448725 
486.913818 358.975647 0.720092 
489.869995 391.357300 0.833247 
536.910767 322.229523 0.503573 
539.852417 391.302795 0.846832 
535.496338 454.545807 0.843344 
538.381287 319.288574 0.532086 
547.286682 322.219025 0.346694 
528.088806 303.106781 0.590749 
545.675659 297.187561 0.109782 
18
545.730042 331.047791 0.577811 
535.437378 295.753265 0.728097 
497.219940 291.351105 0.543700 
466.301178 292.843964 0.677115 
498.619141 322.273956 0.755831 
575.117798 298.682281 0.816789 
579.553284 334.031982 0.967716 
550.102661 344.243011 0.805465 
494.271790 322.206146 0.394835 
488.398499 360.446686 0.698910 
488.413666 394.339630 0.865961 
539.810669 323.729889 0.397718 
544.227417 394.248230 0.862162 
535.489380 454.591675 0.818084 
544.209290 322.291687 0.696920 
555.955200 325.246918 0.436406 
531.012146 306.048401 0.730905 
559.057495 310.425751 0.090057 
18
542.775513 335.414825 0.274765 
536.887451 294.287323 0.745478 
498.714447 288.455597 0.679188 
464.842621 297.199860 0.845829 
498.722748 325.161255 0.857931 
580.940308 298.707184 0.818180 
583.950562 335.450745 0.958770 
554.530029 344.244202 0.780694 
498.618011 325.193390 0.546725 
492.791748 383.977356 0.793510 
489.877991 408.963745 0.748950 
542.793640 328.128052 0.519609 
545.659912 394.279205 0.880536 
535.504333 454.578827 0.815985 
539.823547 326.633972 0.308146 
557.456482 333.962860 0.200202 
533.878967 310.435364 0.480907 
569.204285 297.215363 0.050730 
18
541.320862 344.273987 0.220111 
538.374146 295.792389 0.727437 
500.142944 289.890503 0.666152 
463.415680 297.256042 0.846324 
498.666534 323.728394 0.838346 
580.987427 300.171021 0.836138 
586.899597 336.937042 0.888038 
557.452637 344.298798 0.803951 
498.653687 326.646637 0.546162 
495.691895 386.944214 0.804139 
491.327301 429.540009 0.803781 
539.855530 329.600311 0.520494 
541.275330 394.234375 0.849342 
535.481750 454.610199 0.833876 
541.292236 333.940399 0.240284 
557.430298 342.803802 0.150861 
532.507324 311.951263 0.367852 
567.730469 297.187134 0.067717 
18
538.373535 348.733398 0.335508 
536.901672 303.132599 0.702492 
498.655090 300.239258 0.599224 
463.340027 298.660797 0.699402 
498.712708 325.212189 0.541822 
580.989929 303.145874 0.782419 
589.797913 342.799652 0.871699 
558.984253 347.257904 0.753372 
494.274811 322.237976 0.368572 
497.158997 391.349030 0.819826 
497.204712 451.649414 0.831222 
535.468445 329.575867 0.424205 
538.378723 394.236481 0.861414 
535.472534 457.483643 0.844029 
538.404663 342.788361 0.340500 
557.402039 345.768585 0.249530 
530.987793 320.774628 0.443015 
0.000000 0.000000 0.000000 
18
536.936401 358.966370 0.464991 
535.419495 311.948578 0.741515 
498.615234 310.431549 0.625247 
463.337036 300.187836 0.764838 
498.637054 332.498352 0.731879 
578.067200 313.405243 0.740162 
586.900269 347.210632 0.908503 
560.397949 357.487427 0.744750 
497.199371 316.382904 0.303683 
497.219025 394.272430 0.867070 
500.087006 461.936951 0.850433 
0.000000 0.000000 0.000000 
0.000000 0.000000 0.000000 
0.000000 0.000000 0.000000 
535.492126 348.737244 0.487221 
550.126038 357.515778 0.290475 
528.060791 329.594818 0.467348 
547.136658 316.333191 0.074291 
18
544.216492 369.302124 0.323896 
533.970947 322.219757 0.681481 
491.342438 322.208130 0.579247 
460.462372 304.607300 0.363688 
466.334686 303.099792 0.158322 
580.943848 323.672943 0.701028 
583.945129 356.037476 0.813666 
558.928711 364.870026 0.633382 
489.865356 317.809509 0.283037 
497.183075 395.779968 0.869382 
500.094116 461.938293 0.840579 
0.000000 0.000000 0.000000 
0.000000 0.000000 0.000000 
0.000000 0.000000 0.000000 
539.838989 359.056122 0.364356 
0.000000 0.000000 0.000000 
525.127930 336.934204 0.493512 
0.000000 0.000000 0.000000 
18
535.479858 369.328461 0.307259 
533.969238 328.115417 0.656782 
489.877533 322.274750 0.649065 
457.489624 307.551788 0.448997 
0.000000 0.000000 0.000000 
576.569580 335.430664 0.601099 
578.043884 356.073669 0.517328 
551.588379 369.327148 0.598229 
492.782837 322.255127 0.354387 
491.326324 395.810333 0.857616 
500.088501 463.342987 0.869710 
0.000000 0.000000 0.000000 
0.000000 0.000000 0.000000 
0.000000 0.000000 0.000000 
536.881165 364.855957 0.305593 
548.661072 369.301331 0.210800 
523.700500 338.408844 0.409094 
0.000000 0.000000 0.000000 
18
533.966980 372.224792 0.269116 
532.470398 329.571381 0.674508 
488.376831 323.735901 0.650325 
453.118835 307.529175 0.461184 
0.000000 0.000000 0.000000 
572.193909 335.473694 0.655169 
570.667786 364.851746 0.703886 
545.703003 375.165649 0.691858 
488.401733 323.723145 0.369324 
491.297455 397.249390 0.866881 
500.079803 463.358398 0.887231 
0.000000 0.000000 0.000000 
0.000000 0.000000 0.000000 
0.000000 0.000000 0.000000 
533.955322 367.834656 0.291094 
0.000000 0.000000 0.000000 
522.240906 344.272766 0.536002 
0.000000 0.000000 0.000000 
18
535.410950 376.643219 0.414614 
532.459595 331.039246 0.689682 
488.335144 323.735168 0.679651 
453.087555 303.114044 0.495884 
453.157867 300.246582 0.420096 
570.761169 335.458160 0.626330 
569.252808 360.491089 0.668031 
545.753052 372.273651 0.610639 
489.830017 323.748932 0.321085 
489.867981 400.178192 0.859277 
500.077942 463.388855 0.880725 
0.000000 0.000000 0.000000 
0.000000 0.000000 0.000000 
0.000000 0.000000 0.000000 
533.966553 369.260132 0.450330 
545.701965 372.222443 0.349175 
522.206299 345.728333 0.594190 
0.000000 0.000000 0.000000 
18
538.364807 370.704315 0.201284 
528.058411 323.720551 0.640108 
486.942810 322.267456 0.602231 
451.611603 301.646454 0.439744 
453.073669 300.208618 0.362708 
569.221802 323.738159 0.622335 
569.203735 357.566437 0.475414 
539.828003 378.121307 0.557257 
486.933258 325.180023 0.359023 
488.460449 398.680145 0.852061 
500.098389 463.363434 0.879496 
0.000000 0.000000 0.000000 
0.000000 0.000000 0.000000 
0.000000 0.000000 0.000000 
535.436829 364.852875 0.188326 
0.000000 0.000000 0.000000 
522.194336 344.270020 0.520053 
0.000000 0.000000 0.000000 
18
533.970154 351.630096 0.073565 
525.139587 313.425629 0.733867 
486.877747 310.491943 0.686493 
451.632538 301.679779 0.517147 
450.123779 298.775665 0.530761 
569.188965 313.429077 0.815789 
566.308594 357.451416 0.890586 
535.446045 382.588470 0.914865 
485.443512 335.464172 0.462331 
488.407562 397.204956 0.847605 
500.095093 463.343567 0.873209 
528.063354 338.420563 0.458143 
535.461243 397.239075 0.673169 
535.463806 460.428589 0.825654 
0.000000 0.000000 0.000000 
0.000000 0.000000 0.000000 
526.582458 344.262024 0.348446 
0.000000 0.000000 0.000000 
18
535.341187 342.822144 0.165317 
522.204346 307.539307 0.726934 
483.954987 301.671661 0.618620 
448.680573 303.116547 0.449315 
483.953003 332.472565 0.261520 
564.829224 309.000275 0.794799 
561.902710 353.097137 0.847604 
533.946716 395.771332 0.892691 
485.421204 336.947571 0.607119 
488.378479 401.604340 0.874310 
500.109100 461.904724 0.859327 
531.012573 339.878601 0.643215 
535.477478 400.164063 0.665307 
535.462952 460.407074 0.837416 
532.436035 336.931519 0.166193 
0.000000 0.000000 0.000000 
523.607544 333.924408 0.325522 
544.256836 298.704498 0.073870 
18
532.472168 334.052155 0.573114 
522.194031 297.208252 0.799427 
483.983734 289.897278 0.715619 
445.759583 300.195374 0.814552 
485.383087 331.079651 0.774949 
561.870544 300.186096 0.841666 
560.439941 348.732239 0.884547 
535.422791 405.990967 0.875848 
483.957642 342.831787 0.747733 
488.399475 404.550232 0.915883 
500.091888 461.938965 0.857360 
526.601685 344.252777 0.729958 
533.959045 403.108734 0.683900 
535.487915 457.494263 0.840915 
525.124878 325.227966 0.555974 
536.937134 332.484497 0.390003 
511.923492 308.987061 0.408307 
541.312378 288.436462 0.115567 
18
525.134888 323.680725 0.705155 
519.275513 288.374512 0.773784 
478.121887 279.589600 0.647113 
451.550903 298.696686 0.865979 
481.029816 331.026672 0.763755 
558.952698 292.819275 0.809034 
558.988220 345.753571 0.930177 
545.703308 403.106079 0.932719 
482.504059 341.338867 0.746336 
488.351105 404.522003 0.894026 
500.096497 463.323578 0.849752 
523.743164 339.867096 0.739311 
532.470825 398.676544 0.739434 
535.466064 456.059326 0.817781 
522.166138 313.468567 0.695896 
533.985107 320.741699 0.624779 
508.938324 294.309387 0.610863 
544.284485 303.076477 0.133911 
18
526.609924 312.023499 0.750202 
514.836121 278.136871 0.753274 
476.583527 273.743073 0.701771 
450.104187 297.212921 0.845577 
478.103149 326.644714 0.789820 
557.434509 285.475891 0.801006 
557.434265 339.862457 0.839318 
557.426697 392.779236 0.885134 
481.023254 338.396881 0.743768 
488.319855 404.493652 0.870739 
500.093201 463.312744 0.859836 
523.681213 335.458618 0.781113 
533.876648 397.222015 0.839949 
535.475220 456.036438 0.823850 
522.139465 303.152649 0.811739 
535.396362 308.964020 0.762572 
506.030670 285.495544 0.674442 
547.145874 288.427185 0.208611 
18
525.110413 300.216858 0.801911 
513.388367 272.265961 0.754275 
473.685730 264.944458 0.744707 
447.210968 294.284119 0.822211 
478.106567 323.781464 0.807218 
556.005371 276.639709 0.788483 
557.514282 332.501770 0.844861 
563.367737 379.584900 0.864445 
478.112671 338.408722 0.752048 
488.328217 404.497162 0.879746 
498.727020 463.305908 0.845593 
523.697083 335.467712 0.771639 
533.889954 397.233032 0.827150 
535.500854 456.005859 0.821080 
520.685791 289.924866 0.859156 
533.984802 294.275085 0.791645 
504.559021 273.730896 0.781707 
547.170593 276.730316 0.285647 
18
525.144836 288.396118 0.833680 
510.482971 264.917236 0.806219 
466.373108 263.359802 0.781488 
445.761566 291.364990 0.849221 
476.680389 323.693237 0.855741 
550.162170 266.413513 0.797936 
558.999512 322.285492 0.885051 
567.796448 369.238403 0.918606 
479.550842 336.960571 0.740352 
488.336151 403.050507 0.846284 
498.731384 461.867523 0.836451 
525.133057 335.429077 0.746389 
533.998413 397.229309 0.822604 
536.943481 454.553650 0.817110 
520.731995 278.114868 0.839973 
533.966309 278.161102 0.810039 
501.574371 263.376343 0.836694 
545.791016 263.390533 0.168367 
18
526.642822 275.184326 0.892864 
508.981140 259.020325 0.747087 
466.313995 254.630295 0.786389 
445.735260 288.468933 0.877905 
479.591461 322.307526 0.824561 
547.168518 260.471832 0.818699 
560.446167 310.458557 0.880072 
569.261169 358.945679 0.944386 
481.024902 335.518524 0.738349 
488.351410 401.598450 0.859536 
498.692841 461.883148 0.833312 
525.169312 333.988831 0.728946 
535.447876 394.322113 0.846176 
536.922729 450.132141 0.826980 
522.146912 264.896423 0.932221 
535.365417 264.883240 0.877988 
500.181091 251.694565 0.855272 
0.000000 0.000000 0.000000 
18
528.049561 261.950623 0.877839 
508.949432 251.680679 0.831807 
466.341614 251.634521 0.828885 
444.285522 288.353027 0.890711 
483.966248 323.640930 0.842472 
545.772217 251.694748 0.861913 
561.868347 300.164917 0.880007 
569.309937 348.742615 0.875265 
482.508911 335.430756 0.753388 
488.387848 398.710968 0.840653 
498.686310 461.899475 0.831233 
529.519653 333.988434 0.731116 
538.349548 392.777771 0.799335 
535.434265 438.357880 0.860176 
522.106018 251.704514 0.920532 
534.020386 251.656219 0.877984 
500.123230 239.926453 0.865591 
0.000000 0.000000 0.000000 
