46
1
18
617.710144 133.958633 0.938275 
580.946960 160.534851 0.829932 
582.505127 170.810226 0.906069 
580.970093 223.737030 0.878600 
592.727234 264.915009 0.898901 
572.204224 156.110062 0.693760 
592.732666 176.692139 0.088887 
0.000000 0.000000 0.000000 
572.229065 250.186234 0.706677 
570.772156 303.110718 0.809251 
566.298096 357.468018 0.757657 
567.788330 244.309967 0.572511 
575.108521 301.644867 0.670793 
569.260498 353.111481 0.733921 
614.846558 125.226913 0.959960 
0.000000 0.000000 0.000000 
598.653870 131.095245 0.862908 
0.000000 0.000000 0.000000 
18
617.707153 133.986206 0.949966 
580.961731 160.542542 0.832050 
582.516296 170.806595 0.907411 
580.996399 225.219849 0.884158 
592.733704 264.935760 0.917921 
572.208313 156.119370 0.693944 
592.787964 178.119217 0.103640 
0.000000 0.000000 0.000000 
573.667969 250.200485 0.695782 
570.775208 306.063904 0.819010 
566.303894 357.463531 0.790489 
569.215515 245.768860 0.571558 
573.682556 303.137878 0.667027 
569.284607 350.198608 0.716505 
614.845093 125.248917 0.953668 
0.000000 0.000000 0.000000 
598.636841 131.096069 0.865148 
0.000000 0.000000 0.000000 
18
617.724426 134.000931 0.948343 
580.965149 160.542526 0.834894 
582.533264 170.813644 0.908770 
580.990845 226.629745 0.901218 
592.740051 264.930756 0.919170 
572.210571 156.102768 0.690246 
592.784058 176.684555 0.103636 
0.000000 0.000000 0.000000 
573.682495 250.206314 0.696594 
570.784607 304.596558 0.812930 
566.281311 356.048584 0.773628 
569.230469 245.774200 0.569980 
575.119263 301.694031 0.664121 
569.269592 350.159515 0.716245 
616.215698 125.256577 0.953732 
0.000000 0.000000 0.000000 
598.651672 131.081558 0.857859 
0.000000 0.000000 0.000000 
18
617.739441 134.002365 0.942817 
580.985474 160.533478 0.840005 
582.529602 170.819016 0.913372 
580.980347 225.224396 0.906923 
592.717773 264.898499 0.932647 
573.638672 156.080490 0.673798 
592.735657 178.131119 0.086910 
0.000000 0.000000 0.000000 
573.660217 250.204498 0.701729 
570.778809 304.593170 0.817885 
564.855957 356.052582 0.770359 
569.257568 245.790634 0.558412 
575.112183 301.692810 0.674922 
569.282837 350.172546 0.726775 
616.233032 125.262947 0.951151 
0.000000 0.000000 0.000000 
600.104614 131.102692 0.865147 
0.000000 0.000000 0.000000 
18
617.761047 134.025528 0.927042 
581.003357 160.552261 0.833100 
582.543579 170.831985 0.916530 
580.976501 225.221313 0.913307 
592.695801 264.866913 0.942190 
573.661377 156.097687 0.669101 
592.726013 179.591736 0.089626 
0.000000 0.000000 0.000000 
573.659668 251.647644 0.715940 
570.794983 307.497070 0.815958 
566.268433 356.059998 0.770392 
569.184875 247.269089 0.574453 
572.158264 303.141754 0.676243 
569.288086 350.165680 0.719347 
616.259583 126.671158 0.929898 
0.000000 0.000000 0.000000 
601.554810 132.525406 0.874066 
0.000000 0.000000 0.000000 
18
617.807434 134.052338 0.905874 
581.020691 160.538498 0.836385 
582.554565 170.811478 0.905960 
580.971558 226.651398 0.907151 
591.291565 264.912842 0.917583 
573.680298 156.109482 0.667937 
592.669678 176.666931 0.070020 
0.000000 0.000000 0.000000 
573.669800 250.197495 0.700955 
570.765808 304.606110 0.807534 
564.855774 356.066437 0.773775 
569.234070 245.772629 0.546524 
573.667786 301.692902 0.653047 
569.290894 350.166260 0.719135 
616.313477 126.709854 0.912653 
0.000000 0.000000 0.000000 
603.044617 132.551987 0.903248 
0.000000 0.000000 0.000000 
18
622.164490 135.496536 0.880361 
581.038025 161.968170 0.818712 
583.955811 170.821182 0.891195 
580.973328 226.647751 0.892320 
588.352234 266.417267 0.874247 
573.672913 157.521851 0.680752 
0.000000 0.000000 0.000000 
0.000000 0.000000 0.000000 
572.190308 247.265259 0.697148 
570.730530 301.674011 0.799449 
566.289978 356.055298 0.761561 
569.196411 241.407349 0.509811 
578.025085 300.204987 0.676696 
569.271179 350.190979 0.728870 
619.214294 129.661499 0.877137 
0.000000 0.000000 0.000000 
605.937195 132.596512 0.941974 
0.000000 0.000000 0.000000 
18
627.979309 137.003616 0.868426 
583.934265 163.427734 0.773415 
588.374146 170.825317 0.823410 
581.005249 226.639664 0.895510 
582.506836 270.775024 0.893564 
579.502136 157.529633 0.645245 
0.000000 0.000000 0.000000 
0.000000 0.000000 0.000000 
570.720032 247.228378 0.690714 
575.114746 300.216034 0.746542 
567.716187 356.041626 0.756571 
563.350159 239.925430 0.526928 
573.644409 298.747864 0.647438 
569.248169 350.184113 0.704992 
625.102051 133.982193 0.884835 
0.000000 0.000000 0.000000 
608.924927 134.009338 0.879847 
0.000000 0.000000 0.000000 
18
629.577271 145.723969 0.861606 
591.260559 164.903107 0.749942 
591.286377 172.256165 0.791725 
579.524902 226.687836 0.879174 
575.117126 275.184601 0.864917 
586.910156 159.009796 0.608749 
591.304016 214.925629 0.081710 
594.294067 219.303253 0.051752 
569.203430 247.246994 0.703883 
573.635742 300.160736 0.783327 
566.284729 356.055725 0.777772 
579.516052 241.379318 0.527796 
579.531982 298.738922 0.698873 
570.697083 348.725647 0.713032 
629.486450 136.978119 0.897670 
0.000000 0.000000 0.000000 
616.294678 136.963074 0.941055 
0.000000 0.000000 0.000000 
18
638.342773 154.656128 0.818454 
592.812134 170.734726 0.826048 
594.205933 179.621552 0.825344 
578.050537 229.679840 0.854312 
569.233948 276.722137 0.976809 
591.284973 162.000443 0.626814 
0.000000 0.000000 0.000000 
0.000000 0.000000 0.000000 
560.443848 242.840500 0.687123 
579.482117 300.177490 0.772082 
566.305603 356.071777 0.774095 
564.814392 238.396896 0.434567 
579.486816 298.731750 0.655184 
569.222534 350.166901 0.633177 
638.285645 147.291153 0.881830 
0.000000 0.000000 0.000000 
622.169067 147.236710 0.892828 
0.000000 0.000000 0.000000 
18
639.796997 169.283401 0.808111 
594.247131 176.684845 0.778598 
594.328979 184.095398 0.831972 
570.789551 238.391815 0.833367 
558.971191 279.598602 0.906587 
592.714661 169.331329 0.668281 
0.000000 0.000000 0.000000 
0.000000 0.000000 0.000000 
557.501465 242.815765 0.675473 
580.932556 300.243835 0.829687 
567.725098 356.064636 0.793924 
548.672546 234.036407 0.517279 
575.124207 298.724518 0.517129 
569.224121 348.699280 0.534326 
639.810730 160.508499 0.829404 
0.000000 0.000000 0.000000 
628.048340 157.627853 0.930444 
0.000000 0.000000 0.000000 
18
641.340088 181.123627 0.688321 
597.187866 182.542648 0.847631 
601.567261 194.310455 0.796513 
570.678345 241.352829 0.868684 
548.712769 282.550964 0.833891 
594.252563 172.262390 0.746182 
0.000000 0.000000 0.000000 
0.000000 0.000000 0.000000 
556.017090 244.292496 0.632577 
581.007080 303.134735 0.859459 
567.719482 357.459442 0.801695 
544.260864 235.496872 0.619431 
579.501160 300.213165 0.535068 
569.233887 348.705688 0.519139 
642.740051 173.741928 0.681330 
0.000000 0.000000 0.000000 
631.018738 170.769241 0.912852 
0.000000 0.000000 0.000000 
18
642.747009 192.887634 0.728672 
598.677856 189.935669 0.809557 
603.013794 203.138062 0.832942 
569.224976 242.876816 0.860068 
542.773804 286.902283 0.869365 
595.736450 176.701492 0.680798 
0.000000 0.000000 0.000000 
0.000000 0.000000 0.000000 
554.532776 247.217941 0.586062 
581.053467 303.148071 0.869044 
566.287842 357.480682 0.799988 
541.304932 238.397141 0.640492 
580.941895 300.219116 0.604861 
570.685303 348.690643 0.532829 
644.249207 185.493011 0.684912 
0.000000 0.000000 0.000000 
633.937744 181.139297 0.892248 
0.000000 0.000000 0.000000 
18
642.762268 203.130524 0.580164 
601.592896 194.334061 0.857623 
603.051575 207.555969 0.825792 
567.761169 247.242035 0.803427 
536.879761 286.999390 0.906193 
600.111328 182.534882 0.697509 
0.000000 0.000000 0.000000 
0.000000 0.000000 0.000000 
554.527832 248.721649 0.571804 
582.458252 303.146973 0.886474 
566.297852 357.478638 0.808593 
539.826172 239.864166 0.645192 
580.945801 300.219208 0.612139 
570.767456 348.685547 0.543005 
645.721008 194.335770 0.623042 
0.000000 0.000000 0.000000 
638.348450 191.338745 0.861639 
0.000000 0.000000 0.000000 
18
644.235291 206.162842 0.682999 
603.054382 197.301010 0.829529 
604.480652 211.961746 0.804498 
566.316772 250.172668 0.823616 
535.473389 288.396881 0.924218 
603.014832 184.021545 0.709184 
0.000000 0.000000 0.000000 
0.000000 0.000000 0.000000 
551.585388 250.161987 0.562466 
582.528381 303.133240 0.885316 
566.309570 357.477173 0.808396 
538.354065 239.939651 0.655986 
579.536499 300.183289 0.591683 
570.734009 348.742157 0.557624 
647.164307 203.130707 0.698363 
0.000000 0.000000 0.000000 
638.310242 194.374527 0.876761 
0.000000 0.000000 0.000000 
18
644.221436 214.861145 0.665731 
603.065247 201.666046 0.830598 
604.469299 214.910233 0.822715 
564.824280 251.634872 0.781882 
535.499817 288.500519 0.890610 
604.462158 185.512451 0.702054 
0.000000 0.000000 0.000000 
0.000000 0.000000 0.000000 
548.675415 250.159195 0.587344 
583.984680 303.149231 0.850268 
567.733398 357.450378 0.785580 
538.357849 241.356567 0.625092 
580.953735 300.181732 0.582913 
570.665771 350.174316 0.567988 
648.604065 206.092087 0.728972 
0.000000 0.000000 0.000000 
638.361328 198.735886 0.840234 
0.000000 0.000000 0.000000 
18
644.233215 214.929535 0.635922 
603.081299 203.109070 0.842123 
604.509094 216.311157 0.837417 
566.267761 250.186111 0.775401 
536.903564 288.496796 0.877067 
604.465515 185.544540 0.683818 
582.416504 247.200119 0.081152 
0.000000 0.000000 0.000000 
547.227173 250.150497 0.616921 
585.437073 304.585419 0.845622 
567.748779 356.072693 0.789365 
538.399902 241.378769 0.576736 
581.053650 300.179230 0.597226 
570.769653 348.741760 0.584158 
648.626160 206.146088 0.690801 
0.000000 0.000000 0.000000 
639.750793 201.658218 0.842449 
0.000000 0.000000 0.000000 
18
642.765686 216.289139 0.611872 
603.066711 203.132843 0.835673 
604.498535 216.316727 0.847790 
563.390625 250.158157 0.756791 
536.915894 289.893219 0.876159 
604.459412 186.975235 0.672345 
582.531067 250.179276 0.119630 
0.000000 0.000000 0.000000 
547.206482 248.739532 0.628697 
588.330566 304.604218 0.856425 
567.767761 356.067230 0.801807 
539.859253 241.370193 0.550507 
582.548035 300.177429 0.572676 
570.737305 348.677551 0.548939 
647.162964 207.529953 0.649773 
0.000000 0.000000 0.000000 
638.339783 201.667618 0.839176 
0.000000 0.000000 0.000000 
18
642.797424 213.433212 0.693240 
601.612000 204.578262 0.839428 
604.458740 214.874969 0.821473 
560.447327 250.167160 0.790115 
539.855591 288.494171 0.862474 
601.581726 192.854721 0.649314 
583.971191 248.705215 0.255922 
0.000000 0.000000 0.000000 
547.172791 251.619980 0.608209 
589.801147 306.051361 0.909413 
567.719666 357.450378 0.825231 
538.394409 242.845901 0.554021 
591.241394 264.860016 0.331705 
592.667969 288.324432 0.054122 
645.704590 206.063049 0.777297 
0.000000 0.000000 0.000000 
635.405823 200.206879 0.828148 
0.000000 0.000000 0.000000 
18
641.326172 213.414841 0.780954 
598.672913 204.658234 0.848439 
603.020203 214.871460 0.811145 
560.395996 248.706085 0.844919 
544.266602 289.900482 0.905057 
597.192139 195.788940 0.659110 
583.958313 248.733200 0.375854 
592.748108 278.104980 0.260644 
544.237976 253.132446 0.634742 
591.304993 307.548523 0.940905 
567.738892 357.505615 0.846735 
542.769958 248.700241 0.487789 
589.801270 266.394043 0.329941 
0.000000 0.000000 0.000000 
642.783752 206.059097 0.838041 
0.000000 0.000000 0.000000 
631.033325 198.748703 0.857741 
0.000000 0.000000 0.000000 
18
639.772888 213.464142 0.705425 
595.701172 206.138153 0.914970 
598.631104 216.407196 0.809010 
557.523743 248.744064 0.859649 
545.739441 294.272308 0.911069 
594.240967 197.299072 0.715499 
581.011475 250.192017 0.404477 
592.771118 275.208557 0.380736 
541.335938 256.080719 0.632608 
592.739868 308.979614 0.961484 
566.292236 357.542145 0.808842 
544.247131 251.647842 0.517303 
594.175781 300.215118 0.541131 
578.044250 347.259064 0.597432 
639.861572 206.115936 0.757784 
0.000000 0.000000 0.000000 
629.562256 203.102173 0.909256 
0.000000 0.000000 0.000000 
18
632.491089 217.796127 0.767489 
592.801941 210.496552 0.890133 
595.703064 217.902664 0.869905 
556.018066 250.200714 0.844863 
547.137085 295.742310 0.953083 
589.845276 203.125473 0.700054 
579.489990 251.661774 0.354991 
592.818054 278.148956 0.355931 
538.401489 263.423584 0.641800 
594.256958 310.395203 1.010688 
566.309692 357.552032 0.816629 
535.445374 256.061493 0.524256 
594.202759 304.576355 0.436400 
576.604675 348.720734 0.535257 
636.867126 211.973846 0.723416 
0.000000 0.000000 0.000000 
626.607178 204.660278 0.907291 
0.000000 0.000000 0.000000 
18
629.522949 219.365952 0.699507 
591.293640 216.314056 0.872242 
594.213684 220.790604 0.844091 
550.105164 251.713486 0.848076 
547.172607 295.773468 0.959988 
585.436035 206.128677 0.732533 
575.113159 251.619492 0.216280 
592.734802 278.136230 0.218438 
542.786987 270.781738 0.608680 
595.741455 310.464630 1.000599 
566.310547 357.541473 0.837541 
533.941772 261.955261 0.516981 
594.185425 286.930389 0.435908 
594.182800 288.453430 0.102877 
630.969482 216.375717 0.764464 
0.000000 0.000000 0.000000 
620.709229 209.053543 0.868044 
0.000000 0.000000 0.000000 
18
622.206482 228.160889 0.664587 
582.506104 220.800430 0.885038 
588.362000 229.576050 0.800109 
545.738037 254.601761 0.859408 
547.191223 298.669617 0.987884 
579.515320 214.872543 0.716133 
557.512329 253.137543 0.248678 
592.698181 285.443878 0.461083 
544.214294 276.713593 0.581952 
597.200500 311.916962 0.977022 
567.746338 357.510406 0.834773 
532.460266 270.772766 0.453113 
592.827271 288.488281 0.406122 
576.579468 347.241669 0.392986 
626.575623 220.819107 0.646907 
0.000000 0.000000 0.000000 
616.333984 216.393829 0.945897 
0.000000 0.000000 0.000000 
18
617.805786 232.525146 0.712910 
580.997070 228.077255 0.936786 
583.936096 236.949875 0.785608 
545.678284 259.043274 0.869770 
547.154663 298.720673 1.000311 
573.657898 217.850800 0.782273 
0.000000 0.000000 0.000000 
0.000000 0.000000 0.000000 
538.379028 285.445435 0.595336 
598.632080 311.942596 0.953246 
567.746826 357.540253 0.833671 
526.584106 275.213318 0.489112 
594.198181 289.918640 0.360722 
573.657532 348.728485 0.350384 
619.219849 228.136215 0.783938 
0.000000 0.000000 0.000000 
610.403076 220.817429 0.858748 
0.000000 0.000000 0.000000 
18
610.411011 239.800919 0.626052 
573.651062 231.058838 0.865100 
579.564209 239.886887 0.868103 
538.349060 261.919891 0.846939 
545.782715 298.757141 1.021096 
569.245239 222.253662 0.761288 
532.508423 229.597397 0.187751 
0.000000 0.000000 0.000000 
536.911987 289.892914 0.597271 
597.201599 311.940308 0.964286 
567.763855 357.500854 0.849990 
523.678650 283.996826 0.466194 
592.757568 289.908661 0.316314 
573.651306 348.682465 0.291313 
614.773987 231.058899 0.653303 
0.000000 0.000000 0.000000 
604.550293 228.073074 0.909655 
0.000000 0.000000 0.000000 
18
606.012573 239.816910 0.867658 
567.730652 234.026077 0.858432 
572.168701 241.396744 0.850765 
534.022888 263.455170 0.919079 
545.776123 300.148102 0.987033 
558.967468 226.631180 0.777024 
523.614014 228.105896 0.703429 
0.000000 0.000000 0.000000 
531.001587 300.146637 0.544054 
595.732544 311.943848 0.954988 
566.300049 358.940582 0.776944 
514.832214 294.307953 0.490703 
592.690247 307.511627 0.253952 
569.281006 353.094788 0.403370 
606.052368 231.105865 0.864733 
0.000000 0.000000 0.000000 
595.707703 228.091248 0.890413 
0.000000 0.000000 0.000000 
18
597.192383 235.492676 0.815672 
557.529175 236.917404 0.910117 
566.266907 241.416046 0.810108 
529.525146 266.388123 0.813918 
545.716736 300.203674 0.971419 
548.715637 226.660767 0.804779 
516.317993 234.052628 0.679601 
0.000000 0.000000 0.000000 
523.681335 304.584106 0.550291 
595.723145 311.883759 0.945102 
566.298523 358.943573 0.728515 
511.951294 298.710815 0.433254 
592.744324 304.566925 0.363548 
569.233765 354.574371 0.531394 
597.186157 229.579910 0.891196 
0.000000 0.000000 0.000000 
585.387756 225.213837 0.879595 
0.000000 0.000000 0.000000 
18
589.810120 229.673035 0.880171 
547.249390 235.496185 0.854295 
555.958984 239.944077 0.842184 
522.173767 273.659576 0.897648 
545.735718 300.177307 1.030756 
542.779053 228.163940 0.760023 
0.000000 0.000000 0.000000 
0.000000 0.000000 0.000000 
519.247009 310.464844 0.620110 
594.261047 310.470978 0.946959 
566.323181 357.516907 0.762186 
510.427734 307.530426 0.473014 
589.835999 289.887756 0.461042 
569.267273 351.665436 0.553018 
589.789368 226.664047 0.868324 
0.000000 0.000000 0.000000 
576.588928 219.343262 0.864491 
0.000000 0.000000 0.000000 
18
579.541016 226.666000 0.890092 
538.339844 234.038101 0.838790 
544.264832 241.326736 0.865386 
513.394653 276.600372 0.900580 
545.674072 300.201843 1.047840 
533.898926 228.140030 0.779648 
533.959595 273.716919 0.168337 
547.124878 286.880737 0.179495 
517.779541 310.434448 0.611442 
594.191650 308.992737 0.895973 
566.312317 357.447937 0.779151 
510.462677 307.500214 0.472107 
588.355774 288.449341 0.552090 
570.721741 348.710632 0.575271 
579.514893 219.293579 0.899399 
0.000000 0.000000 0.000000 
567.717407 217.803955 0.900751 
0.000000 0.000000 0.000000 
18
569.293213 223.705734 0.926525 
530.978210 235.486694 0.814665 
533.922791 241.338333 0.900456 
510.394287 283.970734 0.850417 
545.663696 300.218109 0.987874 
523.708801 229.606155 0.760173 
530.997864 254.626251 0.241652 
547.129089 264.851074 0.567871 
517.802429 309.026764 0.603853 
592.794495 309.016357 0.869322 
569.241272 357.552643 0.843728 
517.780396 300.189606 0.403619 
586.906494 288.389526 0.645288 
570.750122 348.718140 0.550996 
569.184387 216.432541 0.976108 
0.000000 0.000000 0.000000 
555.974548 216.348404 0.888999 
0.000000 0.000000 0.000000 
18
560.427734 222.244644 0.838193 
522.223450 238.436523 0.851376 
523.623718 242.861984 0.873280 
506.014618 288.431488 0.843068 
545.671326 301.641785 0.986775 
520.729126 231.093857 0.697107 
531.014832 253.163376 0.288839 
545.775146 261.935211 0.634130 
514.853943 310.469177 0.598676 
592.782776 310.470825 0.911306 
569.243652 358.997040 0.895171 
528.058655 292.815918 0.428552 
583.992554 284.012634 0.682099 
570.743652 347.286804 0.439560 
558.937927 216.416245 0.966723 
0.000000 0.000000 0.000000 
545.729797 216.401443 0.968669 
0.000000 0.000000 0.000000 
18
557.438232 217.936554 0.837388 
514.840820 239.923660 0.801068 
516.297607 244.345230 0.808893 
501.618988 294.288635 0.804829 
544.228638 301.655365 0.927200 
514.819580 234.012680 0.669359 
525.130371 253.146622 0.298893 
544.227844 261.933563 0.629619 
529.530090 298.687195 0.504644 
592.750793 310.444641 0.898184 
570.649475 358.957581 0.839292 
533.985535 286.963165 0.515448 
582.519653 276.660187 0.824204 
0.000000 0.000000 0.000000 
554.543640 216.314514 0.892559 
0.000000 0.000000 0.000000 
538.359253 216.373611 0.909709 
0.000000 0.000000 0.000000 
18
547.242432 222.274796 0.884701 
511.865875 241.351501 0.861634 
511.849335 250.152435 0.842815 
500.153290 298.691986 0.869152 
539.838806 301.654449 0.862314 
511.923370 235.512970 0.670399 
523.705322 256.095886 0.336643 
538.375610 261.933044 0.501048 
523.667542 295.779419 0.533259 
592.738953 310.425018 0.853641 
569.293884 358.947937 0.886178 
533.939880 285.457916 0.639958 
581.053528 270.773132 0.888592 
0.000000 0.000000 0.000000 
545.742737 217.809845 0.966593 
0.000000 0.000000 0.000000 
531.039429 217.838638 0.918136 
0.000000 0.000000 0.000000 
18
545.726135 220.768204 0.979089 
510.407318 242.826630 0.827947 
508.902435 251.646790 0.810400 
500.107239 300.214417 0.881355 
538.409424 301.703156 0.862891 
511.921173 239.841751 0.674487 
523.670532 261.944641 0.310728 
545.710327 260.502045 0.325700 
523.684204 295.774506 0.558424 
592.689636 308.958435 0.795460 
569.295776 358.959778 0.842702 
533.985229 285.447083 0.698922 
580.949646 263.356995 0.865229 
607.455017 314.869232 0.683973 
542.741150 217.798981 0.956576 
0.000000 0.000000 0.000000 
523.736267 217.872559 0.966528 
0.000000 0.000000 0.000000 
18
535.470642 217.918152 0.853768 
506.039795 244.329712 0.773739 
501.582062 253.118561 0.864757 
500.095184 301.643646 0.872714 
539.815552 303.113098 0.867822 
510.461456 239.894394 0.686666 
522.173950 263.398468 0.320175 
535.418640 263.422485 0.294207 
523.655396 298.696960 0.566053 
592.684631 307.551544 0.935508 
569.253540 358.960175 0.883695 
533.960815 285.483795 0.683937 
576.576294 254.612106 0.910619 
614.806641 308.990417 0.815837 
533.921997 216.338089 0.897481 
0.000000 0.000000 0.000000 
520.734497 217.903229 0.910412 
0.000000 0.000000 0.000000 
18
533.917786 217.855026 0.923912 
501.601563 247.248566 0.769755 
500.122589 253.170074 0.876405 
500.132782 303.119507 0.847135 
541.329529 303.130035 0.897612 
504.562592 241.348618 0.630960 
519.255676 267.812744 0.180666 
533.968018 275.168671 0.104891 
523.646912 298.723328 0.541620 
592.714355 307.517944 0.895196 
569.256714 358.931824 0.910129 
532.499207 285.466858 0.619403 
570.677368 251.612839 1.004357 
616.286255 298.677612 0.857056 
528.078979 214.931396 0.872395 
0.000000 0.000000 0.000000 
514.827881 217.928223 0.871093 
0.000000 0.000000 0.000000 
18
532.478088 217.847748 0.907563 
500.161743 247.261307 0.796476 
498.648071 254.603348 0.850094 
500.159119 303.133545 0.852684 
542.764587 303.130554 0.911262 
506.018280 241.329468 0.633525 
514.882446 264.973846 0.160160 
0.000000 0.000000 0.000000 
522.217712 300.190369 0.563985 
592.676514 306.083069 0.896473 
569.282410 357.556976 0.876113 
532.500916 286.925049 0.628368 
569.183350 250.130524 0.846029 
614.823181 291.341919 0.794380 
525.166748 214.921158 0.899641 
0.000000 0.000000 0.000000 
511.926971 217.931625 0.910560 
0.000000 0.000000 0.000000 
18
532.441162 216.442581 0.913977 
500.161255 248.689713 0.800645 
498.665253 254.581665 0.870251 
500.193451 304.573120 0.846964 
542.783508 303.109283 0.939303 
506.027954 241.348785 0.639003 
516.316589 267.859924 0.136985 
0.000000 0.000000 0.000000 
520.722778 301.656250 0.556339 
588.382324 303.146881 0.874065 
569.285034 357.501831 0.824385 
531.018555 286.974396 0.633646 
567.749939 245.757675 0.840808 
606.047668 288.490448 0.818199 
523.722107 213.451721 0.897966 
0.000000 0.000000 0.000000 
510.467072 217.928421 0.939595 
0.000000 0.000000 0.000000 
18
529.550293 216.338181 0.891396 
500.174683 248.693207 0.798030 
498.701263 253.183792 0.890480 
501.612396 303.153564 0.829652 
542.779846 303.118195 0.943006 
504.560822 241.367599 0.650693 
520.680481 270.764404 0.194981 
536.889404 279.613892 0.055971 
516.322266 304.594574 0.531921 
583.975464 301.638702 0.817340 
569.294556 357.484406 0.822287 
529.550659 286.989685 0.600570 
567.714722 245.782318 0.791689 
601.581909 292.841522 0.711460 
523.628662 211.954224 0.909447 
0.000000 0.000000 0.000000 
510.433258 219.304245 0.947792 
0.000000 0.000000 0.000000 
18
529.531494 216.305115 0.889665 
500.191467 247.247604 0.797116 
498.733002 253.164963 0.897502 
501.649353 304.571899 0.821742 
544.187439 301.699432 0.978936 
504.540802 241.337753 0.650733 
519.261780 270.773773 0.231562 
535.428162 276.681519 0.092452 
514.838867 304.578003 0.536934 
582.542419 300.193665 0.777985 
569.275757 357.520050 0.796309 
529.535828 286.956207 0.622468 
569.158264 248.700897 0.799603 
601.564514 297.254852 0.635992 
523.616028 210.513199 0.913085 
0.000000 0.000000 0.000000 
510.432343 219.308319 0.953757 
0.000000 0.000000 0.000000 
18
530.982971 216.323898 0.873819 
500.178162 247.224869 0.804509 
500.103271 253.147873 0.892681 
503.065613 303.113892 0.817705 
544.208130 301.676392 0.975958 
503.061035 239.945862 0.650066 
522.148438 272.253296 0.325778 
535.437012 278.168884 0.103234 
517.781067 300.212738 0.521423 
586.862000 300.240753 0.746754 
569.279114 357.463318 0.797329 
529.534119 285.488403 0.608038 
569.191101 251.593994 0.855009 
603.020752 297.202515 0.661907 
523.651611 210.516769 0.897563 
0.000000 0.000000 0.000000 
510.444885 219.294907 0.980449 
0.000000 0.000000 0.000000 
18
531.011047 216.377853 0.880682 
500.193756 245.802139 0.807130 
500.126373 253.141113 0.887742 
507.451874 301.674896 0.830089 
545.673279 300.264679 1.064371 
503.072388 239.954559 0.651703 
523.627014 273.724030 0.449477 
539.823181 286.855377 0.188871 
514.842712 304.589722 0.519459 
589.784058 300.226440 0.761432 
569.270691 357.536224 0.772300 
529.551880 286.960968 0.574921 
569.258850 251.596527 0.895029 
603.055847 297.217743 0.682871 
523.688293 211.975494 0.893793 
0.000000 0.000000 0.000000 
510.477631 217.898178 0.994635 
0.000000 0.000000 0.000000 
18
532.448059 216.371719 0.874723 
501.588562 247.247604 0.793542 
500.138184 253.170197 0.886735 
507.478699 301.661285 0.841890 
545.715088 300.262268 1.056879 
503.105316 241.337830 0.644383 
523.655884 273.674957 0.410726 
541.308594 286.885773 0.184596 
519.244019 301.667542 0.514246 
588.367554 300.226532 0.748834 
569.275391 357.500092 0.831639 
530.988464 286.951691 0.571047 
569.271057 251.601746 0.925409 
604.491394 297.230316 0.731031 
523.745117 211.955521 0.865661 
0.000000 0.000000 0.000000 
511.853241 217.838089 0.996580 
0.000000 0.000000 0.000000 
18
533.872559 216.384644 0.929875 
501.643066 245.809097 0.787936 
500.181396 253.122925 0.890661 
508.911346 301.631134 0.864469 
545.718994 301.629456 1.038976 
506.010406 241.338806 0.647974 
523.690186 273.723602 0.428297 
539.864197 286.854858 0.176401 
516.307129 306.042267 0.520885 
589.792114 300.232330 0.756581 
569.276978 357.501373 0.835484 
529.554016 288.390381 0.561846 
569.243103 251.585068 0.895252 
604.457947 297.204620 0.699266 
525.177673 211.981079 0.871276 
0.000000 0.000000 0.000000 
511.927155 217.847412 0.986208 
0.000000 0.000000 0.000000 
18
533.887451 216.418152 0.941036 
501.616913 247.231094 0.792048 
500.180115 253.130981 0.896647 
507.512238 301.656982 0.859619 
545.709167 301.635345 1.028152 
504.544250 241.351639 0.643279 
523.689148 273.703247 0.391535 
541.291809 285.489502 0.156143 
516.325928 306.061371 0.515502 
589.786255 300.222137 0.760873 
569.289673 357.466583 0.831887 
529.550476 288.415161 0.539259 
569.229370 250.220474 0.876594 
603.055359 295.763702 0.677161 
526.604614 213.415558 0.869215 
0.000000 0.000000 0.000000 
511.963440 217.825089 0.970221 
0.000000 0.000000 0.000000 
18
532.512085 216.441833 0.922526 
500.182495 247.236603 0.803783 
500.162720 253.160126 0.890236 
507.459778 301.678741 0.834864 
545.684021 301.645264 1.024009 
501.603210 241.337723 0.656887 
523.650146 273.675842 0.375901 
538.377319 285.430481 0.140287 
519.263184 301.673218 0.492326 
588.349304 300.190765 0.769007 
569.281372 357.478699 0.832226 
529.547607 286.961304 0.536946 
569.215210 251.601227 0.873843 
603.059753 295.754364 0.673272 
526.595215 213.422348 0.867926 
0.000000 0.000000 0.000000 
511.966248 217.796143 0.966208 
0.000000 0.000000 0.000000 
