27
1
18
548.639221 157.637558 0.956715 
522.163208 194.365265 0.757445 
523.661499 198.769455 0.842248 
532.431274 241.444000 0.855780 
548.676147 275.125519 0.955321 
516.324036 191.384811 0.592081 
532.467224 232.554779 0.090038 
0.000000 0.000000 0.000000 
514.863342 264.871307 0.742556 
517.773438 311.984802 0.794331 
511.974152 358.975464 0.901250 
517.786987 263.396393 0.588554 
520.718018 311.891266 0.744133 
511.869659 345.757721 0.633675 
545.638855 154.599442 0.886327 
547.255798 148.811523 0.111436 
526.583130 158.994949 0.797762 
0.000000 0.000000 0.000000 
18
547.257690 159.055298 0.947486 
522.184143 194.366302 0.731586 
522.239319 198.734177 0.865057 
530.984802 242.844757 0.842459 
548.675354 275.182556 0.965020 
520.722168 191.402283 0.567000 
532.501160 235.489456 0.108727 
0.000000 0.000000 0.000000 
514.867249 266.357880 0.726215 
517.803040 312.014862 0.775595 
511.950256 358.970856 0.899777 
520.718262 264.865143 0.624664 
522.119141 311.929688 0.765914 
511.903809 347.237335 0.647856 
545.645447 156.080872 0.898684 
0.000000 0.000000 0.000000 
526.607544 158.996994 0.815753 
0.000000 0.000000 0.000000 
18
547.245178 161.951187 0.893933 
522.134460 197.296875 0.695916 
523.618286 203.167206 0.877303 
530.979980 247.247116 0.828594 
547.246826 276.614044 0.981140 
517.771729 194.297714 0.571731 
531.028198 239.867050 0.084239 
0.000000 0.000000 0.000000 
519.215027 267.832001 0.705077 
520.709778 313.420868 0.772115 
511.921112 357.576538 0.852472 
513.396240 264.940552 0.612994 
520.733643 311.945374 0.727884 
513.365845 348.703552 0.656294 
545.668762 157.557190 0.922039 
0.000000 0.000000 0.000000 
526.639832 159.060349 0.801343 
0.000000 0.000000 0.000000 
18
547.182800 160.566269 0.897253 
520.689819 200.205170 0.701812 
523.652832 204.592636 0.890278 
531.016663 250.160736 0.865385 
547.120972 279.622467 0.949947 
513.405945 195.809708 0.607072 
0.000000 0.000000 0.000000 
0.000000 0.000000 0.000000 
520.689148 270.790924 0.733076 
525.155701 311.959442 0.754894 
511.877014 356.037537 0.761994 
510.476654 266.402405 0.671868 
517.806458 311.917969 0.724595 
513.362915 351.638428 0.679909 
544.234558 157.573242 0.898890 
0.000000 0.000000 0.000000 
526.621521 160.510086 0.797308 
0.000000 0.000000 0.000000 
18
547.164734 161.988235 0.909238 
520.736328 198.714172 0.711046 
523.699158 204.562744 0.882454 
529.524109 250.199570 0.827564 
541.276489 285.435883 0.922932 
514.822510 194.324265 0.616946 
0.000000 0.000000 0.000000 
0.000000 0.000000 0.000000 
519.248352 270.773621 0.720631 
523.616821 313.465607 0.725797 
511.883301 357.571869 0.829610 
510.472748 266.354095 0.625214 
523.667419 311.946533 0.709972 
514.841003 348.678497 0.659308 
544.220642 157.592590 0.905860 
0.000000 0.000000 0.000000 
526.604919 160.483307 0.802254 
0.000000 0.000000 0.000000 
18
547.166077 160.558105 0.922079 
522.132629 198.747208 0.732541 
525.135071 204.605087 0.887949 
529.533081 251.584167 0.820397 
535.511902 285.496277 0.952705 
513.403320 194.308502 0.631472 
0.000000 0.000000 0.000000 
0.000000 0.000000 0.000000 
520.695801 270.778076 0.716606 
523.632874 314.914642 0.715932 
511.931854 358.961395 0.784849 
511.863434 266.350128 0.623952 
526.575256 311.936859 0.703478 
519.234192 348.726654 0.656158 
544.219543 157.563034 0.909025 
0.000000 0.000000 0.000000 
526.617188 160.483078 0.789001 
0.000000 0.000000 0.000000 
18
547.190918 160.498184 0.927456 
522.237305 203.093903 0.792120 
528.049988 206.045746 0.857268 
532.429810 251.681473 0.823260 
535.398804 288.354584 1.020566 
516.311829 195.795456 0.601303 
504.563385 192.805496 0.062671 
0.000000 0.000000 0.000000 
522.126526 272.259399 0.738471 
523.679993 317.797821 0.694538 
511.953979 360.499451 0.752737 
513.380432 266.384857 0.574690 
529.552368 311.951904 0.706793 
520.743225 354.600555 0.716811 
544.235474 157.527374 0.902963 
0.000000 0.000000 0.000000 
528.071167 160.516235 0.776001 
0.000000 0.000000 0.000000 
18
547.260864 159.114487 0.907456 
523.652283 201.664261 0.803610 
532.498657 206.041214 0.882499 
534.007141 251.653931 0.866821 
535.487244 286.938385 0.994153 
516.290771 194.333954 0.635880 
510.360565 192.795990 0.106897 
494.235535 194.273682 0.294689 
522.176636 272.217712 0.745009 
523.685303 317.806488 0.719764 
511.954468 360.513580 0.778267 
511.873352 264.943939 0.658985 
529.553589 311.961945 0.721610 
522.220581 354.570251 0.772553 
545.669434 157.501068 0.906049 
0.000000 0.000000 0.000000 
531.007874 160.525223 0.777233 
0.000000 0.000000 0.000000 
18
550.132935 159.040436 0.908792 
523.744934 201.692108 0.777666 
534.019409 204.626862 0.896439 
535.470520 248.695831 0.849623 
544.247375 283.997253 0.908302 
517.761841 195.788742 0.639846 
0.000000 0.000000 0.000000 
0.000000 0.000000 0.000000 
523.667114 269.301666 0.764143 
522.241638 317.837708 0.808185 
511.970978 360.497986 0.836303 
513.348145 264.871246 0.671008 
529.530151 313.398224 0.686156 
525.174744 353.093506 0.798300 
545.767700 156.043396 0.885926 
0.000000 0.000000 0.000000 
532.508850 159.058655 0.785708 
0.000000 0.000000 0.000000 
18
554.496826 159.017944 0.870078 
526.623901 200.197113 0.736462 
535.462830 204.583099 0.883126 
538.386353 245.788803 0.805250 
548.684387 279.615204 0.876620 
520.674866 195.791016 0.653380 
0.000000 0.000000 0.000000 
0.000000 0.000000 0.000000 
525.157593 269.284271 0.743387 
525.143311 319.265228 0.810032 
514.856934 361.911011 0.795527 
513.371155 264.885101 0.666169 
529.514221 313.430634 0.699265 
529.529602 353.128723 0.771042 
547.245911 154.632599 0.828090 
0.000000 0.000000 0.000000 
535.443787 158.987488 0.771649 
0.000000 0.000000 0.000000 
18
556.018738 158.983383 0.894750 
529.558594 198.736984 0.719456 
535.510925 204.548859 0.879207 
544.261780 244.305130 0.837196 
558.988953 275.223053 0.927790 
522.164978 194.363068 0.658010 
532.432983 239.856430 0.057558 
0.000000 0.000000 0.000000 
526.609680 266.384888 0.750134 
533.886108 313.433167 0.802946 
517.768860 360.489044 0.775610 
516.308167 264.879028 0.669549 
531.025024 311.953400 0.779957 
529.537781 354.567261 0.751478 
548.709839 154.624390 0.815908 
0.000000 0.000000 0.000000 
536.894653 159.019028 0.788807 
0.000000 0.000000 0.000000 
18
557.418396 157.619934 0.945885 
532.485962 195.812149 0.775709 
536.927673 201.695572 0.854753 
545.693909 242.820190 0.873141 
567.730408 269.314636 0.872936 
523.673279 194.288773 0.680794 
525.150818 229.663574 0.084440 
0.000000 0.000000 0.000000 
526.614685 263.406921 0.758673 
538.389282 310.533112 0.864160 
517.767700 360.467255 0.769361 
514.819885 261.911804 0.690411 
531.022949 310.421967 0.746721 
529.531616 353.126251 0.710731 
550.132568 153.171234 0.835496 
0.000000 0.000000 0.000000 
536.883545 158.991089 0.831532 
0.000000 0.000000 0.000000 
18
557.417786 157.580765 0.942713 
533.891846 195.830261 0.793307 
539.810547 201.697174 0.837778 
547.146667 241.448654 0.891735 
569.283203 269.282257 0.932845 
523.685120 194.320740 0.692364 
528.090881 231.120392 0.092217 
0.000000 0.000000 0.000000 
531.003967 263.363403 0.731899 
547.157104 309.022766 0.907775 
511.937317 357.457520 0.747631 
516.305176 260.495789 0.724870 
526.626221 307.503937 0.800593 
523.680908 351.638458 0.740114 
550.125366 153.161804 0.833059 
0.000000 0.000000 0.000000 
536.918701 159.013824 0.836107 
0.000000 0.000000 0.000000 
18
556.019470 157.547012 0.868096 
532.491028 195.830551 0.821825 
542.778259 201.668259 0.817827 
547.217468 242.837067 0.887973 
569.294495 270.782440 0.932345 
522.154785 194.305466 0.723765 
522.145508 231.089523 0.088866 
0.000000 0.000000 0.000000 
533.949890 261.936096 0.753565 
547.216125 308.951630 0.813536 
506.026855 344.309113 0.692131 
519.217590 257.563019 0.721412 
528.088562 306.075226 0.793038 
525.114502 351.627197 0.770475 
548.700317 151.708847 0.801513 
0.000000 0.000000 0.000000 
536.932617 158.987183 0.789650 
0.000000 0.000000 0.000000 
18
555.965881 157.601334 0.851621 
532.443054 198.713745 0.808165 
544.223389 201.687759 0.842961 
550.120056 242.869705 0.843252 
569.246765 275.223114 0.973834 
519.270752 195.780853 0.709242 
517.816284 231.063751 0.097699 
0.000000 0.000000 0.000000 
534.000305 260.504578 0.740560 
547.245300 308.968445 0.824136 
504.556610 335.462067 0.693852 
517.762268 257.533661 0.736164 
526.603149 304.608673 0.793681 
526.611755 353.093842 0.805295 
548.669373 153.182663 0.803582 
0.000000 0.000000 0.000000 
536.917114 159.013672 0.790104 
0.000000 0.000000 0.000000 
18
555.970886 159.065277 0.830187 
532.430908 198.717361 0.807789 
544.264954 200.224838 0.851660 
553.041504 241.411591 0.827557 
566.280457 276.734131 0.896291 
517.785217 195.820572 0.694303 
511.922028 229.655518 0.215623 
0.000000 0.000000 0.000000 
535.406677 260.497955 0.730707 
548.655945 308.950409 0.817158 
507.518372 334.015350 0.739789 
516.336975 256.069214 0.732462 
525.181030 301.696625 0.798759 
526.610596 353.131622 0.785688 
548.712708 156.121277 0.817075 
0.000000 0.000000 0.000000 
536.927124 159.050125 0.781009 
0.000000 0.000000 0.000000 
18
557.384521 159.113342 0.793671 
532.461975 197.249313 0.826530 
545.649597 200.187057 0.861010 
551.607605 241.441788 0.811362 
561.867920 279.610229 0.874473 
517.796875 194.369995 0.702452 
511.955200 229.628571 0.175486 
0.000000 0.000000 0.000000 
535.463013 261.969849 0.727310 
554.553467 306.085968 0.801110 
523.625671 338.418182 0.710033 
519.225891 257.540985 0.727908 
529.533142 301.670990 0.805213 
523.622253 345.783173 0.726131 
551.585266 157.521118 0.789580 
0.000000 0.000000 0.000000 
539.831604 159.080261 0.755875 
0.000000 0.000000 0.000000 
18
557.483887 160.540283 0.820891 
532.460571 197.249878 0.829826 
544.198364 200.219330 0.839163 
548.708008 242.821426 0.832731 
559.008362 278.126617 0.914163 
520.723206 194.370346 0.725794 
511.903687 229.653015 0.247059 
0.000000 0.000000 0.000000 
535.459778 263.393982 0.751059 
557.531067 303.140625 0.859570 
534.002808 347.301544 0.811438 
520.713745 260.456238 0.730181 
531.025146 308.955078 0.829474 
523.677856 353.139862 0.782929 
554.533936 157.578430 0.826078 
0.000000 0.000000 0.000000 
541.295532 160.494247 0.764383 
0.000000 0.000000 0.000000 
18
558.895813 164.916290 0.755881 
532.439758 198.743301 0.814676 
542.770020 201.654037 0.837934 
547.192383 242.853683 0.865670 
557.540527 276.605438 0.949045 
522.122925 195.839157 0.722780 
513.355591 231.071533 0.255410 
0.000000 0.000000 0.000000 
536.908020 264.909576 0.724129 
557.486145 306.065430 0.800659 
557.405273 350.154419 0.827990 
522.214844 263.454254 0.789374 
531.004211 308.989990 0.851029 
528.088318 354.558044 0.833644 
557.402771 159.016052 0.812343 
0.000000 0.000000 0.000000 
542.793396 160.538605 0.740593 
0.000000 0.000000 0.000000 
18
558.943665 159.103409 0.763438 
533.903748 197.250015 0.818245 
542.749023 201.640610 0.834783 
545.702209 244.304092 0.838907 
557.445435 276.625793 0.914822 
523.650635 194.344376 0.702737 
523.634277 231.127441 0.097421 
0.000000 0.000000 0.000000 
536.913757 264.908600 0.694840 
559.026123 307.530548 0.798622 
579.516846 344.259918 0.883725 
523.606323 263.454803 0.777883 
529.561096 310.447388 0.851486 
526.619019 354.558075 0.822017 
557.425537 157.490707 0.757529 
0.000000 0.000000 0.000000 
545.663818 159.057175 0.762351 
0.000000 0.000000 0.000000 
18
559.004272 159.079330 0.751707 
533.876526 194.367661 0.855140 
541.326721 200.194138 0.833391 
544.258118 244.325043 0.808577 
551.614807 278.104126 0.845977 
522.237610 192.814850 0.747878 
0.000000 0.000000 0.000000 
0.000000 0.000000 0.000000 
535.397156 263.445801 0.724215 
561.892944 295.756561 0.742282 
589.847168 329.575562 0.845293 
522.145203 263.384735 0.716406 
528.061340 310.492279 0.872922 
525.144531 356.012421 0.871068 
557.496887 156.108902 0.758906 
0.000000 0.000000 0.000000 
547.154785 159.013229 0.808418 
0.000000 0.000000 0.000000 
18
561.877808 160.485336 0.779305 
533.923462 194.321289 0.834358 
538.387939 198.735443 0.833153 
544.226624 242.874847 0.791693 
548.679565 278.147339 0.889404 
523.732544 191.376114 0.707211 
0.000000 0.000000 0.000000 
0.000000 0.000000 0.000000 
535.475281 263.402313 0.711259 
569.225342 289.907349 0.754702 
592.802979 323.646606 0.909551 
523.610291 261.972870 0.725903 
528.081360 310.476349 0.860993 
525.153870 354.600159 0.875049 
558.937622 157.519058 0.841442 
0.000000 0.000000 0.000000 
547.191589 159.040268 0.843742 
0.000000 0.000000 0.000000 
18
561.869568 160.488632 0.780529 
533.905762 194.324112 0.818589 
538.340210 200.214355 0.833877 
541.322266 247.261856 0.749811 
547.233521 281.089661 0.911130 
523.730042 191.350525 0.680861 
544.243896 229.674255 0.095478 
0.000000 0.000000 0.000000 
533.976746 260.493622 0.730448 
570.658752 291.383453 0.653609 
594.231262 322.163025 0.817164 
522.216553 256.080536 0.640750 
529.566895 308.963348 0.698543 
525.150146 353.122101 0.716949 
558.918701 157.526794 0.836624 
0.000000 0.000000 0.000000 
547.148560 159.043350 0.815016 
0.000000 0.000000 0.000000 
18
560.478943 159.095474 0.734259 
533.904602 194.349701 0.821590 
539.812927 201.688522 0.832960 
539.815796 248.739349 0.767838 
547.226318 281.090881 0.914761 
523.692444 191.339447 0.707287 
0.000000 0.000000 0.000000 
0.000000 0.000000 0.000000 
535.406677 261.917114 0.731119 
570.722961 294.317596 0.656719 
594.278442 322.205536 0.803641 
523.614746 256.078522 0.632154 
531.015137 307.526184 0.673874 
525.169250 353.094666 0.650920 
558.948792 157.488724 0.791204 
0.000000 0.000000 0.000000 
547.258179 159.015930 0.827034 
0.000000 0.000000 0.000000 
18
560.418945 159.081650 0.689102 
533.879089 194.360931 0.843284 
539.860596 203.103241 0.835493 
541.314636 247.232376 0.762352 
547.204895 283.978882 0.893403 
523.626831 191.342804 0.754177 
532.502258 219.355286 0.052545 
0.000000 0.000000 0.000000 
536.917236 260.501099 0.650169 
570.673523 289.910828 0.829124 
591.255493 323.731262 0.907368 
522.215576 259.022461 0.709498 
531.026855 307.522095 0.841618 
525.194092 354.565033 0.851090 
558.895996 157.495010 0.743829 
0.000000 0.000000 0.000000 
547.247864 159.060165 0.822833 
0.000000 0.000000 0.000000 
18
559.002502 157.621460 0.475759 
532.511658 194.340958 0.833321 
539.819458 201.657211 0.834714 
542.779419 245.807449 0.770870 
547.214355 283.984680 0.884614 
523.633179 191.339874 0.735572 
534.005493 236.907196 0.051719 
0.000000 0.000000 0.000000 
539.824219 261.937805 0.642492 
570.648315 288.424194 0.831509 
582.519348 332.500183 0.902929 
523.681824 260.474304 0.685657 
532.469299 306.089722 0.831668 
525.187195 354.581848 0.843452 
557.524353 154.596603 0.529582 
0.000000 0.000000 0.000000 
548.679138 157.611328 0.822781 
525.105591 159.028046 0.054290 
18
558.985291 158.993134 0.688535 
533.905579 194.381622 0.828249 
541.309692 201.670074 0.840367 
545.655457 250.164001 0.794453 
547.241760 282.552551 0.925426 
523.644836 191.381256 0.709209 
536.877014 236.953018 0.055732 
0.000000 0.000000 0.000000 
538.377930 261.939514 0.663077 
570.725525 288.402405 0.876673 
573.663818 335.490448 0.877951 
523.655396 257.568604 0.691639 
532.513794 308.951691 0.821841 
526.585388 354.543762 0.802359 
557.489502 154.639481 0.688251 
0.000000 0.000000 0.000000 
547.190308 158.983017 0.833377 
0.000000 0.000000 0.000000 
