30
1
18
497.211395 157.632599 0.955107 
486.932281 194.295746 0.954820 
464.819244 197.280136 0.859569 
460.406067 241.447083 0.849258 
453.098511 276.685913 0.964731 
510.392059 191.382629 0.883016 
523.620239 228.113373 0.965253 
539.835693 254.614151 0.884460 
476.608826 264.853333 0.855624 
478.059357 311.957947 0.917468 
464.865753 350.146179 0.897708 
504.542603 263.397034 0.783293 
501.611481 310.420807 0.873246 
506.038635 354.550446 0.814377 
488.370056 156.037674 0.926569 
498.708893 151.699753 0.909693 
476.550995 159.048508 0.884607 
0.000000 0.000000 0.000000 
18
498.719513 157.622635 1.007677 
489.902405 192.912369 0.909164 
466.365326 197.264252 0.842669 
461.904968 241.367889 0.919667 
453.104340 276.605011 0.976440 
513.402527 189.923065 0.826689 
523.714172 228.088394 0.954449 
538.340759 254.657288 0.886385 
479.552612 263.430847 0.809527 
485.426361 310.532928 0.910483 
464.938904 348.687744 0.882589 
510.364594 263.368652 0.838707 
501.655151 310.428741 0.864192 
506.018951 353.124420 0.806972 
489.897491 154.634140 0.903425 
501.595886 151.674835 0.897526 
478.083160 158.992538 0.897781 
504.541931 156.075058 0.092369 
18
500.172821 158.982315 0.988674 
494.254303 192.844513 0.907498 
472.171722 195.814728 0.840603 
463.374237 241.357788 0.909733 
456.026978 275.133301 0.878590 
514.866699 185.502075 0.817861 
525.120117 226.698303 0.903428 
535.482849 256.068726 0.903789 
485.440369 263.424835 0.821958 
488.407471 310.535126 0.926790 
467.817535 347.268219 0.880306 
511.907135 261.953857 0.840703 
506.021423 310.467224 0.829464 
507.476318 354.582611 0.816406 
494.237366 156.045227 0.886931 
504.558319 151.706345 0.893970 
481.035370 158.976563 0.845852 
507.490173 154.637726 0.096257 
18
501.625580 159.037857 0.956580 
497.224518 194.314682 0.942066 
473.619629 195.836578 0.837778 
466.327881 239.882507 0.876445 
463.363464 270.777924 0.877680 
522.173584 192.830078 0.931325 
526.594727 229.653580 0.851001 
533.965820 261.941467 0.876942 
486.920227 263.426270 0.849289 
491.341187 311.946930 0.878623 
472.229858 347.207092 0.875596 
513.360901 263.380585 0.816490 
508.983795 311.929474 0.849109 
508.900635 356.005402 0.818277 
497.154358 156.087326 0.902260 
508.910614 154.634811 0.918369 
483.992188 159.036362 0.829936 
510.467072 157.607681 0.156305 
18
503.097107 160.494080 0.901063 
498.638824 194.308609 0.950062 
473.703674 195.796005 0.853944 
470.734344 239.916794 0.850796 
464.919708 273.681030 0.900147 
522.224182 192.856064 0.942667 
528.063782 232.554337 0.815283 
533.897827 264.961517 0.896931 
486.964813 264.853271 0.865128 
497.174927 311.938110 0.891559 
476.542816 345.819031 0.898360 
513.416565 263.458740 0.795829 
510.456146 311.964996 0.844163 
506.038727 351.670258 0.798962 
498.605255 157.541000 0.963502 
510.362091 157.494583 0.962799 
486.816956 159.085983 0.850806 
511.853241 158.965714 0.126795 
18
503.109131 160.504379 0.898220 
498.668060 194.292938 0.961242 
475.085144 195.786957 0.864637 
473.629517 239.932495 0.871016 
464.924347 272.269531 0.883009 
522.258179 192.824127 0.947918 
529.522461 231.085464 0.839485 
533.960693 264.930420 0.926419 
488.313477 264.858185 0.852322 
498.682953 311.995789 0.899083 
479.560333 353.093506 0.790810 
514.818970 263.463867 0.797666 
510.446686 312.003387 0.831813 
504.549103 351.646881 0.807499 
498.630157 157.552368 0.974119 
510.385040 157.511841 0.969500 
486.894165 159.086105 0.856381 
511.874268 158.978912 0.164444 
18
503.119934 160.493179 0.900086 
498.689819 192.915222 0.954758 
475.102844 194.395370 0.880956 
470.754211 239.905304 0.861624 
464.816864 272.250580 0.904798 
523.625854 192.770767 0.930435 
530.981628 229.660812 0.845064 
535.440613 263.423737 0.933353 
486.951965 263.386139 0.854317 
498.600800 311.903778 0.895068 
486.937897 357.465118 0.895229 
514.834778 263.361053 0.789427 
510.444031 311.916016 0.874730 
503.111298 351.634064 0.803975 
498.651642 157.530777 0.972007 
510.407501 157.504608 0.967244 
486.932953 159.040924 0.853678 
511.954956 158.966644 0.208993 
18
506.008118 160.502975 0.900347 
498.672821 192.890213 0.945610 
475.085236 194.368515 0.895415 
467.800323 238.458206 0.852315 
461.920868 269.321625 0.859068 
522.252197 191.376678 0.914713 
532.432556 229.608322 0.881484 
536.939819 263.359375 0.920262 
486.918884 263.407654 0.847586 
495.702148 310.527252 0.870762 
488.361145 357.526093 0.883685 
514.849182 261.980438 0.800994 
510.394714 311.888672 0.858443 
503.097198 351.653809 0.803626 
498.689270 157.543365 0.986257 
510.439667 157.495941 0.968365 
486.949799 159.055359 0.858189 
511.931671 157.583450 0.127587 
18
507.480316 160.545883 0.899365 
498.633789 194.271912 0.941886 
475.099457 195.795532 0.874164 
464.912201 239.823563 0.883733 
457.511444 270.775635 0.861769 
522.163391 191.411926 0.908117 
530.977173 228.123734 0.885556 
539.839355 257.546875 0.857699 
486.859772 263.364655 0.832438 
491.359467 310.417603 0.864626 
488.360260 356.078552 0.889766 
513.357056 261.900574 0.814061 
510.422760 310.427582 0.880450 
504.567017 351.651459 0.808271 
500.091187 157.592789 1.002011 
510.470306 157.545822 0.994808 
488.343842 159.103851 0.874946 
511.938965 158.979156 0.107382 
18
508.936432 163.426102 0.888013 
498.621826 194.300079 0.944445 
475.097412 197.260300 0.857070 
463.427734 239.887497 0.924126 
456.005981 272.243378 0.899978 
522.137695 191.410690 0.903214 
528.054321 226.677231 0.892976 
536.922546 253.102341 0.923769 
486.849640 263.382690 0.854276 
489.897858 310.443817 0.897644 
488.420563 356.074738 0.886579 
511.968933 260.471558 0.819312 
511.842072 309.022827 0.900396 
508.913879 350.184448 0.826349 
500.151428 158.984818 0.990277 
510.496063 157.608597 1.002499 
488.352661 160.518799 0.870257 
0.000000 0.000000 0.000000 
18
510.343170 167.793091 0.915599 
498.599701 194.343079 0.933056 
475.073212 201.682404 0.858629 
463.410583 239.899216 0.932368 
456.036346 269.333466 0.885865 
520.746582 191.358475 0.876856 
525.135559 222.285477 0.876321 
535.401123 248.734421 0.894689 
486.864380 263.377625 0.856790 
489.846619 310.401062 0.900720 
488.412506 356.022339 0.868698 
511.951721 260.450348 0.812800 
511.866974 309.024780 0.912255 
511.833862 353.096832 0.858472 
500.181122 159.086578 0.967672 
511.846954 159.037888 0.998958 
488.334595 161.987457 0.862132 
0.000000 0.000000 0.000000 
18
510.358856 169.247696 0.958934 
498.609894 194.351593 0.932810 
475.087158 201.697571 0.862131 
464.856934 239.831039 0.890974 
460.426086 266.345276 0.900730 
520.748230 191.382004 0.882179 
525.110046 219.292740 0.889676 
533.883179 242.834976 0.895064 
486.903412 261.911407 0.844301 
491.310150 309.022247 0.889155 
488.456665 356.021332 0.845755 
511.960022 257.517700 0.804635 
511.929840 306.071289 0.885639 
511.920563 348.736481 0.881068 
500.204895 160.536026 0.928809 
511.861603 160.491608 0.952576 
488.338959 163.457565 0.850826 
0.000000 0.000000 0.000000 
18
510.407196 170.730347 1.006763 
498.688568 194.374542 0.928263 
475.200928 203.091782 0.887067 
466.331543 238.419250 0.864838 
461.920166 264.905090 0.939177 
522.150696 192.787888 0.895435 
526.575989 217.886856 0.852538 
533.936707 241.386795 0.927649 
486.907135 257.553650 0.826512 
492.789185 308.987854 0.874504 
489.870300 356.057800 0.831267 
511.960083 254.648972 0.798662 
511.980316 304.584534 0.851367 
513.340820 347.218140 0.865805 
501.617737 166.386337 0.913717 
511.915070 164.917267 0.899344 
488.421814 167.871506 0.879984 
0.000000 0.000000 0.000000 
18
511.869537 173.718292 0.943058 
500.150482 197.261169 0.914277 
476.641998 203.149918 0.896363 
470.729401 238.409714 0.855142 
463.344940 264.839966 0.938884 
523.646545 194.320953 0.904485 
526.619873 225.174377 0.797467 
536.880066 241.425186 0.857388 
486.932098 257.573547 0.830019 
497.177521 309.013458 0.897000 
489.896820 357.484680 0.820984 
513.374146 256.051971 0.790217 
513.387695 304.569366 0.821412 
513.364624 347.178406 0.850257 
504.568878 169.358475 0.926432 
513.428101 169.310211 0.944367 
489.910980 170.769012 0.855558 
0.000000 0.000000 0.000000 
18
513.362427 181.065994 0.947894 
503.053009 204.545258 0.899676 
482.479828 206.129700 0.883672 
470.747467 239.878708 0.894643 
463.362427 263.468536 0.964986 
523.710449 198.734558 0.848335 
531.034119 226.648636 0.840077 
538.364929 241.391418 0.914825 
488.391876 261.969513 0.877579 
500.086334 309.028687 0.919089 
489.875244 356.040070 0.828567 
513.404053 260.498627 0.805990 
514.843384 306.085846 0.809074 
513.384399 347.210846 0.854759 
508.965424 175.202408 0.881421 
519.222656 173.747955 0.903527 
495.733734 178.113983 0.812780 
0.000000 0.000000 0.000000 
18
514.830627 185.499420 0.874095 
507.457489 206.098236 0.913460 
485.386993 211.986160 0.882361 
469.273621 241.359039 0.881129 
461.893494 263.463287 0.950044 
525.169983 204.639099 0.861808 
532.451111 229.594055 0.829676 
538.400513 242.853531 0.835202 
488.432037 263.403381 0.891889 
500.186890 309.010681 0.917626 
489.849365 356.025757 0.857767 
514.876465 263.350281 0.828080 
516.334229 307.536316 0.812906 
513.348328 345.812775 0.850447 
510.406250 181.152145 0.967563 
520.720825 181.146576 0.968004 
498.631805 182.561081 0.854468 
0.000000 0.000000 0.000000 
18
519.213623 192.875854 0.926339 
508.954498 211.941711 0.839731 
486.877319 216.333557 0.900758 
464.890991 241.364914 0.885567 
460.466827 263.444275 0.923142 
528.089050 207.615234 0.804567 
533.973145 229.643814 0.806843 
539.815674 248.726212 0.823119 
489.862457 263.480743 0.827473 
501.601959 309.028534 0.896842 
489.862946 356.026062 0.866916 
517.761780 263.412109 0.807624 
519.213867 308.951263 0.817401 
511.962158 345.769440 0.850435 
511.847748 189.878860 0.908053 
522.147827 188.434097 0.932308 
500.113647 191.399765 0.884892 
523.752441 192.761169 0.122727 
18
520.701050 197.290649 0.877994 
508.988373 216.366821 0.884411 
486.902893 217.922531 0.897415 
463.420990 242.847824 0.842257 
457.487518 263.488464 0.928206 
529.532288 213.456482 0.785400 
532.505493 234.000702 0.771232 
536.919312 250.220123 0.870129 
488.431610 264.898834 0.826142 
501.590942 310.409546 0.921055 
489.859253 356.023010 0.873513 
514.833984 263.463867 0.797849 
517.801392 308.977661 0.815226 
511.960632 345.777557 0.863660 
511.952698 194.297241 0.970562 
522.223328 194.258713 1.010456 
501.588654 194.396790 0.877722 
523.672791 192.877045 0.091545 
18
520.708923 204.645203 0.958395 
510.415527 217.864777 0.889635 
488.365112 222.231689 0.858527 
461.927582 241.435379 0.848119 
454.568817 263.477234 0.996411 
530.989380 216.411041 0.844236 
533.954529 233.995361 0.736459 
535.476196 250.198929 0.850794 
488.406555 264.939178 0.829812 
500.197754 309.007629 0.928921 
489.852631 356.005920 0.880414 
513.410828 264.874603 0.799437 
517.781128 308.964569 0.817798 
511.969604 345.728607 0.851075 
513.349182 201.652817 0.884823 
522.242065 200.197510 0.902231 
501.641785 203.107010 0.822612 
525.155884 203.143402 0.177159 
18
520.712830 207.608170 0.924564 
510.456757 220.825470 0.819992 
488.350647 226.657471 0.867875 
456.066223 241.328064 0.869954 
453.138397 263.415985 1.048909 
532.455811 217.893265 0.826681 
535.466187 231.076431 0.718874 
536.882996 250.171585 0.852866 
488.334137 264.951233 0.825312 
500.094238 310.433228 0.959020 
489.866455 356.042725 0.855495 
513.363953 264.871216 0.814997 
514.864868 310.401917 0.831214 
511.977692 345.804138 0.842718 
513.345764 204.671616 0.963810 
523.617981 204.634842 0.978905 
501.663971 206.082977 0.861213 
528.107849 204.684662 0.360373 
18
520.726563 214.878967 0.933316 
510.438141 226.691956 0.854463 
488.367401 228.143723 0.865588 
454.597534 239.911285 0.889530 
453.121246 263.429871 0.987246 
531.011230 225.167923 0.798818 
535.456238 234.048294 0.665784 
538.384460 250.158783 0.818910 
488.317841 266.383789 0.812888 
498.657349 310.395233 0.935530 
489.833954 356.060120 0.855715 
511.982147 264.954376 0.803837 
513.375122 308.983948 0.847530 
511.964172 345.803711 0.871326 
513.369690 207.586960 0.929378 
523.606384 207.547897 0.966232 
503.087708 210.518219 0.809939 
528.052673 209.041351 0.258119 
18
520.718018 216.371109 0.964381 
510.390137 228.165558 0.859006 
488.355713 229.617599 0.900281 
454.572723 239.887039 0.906982 
453.124634 263.455261 0.993057 
529.545227 226.659393 0.814937 
535.378052 236.940994 0.649101 
536.911926 250.208908 0.825989 
486.946167 269.323181 0.804878 
498.597443 310.449829 0.942021 
488.457306 356.046783 0.852384 
511.968872 267.829895 0.808721 
511.900513 310.417023 0.870194 
511.974152 347.193268 0.866834 
513.360107 211.984375 0.899602 
522.230164 210.499985 0.919403 
501.649811 214.908279 0.817411 
526.639526 214.880066 0.155006 
18
519.244690 216.388977 0.941200 
510.362579 228.144058 0.856336 
486.936615 229.570694 0.865401 
453.115814 239.828629 0.928927 
453.084198 263.419830 0.976675 
529.555908 226.650208 0.825709 
535.419006 238.452698 0.659481 
536.902344 251.707474 0.844583 
486.877167 270.795563 0.833801 
495.735077 310.420685 0.915454 
488.438293 354.604614 0.860396 
511.926849 269.293243 0.824450 
511.859833 309.030975 0.866926 
511.975006 345.811554 0.873150 
511.919769 213.440521 0.920136 
522.160767 210.504776 0.921323 
500.206573 216.334991 0.868301 
525.153625 213.442230 0.228451 
18
514.854919 216.329956 0.933731 
508.944366 228.199310 0.877190 
486.881744 229.648727 0.893716 
453.100800 238.391586 0.902003 
453.084717 263.421783 0.951895 
528.065735 228.078110 0.849390 
535.367859 239.922287 0.606089 
536.871643 253.103622 0.762679 
486.921509 275.128662 0.855614 
494.257416 310.524078 0.918657 
488.408508 356.038055 0.880670 
513.367371 275.124695 0.828197 
510.492798 311.887726 0.877129 
511.986115 347.257813 0.853916 
510.441345 211.945786 0.913093 
520.713867 209.021790 0.933064 
500.114105 214.917603 0.887049 
523.723633 211.986923 0.301595 
18
513.360596 214.865555 0.931409 
507.473938 228.174423 0.848376 
485.427399 229.599731 0.890774 
453.031738 239.831390 0.915452 
453.051788 263.351990 0.946168 
526.586243 226.689087 0.818245 
535.404419 231.073196 0.563128 
535.407227 251.618790 0.777485 
486.912018 275.189972 0.855529 
491.327301 311.906250 0.921393 
488.418884 354.603516 0.879095 
513.380005 275.159668 0.822813 
510.472931 310.519043 0.888231 
511.985565 347.237305 0.871163 
510.368286 207.598419 0.927464 
519.234009 207.534821 0.929322 
498.730469 213.402405 0.867267 
523.686462 210.513596 0.388353 
18
510.481140 209.005478 0.942169 
504.546417 226.645020 0.795112 
483.946716 228.175095 0.851451 
453.036499 238.452988 0.896844 
453.052155 261.976929 0.946860 
525.171265 220.764160 0.789506 
539.844543 225.194244 0.692605 
535.434265 250.154114 0.865290 
486.880249 275.122284 0.843667 
489.881805 310.538208 0.926211 
488.400818 356.031921 0.879662 
513.352966 273.679535 0.813147 
510.433105 310.444733 0.877513 
511.947693 347.204132 0.875881 
504.567535 204.678787 0.920825 
513.389954 204.658356 0.968063 
497.146790 206.160080 0.857428 
522.153625 206.100006 0.484375 
18
507.457245 204.630051 0.940332 
500.196960 223.725342 0.850810 
479.552551 226.694717 0.828003 
451.642822 239.827850 0.905918 
451.680176 261.941315 0.948207 
523.672241 219.334351 0.882517 
541.284363 226.673004 0.731247 
535.485718 251.591141 0.909231 
485.430054 275.131927 0.851156 
488.405457 310.505707 0.945902 
488.378204 353.104584 0.874597 
511.911591 273.702179 0.860152 
508.977692 310.465912 0.837439 
511.919891 345.814362 0.851043 
500.164642 201.679016 0.921985 
510.418427 201.651733 0.937639 
494.233948 204.583664 0.848189 
513.423401 204.541397 0.671564 
18
501.581207 201.681061 0.900809 
500.144440 219.335373 0.890531 
476.691193 222.285446 0.826768 
451.644348 239.840042 0.914224 
451.666687 261.966400 0.971500 
523.614685 217.851593 0.856434 
538.352722 225.209229 0.735846 
535.506470 251.588684 0.931853 
482.484924 273.718750 0.822866 
488.360107 310.527344 0.938043 
488.346527 353.111176 0.859591 
510.437866 273.675934 0.851725 
507.497467 310.465210 0.817583 
511.892456 347.184692 0.853728 
498.613861 195.797928 0.912610 
507.509613 195.771133 0.894596 
488.429077 201.688675 0.829450 
511.977875 198.756760 0.788724 
18
500.147766 195.834305 0.932050 
498.669647 217.858017 0.939689 
476.570129 219.310776 0.901649 
451.603485 239.942123 0.939398 
451.599365 261.928833 0.945717 
520.680542 216.429642 0.858865 
536.949280 225.220016 0.813530 
535.497803 251.595795 0.965787 
481.046967 273.680206 0.820614 
488.316803 310.461304 0.933672 
488.404999 348.734589 0.863667 
510.408936 272.216309 0.833802 
506.008850 310.421021 0.806153 
511.831970 347.233673 0.874238 
497.183838 192.920227 0.925443 
506.002991 192.908844 0.912685 
488.346710 195.835266 0.869123 
511.895386 194.379578 0.828153 
18
498.725616 194.345764 0.952853 
497.221558 216.433548 0.921895 
475.176636 217.837540 0.933851 
451.665222 239.938675 0.979994 
451.634644 261.956329 0.958997 
516.304626 216.348343 0.831513 
536.866333 228.144852 0.889514 
536.881104 253.074905 0.954113 
479.574341 272.217590 0.796073 
486.898499 310.479065 0.938533 
488.450745 347.287811 0.872156 
508.964844 269.328156 0.807990 
504.562805 310.430817 0.832660 
510.407288 348.748444 0.839472 
495.703949 192.803986 0.892884 
503.075073 192.804306 0.902598 
486.940826 194.335663 0.898017 
510.481689 194.290955 0.845049 
