39
1
18
651.519653 125.253479 0.885028 
614.766113 158.989609 0.823603 
617.813049 164.897644 0.861158 
617.831421 217.862411 0.929575 
630.990967 260.510803 0.892530 
605.977295 156.046158 0.725315 
627.978516 172.276337 0.055239 
0.000000 0.000000 0.000000 
610.401489 248.744995 0.724857 
605.962585 303.136353 0.836026 
595.729614 357.497894 0.819154 
597.180603 242.847580 0.654052 
594.235291 298.714294 0.847540 
594.220520 348.696716 0.637115 
647.165649 122.257118 0.893389 
0.000000 0.000000 0.000000 
630.982605 123.786530 0.916361 
0.000000 0.000000 0.000000 
18
651.564514 126.670280 0.865400 
614.799500 159.016617 0.839607 
617.837280 164.945450 0.852894 
617.827820 217.885132 0.939207 
630.982544 260.493622 0.900499 
605.992065 156.061996 0.733206 
628.028625 170.942902 0.081366 
0.000000 0.000000 0.000000 
610.388611 250.164627 0.730592 
604.579651 304.598480 0.841454 
595.727234 357.506927 0.829729 
597.161255 242.873093 0.655719 
594.174866 298.765045 0.871277 
591.315918 347.259674 0.664604 
648.636169 122.288834 0.900701 
0.000000 0.000000 0.000000 
631.045776 123.814796 0.908776 
0.000000 0.000000 0.000000 
18
651.567383 128.181824 0.872030 
614.819519 159.028473 0.840890 
617.849304 166.379776 0.855294 
617.800171 217.888962 0.941185 
629.610718 261.899475 0.907560 
606.009705 156.052658 0.722530 
628.104248 172.294540 0.094536 
0.000000 0.000000 0.000000 
610.389648 250.194702 0.739742 
604.549194 304.592529 0.842171 
595.726379 357.526489 0.835319 
597.192566 244.313400 0.643094 
592.806213 298.752075 0.874793 
591.278137 347.257233 0.666021 
650.044189 122.346199 0.916500 
0.000000 0.000000 0.000000 
632.462585 123.815987 0.891361 
0.000000 0.000000 0.000000 
18
651.568359 129.627045 0.857633 
614.816162 159.040497 0.848507 
619.207581 166.396774 0.858090 
617.788940 217.906860 0.937306 
629.581421 261.917999 0.925354 
605.993042 156.060730 0.738375 
628.115479 170.854691 0.134605 
0.000000 0.000000 0.000000 
608.956848 250.194122 0.738208 
604.524048 306.037750 0.835939 
595.737122 357.523071 0.839871 
597.170837 244.301422 0.644820 
592.747681 298.728577 0.868702 
588.351074 345.772797 0.660946 
650.062988 123.708549 0.917575 
0.000000 0.000000 0.000000 
632.494812 123.829002 0.882547 
0.000000 0.000000 0.000000 
18
651.599670 129.632874 0.869063 
614.832397 159.043442 0.844037 
619.207642 166.388443 0.858688 
617.764038 217.907578 0.938135 
629.558838 261.941010 0.947435 
606.001709 156.068649 0.728297 
628.104248 172.256104 0.097763 
0.000000 0.000000 0.000000 
610.385071 250.206909 0.735247 
604.509949 306.071075 0.834676 
595.731384 357.524994 0.831071 
598.643799 244.330521 0.633995 
592.786804 300.132294 0.859677 
591.266541 347.251617 0.665194 
650.085022 123.705444 0.932945 
0.000000 0.000000 0.000000 
632.500732 123.831993 0.880357 
0.000000 0.000000 0.000000 
18
651.585999 131.064667 0.869114 
614.842468 159.041412 0.859481 
619.219788 166.406403 0.857391 
617.706726 219.340210 0.925899 
631.020264 259.029327 0.897029 
605.989197 156.052124 0.739161 
627.977051 172.336456 0.056993 
0.000000 0.000000 0.000000 
610.430725 250.216980 0.732307 
604.515137 306.085022 0.837059 
595.747253 357.522247 0.824707 
598.640320 244.329697 0.631014 
592.801147 300.130066 0.853248 
591.274658 347.275421 0.671078 
650.076721 123.726616 0.929372 
0.000000 0.000000 0.000000 
633.906311 125.198990 0.883058 
0.000000 0.000000 0.000000 
18
651.597473 129.659058 0.878347 
614.836670 159.041534 0.860317 
617.850647 166.400711 0.856021 
616.341614 217.910721 0.924041 
639.799927 251.664963 0.967989 
606.000854 156.063278 0.738473 
0.000000 0.000000 0.000000 
0.000000 0.000000 0.000000 
613.361450 250.154358 0.730625 
604.537292 306.062408 0.819665 
595.701599 357.522125 0.808573 
601.591736 242.861954 0.636320 
594.267578 300.160797 0.834918 
592.749451 348.688965 0.644271 
650.081604 123.725250 0.933911 
0.000000 0.000000 0.000000 
633.923279 125.222420 0.883362 
0.000000 0.000000 0.000000 
18
651.594543 131.083862 0.889384 
616.230530 159.064224 0.849746 
617.820190 167.824936 0.877599 
617.712891 219.330536 0.896222 
651.549500 241.346237 0.978532 
606.066772 156.069916 0.706178 
0.000000 0.000000 0.000000 
0.000000 0.000000 0.000000 
613.332092 250.178894 0.752280 
604.510498 306.044891 0.834960 
595.723572 357.529633 0.799255 
601.588806 244.308533 0.637089 
594.248291 300.189697 0.832519 
592.765015 348.719238 0.649602 
650.082764 123.746948 0.943643 
0.000000 0.000000 0.000000 
633.928955 125.232162 0.879069 
0.000000 0.000000 0.000000 
18
651.591492 131.102310 0.888045 
616.228699 159.056183 0.813218 
617.746765 167.807480 0.887580 
622.169739 217.937149 0.874285 
664.835022 226.631989 0.916875 
607.496826 156.097244 0.671783 
626.545471 203.121994 0.156105 
0.000000 0.000000 0.000000 
611.863342 248.699173 0.736289 
604.510315 306.065857 0.827896 
595.713562 357.546692 0.801023 
604.504333 244.315720 0.630439 
594.279846 301.644470 0.805012 
592.773804 350.146332 0.634445 
650.086731 123.771706 0.946623 
0.000000 0.000000 0.000000 
633.925354 125.247017 0.881422 
0.000000 0.000000 0.000000 
18
651.598755 131.119370 0.897131 
616.273560 159.054840 0.852383 
617.727112 166.386383 0.844104 
629.464539 216.386826 0.978425 
664.895081 206.041168 0.944450 
610.435608 156.104004 0.675032 
629.501587 182.615356 0.424927 
660.399414 194.375854 0.427504 
613.313110 248.721344 0.737079 
604.495422 306.071320 0.806564 
595.727173 357.532379 0.786163 
606.019165 244.327942 0.598182 
594.288147 301.659515 0.783417 
592.779541 350.155548 0.636432 
650.095215 123.797112 0.945574 
0.000000 0.000000 0.000000 
633.940918 126.666519 0.855493 
0.000000 0.000000 0.000000 
18
651.620117 132.543991 0.919033 
616.277527 159.044861 0.841149 
616.277649 163.474380 0.835705 
638.366455 213.464447 0.918876 
666.257263 186.964951 0.796839 
614.823608 157.525131 0.655008 
633.911377 185.514038 0.298727 
0.000000 0.000000 0.000000 
610.403564 248.739105 0.731115 
604.471252 307.521088 0.795707 
595.743469 357.513397 0.754565 
610.398804 247.238129 0.564026 
595.701050 303.136108 0.749949 
592.809570 351.658661 0.643820 
650.116882 123.812157 0.957149 
0.000000 0.000000 0.000000 
633.945862 126.686836 0.864319 
0.000000 0.000000 0.000000 
18
651.627197 132.539032 0.894965 
616.243713 157.623306 0.829622 
614.820374 161.996658 0.825329 
642.815796 206.118500 0.918167 
663.401794 175.188095 0.781353 
616.257019 156.096436 0.693165 
636.877014 185.518204 0.326229 
0.000000 0.000000 0.000000 
610.382507 245.767090 0.724736 
604.494995 304.606659 0.794884 
595.704102 357.520020 0.781995 
610.423401 242.865555 0.578663 
595.689209 300.253387 0.772914 
592.758118 350.150299 0.634348 
651.487732 123.830605 0.941641 
0.000000 0.000000 0.000000 
635.389465 128.154968 0.861689 
0.000000 0.000000 0.000000 
18
651.597961 132.554794 0.855949 
614.842407 157.580475 0.805364 
614.831421 163.421661 0.806562 
650.136353 204.556839 0.948981 
661.839294 161.998169 0.813372 
613.370483 154.641953 0.650704 
636.839783 192.858963 0.234204 
0.000000 0.000000 0.000000 
610.402588 244.325897 0.720192 
604.531128 303.143188 0.802407 
595.735413 357.537140 0.773639 
611.891724 242.848923 0.595008 
595.757202 300.228058 0.772925 
594.198364 351.626740 0.642406 
650.123962 125.231911 0.911284 
0.000000 0.000000 0.000000 
635.394958 129.637939 0.858574 
0.000000 0.000000 0.000000 
18
651.604797 132.534485 0.794308 
616.225769 157.565384 0.808269 
614.779907 161.973907 0.795088 
652.986816 201.695084 0.956954 
658.946655 157.625946 0.856215 
616.247681 156.053284 0.648794 
639.786438 194.294891 0.213016 
0.000000 0.000000 0.000000 
610.385376 244.341064 0.718706 
604.554138 304.576080 0.809266 
595.742188 357.535126 0.764739 
611.875244 242.856766 0.584054 
597.157837 301.636597 0.744148 
594.270447 353.103180 0.632359 
650.121033 125.231308 0.883636 
0.000000 0.000000 0.000000 
635.394958 131.067795 0.862433 
0.000000 0.000000 0.000000 
18
651.588684 133.973816 0.829595 
614.841003 157.563034 0.793742 
614.789368 160.541031 0.811957 
653.036499 200.208832 0.933638 
658.908630 157.600693 0.844854 
614.810181 156.079193 0.657315 
639.819946 194.300705 0.206498 
0.000000 0.000000 0.000000 
610.416687 244.316818 0.716505 
604.559082 303.131866 0.816579 
595.727417 357.536407 0.778957 
610.409546 242.825485 0.581094 
595.752991 300.217651 0.771226 
594.226929 351.630341 0.643334 
650.114380 126.676788 0.877777 
0.000000 0.000000 0.000000 
635.379333 129.655304 0.858668 
0.000000 0.000000 0.000000 
18
651.625366 133.968353 0.855672 
614.830627 157.560074 0.784443 
614.778625 160.533279 0.815640 
653.046448 200.177246 0.926593 
658.913086 158.986862 0.843790 
614.800537 156.077637 0.651325 
639.816101 194.294891 0.201038 
0.000000 0.000000 0.000000 
610.406189 244.335342 0.712017 
604.541016 304.572174 0.809720 
595.733398 357.535461 0.772943 
610.405457 242.848572 0.581961 
595.753296 300.248077 0.763279 
594.221802 351.636871 0.638187 
651.505554 125.277534 0.904036 
0.000000 0.000000 0.000000 
635.375732 131.064911 0.868924 
0.000000 0.000000 0.000000 
18
651.623230 133.997925 0.852942 
614.821655 157.552887 0.783018 
614.788940 160.538254 0.821065 
653.042664 200.189560 0.929109 
657.486755 157.613968 0.860476 
614.783325 156.070587 0.646384 
638.320801 194.310974 0.190019 
0.000000 0.000000 0.000000 
610.427856 245.764420 0.710147 
604.545105 304.616058 0.813391 
595.729309 357.526672 0.775288 
608.935547 242.857376 0.581238 
595.752991 301.659180 0.744410 
594.234253 351.641846 0.634969 
651.498047 126.698624 0.888923 
0.000000 0.000000 0.000000 
633.959351 131.066040 0.875403 
0.000000 0.000000 0.000000 
18
651.631592 133.988815 0.849954 
614.842651 157.546677 0.778159 
614.799927 160.516815 0.828671 
653.036438 200.204178 0.930129 
658.927795 157.617340 0.865867 
614.812378 156.071136 0.642287 
638.327881 194.314850 0.191936 
0.000000 0.000000 0.000000 
610.425293 245.770706 0.712309 
604.538208 304.619659 0.806815 
595.731018 357.531372 0.775946 
610.417786 242.869522 0.577278 
597.158691 301.667175 0.734994 
594.236694 351.631775 0.626318 
651.500793 126.680679 0.892191 
0.000000 0.000000 0.000000 
633.962097 131.060318 0.863411 
0.000000 0.000000 0.000000 
18
652.987732 134.000168 0.869262 
614.838623 157.529434 0.779256 
614.809937 160.520248 0.826470 
653.041870 200.221970 0.927342 
658.935547 158.987320 0.872858 
613.371643 156.040070 0.633209 
636.858398 194.309692 0.189790 
0.000000 0.000000 0.000000 
611.860413 244.343491 0.715834 
604.552368 303.149933 0.812722 
595.712830 357.535522 0.781249 
607.494690 242.830887 0.582422 
595.723572 300.210876 0.773929 
594.213135 351.624939 0.632596 
651.510315 126.688400 0.902775 
0.000000 0.000000 0.000000 
635.406372 129.643951 0.857289 
0.000000 0.000000 0.000000 
18
653.010437 133.990631 0.844115 
614.836609 157.528168 0.776316 
614.836304 160.507034 0.831369 
653.058777 200.194916 0.926768 
658.911072 157.588470 0.892997 
613.350708 154.636932 0.637338 
636.858276 194.300812 0.182531 
0.000000 0.000000 0.000000 
611.874268 245.773071 0.714069 
604.540894 304.585022 0.809794 
595.722351 357.538361 0.794518 
607.462952 242.845352 0.591573 
595.688782 300.213104 0.795321 
592.743835 348.743958 0.641184 
651.517822 126.691002 0.894634 
0.000000 0.000000 0.000000 
635.390503 131.091293 0.871137 
0.000000 0.000000 0.000000 
18
653.023987 134.024460 0.808705 
614.835571 157.526138 0.770426 
614.837158 160.496109 0.834497 
653.070496 200.194489 0.920127 
658.926941 157.613785 0.904544 
613.346924 154.647903 0.635753 
636.854858 194.317535 0.179983 
0.000000 0.000000 0.000000 
611.871582 245.772964 0.715046 
604.542969 304.599854 0.810727 
595.720154 357.531494 0.797768 
607.487549 242.851105 0.588044 
594.312378 300.219147 0.788090 
592.745728 350.152679 0.638350 
651.533813 128.149704 0.849412 
0.000000 0.000000 0.000000 
636.845825 132.513718 0.884178 
0.000000 0.000000 0.000000 
18
653.022400 134.014618 0.807764 
614.833130 157.526077 0.770245 
616.213501 160.499527 0.834248 
653.084778 200.204681 0.915620 
660.372925 158.979584 0.922242 
613.332581 156.038849 0.637505 
636.859985 194.317322 0.176942 
0.000000 0.000000 0.000000 
611.903564 244.319016 0.719185 
604.557983 303.155304 0.815357 
595.727417 357.532104 0.793411 
607.491821 241.435104 0.599667 
594.312134 300.183533 0.807563 
592.763245 350.155640 0.654531 
651.538696 126.733147 0.848373 
0.000000 0.000000 0.000000 
636.876831 131.105042 0.886159 
0.000000 0.000000 0.000000 
18
653.040100 134.035828 0.811327 
614.830505 157.530746 0.759295 
614.851624 160.486618 0.837345 
653.102234 200.190979 0.908287 
660.379456 157.608444 0.927725 
613.328125 156.048370 0.628090 
638.325500 194.336578 0.174173 
0.000000 0.000000 0.000000 
613.327637 244.324081 0.713072 
604.543579 304.614594 0.808257 
595.742371 357.521057 0.779479 
608.919312 242.830658 0.602241 
594.308960 300.242828 0.792266 
594.203308 351.633392 0.656852 
651.553894 128.158707 0.850218 
0.000000 0.000000 0.000000 
636.888184 131.107010 0.890121 
0.000000 0.000000 0.000000 
18
653.025513 134.023926 0.835274 
614.833252 157.527679 0.756002 
616.214355 160.488419 0.845862 
653.117798 200.193130 0.900753 
661.840881 158.983719 0.945242 
613.332825 154.648102 0.622198 
638.325256 194.299179 0.170348 
0.000000 0.000000 0.000000 
613.331360 244.303833 0.716688 
604.563293 304.579895 0.811724 
595.744019 357.512268 0.770569 
608.937439 241.434799 0.603108 
595.703064 300.223572 0.780787 
594.200073 350.197479 0.642931 
651.548950 126.733597 0.874886 
0.000000 0.000000 0.000000 
636.854187 131.118729 0.875714 
0.000000 0.000000 0.000000 
18
653.034302 133.999268 0.823980 
616.223328 157.530029 0.765714 
616.221069 160.490341 0.852210 
653.135376 200.202972 0.895892 
661.896729 157.617157 0.950819 
613.359741 156.036621 0.620181 
636.860291 194.299484 0.160667 
0.000000 0.000000 0.000000 
613.329163 244.324295 0.714722 
604.560730 304.571136 0.814618 
595.734070 357.545715 0.786753 
610.405884 242.838867 0.596376 
595.701599 300.210541 0.802816 
594.205322 351.617371 0.642018 
651.555969 126.696533 0.874959 
0.000000 0.000000 0.000000 
636.846008 131.115967 0.872203 
0.000000 0.000000 0.000000 
18
653.012512 134.011551 0.857727 
616.226746 157.527481 0.762409 
616.223389 160.488892 0.854365 
653.128174 200.194183 0.885945 
663.281372 159.004730 0.955004 
613.369141 156.040054 0.621448 
638.324158 194.286484 0.165025 
0.000000 0.000000 0.000000 
613.353821 244.336319 0.710694 
604.584412 303.156433 0.806921 
595.752991 357.531525 0.784230 
608.941772 242.845856 0.599975 
595.686401 300.191772 0.808958 
592.773743 350.153442 0.658174 
651.535156 126.707405 0.887443 
0.000000 0.000000 0.000000 
635.416931 131.091522 0.862555 
0.000000 0.000000 0.000000 
18
653.009521 134.023727 0.863831 
616.248657 157.521805 0.760953 
616.223022 159.111267 0.853550 
653.125793 200.187515 0.880059 
663.334778 159.009491 0.959322 
614.801453 156.047791 0.618682 
639.799072 194.296341 0.176701 
0.000000 0.000000 0.000000 
613.356384 244.309311 0.714657 
605.933472 303.113647 0.808760 
595.751953 357.525299 0.776497 
608.955200 242.819702 0.601972 
594.314758 298.764008 0.829019 
592.774719 350.152588 0.667928 
651.527588 126.718727 0.884404 
0.000000 0.000000 0.000000 
635.427002 131.090729 0.857254 
0.000000 0.000000 0.000000 
18
652.991211 133.968170 0.863410 
616.259338 157.527649 0.757564 
616.258850 159.110947 0.859990 
653.079163 200.194489 0.885071 
663.381409 159.085068 0.903636 
614.793091 156.056458 0.626749 
639.825500 192.900146 0.205916 
0.000000 0.000000 0.000000 
613.348572 244.333054 0.713016 
604.578918 303.139893 0.809203 
595.742920 357.529022 0.786278 
608.917847 242.836075 0.604100 
594.300659 300.148285 0.829268 
592.759094 348.737762 0.660747 
651.512817 125.266891 0.903198 
0.000000 0.000000 0.000000 
636.840759 129.601929 0.854279 
0.000000 0.000000 0.000000 
18
651.634277 132.602325 0.878491 
616.276733 157.541580 0.771592 
616.278076 159.109726 0.861585 
653.060120 200.227478 0.885530 
664.825500 159.060730 0.860581 
614.830322 156.078125 0.648137 
641.305420 192.838882 0.245612 
0.000000 0.000000 0.000000 
613.340881 244.332077 0.716767 
604.584167 303.130127 0.807724 
597.151672 357.522705 0.761627 
608.921387 242.830963 0.606080 
594.303894 300.147339 0.828719 
592.798706 350.177246 0.665032 
651.496704 125.239708 0.924443 
0.000000 0.000000 0.000000 
635.407715 128.141891 0.845736 
0.000000 0.000000 0.000000 
18
651.637024 133.967270 0.897826 
616.268188 157.552582 0.786866 
616.314941 160.513016 0.861775 
652.998169 203.101883 0.897137 
666.260559 163.440720 0.802212 
613.361450 156.066986 0.642109 
641.251282 192.873383 0.249669 
0.000000 0.000000 0.000000 
613.343628 244.331284 0.718420 
604.562866 303.150177 0.807374 
595.756287 357.527191 0.777052 
607.459412 241.432388 0.616769 
594.255737 298.770782 0.836433 
592.768127 348.747192 0.654533 
651.492676 125.247009 0.911636 
0.000000 0.000000 0.000000 
635.386047 126.695747 0.852286 
0.000000 0.000000 0.000000 
18
651.603638 134.001587 0.942721 
616.299622 157.591766 0.806511 
616.310852 160.524628 0.868086 
651.584595 204.571869 0.956138 
670.670593 167.877899 0.719213 
614.830872 156.096161 0.645036 
639.813843 191.366592 0.287957 
0.000000 0.000000 0.000000 
613.321777 245.773224 0.705054 
604.581299 303.139221 0.809316 
595.730896 357.498688 0.775047 
611.898621 242.873276 0.601709 
595.737122 300.191742 0.785681 
594.201233 350.197296 0.660222 
650.108459 125.282356 0.901131 
0.000000 0.000000 0.000000 
633.955200 125.286987 0.849962 
0.000000 0.000000 0.000000 
18
651.625732 132.576569 0.937095 
616.314087 157.606049 0.805445 
616.340881 160.536194 0.879833 
650.094238 206.084747 0.941126 
675.068848 173.730103 0.831265 
614.830078 156.097961 0.616981 
639.766602 192.842987 0.253808 
0.000000 0.000000 0.000000 
613.343811 244.341217 0.714980 
604.582336 303.118439 0.805100 
595.734009 357.509857 0.777174 
611.892700 242.848923 0.596369 
595.708374 300.152405 0.806497 
592.799072 350.152588 0.661531 
650.112976 125.205009 0.922592 
0.000000 0.000000 0.000000 
633.937073 125.243683 0.862617 
0.000000 0.000000 0.000000 
18
651.599792 132.579315 0.930330 
617.721069 157.622208 0.793627 
616.344421 160.526550 0.871421 
648.606812 207.560455 0.904972 
682.430115 181.032593 0.875796 
616.288940 156.122894 0.604891 
639.795959 192.857437 0.213170 
0.000000 0.000000 0.000000 
611.902405 245.775818 0.721241 
604.579163 303.136993 0.806067 
595.727417 357.505493 0.783031 
611.885010 242.865280 0.584889 
595.683716 300.148682 0.810079 
592.773254 348.730255 0.661601 
650.102661 123.831062 0.937362 
0.000000 0.000000 0.000000 
633.942444 125.210075 0.862175 
0.000000 0.000000 0.000000 
18
651.597961 132.557297 0.909098 
617.752319 158.984177 0.798602 
617.743408 160.554230 0.871722 
644.246643 209.043625 0.890905 
685.357849 192.782623 0.927160 
616.295227 157.506073 0.601053 
638.360413 185.503601 0.258650 
0.000000 0.000000 0.000000 
614.795532 245.793533 0.736883 
604.583130 303.122986 0.805966 
595.725891 357.498138 0.781226 
608.955566 242.858017 0.585485 
595.685913 298.764038 0.815656 
594.191162 348.732239 0.659188 
650.114685 123.812027 0.934161 
0.000000 0.000000 0.000000 
633.957703 123.832108 0.867761 
0.000000 0.000000 0.000000 
18
651.602234 132.536026 0.906764 
617.768494 159.011353 0.800537 
617.810852 161.995010 0.857239 
642.734436 211.976547 0.928672 
685.418640 204.559799 0.942616 
614.835388 157.501266 0.599486 
636.874695 184.033966 0.223542 
0.000000 0.000000 0.000000 
616.243896 248.696259 0.758913 
604.580383 304.587708 0.810440 
595.725830 357.503235 0.774549 
607.483643 242.884720 0.596689 
594.301453 300.159760 0.815531 
592.804321 348.739014 0.651709 
650.117432 123.798431 0.936129 
0.000000 0.000000 0.000000 
635.403320 123.814217 0.873357 
0.000000 0.000000 0.000000 
18
651.600708 131.124771 0.892698 
617.765869 159.047943 0.816603 
619.263489 164.902985 0.825993 
639.885071 216.315674 0.961615 
683.932861 216.320099 0.872964 
613.367249 157.512726 0.651881 
633.912842 179.639084 0.202636 
0.000000 0.000000 0.000000 
616.312500 248.745148 0.770369 
604.578125 304.620728 0.812222 
595.731323 357.518250 0.781132 
606.027039 242.881790 0.640157 
594.295898 300.181488 0.814977 
594.195313 350.162628 0.646395 
650.118042 123.777740 0.922579 
0.000000 0.000000 0.000000 
636.839722 123.805237 0.876240 
0.000000 0.000000 0.000000 
18
651.626404 131.126236 0.912357 
617.770020 159.042343 0.803670 
619.274841 163.478333 0.828992 
639.794312 216.328094 0.962062 
683.899780 225.223465 0.859755 
613.346008 157.514648 0.621515 
632.461975 204.594803 0.144095 
675.082886 216.409485 0.082167 
616.274231 250.144028 0.757412 
604.557007 306.077087 0.794986 
595.734802 357.546204 0.748181 
607.509033 244.336105 0.602397 
595.728333 301.672791 0.749791 
595.713257 354.574951 0.624481 
650.132263 123.768372 0.942460 
0.000000 0.000000 0.000000 
635.419983 123.814133 0.883476 
0.000000 0.000000 0.000000 
18
651.647827 131.081940 0.888184 
617.820557 159.043442 0.819217 
620.714661 164.925583 0.810054 
636.847351 217.786255 0.922920 
669.210083 232.579254 0.847224 
614.823669 157.505905 0.641055 
632.470215 181.091797 0.161507 
0.000000 0.000000 0.000000 
616.322449 248.745087 0.781406 
604.580750 306.084076 0.813533 
595.720581 357.540405 0.774220 
606.036560 244.311874 0.629493 
595.691162 301.654694 0.788997 
595.695984 353.115753 0.631320 
651.510986 123.742714 0.930412 
0.000000 0.000000 0.000000 
638.318359 123.798103 0.915480 
0.000000 0.000000 0.000000 
18
653.069580 129.623550 0.861188 
617.815491 159.029388 0.814666 
622.148804 166.359451 0.796324 
629.537903 217.863342 0.919655 
663.316833 239.928833 0.935145 
614.783813 156.081650 0.629089 
628.043518 184.127747 0.059430 
0.000000 0.000000 0.000000 
616.335571 248.744659 0.790248 
605.938232 306.063568 0.829808 
595.712585 357.543854 0.785105 
605.950928 244.309982 0.654338 
594.300720 300.228333 0.804068 
595.703735 351.660461 0.625579 
651.571777 123.698853 0.927244 
0.000000 0.000000 0.000000 
638.362610 123.803787 0.942652 
0.000000 0.000000 0.000000 
