38
1
18
476.682831 214.907654 0.781819 
456.023407 241.334763 0.817450 
453.072418 245.770706 0.905613 
453.119873 288.411041 0.892579 
482.520447 267.827362 0.793048 
461.921570 238.416031 0.718402 
472.181274 260.488434 0.331319 
486.928589 259.029663 0.486488 
466.365417 300.138794 0.635061 
517.784973 306.069611 0.793158 
535.513184 353.110443 0.804711 
476.573883 291.345245 0.563808 
514.841858 307.530273 0.572318 
501.613739 350.204926 0.767271 
475.182953 209.022263 0.765278 
0.000000 0.000000 0.000000 
463.435303 213.416336 0.773706 
0.000000 0.000000 0.000000 
18
476.703156 214.893875 0.839887 
456.040161 241.324158 0.818742 
453.069092 244.322662 0.918028 
453.115295 288.375641 0.920463 
483.930176 267.849060 0.788772 
463.312866 238.416687 0.732288 
472.218933 261.913452 0.347336 
486.945313 260.480011 0.493719 
467.787994 298.766266 0.641762 
517.796997 307.522491 0.790908 
536.875000 353.134735 0.790190 
476.604645 291.354034 0.590350 
516.333252 307.521851 0.599501 
501.654083 351.636292 0.753022 
475.201752 207.602737 0.824212 
0.000000 0.000000 0.000000 
463.415192 211.952866 0.774014 
0.000000 0.000000 0.000000 
18
476.687592 214.902466 0.869521 
456.059143 241.313919 0.828672 
453.074341 244.311905 0.919519 
453.113953 288.372131 0.919684 
482.504974 267.874512 0.781444 
463.342560 238.411377 0.756429 
473.644196 260.490295 0.388292 
486.937897 260.469635 0.514741 
466.336945 300.136200 0.653201 
517.770508 307.556213 0.789451 
536.882874 354.577545 0.738935 
476.585236 291.354187 0.614917 
517.785034 307.508820 0.640453 
503.065887 350.148163 0.684053 
475.186005 207.612305 0.839079 
0.000000 0.000000 0.000000 
463.413300 211.973938 0.780145 
0.000000 0.000000 0.000000 
18
476.677917 216.292618 0.847444 
456.046082 241.323273 0.822362 
453.069611 244.307587 0.914020 
453.085663 288.376129 0.919010 
482.476349 269.325806 0.776435 
463.323090 238.439438 0.748893 
472.214569 261.915375 0.387088 
486.906403 261.913971 0.511032 
464.872772 300.177795 0.662593 
516.337830 307.528259 0.783257 
536.874146 354.565063 0.769725 
475.129547 292.827332 0.606947 
516.328491 306.084290 0.631567 
501.654022 348.759857 0.722591 
475.177124 209.039597 0.800881 
0.000000 0.000000 0.000000 
463.416504 213.435349 0.771182 
0.000000 0.000000 0.000000 
18
476.698242 216.296265 0.835858 
456.066681 239.960281 0.822031 
453.082733 244.288040 0.912184 
453.122406 287.008453 0.909322 
482.500031 269.309204 0.786488 
463.338165 238.407700 0.747007 
473.631042 260.500549 0.411291 
486.906403 260.505707 0.515712 
463.429840 300.182098 0.659524 
514.870850 307.548645 0.811960 
536.916016 355.998871 0.408361 
475.094818 291.382782 0.602680 
517.792053 306.067902 0.656661 
535.375793 353.126282 0.515055 
475.203308 209.039124 0.798041 
0.000000 0.000000 0.000000 
464.808167 213.422806 0.781990 
0.000000 0.000000 0.000000 
18
478.057373 216.290649 0.842781 
456.041656 239.947678 0.827091 
453.078735 242.869125 0.916827 
453.160553 287.000214 0.893781 
482.496979 270.751068 0.779408 
463.308258 238.410614 0.736555 
473.649994 261.907928 0.487112 
486.940948 260.475586 0.589295 
463.392914 300.205505 0.658684 
514.854980 308.957153 0.813109 
501.591858 351.641815 0.668150 
473.643341 292.837128 0.564671 
519.215942 306.073608 0.652053 
535.438477 354.552368 0.654459 
476.558319 209.031372 0.809902 
0.000000 0.000000 0.000000 
464.807434 213.422089 0.785836 
0.000000 0.000000 0.000000 
18
478.074585 214.924606 0.852830 
456.007477 241.308701 0.814092 
453.066284 244.300446 0.905640 
453.114624 288.398743 0.887224 
481.041443 270.794830 0.794573 
461.889221 238.429153 0.715140 
470.715424 261.949371 0.375360 
486.867157 263.362152 0.477476 
464.827698 300.189423 0.669399 
517.776367 307.496002 0.793368 
535.505920 353.126282 0.801185 
472.201935 294.277557 0.533479 
513.424438 307.515503 0.581299 
501.642487 348.757996 0.775027 
476.556244 209.017914 0.823983 
0.000000 0.000000 0.000000 
463.439484 211.993011 0.787289 
0.000000 0.000000 0.000000 
18
478.089722 214.916794 0.864855 
456.031952 239.947495 0.815057 
453.065430 242.884064 0.909809 
453.105194 288.427124 0.876467 
481.028961 270.804840 0.795982 
461.923004 238.412750 0.724555 
472.177246 261.936005 0.400645 
486.893555 261.963684 0.477281 
464.838531 300.196259 0.656439 
516.338257 307.510986 0.782279 
536.877258 354.555450 0.799163 
473.670074 292.841248 0.558573 
514.859680 306.068695 0.609750 
501.637421 348.740387 0.776949 
476.574585 207.608856 0.846535 
0.000000 0.000000 0.000000 
463.442444 211.942566 0.787986 
0.000000 0.000000 0.000000 
18
478.059296 216.329849 0.825085 
454.589966 239.941162 0.825246 
453.048370 242.888153 0.910464 
453.115906 288.429352 0.876828 
481.039368 270.792664 0.803536 
460.454559 238.397812 0.699580 
469.276855 261.949432 0.383770 
486.870911 261.931580 0.471074 
463.416351 301.630829 0.645469 
517.767517 307.512573 0.787446 
536.870850 354.573181 0.793944 
470.754913 295.749939 0.520936 
514.852844 306.045105 0.608662 
501.650635 350.150665 0.761446 
476.558594 210.487411 0.778875 
0.000000 0.000000 0.000000 
464.809265 213.450790 0.770283 
0.000000 0.000000 0.000000 
18
478.078003 216.321625 0.827327 
454.593475 239.928619 0.813773 
453.064423 244.290649 0.904566 
454.550842 288.376373 0.893674 
482.520416 269.337494 0.803445 
460.442169 236.976990 0.676876 
469.247437 261.966888 0.327999 
486.885010 261.979095 0.426053 
464.808472 300.204559 0.648775 
516.338440 307.523346 0.774626 
536.874695 354.565826 0.784745 
472.186676 294.281738 0.517548 
514.872070 306.037140 0.632176 
501.661774 348.739563 0.759667 
476.569580 210.480576 0.782803 
0.000000 0.000000 0.000000 
464.828339 213.426895 0.764172 
0.000000 0.000000 0.000000 
18
478.070679 216.364273 0.844221 
454.598206 239.911209 0.816293 
453.067902 242.864670 0.906711 
454.598816 286.986603 0.878914 
483.975037 269.307159 0.793904 
460.453857 236.965881 0.677654 
469.259613 261.950165 0.341136 
486.875793 261.978668 0.461735 
464.834351 300.187225 0.656048 
516.325928 307.522949 0.776614 
536.869812 354.558258 0.787493 
472.224304 292.849792 0.533926 
514.860229 306.041168 0.637148 
503.058563 348.753540 0.749653 
476.558594 211.942902 0.778971 
0.000000 0.000000 0.000000 
463.431458 213.451019 0.757704 
0.000000 0.000000 0.000000 
18
478.062897 216.373535 0.845851 
454.589233 239.926453 0.826243 
453.058441 242.882248 0.907453 
456.065826 286.974548 0.861854 
485.383972 269.297668 0.783430 
460.441528 238.382980 0.681854 
470.725006 260.491150 0.378922 
486.883636 261.963654 0.508081 
464.870575 300.153687 0.641110 
514.867188 308.965088 0.800538 
536.916138 354.610565 0.458935 
475.088531 291.378052 0.555820 
517.778625 306.060791 0.661551 
534.001160 353.106934 0.463835 
476.554321 211.962479 0.780566 
0.000000 0.000000 0.000000 
463.435669 214.862701 0.761704 
0.000000 0.000000 0.000000 
18
478.073364 216.340714 0.910533 
454.605286 239.930893 0.830372 
453.056366 242.881699 0.908103 
456.014923 286.976563 0.867228 
483.958801 269.328094 0.781737 
461.852966 238.401047 0.697815 
470.738831 261.922852 0.434312 
486.887268 261.944794 0.553062 
464.828339 300.185333 0.641625 
517.786377 307.525146 0.805720 
535.500366 354.580780 0.737143 
473.627747 292.829681 0.538828 
516.334595 306.038788 0.649304 
501.642487 350.210815 0.689831 
475.203400 210.489929 0.834852 
0.000000 0.000000 0.000000 
463.388245 213.428040 0.764200 
0.000000 0.000000 0.000000 
18
478.091797 216.290802 0.894868 
456.012207 239.921616 0.817351 
453.070648 242.887924 0.900998 
454.560455 287.003082 0.859670 
483.937561 269.324829 0.774758 
461.876343 238.382843 0.693493 
470.729797 260.505951 0.384973 
486.887970 261.931854 0.493090 
464.826599 300.187805 0.645849 
517.794312 306.083344 0.778730 
535.489929 354.562836 0.797062 
472.220886 292.838104 0.527925 
516.286804 304.614197 0.634418 
501.646179 350.171783 0.760260 
476.554779 209.021881 0.850513 
0.000000 0.000000 0.000000 
463.390106 211.966644 0.769633 
0.000000 0.000000 0.000000 
18
478.115356 216.306885 0.909430 
454.600220 239.939102 0.798572 
453.066345 244.298828 0.898618 
454.575867 288.382813 0.863470 
483.950134 267.874878 0.787663 
460.456421 238.401505 0.672210 
467.820404 261.970581 0.304976 
486.887573 261.961365 0.426237 
464.848145 300.206848 0.634495 
516.325989 307.543304 0.800832 
501.614471 350.190887 0.562185 
473.682495 292.839630 0.527917 
519.242493 304.618683 0.656225 
534.026978 354.542236 0.527690 
476.576691 209.024582 0.866207 
0.000000 0.000000 0.000000 
463.390656 210.511719 0.774539 
0.000000 0.000000 0.000000 
18
478.109619 216.312729 0.905704 
454.598053 241.313461 0.797828 
453.049072 244.317719 0.907944 
454.574829 288.361053 0.874562 
482.495117 269.308746 0.793961 
461.862274 238.433487 0.680416 
469.278442 261.948608 0.302505 
486.914276 261.960846 0.404282 
464.887817 300.179260 0.633305 
514.838562 308.950623 0.789102 
501.621765 350.154358 0.762246 
475.167145 291.380707 0.557077 
520.672363 306.043610 0.669560 
535.446533 353.113129 0.786413 
476.583038 209.038834 0.865122 
0.000000 0.000000 0.000000 
463.439392 210.526138 0.792803 
0.000000 0.000000 0.000000 
18
478.077911 216.328644 0.950981 
456.028778 239.950775 0.806325 
453.049316 244.318192 0.912839 
456.033569 287.005035 0.877423 
483.977234 267.880066 0.798767 
461.926636 238.405991 0.700921 
472.184967 260.492767 0.333274 
486.918793 261.971069 0.409613 
464.902069 300.179169 0.629860 
513.427185 308.982635 0.784187 
501.616577 348.759949 0.779891 
476.571991 291.364197 0.575176 
520.691406 306.084412 0.687893 
535.461792 353.137054 0.830443 
475.192902 209.036179 0.885878 
481.039948 207.605698 0.205391 
463.316650 210.480637 0.772236 
0.000000 0.000000 0.000000 
18
478.076324 216.326569 0.938955 
456.005859 239.955048 0.822003 
453.047424 244.304428 0.915604 
457.510773 286.969696 0.866784 
483.990265 269.323761 0.769254 
461.885773 238.422745 0.700857 
472.204834 260.478180 0.410599 
486.907440 261.976624 0.528056 
464.910339 300.168579 0.631153 
513.414795 308.970276 0.787200 
501.598083 350.148560 0.790290 
475.177399 291.387909 0.574067 
519.276733 306.077911 0.679419 
535.472961 353.122894 0.827911 
475.197693 209.050186 0.875237 
0.000000 0.000000 0.000000 
463.338074 211.956131 0.771784 
0.000000 0.000000 0.000000 
18
476.687256 216.371567 0.885875 
454.559509 241.353470 0.838119 
453.020416 245.778412 0.907193 
460.462860 286.944672 0.879252 
485.390228 269.294556 0.779195 
458.987915 239.846649 0.686022 
473.655884 261.908203 0.506072 
486.933350 261.905853 0.614558 
466.342834 300.180267 0.624024 
517.767090 307.525879 0.802052 
535.492981 354.548065 0.800953 
475.075317 292.847565 0.536178 
514.820618 307.507324 0.607059 
501.637421 351.624146 0.775602 
475.190125 211.949066 0.813579 
0.000000 0.000000 0.000000 
463.422913 214.875870 0.779430 
0.000000 0.000000 0.000000 
18
476.697968 216.355072 0.884341 
454.559418 241.341476 0.822438 
453.037842 245.784988 0.905374 
460.458344 286.952179 0.860453 
483.986847 267.842804 0.783716 
458.977814 238.432922 0.662190 
472.170349 260.470215 0.382173 
486.870789 261.960114 0.520633 
467.806702 300.189301 0.610520 
517.770996 307.543152 0.792887 
535.503418 353.129822 0.792791 
475.113220 294.280487 0.523526 
514.851379 306.073425 0.605897 
501.668671 350.149567 0.766253 
475.184387 210.523132 0.814129 
0.000000 0.000000 0.000000 
463.401337 214.860229 0.763711 
0.000000 0.000000 0.000000 
18
476.696442 216.353638 0.883971 
454.551025 241.346573 0.822782 
453.038788 245.788818 0.902613 
460.424469 286.957489 0.849307 
483.967438 267.848938 0.787191 
458.974152 238.444046 0.658509 
472.179382 260.488129 0.357234 
486.869202 261.940338 0.482163 
466.340912 300.210907 0.621253 
517.772522 308.956696 0.808838 
536.883545 354.584503 0.701312 
475.095398 294.296753 0.533503 
516.327148 306.065704 0.623485 
530.959106 350.157379 0.173143 
475.178009 210.524857 0.808399 
0.000000 0.000000 0.000000 
463.400635 214.866928 0.755747 
0.000000 0.000000 0.000000 
18
476.685699 216.338669 0.864078 
454.540192 241.357025 0.822272 
453.045929 245.800629 0.902504 
460.418243 286.970245 0.855560 
483.967072 267.826324 0.801282 
458.949310 239.832397 0.656215 
470.738800 261.920288 0.340232 
486.880249 261.930573 0.476365 
466.329529 300.203125 0.627114 
517.775146 308.953583 0.807718 
536.883911 354.586700 0.688487 
475.085968 294.284393 0.524625 
516.337891 306.065399 0.625550 
532.424805 350.170258 0.194198 
475.171631 210.515442 0.798537 
0.000000 0.000000 0.000000 
463.416718 214.877258 0.760842 
0.000000 0.000000 0.000000 
18
476.690765 216.357635 0.884463 
454.557159 241.343292 0.822625 
453.047974 245.782120 0.903378 
460.444366 286.968109 0.868331 
483.970856 267.816986 0.793045 
460.398682 238.447754 0.663249 
472.170105 260.489319 0.350756 
486.881409 261.927612 0.485062 
466.308868 300.193237 0.625975 
514.826538 308.996338 0.794134 
501.606720 350.205261 0.777551 
475.137665 292.826660 0.541107 
519.244873 306.086975 0.660727 
535.462769 353.125610 0.815385 
475.181885 211.939621 0.809829 
0.000000 0.000000 0.000000 
463.425262 214.864395 0.768664 
0.000000 0.000000 0.000000 
18
476.698578 216.348297 0.842559 
454.564362 241.338257 0.823638 
453.052856 244.343796 0.902071 
460.438263 286.945068 0.879560 
483.987061 267.815765 0.766822 
458.984955 238.444824 0.670070 
472.186523 261.946930 0.385602 
486.939880 260.504822 0.527158 
466.338654 300.178894 0.616026 
513.409668 309.006683 0.792395 
501.621521 350.190216 0.783360 
475.145721 292.832214 0.549366 
519.250610 307.514709 0.679858 
535.471680 353.123718 0.830551 
475.205261 210.520798 0.791250 
0.000000 0.000000 0.000000 
464.834167 214.864410 0.781743 
0.000000 0.000000 0.000000 
18
476.686493 216.371994 0.805110 
454.551727 241.325012 0.821847 
453.037079 244.323486 0.902337 
460.407745 286.945190 0.867300 
483.975220 267.821686 0.781379 
458.979065 238.426865 0.661719 
472.216095 261.941132 0.427440 
488.340240 259.031555 0.565253 
464.903107 300.170685 0.620133 
514.818420 308.997528 0.801254 
500.222107 348.761566 0.797079 
475.125244 292.817139 0.549480 
519.240479 307.512115 0.665574 
535.489990 354.551483 0.807365 
475.202972 211.970459 0.758881 
0.000000 0.000000 0.000000 
464.827942 214.896103 0.768937 
0.000000 0.000000 0.000000 
18
476.699890 216.371857 0.799399 
454.560211 241.338638 0.811386 
453.048309 245.765854 0.897266 
458.994110 286.972809 0.876309 
485.392487 266.365570 0.793373 
460.412537 238.420624 0.658540 
472.188293 261.928558 0.343259 
486.939758 260.487671 0.500048 
467.779694 300.165131 0.608496 
513.395203 309.031769 0.776578 
501.588440 348.750153 0.795213 
476.610352 291.349731 0.549244 
520.671692 308.969116 0.688746 
535.506042 354.546234 0.825329 
476.555145 211.973251 0.756774 
0.000000 0.000000 0.000000 
464.823120 214.893112 0.748979 
0.000000 0.000000 0.000000 
18
476.700958 216.373093 0.821488 
454.540894 241.315369 0.808237 
453.043213 244.332535 0.905019 
458.953888 286.967499 0.872872 
483.975067 266.390411 0.803466 
458.981171 238.391327 0.646459 
470.710480 261.943787 0.307277 
486.942261 260.501404 0.467360 
466.359009 300.148010 0.619261 
513.397705 309.008209 0.776102 
501.609009 350.164307 0.785797 
476.595917 289.931000 0.547308 
519.273804 307.543823 0.677578 
535.487793 353.123230 0.824339 
476.552521 211.967468 0.770783 
0.000000 0.000000 0.000000 
464.798889 214.865845 0.746388 
0.000000 0.000000 0.000000 
18
478.075073 216.382599 0.868769 
454.544281 239.947495 0.802496 
453.050262 244.325760 0.901145 
457.513885 286.984497 0.870351 
483.985321 266.384216 0.807828 
458.972382 236.976410 0.638385 
469.257080 261.955139 0.295512 
486.953796 261.909119 0.450970 
466.337036 300.144287 0.613283 
513.374207 309.006287 0.773731 
501.611084 350.162079 0.781995 
476.588196 289.918213 0.543866 
519.250732 307.544800 0.678156 
535.486450 353.128418 0.825982 
476.565582 211.968933 0.805696 
0.000000 0.000000 0.000000 
463.424713 213.460968 0.753746 
0.000000 0.000000 0.000000 
18
478.094879 216.369766 0.896772 
454.549164 241.320816 0.788449 
453.049713 244.338516 0.902116 
457.492249 286.970093 0.880620 
483.960205 266.399628 0.809141 
458.972046 238.410950 0.637056 
469.239349 261.959290 0.280474 
486.946045 261.928558 0.437419 
466.354706 300.146088 0.616000 
513.399048 308.991974 0.776389 
501.605011 350.173615 0.785078 
476.578094 291.346863 0.543934 
519.276306 307.521881 0.679177 
535.486572 353.130463 0.830372 
476.576538 210.527054 0.834096 
0.000000 0.000000 0.000000 
463.427643 213.415054 0.759747 
0.000000 0.000000 0.000000 
18
478.111908 216.363098 0.889458 
454.579132 241.325684 0.792884 
453.062469 244.341888 0.906012 
456.055847 286.994446 0.876670 
482.519684 267.827484 0.798822 
460.432312 238.427124 0.654437 
469.281860 261.964966 0.294808 
486.927612 261.937592 0.422498 
464.911682 300.181854 0.620663 
513.401550 308.992157 0.781178 
501.604431 350.173218 0.781133 
475.164490 292.815948 0.539806 
519.268311 307.514740 0.668477 
535.488281 353.126312 0.823036 
476.585419 210.517029 0.831307 
0.000000 0.000000 0.000000 
463.421021 213.427002 0.774223 
0.000000 0.000000 0.000000 
18
478.083344 216.371414 0.863589 
454.561890 241.315170 0.807260 
453.040192 245.760895 0.907054 
456.066895 287.008728 0.870421 
482.508545 267.861115 0.792504 
460.418976 238.411621 0.657031 
470.732086 261.921387 0.334812 
486.921509 261.918091 0.466221 
464.898773 300.197815 0.627487 
517.765991 307.532043 0.796578 
535.500061 354.551392 0.784101 
475.082733 292.837677 0.533477 
516.307068 306.061646 0.625908 
501.628052 348.730927 0.775404 
476.566772 211.954865 0.803617 
0.000000 0.000000 0.000000 
463.420929 214.863586 0.767845 
0.000000 0.000000 0.000000 
18
478.089691 216.365479 0.869709 
454.573029 241.329544 0.806256 
453.061707 245.785675 0.903394 
456.021576 288.386230 0.872496 
482.498138 267.876068 0.794975 
460.426666 238.421402 0.661495 
470.724823 261.919342 0.310636 
486.927521 260.504028 0.433857 
464.882385 300.199951 0.619714 
516.335999 307.548920 0.790810 
536.866272 354.583832 0.772952 
475.082764 292.829437 0.521230 
516.340149 306.057007 0.632252 
501.633453 348.713562 0.759642 
476.573547 211.942490 0.813669 
0.000000 0.000000 0.000000 
463.432220 214.865891 0.778964 
0.000000 0.000000 0.000000 
18
478.102692 216.382782 0.892932 
454.592072 241.327271 0.789311 
453.082825 245.768692 0.901779 
456.054108 288.366974 0.873930 
483.932739 267.837433 0.804310 
460.436554 238.431534 0.649953 
470.715637 261.976074 0.287539 
486.916016 261.958679 0.402654 
464.885925 300.201904 0.618529 
516.304626 307.556915 0.811791 
536.895142 356.006134 0.605208 
475.091980 292.836334 0.523487 
517.790588 306.061707 0.641515 
533.921692 351.640198 0.302646 
476.576019 211.960281 0.834272 
0.000000 0.000000 0.000000 
463.434143 214.864944 0.795032 
0.000000 0.000000 0.000000 
18
478.106689 216.389664 0.890618 
456.010529 241.327011 0.786640 
453.081665 244.344162 0.907123 
456.019653 288.362823 0.888303 
483.926910 267.830200 0.798484 
461.888947 238.440384 0.674343 
470.745697 263.426025 0.294308 
486.945587 261.973511 0.393092 
464.857422 300.214508 0.619619 
513.395691 308.987061 0.788165 
501.580627 348.758606 0.791079 
475.136810 292.844757 0.549858 
519.276062 307.516144 0.681556 
535.475525 354.551422 0.839925 
476.587341 211.972397 0.833493 
0.000000 0.000000 0.000000 
464.816071 213.453720 0.793685 
0.000000 0.000000 0.000000 
18
478.129517 216.418045 0.886042 
456.018555 239.946503 0.792906 
453.067749 244.292664 0.921070 
456.040131 286.987427 0.891945 
483.931396 266.416016 0.815987 
461.902710 238.399445 0.685907 
469.289307 261.972717 0.287870 
486.919373 261.977661 0.372798 
464.909424 300.165222 0.636837 
513.371826 308.996155 0.778737 
501.583191 348.718750 0.794910 
476.564606 291.360077 0.576997 
519.258301 307.518036 0.689165 
535.474854 353.138000 0.837194 
476.624908 213.412842 0.842378 
0.000000 0.000000 0.000000 
464.864716 213.447922 0.805144 
0.000000 0.000000 0.000000 
18
478.125305 216.429016 0.884922 
456.043121 241.311691 0.803248 
453.073669 244.315674 0.914215 
456.064850 286.994049 0.891121 
483.934357 266.410522 0.827960 
463.307312 238.420700 0.711843 
472.170258 261.962494 0.298785 
486.925934 261.944122 0.376335 
464.831940 300.209778 0.642810 
513.372620 308.978516 0.782677 
501.587891 348.745056 0.786322 
475.130890 292.842499 0.575447 
519.242249 307.511444 0.686980 
535.491089 354.554474 0.842042 
476.620453 213.429825 0.843699 
0.000000 0.000000 0.000000 
464.856140 214.865631 0.821795 
0.000000 0.000000 0.000000 
18
478.142944 216.405930 0.888453 
457.495483 239.916138 0.808784 
453.104187 242.875092 0.918618 
456.066132 286.964813 0.895434 
483.939972 266.417908 0.813551 
463.341675 236.970932 0.721297 
472.206879 260.478729 0.342858 
486.911072 261.940247 0.451685 
464.871765 300.160034 0.660995 
517.767639 307.502411 0.801986 
536.878906 354.547302 0.797589 
473.689545 292.817963 0.566478 
514.828796 307.502625 0.592449 
501.633087 350.165771 0.786518 
476.637634 213.402023 0.845975 
0.000000 0.000000 0.000000 
464.878510 213.437805 0.813094 
0.000000 0.000000 0.000000 
18
479.535004 216.409897 0.884863 
457.484009 239.918747 0.807411 
453.095276 242.872406 0.918246 
457.478333 286.958801 0.904160 
483.966248 266.419067 0.812741 
463.332916 236.976456 0.716244 
472.181061 260.477570 0.350584 
486.888031 261.924774 0.459287 
464.824860 300.185516 0.663267 
517.778625 306.080627 0.804525 
535.512085 353.126801 0.798318 
473.622559 292.845734 0.540524 
513.427429 306.078949 0.592291 
501.642273 350.184235 0.778904 
476.649933 211.991852 0.840020 
0.000000 0.000000 0.000000 
464.874573 213.429825 0.805046 
0.000000 0.000000 0.000000 
