27
1
18
510.404633 159.018707 1.011361 
507.490723 192.778427 0.894054 
479.576538 192.768402 0.859862 
476.655273 231.136505 0.886277 
478.139404 264.914185 0.909038 
532.490845 192.785629 0.885152 
536.910217 231.057602 0.891192 
535.438354 264.979065 0.930288 
497.146240 261.973907 0.803484 
498.685059 308.971069 0.883498 
500.102783 350.202698 0.911924 
523.632935 261.946808 0.822872 
522.117737 309.025543 0.823501 
522.168274 354.551483 0.875946 
501.641296 154.603836 0.880209 
513.416077 154.639572 0.898152 
495.705597 156.101746 0.803518 
522.239502 157.542770 0.821772 
18
510.457275 159.043671 1.014677 
508.934448 192.804306 0.911038 
481.041260 192.813004 0.866561 
476.682281 234.021927 0.866647 
479.533234 266.366730 0.891757 
533.905884 192.806915 0.906455 
538.369690 229.694473 0.885244 
536.935303 264.962952 0.919541 
497.203094 261.973389 0.823919 
498.695709 308.995972 0.894847 
500.098572 350.175262 0.918218 
523.701721 261.947144 0.831734 
520.743164 308.998993 0.841970 
522.167664 353.126953 0.865258 
503.078491 156.031555 0.875753 
514.861206 156.044266 0.887580 
497.146912 157.492355 0.821714 
523.638062 157.546646 0.850286 
18
511.857391 159.047241 1.020413 
508.970276 192.814331 0.917680 
482.494049 192.846878 0.871213 
476.693634 235.494614 0.871454 
479.557495 266.392792 0.901016 
533.951111 192.799179 0.919598 
538.404053 231.062256 0.872586 
538.407104 266.376373 0.895625 
498.578644 263.366638 0.844444 
498.706970 310.404999 0.907274 
500.097198 350.197662 0.917311 
523.732056 261.973053 0.845492 
522.131104 309.019257 0.848904 
522.162720 354.576019 0.874597 
505.997131 156.037521 0.872025 
517.789429 156.055664 0.885577 
497.221771 157.510498 0.865347 
523.703186 157.561157 0.806835 
18
511.912872 159.050934 1.019043 
510.383820 192.800934 0.928322 
483.960388 192.810196 0.860619 
478.058685 235.476974 0.859132 
479.563019 266.374725 0.891475 
535.357544 192.830276 0.931806 
541.293152 231.132309 0.844519 
539.855530 266.414429 0.880283 
498.580780 261.961823 0.828190 
498.699036 309.011230 0.896407 
500.089691 350.180939 0.920506 
525.127563 261.953766 0.835768 
522.150513 309.011688 0.862257 
522.175903 353.130127 0.871131 
507.473755 156.037888 0.881423 
519.273987 156.054153 0.904348 
498.621796 157.520981 0.873457 
525.126526 157.561234 0.758293 
18
511.924896 159.057404 1.009437 
510.402161 191.411560 0.914836 
485.386536 192.796219 0.857827 
478.085114 235.473892 0.849077 
479.547607 264.973328 0.896665 
535.360901 192.789124 0.912409 
542.759949 231.098969 0.856170 
542.754456 266.369415 0.888147 
498.584045 261.976563 0.833562 
498.721008 309.008881 0.895018 
500.091309 350.189453 0.915458 
525.132507 261.958038 0.842168 
522.174805 310.402710 0.872612 
522.174561 354.561707 0.878449 
507.499237 156.045624 0.886840 
520.669067 156.062210 0.913236 
498.668030 157.530457 0.877454 
525.164001 157.554871 0.796914 
18
511.931732 159.063705 0.999982 
510.407867 192.786270 0.921252 
485.396088 192.816238 0.866167 
478.102966 234.037567 0.836058 
479.571564 264.935974 0.899794 
535.366577 192.809296 0.911993 
544.189148 231.117020 0.860702 
544.193604 266.341461 0.904424 
498.589417 261.934204 0.819054 
498.726837 308.966919 0.874191 
500.106903 350.192749 0.912163 
525.139526 261.930756 0.813127 
522.179016 309.007111 0.868769 
522.174500 354.552551 0.874067 
507.509094 156.056824 0.889251 
520.677185 156.068756 0.915144 
498.685059 157.545120 0.859995 
525.179260 157.564514 0.786306 
18
511.915619 159.080902 0.995241 
510.441284 192.785004 0.924158 
485.438568 192.796600 0.872789 
478.130981 232.567902 0.837658 
479.531219 264.879211 0.893912 
535.399780 192.835754 0.918896 
545.654236 231.121185 0.880327 
545.686523 264.937469 0.940198 
497.219299 260.498810 0.796148 
498.738037 308.992859 0.883220 
500.112091 350.150909 0.909437 
525.110901 260.498779 0.808384 
522.161682 308.983185 0.864529 
522.189697 354.562317 0.851625 
507.493958 156.072510 0.892517 
520.662903 156.089355 0.912371 
498.682861 157.530121 0.849829 
525.181458 157.561691 0.804254 
18
511.891113 159.062347 1.005947 
510.415985 191.401627 0.916489 
485.441772 192.787949 0.882365 
478.126740 234.032089 0.832971 
478.140228 264.952667 0.883687 
534.008484 192.790726 0.907885 
547.157654 228.187958 0.938440 
547.194824 259.011108 0.876613 
497.211273 260.508545 0.793575 
498.706696 308.959656 0.873002 
500.106018 350.161469 0.912598 
523.716003 259.036530 0.807604 
522.138733 306.084473 0.846629 
522.180359 354.570221 0.855235 
507.462921 156.048920 0.878816 
519.258484 156.075745 0.904877 
498.647278 157.515549 0.849072 
525.152954 157.564667 0.808692 
18
511.841034 159.029465 1.012349 
510.403412 191.367218 0.906107 
485.398956 191.383331 0.860437 
476.693726 234.042496 0.845361 
478.092377 264.972137 0.888731 
534.017395 192.781509 0.916569 
555.966858 225.166702 0.844607 
548.635193 251.614929 0.841310 
497.154510 261.928131 0.798726 
498.679840 308.985138 0.883067 
500.096710 348.761902 0.915058 
523.643494 260.452576 0.820644 
522.128113 307.530334 0.842897 
522.176819 354.556641 0.854554 
506.016724 154.634323 0.863998 
517.786011 156.057068 0.889290 
498.610596 157.495682 0.847421 
523.731323 157.576935 0.859439 
18
510.466675 159.016541 1.006442 
510.442810 191.333252 0.914259 
485.411804 191.389908 0.866391 
476.679901 234.014679 0.842759 
478.077087 264.943970 0.886847 
535.436829 191.322876 0.897392 
559.001953 216.309128 0.890835 
548.642395 241.421738 0.820117 
495.743195 261.931305 0.804301 
498.673828 308.974152 0.882674 
500.094757 350.149170 0.907021 
523.631592 259.041412 0.830718 
520.747742 307.508392 0.825719 
522.186829 353.131042 0.850370 
504.552307 154.618668 0.862622 
516.313721 156.043167 0.888661 
498.581360 157.485245 0.784922 
523.725525 157.579254 0.876801 
18
510.442719 159.009491 0.999578 
510.442230 189.890900 0.903076 
485.430267 191.388382 0.871536 
476.673492 232.577255 0.844174 
478.058533 264.914001 0.888206 
535.416260 186.998215 0.891473 
561.881653 206.065903 0.898518 
545.696533 231.077835 0.875750 
495.697235 260.479828 0.784285 
498.664063 308.988525 0.879380 
500.092529 350.165161 0.911127 
523.608948 257.567688 0.821378 
520.745056 307.506439 0.834715 
522.177002 353.114136 0.856778 
503.114899 154.607056 0.859363 
514.875549 154.652481 0.893332 
497.211975 157.483902 0.783625 
523.711243 157.576981 0.900560 
18
510.417297 159.009796 0.995684 
510.399872 188.466507 0.884809 
485.382782 191.390152 0.851292 
476.659546 232.548447 0.851929 
476.694000 264.922028 0.881928 
534.011414 186.947403 0.867727 
564.803528 201.690948 0.840510 
542.776062 223.716568 0.725109 
494.248657 261.901733 0.778668 
498.663666 309.018677 0.881286 
500.090363 350.168701 0.910108 
522.243591 259.008331 0.811820 
520.710388 307.524597 0.813111 
522.171143 354.558807 0.852603 
503.082306 154.596161 0.862370 
514.852234 154.647720 0.890181 
497.190979 156.120071 0.753564 
523.696838 157.574692 0.892192 
18
510.418854 159.009583 0.992818 
510.386475 189.876862 0.881352 
485.403320 191.374191 0.852165 
476.678436 232.583389 0.836975 
478.059204 264.947144 0.883720 
533.965881 186.968491 0.855160 
560.475464 200.194275 0.801916 
544.243591 217.872009 0.707606 
494.248688 260.493866 0.781594 
498.655823 309.025330 0.877198 
500.102478 350.186005 0.909735 
522.219788 259.026611 0.824938 
520.695068 308.964600 0.812434 
522.166504 356.006714 0.859202 
503.080353 154.608337 0.865889 
514.846252 154.648987 0.890607 
497.187714 157.498856 0.767339 
523.682800 157.574631 0.887131 
18
510.409790 159.015839 0.981728 
510.378082 188.432663 0.878992 
485.409607 191.370728 0.855444 
476.663513 234.036560 0.839219 
478.052002 264.975006 0.883210 
533.936157 185.482117 0.847200 
557.539551 200.229935 0.819209 
542.763672 217.920959 0.696775 
494.252563 260.484772 0.782016 
498.655884 309.028870 0.878900 
500.092896 350.173859 0.913695 
522.225830 258.994690 0.816048 
520.693542 308.987183 0.813614 
522.167297 356.012146 0.856753 
503.070404 154.627762 0.868674 
514.830750 156.038223 0.889769 
497.188873 157.513138 0.776344 
523.681702 157.575241 0.907809 
18
510.385468 159.020966 0.976603 
510.388397 188.457565 0.876642 
485.424561 191.346481 0.852323 
476.672913 234.025238 0.824931 
476.684265 264.935547 0.875952 
533.934937 186.962158 0.827615 
557.460449 201.695526 0.820006 
541.320251 217.826279 0.667461 
492.799042 260.497345 0.777612 
498.643219 309.017365 0.872184 
500.097473 350.164520 0.911547 
522.197815 259.034576 0.818820 
520.675903 307.557251 0.804314 
522.165955 354.600983 0.853517 
501.654938 154.636978 0.878726 
513.411865 154.650406 0.895871 
497.180298 157.525101 0.715901 
523.664307 157.548813 0.897327 
18
510.366425 159.023239 0.970721 
510.404572 188.466553 0.888035 
485.442932 191.359879 0.862856 
476.659149 233.993805 0.841789 
476.648041 264.962860 0.901154 
533.965881 186.973969 0.847185 
557.446960 203.129532 0.801067 
544.271423 217.805374 0.616199 
492.795624 260.507935 0.781643 
498.639343 310.399719 0.887230 
500.092529 350.179321 0.904884 
522.197388 259.040894 0.829266 
520.662170 308.953369 0.797683 
522.168091 355.998169 0.856909 
501.627289 154.651581 0.887224 
513.379578 154.644592 0.906963 
497.172668 157.554108 0.675924 
523.646790 157.536102 0.894363 
18
510.346741 159.021698 0.963167 
510.417786 188.439865 0.887924 
485.464111 191.334015 0.859122 
476.666107 232.562653 0.845731 
476.653625 264.944550 0.892231 
533.983215 186.953110 0.845802 
555.991150 204.567505 0.759731 
544.259399 217.884293 0.522774 
492.777954 260.494904 0.777844 
498.620636 309.029022 0.877878 
500.096283 350.175568 0.902434 
522.181030 259.006592 0.820948 
519.264771 307.532928 0.787656 
522.164673 354.594513 0.847848 
501.615936 156.036224 0.894829 
513.354248 154.644196 0.911415 
497.184509 157.573120 0.591932 
523.642273 157.535217 0.898368 
18
510.364380 159.043686 0.967434 
510.430786 189.876633 0.886735 
486.839142 191.332306 0.860115 
476.650848 231.128021 0.858627 
476.628052 264.928314 0.896687 
533.983521 188.421570 0.834874 
555.955444 204.585846 0.760207 
542.780945 217.819687 0.544097 
491.322052 261.922546 0.787787 
498.616241 310.430023 0.889493 
500.091034 350.209747 0.900669 
522.152161 260.498596 0.823641 
519.242981 309.012421 0.804726 
522.165588 354.597595 0.858948 
501.625519 156.062500 0.900718 
513.378174 156.040268 0.907613 
497.188263 157.585815 0.598498 
523.658386 157.534195 0.881193 
18
510.377472 159.048172 0.969409 
510.465820 188.426147 0.891911 
486.865967 189.892624 0.858250 
476.639557 229.595367 0.898040 
476.572296 263.440491 0.887104 
535.382996 186.955200 0.851618 
556.011108 204.598190 0.786561 
544.195374 217.829300 0.517523 
491.292603 260.491577 0.795955 
498.597321 310.403290 0.886696 
500.087799 350.211517 0.894570 
522.161499 260.485199 0.829544 
517.811279 308.956360 0.789175 
522.151184 354.606171 0.856000 
501.638489 156.079666 0.898864 
513.391113 156.044556 0.907883 
497.200714 157.621872 0.604903 
523.669312 157.539841 0.880470 
18
510.400909 159.061676 0.967104 
510.482697 188.433533 0.893883 
486.884338 189.910446 0.865351 
476.646210 229.593506 0.902996 
476.565948 263.433777 0.896302 
535.399841 186.957458 0.847777 
556.020752 204.628387 0.814319 
542.780762 217.834381 0.565673 
491.291901 260.502655 0.797556 
498.589752 310.391754 0.877961 
500.092926 350.193268 0.895642 
522.153931 260.494507 0.825052 
519.224670 308.957153 0.794544 
522.147583 354.572021 0.848971 
501.653900 156.111938 0.897002 
513.402832 156.051010 0.901622 
497.222473 158.993759 0.654662 
523.682922 157.527847 0.886252 
18
510.382996 159.078995 0.959385 
510.488983 188.444824 0.901714 
486.876984 189.931900 0.869634 
476.653290 229.574219 0.911238 
476.575500 263.417511 0.898847 
535.425537 185.538589 0.845634 
557.419495 204.621689 0.840458 
542.751404 219.295578 0.614518 
491.298004 260.509308 0.800718 
498.601898 310.411407 0.895023 
500.096802 350.200928 0.898297 
522.153259 260.500214 0.820445 
517.767517 309.000061 0.799321 
522.156250 356.016846 0.861910 
501.630127 157.479782 0.910530 
513.375305 156.059921 0.910567 
497.212067 159.006912 0.638455 
523.666443 157.513657 0.876508 
18
510.363953 159.095764 0.952677 
510.472961 188.427567 0.901757 
486.871094 189.927170 0.868898 
476.668945 229.579376 0.899845 
476.580658 263.413361 0.889012 
535.398804 185.507385 0.858490 
557.469299 204.601212 0.848593 
542.762085 219.337585 0.601934 
491.301697 260.482635 0.797184 
498.591858 309.025879 0.883924 
500.099823 350.187622 0.896370 
522.155090 260.458923 0.816432 
517.776001 308.951416 0.792598 
522.152832 354.592072 0.854875 
501.607269 157.504608 0.926160 
513.340942 156.084335 0.928809 
497.195648 159.019257 0.674711 
523.617554 157.519592 0.899173 
18
508.980560 159.108978 0.944171 
510.423126 186.974304 0.896858 
486.846863 189.929092 0.855323 
476.682678 229.604996 0.894957 
476.573456 263.403931 0.878764 
533.969788 184.064438 0.871782 
557.482239 203.148361 0.849971 
544.244629 216.430176 0.620774 
491.301056 260.479828 0.791178 
498.598297 309.019623 0.881454 
500.110291 350.156738 0.901264 
522.148010 259.023315 0.816634 
517.792603 308.950073 0.788671 
522.150818 354.589478 0.850128 
500.214111 157.515686 0.940582 
511.953003 156.091904 0.945578 
497.146729 159.028641 0.695501 
522.240540 157.524750 0.913650 
18
507.501648 159.092239 0.921097 
510.396393 186.954315 0.898606 
485.453217 189.936996 0.853416 
476.661621 229.595963 0.908218 
476.563812 263.402130 0.886999 
533.929932 184.025284 0.870922 
557.523499 200.206558 0.841606 
542.763672 217.813736 0.629132 
491.295319 260.475128 0.789528 
498.597656 309.023224 0.884212 
500.106995 350.172150 0.902564 
522.144104 259.002991 0.814184 
517.795349 307.560120 0.792328 
522.155029 354.602325 0.856532 
500.155243 157.501434 0.960394 
511.877686 156.075623 0.959423 
495.733582 159.006714 0.599932 
522.189880 157.517731 0.922029 
18
504.554047 159.092896 0.912254 
510.414246 185.501434 0.908598 
486.833252 189.883316 0.845857 
476.622559 229.649307 0.898058 
476.547943 263.478333 0.888603 
533.980530 182.628723 0.897202 
560.448364 198.736053 0.815796 
545.738037 216.338074 0.644294 
489.868378 260.497772 0.795820 
498.580292 310.413635 0.870148 
500.100586 351.636932 0.901771 
522.126648 260.456909 0.813757 
517.809814 308.997681 0.788394 
522.158081 356.035156 0.869296 
500.088654 157.483566 0.974580 
510.474670 156.077515 0.978762 
494.265961 157.608658 0.327792 
522.178040 157.504135 0.896968 
18
503.117615 159.119217 0.908833 
510.430115 185.514130 0.909931 
486.849243 189.879150 0.853389 
476.618042 229.657486 0.892656 
475.180145 263.451233 0.887508 
533.997803 184.004501 0.896024 
561.891479 200.187378 0.812018 
545.775269 216.417038 0.680264 
489.850250 260.500702 0.803711 
497.224945 310.408936 0.876004 
500.106903 351.638062 0.903643 
522.104675 260.478729 0.814517 
517.775574 308.998199 0.790582 
522.167908 356.005493 0.866017 
498.731232 157.509949 0.982839 
510.452209 156.098999 0.981656 
494.232300 157.616547 0.305121 
522.162292 157.504105 0.891900 
18
504.527435 160.485580 0.906680 
510.457886 185.535309 0.910467 
486.854095 189.902863 0.858466 
476.602539 229.684143 0.896103 
475.139343 263.486847 0.893184 
535.403931 184.011826 0.895746 
560.441345 204.571396 0.858225 
545.720276 217.834579 0.748263 
489.845184 260.505310 0.810008 
498.587738 310.414551 0.878392 
500.101135 351.622375 0.900015 
522.112610 260.479065 0.813502 
517.779541 308.999969 0.789212 
522.164551 354.600159 0.858465 
498.730347 157.539841 0.987336 
510.456238 156.119156 0.989424 
494.245026 157.641281 0.297024 
522.169983 157.506134 0.902682 
18
504.539734 160.485306 0.909116 
510.467346 186.949753 0.907935 
486.864655 189.902985 0.862815 
476.607117 229.667557 0.907064 
475.121307 263.485107 0.909040 
535.404663 184.013138 0.897410 
560.403992 204.678146 0.899615 
542.789795 220.779709 0.716389 
489.825562 260.491852 0.814980 
498.581665 310.398315 0.888565 
500.099426 350.207031 0.897878 
520.733032 260.476318 0.806692 
516.325989 309.003540 0.799295 
522.164429 354.587097 0.861798 
500.074554 157.538940 0.992211 
510.462036 156.123444 0.992066 
494.272461 157.636078 0.286735 
522.174744 157.511337 0.908599 
