20
1
18
522.175232 157.538589 0.994805 
516.322571 186.980392 0.845274 
491.324097 189.892853 0.813324 
488.324982 229.624847 0.918124 
488.450104 261.906921 0.881641 
542.754700 185.521011 0.829894 
547.186279 226.680191 0.931216 
547.162476 257.523010 0.894427 
504.565674 254.599655 0.790694 
501.645233 300.154999 0.903651 
500.087128 342.815948 0.902831 
533.897217 254.591751 0.804147 
523.687195 300.245422 0.888930 
522.129639 344.281738 0.885485 
514.834167 150.190735 0.864208 
525.146545 150.232376 0.900338 
507.476318 153.166489 0.817895 
533.925476 156.041290 0.598141 
18
522.173706 157.534714 0.986915 
516.329285 186.999283 0.844026 
491.325287 189.899124 0.817457 
486.969482 229.636932 0.910956 
488.416412 261.936066 0.912891 
542.753418 185.533997 0.825742 
547.161682 226.666611 0.930354 
547.176941 257.529846 0.899046 
503.062103 254.624100 0.792890 
501.623352 300.239746 0.900350 
500.103546 342.845856 0.910132 
532.470276 254.616653 0.790949 
523.670349 301.644043 0.891338 
522.132263 344.244720 0.890606 
514.828369 148.808762 0.861863 
525.148926 150.223969 0.898485 
507.489075 153.177628 0.831160 
533.932800 156.043488 0.669068 
18
522.163757 157.521439 0.977368 
516.314209 186.965149 0.847382 
491.305359 188.449173 0.821364 
486.935211 229.611572 0.916739 
488.384552 261.904236 0.916306 
542.742310 185.506729 0.824487 
547.144958 226.640610 0.922182 
547.136536 256.099091 0.899837 
501.630768 254.631134 0.798379 
501.613739 300.236298 0.907797 
500.093750 344.242737 0.913892 
531.033752 254.618912 0.768767 
523.659851 300.256012 0.891602 
522.132874 344.243011 0.882116 
514.832336 148.789581 0.867956 
525.139099 150.218491 0.901046 
508.900238 153.135483 0.835455 
533.916016 156.040009 0.705055 
18
522.158447 157.507950 0.973289 
516.317749 186.963989 0.846061 
491.310913 188.447769 0.825013 
486.895660 229.597595 0.902997 
486.947571 260.457947 0.877005 
542.747620 185.494385 0.829392 
547.152832 226.623627 0.916948 
545.747742 254.659546 0.903792 
500.209137 254.586014 0.820240 
501.591278 300.202850 0.927204 
500.090729 342.837738 0.907020 
529.564941 254.591385 0.766861 
523.642456 300.234192 0.893182 
522.122253 344.243103 0.879924 
514.823303 148.771408 0.877942 
525.137695 150.195694 0.909545 
507.509186 151.707626 0.827825 
533.913391 154.632004 0.703562 
18
522.142761 157.504654 0.966135 
516.332642 185.523468 0.847948 
491.308655 186.987595 0.824272 
486.873291 228.195786 0.903691 
486.895447 260.453522 0.850986 
542.787231 185.479553 0.834101 
547.143860 226.663757 0.924049 
545.711121 257.542358 0.895139 
500.162598 254.595596 0.840084 
500.219696 300.239868 0.930105 
500.100403 344.241241 0.916010 
529.542908 254.622421 0.768977 
523.624451 301.684784 0.882418 
522.124451 344.280731 0.890509 
513.417297 148.764679 0.887703 
525.122803 148.802170 0.914387 
507.499908 151.694092 0.817839 
533.908813 154.604401 0.723886 
18
522.131287 157.507736 0.962962 
516.326416 185.516815 0.848499 
491.311707 186.966858 0.827986 
486.856750 228.192078 0.900188 
486.866180 259.001373 0.831003 
542.762085 185.488190 0.828993 
545.772522 226.696365 0.926773 
545.691223 257.545380 0.892942 
500.122772 253.178131 0.859087 
500.208984 300.183044 0.943554 
500.099243 342.828430 0.912081 
528.081360 253.200760 0.783558 
523.605469 301.624023 0.889247 
522.126221 344.264404 0.881115 
513.401001 148.760452 0.895070 
525.118042 148.798080 0.916426 
507.491852 151.680771 0.814556 
533.915344 154.591904 0.759722 
18
522.118713 157.506287 0.955829 
514.870911 185.520340 0.853702 
489.878357 186.975342 0.835535 
486.852844 229.575073 0.881845 
486.841034 260.462280 0.830479 
541.314453 185.490387 0.821389 
545.760010 228.061523 0.933493 
545.670532 257.556519 0.875806 
500.101044 253.181793 0.857277 
500.198578 300.151367 0.938392 
500.092926 342.801147 0.915431 
528.067444 253.191452 0.784886 
522.231323 300.190643 0.898990 
522.133728 344.261810 0.875622 
513.380371 148.743912 0.905265 
525.118591 148.791519 0.915961 
507.467468 150.257019 0.806277 
533.921204 154.595367 0.759849 
18
522.107910 156.127106 0.940867 
514.832642 185.538559 0.851481 
489.862946 187.000717 0.838515 
486.848938 229.588318 0.883722 
486.837494 260.444427 0.830987 
539.853149 185.511887 0.811640 
545.742676 228.092850 0.937248 
545.643982 259.012207 0.877082 
500.092987 254.591080 0.850447 
500.175781 300.190247 0.947765 
500.082336 342.790833 0.914514 
526.630798 254.609879 0.786710 
522.226196 300.229858 0.903677 
522.129456 344.306976 0.886782 
513.381714 147.358551 0.914140 
525.117432 148.771393 0.923829 
507.453735 150.219803 0.809031 
533.901306 154.617294 0.731015 
18
520.704041 156.053833 0.905614 
514.825623 185.498108 0.862080 
489.863892 186.975037 0.845094 
486.843628 228.200760 0.901783 
488.338684 256.098785 0.864870 
539.838135 185.480865 0.815939 
545.767883 228.070465 0.922412 
542.782898 259.004059 0.849886 
500.125854 254.604294 0.828533 
500.186829 300.197937 0.922411 
500.081085 342.790741 0.901542 
528.074036 254.619873 0.782923 
522.208801 301.642212 0.867569 
522.131592 344.299255 0.878316 
511.970367 147.310730 0.953136 
523.719421 147.350586 0.952996 
504.559937 150.255783 0.803676 
532.502441 153.177063 0.701622 
18
519.228699 154.653427 0.873816 
513.420166 184.069077 0.882271 
489.841583 184.083466 0.868669 
485.381561 226.642029 0.851681 
491.301422 251.590286 0.826944 
539.831543 184.081451 0.825001 
547.204590 226.642456 0.912517 
536.870911 253.096786 0.863775 
498.728577 253.130554 0.848650 
500.188538 298.758606 0.930754 
500.067963 342.795441 0.903080 
525.191284 253.175278 0.822718 
522.183167 298.760529 0.883206 
522.123291 344.237762 0.861686 
511.916718 147.302795 0.970809 
523.646729 147.334122 0.966721 
504.523102 150.206512 0.820038 
532.455566 151.700119 0.754672 
18
517.770386 154.627411 0.869612 
513.355286 182.632675 0.930784 
488.399292 184.006821 0.916228 
476.620636 217.871918 0.848051 
491.333038 234.016876 0.765046 
538.380798 184.007370 0.859169 
548.630188 219.292404 0.939195 
535.386292 238.403656 0.869257 
498.700897 253.115326 0.855918 
500.157410 298.725464 0.938808 
498.741333 342.800323 0.912433 
525.176331 253.162048 0.814698 
522.149963 298.752197 0.892732 
522.126587 342.830475 0.862206 
511.881531 147.284897 0.987166 
523.598694 147.317917 0.972492 
503.074219 148.807251 0.843550 
530.988647 151.681351 0.721398 
18
516.329956 154.613480 0.863408 
513.356384 182.626724 0.929786 
488.393677 182.601654 0.918091 
475.165039 217.902985 0.882247 
498.710297 220.819153 0.833607 
538.350708 184.040405 0.850352 
548.707153 220.815796 0.878463 
525.173401 219.340836 0.844829 
498.640076 251.679108 0.858727 
500.151428 298.715363 0.944547 
500.071289 341.372986 0.906548 
523.746277 253.092590 0.853614 
522.151001 298.751068 0.909779 
522.126160 342.840424 0.859124 
511.857147 147.265961 0.988227 
522.254028 147.308945 0.964276 
501.652344 148.780319 0.838345 
529.557495 151.681854 0.697518 
18
516.316406 154.646484 0.869283 
511.988129 182.571686 0.960972 
488.396423 182.506638 0.933993 
475.181152 217.885284 0.880550 
500.204895 210.520554 0.761817 
536.913452 184.048569 0.855558 
547.262024 223.747116 0.894541 
523.685120 209.006989 0.849456 
498.612762 251.615921 0.850856 
500.127197 298.687897 0.944837 
498.732544 342.818970 0.913325 
523.750244 251.670502 0.841406 
522.148804 298.716522 0.896973 
522.118713 344.259827 0.857053 
511.850861 147.277161 0.998392 
522.251404 147.332352 0.957022 
501.633240 148.761536 0.837562 
529.550293 151.702133 0.656338 
18
516.292786 156.055130 0.878302 
511.972076 182.615433 0.961804 
488.419739 182.547882 0.932910 
476.556610 217.818497 0.888054 
500.192413 206.055725 0.877280 
535.500061 184.091507 0.853554 
547.130249 222.266602 0.913668 
523.640442 204.672348 0.803827 
498.639679 251.606949 0.841001 
500.131714 298.692474 0.947222 
498.724243 342.812225 0.910972 
523.739502 251.673645 0.845340 
522.160950 298.699005 0.898739 
522.106445 344.250519 0.867023 
511.832031 147.302063 0.988792 
522.229797 147.361786 0.953626 
501.594543 150.200180 0.840351 
528.099976 154.598328 0.601855 
18
514.878357 156.076462 0.890516 
511.955994 182.594818 0.968813 
488.381805 182.553940 0.958377 
476.665070 217.854523 0.876670 
500.130493 203.173615 0.887604 
535.502563 184.055878 0.874701 
545.722900 222.260132 0.917466 
523.640625 203.133804 0.781733 
498.617615 251.629501 0.830734 
500.115906 298.696259 0.953159 
498.732727 342.801422 0.906802 
523.718445 251.691895 0.840498 
522.127258 298.720276 0.885149 
522.113586 344.245453 0.858396 
510.487976 147.327774 0.980810 
522.209717 147.367905 0.950982 
501.586945 150.227509 0.838336 
528.065735 153.162552 0.599236 
18
514.830017 156.118439 0.913964 
511.976349 182.615845 0.951549 
488.391205 182.563171 0.962407 
478.096832 217.895905 0.866206 
500.177826 201.656021 0.850871 
536.869385 184.091736 0.867297 
545.673828 223.710083 0.909967 
522.223389 197.282425 0.740947 
498.635803 251.602615 0.822255 
500.121277 298.691620 0.949364 
500.067291 342.817169 0.906409 
523.716492 251.677383 0.831988 
522.138062 298.711487 0.886111 
522.117554 344.244507 0.855986 
510.455658 147.366547 0.957311 
522.171204 148.738388 0.934722 
501.586731 151.677994 0.822455 
528.063965 153.167374 0.674913 
18
513.423401 157.493973 0.932402 
511.963318 182.624008 0.957198 
488.381989 182.567078 0.964708 
478.131470 217.884659 0.856692 
500.196014 201.665115 0.839777 
535.502991 185.481064 0.869697 
545.662292 223.695145 0.899049 
522.176636 197.282242 0.719661 
498.615479 251.601532 0.820294 
500.110992 298.697479 0.948676 
500.067566 342.807526 0.904315 
523.715942 251.682922 0.831862 
522.110901 298.720184 0.869084 
522.120117 342.843933 0.848023 
510.427917 148.745895 0.941595 
522.146912 148.760880 0.925784 
500.215179 151.709442 0.806648 
526.633850 153.169617 0.660583 
18
513.417297 157.508499 0.938233 
511.961182 182.617020 0.958373 
488.391266 182.559814 0.965805 
478.082672 217.863434 0.873399 
501.592621 201.665878 0.833543 
535.495239 184.087646 0.877761 
545.701416 222.247253 0.912723 
522.224121 198.710052 0.725660 
498.605133 251.614777 0.829942 
500.113953 298.700928 0.948934 
498.736053 342.806549 0.903994 
523.697998 251.692612 0.839306 
522.115967 298.734680 0.874868 
522.112427 344.244354 0.855057 
510.423645 148.766556 0.927530 
522.136230 148.779617 0.914253 
500.216370 153.145645 0.809746 
526.636597 153.177521 0.691180 
18
513.406250 157.516983 0.944157 
511.952698 182.605728 0.964382 
488.361115 182.536072 0.974590 
476.676086 216.415771 0.876512 
500.202698 201.683456 0.828634 
535.506287 184.091660 0.874363 
545.783325 220.784286 0.916105 
522.204956 197.278854 0.711111 
498.601624 251.642197 0.843405 
500.098206 298.717773 0.953724 
498.726166 342.784882 0.912363 
523.708679 251.721069 0.834056 
522.115479 298.735596 0.875938 
520.750549 344.231689 0.847047 
510.420654 148.776443 0.923491 
522.121155 148.793915 0.899483 
500.213745 153.134735 0.818930 
526.607605 153.166809 0.713235 
18
513.391113 157.510010 0.943576 
511.960449 182.580154 0.967855 
488.373596 182.505493 0.964017 
476.576691 216.300110 0.861468 
500.112488 203.095505 0.838458 
535.509216 184.060852 0.875624 
547.169556 219.335968 0.929743 
522.217346 198.726868 0.731896 
497.226990 251.616226 0.835082 
500.080322 298.718719 0.942837 
498.725372 341.377350 0.898193 
523.685852 251.704544 0.840634 
522.128052 298.724731 0.881201 
520.747070 344.235046 0.851725 
510.417328 148.771149 0.921252 
522.109985 148.795853 0.893671 
500.220856 153.135284 0.796903 
526.596619 154.586029 0.725732 
