42
1
18
470.737854 188.438126 0.846310 
464.887451 210.476089 0.886828 
442.797394 214.907928 0.870436 
431.065643 248.708130 0.874810 
460.455139 253.091583 0.889906 
488.343903 206.145325 0.947078 
498.645142 238.454880 0.927099 
486.859009 253.085449 0.920199 
454.563385 266.343750 0.837115 
463.435791 301.671631 0.921720 
453.035217 347.252014 0.925739 
485.452728 264.842621 0.835863 
510.419281 297.206696 0.935532 
504.528870 335.549744 0.850571 
464.869751 182.626709 0.960799 
475.087067 182.585983 0.954367 
457.476959 184.087280 0.853283 
476.641846 182.638153 0.488051 
18
470.753082 188.441315 0.846826 
464.890961 210.483749 0.887809 
442.797119 214.917389 0.869536 
432.516510 248.722580 0.872966 
461.892731 253.083038 0.902744 
488.345337 206.140244 0.952851 
498.647064 238.425385 0.926634 
486.832764 251.710342 0.912246 
454.537048 266.359009 0.844250 
463.432709 301.664185 0.930283 
453.063202 347.232971 0.926681 
485.413452 264.860870 0.833611 
510.422943 297.211792 0.949252 
504.523285 335.549042 0.858808 
464.878967 182.626175 0.958950 
475.094940 182.588211 0.956171 
456.069031 184.080719 0.860501 
476.643188 182.641541 0.458074 
18
470.716736 188.442383 0.845508 
464.888184 210.484985 0.888171 
442.788940 214.914078 0.868405 
432.496399 250.133499 0.872111 
461.915955 251.695847 0.898545 
488.350098 206.142029 0.948193 
498.649933 238.424789 0.922782 
486.833374 251.662033 0.914364 
453.144440 266.346375 0.854305 
463.443390 301.632172 0.937842 
453.042114 347.221649 0.934632 
485.394012 264.872437 0.828498 
510.422546 297.206451 0.941532 
503.073914 335.516174 0.874898 
464.857361 182.629913 0.960628 
475.079010 182.586411 0.952533 
456.067261 184.097824 0.852855 
476.652222 182.647934 0.525866 
18
470.704681 188.440018 0.843753 
464.887360 210.480682 0.890397 
442.788269 214.918198 0.870914 
432.486084 250.144516 0.877319 
461.929871 251.707077 0.893252 
488.345917 206.130539 0.951891 
498.647827 238.409286 0.927599 
485.457092 251.631073 0.890937 
453.157318 266.345520 0.846869 
463.443970 301.635498 0.941321 
453.056946 347.218292 0.930236 
485.404419 264.865692 0.826777 
510.411987 297.202698 0.941585 
503.087463 335.528320 0.866554 
464.853394 182.627014 0.962860 
475.074738 182.586090 0.949595 
456.070190 184.085953 0.854747 
476.656128 182.643417 0.544502 
18
470.718842 188.442032 0.843224 
464.884796 210.477966 0.891291 
442.791870 214.915359 0.871699 
432.487885 250.140656 0.877958 
461.895599 251.709885 0.891362 
488.339355 206.133453 0.954109 
498.639801 238.402237 0.923193 
485.448944 251.639755 0.910617 
453.165863 266.361877 0.844619 
463.441833 301.677277 0.934328 
453.070038 347.220001 0.931697 
485.395233 264.869629 0.828355 
510.427063 297.207245 0.949737 
503.087372 335.522369 0.873723 
464.861847 182.627014 0.960431 
475.082245 182.588608 0.950154 
456.071747 184.079391 0.856925 
476.658508 182.641373 0.523544 
18
470.713074 188.466034 0.844132 
464.895020 209.070038 0.889807 
442.799316 214.912842 0.870817 
432.484253 250.140854 0.884427 
461.913940 251.691437 0.910253 
488.355988 206.128082 0.948836 
498.655121 238.396759 0.924596 
486.843353 251.621323 0.912248 
454.538605 266.364471 0.837127 
463.431122 301.670837 0.934235 
453.066711 347.242126 0.922471 
485.427521 264.867249 0.836784 
510.428680 297.220947 0.946417 
503.083221 335.528900 0.867771 
464.860382 182.635834 0.957000 
475.084869 182.604782 0.944115 
456.066101 184.071396 0.863558 
476.663849 184.005417 0.533377 
18
470.714630 189.882813 0.844987 
464.897736 209.062988 0.892312 
442.806091 214.896713 0.865584 
432.545776 250.173386 0.880496 
461.909454 251.618927 0.901027 
488.355774 206.127670 0.944717 
498.665863 238.402451 0.932949 
486.839111 250.211258 0.905191 
453.164063 264.964325 0.854015 
463.441956 301.651001 0.932575 
453.055939 347.233185 0.928129 
485.413940 264.847870 0.839521 
510.440063 297.183472 0.938691 
504.530579 335.536224 0.864220 
464.861176 182.638916 0.954528 
475.087677 182.615967 0.938840 
456.069611 184.055634 0.865908 
476.663269 184.017365 0.517864 
18
470.703339 189.935211 0.853921 
464.886871 209.045624 0.902991 
442.786804 214.893768 0.864822 
431.062042 251.575684 0.909892 
460.456146 248.747452 0.867380 
488.357147 206.110001 0.937313 
498.703705 236.951492 0.898958 
486.932281 247.279053 0.900516 
454.547241 266.389618 0.830428 
463.431274 301.699005 0.919582 
453.067688 347.223053 0.932171 
485.433716 264.856201 0.840795 
510.423462 297.180450 0.946251 
503.072174 335.535614 0.870610 
464.848511 184.026306 0.945305 
475.079498 182.649551 0.924158 
456.038452 184.057983 0.857287 
476.647736 184.000916 0.484115 
18
470.722443 191.408081 0.871747 
464.871674 209.037323 0.903611 
441.402435 214.883911 0.864336 
431.031799 251.644241 0.933019 
460.465759 245.766693 0.850435 
488.350006 206.122192 0.940039 
500.140656 236.963470 0.876009 
488.338379 244.288040 0.908898 
454.579376 266.419128 0.821484 
463.424683 303.127655 0.918531 
453.059784 347.218323 0.939302 
486.819550 264.871246 0.853737 
510.399963 297.181061 0.943728 
504.547577 336.911438 0.855923 
464.856506 184.087982 0.914268 
475.099609 184.091934 0.901260 
456.028839 184.019913 0.851112 
476.650391 182.648712 0.393249 
18
472.180298 192.847198 0.889223 
464.862122 207.599823 0.923301 
441.375946 211.995819 0.863048 
432.488739 251.644470 0.914018 
461.882385 241.434219 0.912609 
488.344299 206.107330 0.942237 
500.213470 238.413574 0.843992 
488.400879 241.332916 0.905786 
454.572937 266.388245 0.839980 
463.424072 303.107727 0.915274 
453.057312 347.220001 0.940649 
485.440247 264.837128 0.861699 
510.404572 297.204773 0.959235 
504.568359 335.545654 0.863189 
464.877808 186.972595 0.866207 
475.136688 186.962570 0.879388 
456.042725 184.014633 0.849020 
476.643707 182.591644 0.344894 
18
470.746704 192.888718 0.904818 
464.848755 207.574814 0.940402 
441.377228 211.969254 0.865595 
435.428497 251.632095 0.900167 
460.436035 239.950333 0.883182 
488.319855 206.084015 0.937145 
501.581573 238.393326 0.814029 
489.819702 236.953583 0.852407 
454.592163 264.966187 0.858340 
463.420624 303.124451 0.913863 
453.067200 347.241241 0.934314 
485.412018 263.432831 0.856150 
510.410736 297.184143 0.944685 
504.571045 336.910431 0.857504 
464.847412 188.444595 0.875056 
475.115173 188.425232 0.887446 
456.006836 184.080795 0.838517 
476.615204 182.633072 0.356130 
18
470.749664 192.791138 0.892638 
464.858276 206.138733 0.962271 
441.416290 209.011475 0.871718 
433.978912 251.623550 0.882115 
461.860596 236.944489 0.889503 
488.322296 206.027222 0.929575 
503.093414 239.822464 0.828999 
488.361023 229.643784 0.953735 
454.609528 264.922668 0.851893 
463.420898 303.139618 0.903184 
453.064362 347.229187 0.925702 
485.434235 263.412872 0.853228 
510.421234 297.218506 0.958983 
503.092133 335.553314 0.868564 
464.851593 185.492218 0.909780 
475.108704 185.479080 0.918860 
454.620697 184.027588 0.867373 
476.588348 182.590332 0.352042 
18
469.236237 191.350464 0.871379 
464.859802 206.090179 0.979989 
442.799225 207.532425 0.887559 
432.530640 250.178040 0.867477 
461.911682 229.631943 0.947424 
486.968903 204.674347 0.922879 
506.007141 236.958908 0.808123 
488.394745 228.141937 0.945174 
456.040131 264.882050 0.841830 
463.397888 303.123810 0.888823 
453.062073 347.253632 0.917375 
485.440857 263.379913 0.832312 
510.417908 297.184387 0.926801 
504.532196 335.551239 0.854718 
464.792511 184.035248 0.949350 
475.062592 184.015823 0.944089 
454.611572 184.033569 0.884506 
476.627930 182.614487 0.562091 
18
467.793396 189.897507 0.864831 
464.859863 206.044876 0.988069 
444.256317 206.121414 0.881951 
435.434906 244.332245 0.851028 
460.465118 228.066177 0.920044 
486.920410 204.640411 0.928881 
506.038544 234.048798 0.826419 
486.952820 222.266876 0.809448 
457.497925 264.892822 0.826815 
463.406586 303.145905 0.878429 
453.061279 347.254486 0.924414 
485.452332 263.397736 0.844884 
510.420563 297.205536 0.933114 
504.537170 335.551147 0.842980 
463.440643 182.647430 0.964717 
473.673309 182.611877 0.957170 
456.004333 184.031662 0.880348 
476.608032 182.577835 0.641039 
18
467.813293 186.952194 0.859737 
464.880951 204.686844 0.990483 
444.299774 206.123367 0.884518 
436.912567 241.416595 0.846342 
460.455994 220.789185 0.880848 
486.903412 204.584381 0.915020 
507.491760 235.486740 0.817885 
486.917633 217.873062 0.866236 
456.065735 264.904083 0.813235 
463.403992 303.132996 0.887578 
453.062561 347.252533 0.925287 
485.403717 263.372559 0.817905 
510.427765 297.202026 0.932253 
504.533722 335.547760 0.850421 
464.784485 182.585419 0.989823 
473.673950 182.528595 0.981729 
454.621918 184.020569 0.893482 
476.611298 182.515442 0.574852 
18
466.368561 184.055450 0.911560 
464.874390 204.623459 0.994078 
444.302948 206.044601 0.886206 
436.904266 241.327438 0.848370 
460.442017 216.411575 0.888531 
486.848938 204.531876 0.881101 
507.506714 235.495300 0.803251 
488.365784 214.878754 0.890143 
456.049988 264.887146 0.815714 
463.416351 303.126251 0.894779 
453.068726 347.245422 0.915548 
483.972382 263.349823 0.803728 
510.435974 297.212067 0.930884 
503.106659 335.540955 0.856204 
463.396545 182.513245 1.013029 
472.230377 181.125488 0.983189 
454.563293 182.617813 0.938479 
476.549255 181.110992 0.573591 
18
467.784821 182.595947 0.910976 
464.845795 204.610275 0.976360 
444.306580 204.657562 0.866147 
436.925781 238.420441 0.789306 
461.892273 209.039703 0.874957 
485.411987 204.538879 0.854374 
507.509247 232.525620 0.815289 
488.329285 207.537018 0.856740 
456.045319 264.882355 0.804155 
463.430115 303.141693 0.893573 
453.068176 347.252350 0.926215 
483.949066 263.367065 0.806624 
510.414917 297.195984 0.919750 
504.530273 335.551697 0.849284 
463.403687 181.097794 1.015412 
473.622314 181.045456 0.969843 
453.148193 182.584854 0.968436 
476.560974 181.147018 0.299170 
18
467.798798 182.515640 0.899400 
464.817261 204.616013 0.978708 
444.265778 204.665665 0.856297 
436.891998 238.382126 0.782151 
461.921448 206.158325 0.882305 
485.385742 204.543335 0.830578 
508.949249 231.085999 0.871458 
488.332489 204.677094 0.974294 
456.022552 264.909454 0.814273 
463.441956 303.149750 0.890843 
453.075806 347.254639 0.925577 
482.505554 263.395294 0.808629 
510.421906 297.187653 0.910733 
503.111481 335.552216 0.850684 
463.404633 181.056641 0.996515 
473.621460 179.640167 0.937550 
453.130402 182.631363 0.973641 
475.244934 182.470749 0.251687 
18
470.758667 181.083237 0.852881 
464.803131 204.607941 0.972353 
444.283051 204.620300 0.825611 
439.806488 229.593628 0.860186 
463.344360 204.573410 0.880877 
483.968292 204.553528 0.841729 
510.358582 229.609970 0.926054 
486.957977 201.633698 0.930674 
454.552704 264.930511 0.821289 
463.444427 303.114197 0.900739 
453.070435 347.252075 0.925609 
481.011963 263.430023 0.802217 
510.417236 295.795990 0.909859 
503.115662 335.535553 0.856701 
464.816742 179.619705 0.932333 
473.700684 178.150925 0.867348 
453.151886 184.011673 0.965762 
476.578003 182.567719 0.124454 
18
467.821136 181.057693 0.824077 
464.790619 204.556335 0.977425 
444.309875 204.570114 0.828946 
439.831787 228.136292 0.885850 
461.914551 200.224243 0.811835 
482.503357 203.141632 0.840593 
508.979614 228.169495 0.940512 
486.889191 195.787979 0.959460 
453.171417 264.944946 0.823993 
463.448181 303.131714 0.902004 
453.074554 347.252747 0.924492 
479.583252 263.432770 0.807085 
510.405396 297.184479 0.914057 
504.528168 335.545990 0.849436 
464.790863 179.581985 0.896692 
473.615570 178.153168 0.809059 
453.140106 182.608322 0.931759 
476.557770 182.590576 0.181448 
18
470.760590 179.591919 0.791201 
464.858551 204.598663 0.961287 
448.647339 204.597351 0.802120 
439.814331 225.225540 0.813662 
463.325500 197.266953 0.746020 
485.402130 204.560898 0.827073 
510.382935 228.112503 0.947657 
486.922272 194.358597 1.006305 
454.538940 266.359650 0.806260 
464.794769 303.123871 0.900104 
453.079803 347.242950 0.924629 
481.007690 263.484955 0.803213 
510.408142 295.785858 0.910715 
504.534912 335.543030 0.845051 
464.844086 176.680389 0.861354 
473.696716 173.735428 0.821843 
454.534882 182.622528 0.891695 
475.219543 182.561081 0.105643 
18
469.258118 176.707703 0.767084 
464.930023 204.583664 0.929683 
450.126251 204.569870 0.819787 
438.391418 225.217499 0.767964 
458.991364 195.807388 0.620057 
486.831818 204.573654 0.840731 
510.367432 226.667877 0.924624 
488.336914 194.348526 0.966179 
453.162048 264.973511 0.824219 
464.795227 303.126923 0.898356 
453.070038 347.252716 0.921485 
481.008453 263.485535 0.809751 
510.420166 295.796417 0.912091 
503.084503 335.532257 0.856232 
463.438721 173.777054 0.844549 
473.646149 172.255493 0.845605 
454.564911 182.594635 0.823381 
476.572113 181.024216 0.253665 
18
466.355225 176.701370 0.715213 
466.367035 204.573364 0.882910 
450.154694 204.560425 0.824122 
438.359406 223.736938 0.711296 
457.500824 192.907654 0.724465 
486.950378 204.582336 0.836882 
510.427277 226.640228 0.923981 
488.342712 194.320389 0.981265 
453.134674 264.974335 0.836451 
464.795441 303.125305 0.892232 
453.067566 347.256744 0.919149 
481.016510 264.834991 0.810290 
510.414948 295.781403 0.912951 
504.532043 335.526489 0.847721 
463.395203 173.743271 0.772011 
472.199249 170.885742 0.780147 
454.555847 182.564346 0.706656 
476.636261 178.162231 0.416215 
18
464.881622 178.125443 0.739892 
467.774536 204.564407 0.867585 
451.548645 204.572495 0.833997 
436.923767 219.363144 0.737266 
454.585571 192.897858 0.761380 
486.960541 204.582108 0.837414 
510.487976 223.746719 0.902172 
488.370087 192.910370 0.959234 
453.173492 264.948669 0.827428 
464.799316 303.159729 0.888917 
453.068085 347.250183 0.923943 
481.049316 263.486511 0.810550 
510.403107 295.789337 0.909267 
504.537292 335.533447 0.842941 
463.309021 173.737198 0.759416 
469.252563 172.272156 0.774744 
453.154755 182.516541 0.621209 
476.581696 178.156906 0.487889 
18
464.861542 176.703949 0.596253 
467.787781 203.133438 0.836326 
451.569946 203.153961 0.811852 
438.351471 217.926605 0.805463 
453.123138 192.817398 0.844337 
488.307983 203.161926 0.814606 
510.462891 220.827896 0.903907 
488.399170 192.880936 0.961211 
453.155792 264.926636 0.840844 
464.800385 303.112305 0.892589 
453.073883 347.253052 0.921825 
481.036041 263.466003 0.813555 
510.408539 295.786133 0.906415 
503.080597 335.539215 0.856482 
463.324371 172.326508 0.618097 
467.816254 172.260773 0.635480 
454.573700 181.131607 0.462443 
475.198395 178.159012 0.469612 
18
466.325592 176.705643 0.351780 
467.780670 201.680634 0.825478 
451.579742 203.120132 0.806211 
438.368134 216.423416 0.796140 
453.140076 191.362167 0.816145 
488.316498 201.693909 0.799170 
511.848236 219.296341 0.916822 
488.437561 192.862289 0.950902 
453.143524 264.929321 0.844301 
464.811157 303.142639 0.882761 
453.074036 347.259216 0.921706 
481.036133 263.441589 0.818061 
510.430298 297.183838 0.902192 
503.099792 335.543701 0.851567 
463.443390 172.314972 0.417786 
469.291382 172.273788 0.381206 
457.510529 181.100021 0.395541 
475.099854 179.638733 0.294830 
18
464.895325 176.663742 0.461932 
466.309082 203.135345 0.871699 
451.559479 204.544250 0.815291 
438.381653 214.885147 0.759788 
453.144928 188.452698 0.794176 
486.858002 203.098785 0.818292 
511.835632 217.790985 0.933883 
488.339539 191.341721 0.897441 
453.167786 264.948212 0.834943 
464.802582 303.155273 0.886735 
453.062561 347.248535 0.923835 
482.466492 263.450562 0.831217 
510.427094 295.794220 0.902964 
503.115509 336.917694 0.847940 
463.363739 172.300232 0.528043 
467.791748 172.242065 0.489501 
456.010559 182.529327 0.443313 
475.111572 181.042953 0.280042 
18
470.751953 181.073669 0.189895 
466.341187 201.681763 0.833030 
451.568329 203.146698 0.807795 
438.349304 213.404297 0.745358 
454.548889 185.507217 0.824707 
486.891602 200.217575 0.797297 
510.383453 216.350647 0.905712 
486.918365 188.411224 0.885192 
454.551086 264.933838 0.824507 
463.448395 303.152069 0.883024 
453.065430 347.231018 0.925106 
482.495209 263.430206 0.830087 
510.408295 297.213806 0.914600 
503.115753 336.939941 0.838613 
464.853790 176.664032 0.210733 
0.000000 0.000000 0.000000 
460.423920 184.030701 0.356841 
475.146881 181.111176 0.200687 
18
472.166138 181.109299 0.200319 
466.298615 203.092758 0.837013 
451.545288 204.545380 0.791567 
438.347412 213.420731 0.749138 
453.137695 185.520370 0.819404 
486.849304 200.231415 0.799056 
510.363892 216.328903 0.894094 
486.932007 188.438553 0.865435 
454.570526 264.942291 0.818451 
463.439209 303.155396 0.881929 
453.059479 347.242371 0.923782 
482.499573 263.439911 0.834133 
510.402649 297.214844 0.918593 
504.551758 336.913116 0.842414 
464.847015 176.707138 0.216987 
0.000000 0.000000 0.000000 
458.949402 184.033539 0.357966 
475.130005 182.489456 0.195415 
18
473.682922 184.070801 0.207715 
466.340607 204.539688 0.865510 
451.570496 204.602478 0.807349 
438.357758 211.955093 0.757312 
453.088989 185.512253 0.844522 
486.879944 203.111526 0.818716 
510.402771 214.879715 0.870088 
486.886597 189.883286 0.858931 
454.565491 264.959991 0.819226 
463.449036 304.568420 0.884075 
453.068146 347.231903 0.928421 
482.505005 263.443085 0.836437 
510.390106 297.201721 0.915458 
504.553375 336.917511 0.842041 
466.364441 182.527954 0.203972 
0.000000 0.000000 0.000000 
461.864899 186.995041 0.360355 
475.111359 184.029266 0.170816 
18
473.664368 192.843887 0.207048 
466.354828 203.144012 0.853825 
451.556091 204.603638 0.802225 
438.370026 210.503830 0.764179 
451.662811 185.510834 0.860307 
486.882538 201.651001 0.813352 
510.430603 213.459915 0.870345 
488.323853 191.342239 0.853082 
454.562164 264.965332 0.819943 
463.428223 304.586487 0.879081 
453.042755 347.256805 0.926515 
482.494324 263.446350 0.839001 
510.410461 297.246002 0.927745 
504.544891 336.944336 0.845263 
466.344940 189.890182 0.195936 
475.120728 186.959915 0.172294 
460.454651 191.367065 0.368032 
475.158752 185.496857 0.211796 
18
470.732452 192.856232 0.204226 
466.319885 203.114685 0.863486 
450.163727 204.577362 0.794657 
438.360840 209.050949 0.730155 
451.652496 184.063126 0.831754 
486.872437 200.227936 0.816623 
510.416260 213.421967 0.856876 
486.960327 189.883652 0.851939 
454.539978 264.972046 0.823884 
463.434357 303.143921 0.888743 
453.048828 347.240906 0.920628 
482.487610 263.452759 0.836078 
510.410004 297.224335 0.928105 
503.113892 336.913940 0.848889 
464.867676 189.902252 0.203581 
473.663879 188.425354 0.169281 
458.993073 189.934189 0.331050 
475.082947 185.507034 0.229950 
18
464.819305 184.015015 0.177105 
466.312012 203.113586 0.865644 
451.560272 204.577347 0.812616 
438.347473 207.612625 0.742972 
451.634338 184.022354 0.866732 
486.844543 200.212479 0.815218 
510.426636 211.965790 0.852562 
486.949677 186.953705 0.863117 
454.556000 264.951233 0.821876 
463.436646 304.582489 0.887118 
453.062897 347.261627 0.917854 
482.491394 263.439209 0.837438 
510.408539 297.242737 0.935965 
504.528046 336.925293 0.847599 
463.339386 181.080139 0.185437 
464.894867 181.107559 0.156052 
463.292969 184.082977 0.243171 
473.609009 182.622528 0.293021 
18
461.904419 182.577881 0.201026 
466.345612 203.098755 0.853416 
451.607330 204.563690 0.820577 
438.360535 206.143021 0.799999 
451.628357 182.579056 0.896111 
486.862640 200.205643 0.818323 
510.432068 210.477036 0.849914 
488.327362 186.952301 0.871822 
454.558777 264.956116 0.820548 
463.437103 303.153900 0.889914 
453.062927 347.254913 0.918789 
482.499695 263.449585 0.838387 
510.410187 297.234985 0.927426 
503.080780 336.921173 0.854542 
461.897766 179.589676 0.194182 
463.422119 181.021683 0.190077 
463.354950 182.610077 0.187058 
472.190308 182.597382 0.339906 
18
454.572052 181.150330 0.363738 
466.341705 203.102966 0.864579 
451.601715 204.570129 0.858660 
435.461700 206.143433 0.757461 
451.581360 182.588165 0.841267 
486.871277 200.207809 0.835779 
510.421204 209.044662 0.849172 
486.964233 184.038742 0.915820 
454.553741 264.953125 0.828339 
463.437378 303.144989 0.888318 
453.053894 347.242462 0.925002 
482.493011 263.453461 0.843575 
510.399231 297.225616 0.926299 
503.094269 336.919220 0.852722 
0.000000 0.000000 0.000000 
461.908020 179.618225 0.342342 
463.422607 184.021484 0.064683 
469.271393 182.549301 0.468494 
18
456.050171 182.510193 0.240533 
466.347229 201.698318 0.846115 
451.617889 204.551865 0.843510 
436.888885 206.061569 0.785486 
451.610107 182.554642 0.865860 
486.867859 198.767456 0.833448 
510.449188 207.556686 0.868916 
486.907898 182.600830 0.932404 
454.568451 264.947266 0.823815 
463.441406 303.150665 0.888834 
453.053131 347.229065 0.932266 
482.506042 263.438629 0.841713 
510.394867 297.197571 0.921382 
503.096344 336.915649 0.852686 
0.000000 0.000000 0.000000 
463.337280 178.171936 0.222544 
463.355743 182.554077 0.135788 
469.225281 182.546036 0.364594 
18
464.833313 181.086349 0.185779 
466.342377 201.669418 0.829835 
451.595520 204.550232 0.833696 
436.920471 206.081268 0.797030 
451.572784 182.507416 0.944082 
486.876740 197.305832 0.847676 
511.891968 206.157669 0.863206 
486.941589 182.577728 0.893114 
454.588531 264.965485 0.815266 
463.438232 303.132416 0.884754 
453.052917 347.257446 0.921715 
483.944214 263.458374 0.842455 
510.414185 297.212891 0.923045 
504.526764 335.532715 0.857167 
463.397797 175.236404 0.194081 
466.353973 176.684128 0.156840 
463.370239 182.537994 0.244497 
473.594208 182.529785 0.285460 
18
470.711914 182.528931 0.136141 
466.326782 203.098404 0.851137 
451.587372 204.584534 0.839849 
436.921112 206.027634 0.814052 
451.546356 181.115952 0.984026 
486.858917 198.739349 0.842561 
511.861359 207.529327 0.862522 
486.958344 182.585388 0.898168 
454.596222 264.963806 0.817056 
463.436401 303.147247 0.879956 
453.050385 347.258118 0.923617 
483.942993 263.442627 0.843897 
510.399597 297.210693 0.926627 
504.532928 335.536560 0.857925 
464.863647 179.609650 0.148485 
0.000000 0.000000 0.000000 
463.331512 184.056229 0.243283 
475.037262 182.659698 0.229099 
18
467.782166 184.028656 0.139775 
466.334290 203.132095 0.861060 
451.603485 204.615967 0.853065 
438.343353 204.642578 0.827175 
451.549408 181.079071 0.972610 
486.852386 200.192993 0.831583 
511.892334 206.154907 0.861728 
488.324127 182.608139 0.923067 
454.590149 264.971954 0.814570 
463.442169 303.129730 0.885820 
453.058807 347.254578 0.925134 
483.931671 263.448090 0.842929 
510.398529 297.224609 0.931754 
504.558350 336.925964 0.845451 
463.426788 182.535095 0.154885 
0.000000 0.000000 0.000000 
463.354126 185.517349 0.229847 
473.633240 185.508286 0.244135 
18
470.748047 181.127350 0.156609 
466.329803 201.698242 0.844787 
451.598297 204.587631 0.830551 
438.363220 204.613693 0.821461 
451.565125 181.080215 0.957457 
486.846588 198.727127 0.826990 
511.920135 206.127655 0.852981 
488.346008 182.602951 0.892575 
454.573395 264.976227 0.818434 
463.445740 303.126770 0.888953 
453.051941 347.246857 0.924955 
482.521362 263.443634 0.839168 
510.384979 297.204681 0.924934 
504.578949 336.926483 0.840213 
464.881439 178.170090 0.163047 
0.000000 0.000000 0.000000 
463.372009 184.013611 0.258149 
473.612213 182.645340 0.241493 
18
466.310547 182.574951 0.124461 
466.344757 201.662140 0.826990 
451.595428 204.566360 0.808225 
438.370239 204.600357 0.807548 
451.556793 181.089661 0.935544 
486.875366 197.288025 0.825599 
513.376709 206.110916 0.827764 
488.403748 182.638550 0.839222 
454.546844 264.977203 0.823552 
463.447906 303.157928 0.887209 
453.052094 347.245422 0.924368 
482.522522 263.444427 0.836125 
510.395050 297.244659 0.933371 
504.553680 336.911072 0.847414 
463.396179 181.042465 0.132083 
0.000000 0.000000 0.000000 
463.382477 184.038589 0.194710 
472.149017 184.042526 0.247617 
18
463.389008 182.540939 0.148286 
466.342621 201.645950 0.824021 
451.607391 203.170181 0.807312 
438.360260 204.549057 0.799302 
451.600586 181.081757 0.909903 
486.862305 198.735580 0.819294 
511.956970 206.076843 0.847847 
488.356659 182.579834 0.923405 
454.559326 264.965820 0.822440 
463.443481 303.137756 0.889456 
453.054749 347.239441 0.926512 
483.930054 263.449463 0.837021 
510.391510 297.255432 0.935472 
504.554321 336.914215 0.843779 
463.336914 179.610764 0.146791 
466.330292 181.040283 0.123964 
463.376221 182.643661 0.201157 
472.173340 182.639587 0.280282 
