22
1
18
533.876526 138.437729 0.925148 
525.152039 169.351105 0.936398 
497.214722 169.322906 0.918000 
486.945190 219.336227 0.906480 
486.826569 263.343597 0.931179 
557.437683 169.350418 0.924003 
559.039612 216.437271 0.938347 
567.772217 263.479187 0.895181 
510.380096 259.037903 0.788899 
510.343658 314.909149 0.820826 
510.380859 366.332123 0.837272 
544.259766 260.479492 0.771536 
535.399719 313.436798 0.907356 
535.427307 363.407440 0.873127 
523.747620 134.012665 0.964163 
536.873413 134.039764 0.954051 
511.975494 134.012909 0.992655 
545.635864 134.084579 0.550915 
18
533.882446 138.438538 0.926504 
525.160400 169.356934 0.935582 
497.220184 169.327728 0.920016 
486.936462 219.312241 0.911096 
486.822113 261.970490 0.918893 
557.444580 169.358658 0.932762 
560.406006 217.794525 0.934497 
567.776306 263.464722 0.888178 
510.393036 259.023834 0.793688 
510.341888 314.911438 0.828105 
510.382782 366.324677 0.838564 
545.636414 260.461548 0.771895 
535.402405 313.441010 0.908961 
535.437439 363.398743 0.869313 
523.755920 134.012924 0.960509 
536.880066 134.041183 0.952838 
511.984833 134.007111 0.993172 
545.645752 134.088394 0.579257 
18
533.882507 138.451218 0.924381 
525.158264 169.359879 0.937317 
497.217285 169.330521 0.920430 
486.937286 219.326172 0.907170 
486.822571 261.982330 0.915241 
557.446228 169.361420 0.932721 
560.427429 217.807602 0.927941 
567.765564 264.842163 0.884446 
510.408081 259.009888 0.797246 
508.987518 314.906525 0.829003 
510.376099 366.345612 0.838135 
545.661560 259.030731 0.776460 
535.398193 313.433990 0.907931 
535.438904 363.413544 0.862133 
525.103699 134.018387 0.959384 
536.880859 134.055450 0.955120 
511.982025 134.006287 0.996683 
545.649109 135.438019 0.593435 
18
533.898621 138.463486 0.925861 
525.165710 169.363159 0.935178 
497.224152 169.330643 0.921709 
486.942139 217.930771 0.918515 
486.824707 261.979095 0.922820 
557.453552 169.367813 0.933421 
560.410583 217.800659 0.932509 
567.744629 264.836517 0.875479 
510.404999 259.008209 0.796818 
508.981018 314.895294 0.827086 
510.388855 366.333344 0.839877 
545.657471 259.023804 0.775537 
535.387329 313.411774 0.908864 
535.433716 363.397491 0.869916 
525.122009 134.026138 0.957401 
536.895508 134.058090 0.949778 
511.988922 134.002121 0.989103 
545.651917 134.090897 0.558324 
18
533.908813 138.458740 0.929603 
525.173462 169.360428 0.934565 
498.594482 169.318649 0.923407 
486.937592 217.888382 0.937811 
486.840149 261.977875 0.931944 
557.453796 169.371338 0.934923 
560.421082 217.802032 0.929916 
567.742615 264.837158 0.873024 
510.399902 260.450867 0.791573 
508.985321 316.336456 0.822160 
510.381348 366.344116 0.842100 
545.646423 260.461914 0.771007 
535.393738 313.425354 0.901175 
535.427856 363.404572 0.863170 
525.135010 134.026215 0.955215 
536.902161 134.053406 0.947805 
513.345398 134.006744 0.989118 
545.652588 134.081375 0.531273 
18
533.915161 138.455154 0.930533 
525.187561 169.364014 0.930297 
498.602966 169.323853 0.924366 
486.948761 217.845383 0.948361 
486.852081 260.483063 0.899637 
557.461914 169.376526 0.936059 
560.428589 217.794617 0.929827 
567.725647 264.842346 0.869907 
510.411407 259.005219 0.781146 
510.342712 314.908997 0.826052 
510.384796 366.341431 0.842441 
545.661804 259.014313 0.772016 
535.381165 313.413727 0.894444 
535.432739 363.407532 0.860157 
525.139648 134.023544 0.954340 
536.909668 134.048203 0.943147 
513.345154 134.011688 0.984798 
545.652893 134.078979 0.489557 
18
533.904053 138.445114 0.928346 
525.186829 169.354675 0.927120 
498.599945 169.309769 0.923133 
486.913605 217.800186 0.964869 
486.912750 260.457581 0.919236 
557.457947 169.370178 0.936615 
561.923401 217.813553 0.899597 
566.303833 264.833954 0.862346 
510.392090 261.932556 0.799053 
510.360962 316.346069 0.834854 
510.374207 366.339600 0.834659 
545.636414 261.915985 0.779899 
535.386414 313.461517 0.886628 
535.423889 363.387817 0.852078 
525.120972 134.018250 0.955310 
536.902283 134.040253 0.942961 
513.348511 134.005142 0.984155 
545.668030 134.084579 0.591031 
18
533.903198 137.045715 0.933784 
525.194885 169.347900 0.920931 
498.596985 169.304413 0.921668 
486.827423 217.798981 0.956998 
489.859955 259.032806 0.865835 
557.461365 169.354141 0.939301 
566.310913 217.786621 0.909712 
560.416687 263.403564 0.912458 
510.425934 260.478973 0.777713 
510.360901 314.915253 0.834400 
510.383820 366.324982 0.837438 
544.236938 261.908081 0.774367 
535.370789 314.874878 0.881649 
535.436646 363.409485 0.860255 
525.117249 134.006714 0.953055 
536.902893 134.025284 0.940013 
513.341187 133.996521 0.987608 
545.666260 134.072784 0.565215 
18
533.880432 137.028168 0.932994 
525.188293 169.346054 0.930353 
498.590851 169.302673 0.915718 
483.985901 217.808502 0.926965 
498.713898 254.579849 0.909714 
557.460022 169.349976 0.935090 
567.767212 216.433502 0.923397 
555.971924 256.075134 0.857673 
510.380493 263.397766 0.786768 
510.346130 317.828644 0.838238 
510.382507 366.309143 0.841827 
541.323608 263.407593 0.756088 
535.383850 316.329407 0.880153 
535.441040 363.392944 0.871690 
523.746643 133.999878 0.955325 
536.877197 134.013275 0.941687 
511.984528 134.014877 0.990636 
545.653076 134.066483 0.589858 
18
533.861206 137.028458 0.929126 
525.179810 169.310532 0.926598 
498.590210 169.281586 0.917566 
485.387878 217.799332 0.922966 
508.959900 239.835938 0.827183 
557.462952 169.327347 0.922457 
567.773499 216.308624 0.917625 
551.608093 239.847778 0.799801 
510.395630 259.036774 0.769035 
508.988800 314.885773 0.821617 
510.385345 366.311676 0.832929 
545.659607 259.033295 0.760318 
535.379822 313.459473 0.899985 
535.435364 363.374786 0.860442 
523.726868 134.005020 0.959945 
535.503967 134.013580 0.949457 
511.978424 134.010437 0.998166 
545.644775 134.059341 0.655003 
18
532.488220 137.036316 0.923661 
525.171692 169.314194 0.921178 
498.590302 169.289841 0.906657 
486.904999 217.837448 0.943135 
514.873657 222.268448 0.742771 
557.454102 169.334167 0.925865 
564.860352 217.829575 0.900044 
542.766724 219.292572 0.746142 
510.394531 259.016541 0.797222 
508.970734 314.888916 0.821938 
510.385895 366.329865 0.835300 
544.254150 259.009949 0.776427 
535.403748 313.453552 0.912565 
535.436584 363.387207 0.858184 
523.705994 134.017365 0.972829 
535.479309 134.022797 0.964330 
511.984039 134.028107 0.987538 
544.276245 134.057419 0.701527 
18
532.463989 138.439606 0.906998 
525.137634 169.340759 0.957379 
497.201050 169.311691 0.902506 
488.393494 217.915314 0.937909 
520.730408 206.077484 0.720770 
557.424805 169.301407 0.903738 
561.924561 217.863174 0.925547 
536.936523 204.608932 0.757438 
510.358368 260.476349 0.798063 
510.345886 314.912842 0.816634 
510.383087 366.330048 0.835521 
544.233093 260.455322 0.775398 
535.399170 313.471344 0.894640 
535.439941 363.399902 0.855501 
523.693604 134.034393 0.985816 
535.461914 134.042877 0.972354 
511.979095 134.037552 0.988620 
544.253601 134.086578 0.706736 
18
532.435730 138.447495 0.891544 
525.146240 169.303528 0.959532 
497.221863 169.278046 0.891524 
489.868744 219.301697 0.899709 
520.693909 195.789688 0.811029 
557.403931 169.275360 0.883634 
561.869873 217.872314 0.915169 
538.367615 195.819687 0.749844 
510.351959 259.002075 0.772022 
510.342621 316.331207 0.805845 
510.392151 366.317902 0.832212 
544.214783 259.016388 0.759540 
535.392578 313.461365 0.894128 
535.430298 363.383118 0.852614 
523.668884 134.041962 1.002590 
535.435913 134.041519 0.970029 
511.971588 134.052979 1.002463 
544.258911 134.093948 0.772165 
18
532.432129 138.458038 0.886142 
525.137756 169.292984 0.948658 
497.197998 169.283707 0.880655 
491.320282 217.922440 0.892128 
519.261047 194.255661 0.830374 
557.401733 169.269989 0.873921 
561.874878 217.853333 0.918275 
536.901611 192.883041 0.785602 
510.351868 257.551788 0.769774 
508.989471 314.910004 0.807503 
510.393677 366.321259 0.828572 
544.215515 259.010040 0.760115 
535.391907 313.455994 0.895994 
535.429871 363.399231 0.856494 
523.665649 134.048706 1.005660 
535.429199 134.052094 0.972481 
511.964478 134.063477 1.011829 
544.227478 134.087357 0.730882 
18
532.418030 138.456802 0.883919 
525.136719 169.284546 0.941336 
497.199402 169.290512 0.878813 
492.759735 217.922531 0.892420 
520.722351 192.816422 0.839253 
557.404602 169.267776 0.878579 
560.466980 217.859833 0.916523 
535.490540 192.791885 0.772403 
510.351929 259.012085 0.765852 
508.987030 316.342529 0.803807 
510.384857 366.318115 0.827589 
544.226196 260.469574 0.769944 
535.388611 314.860413 0.885095 
535.435486 363.416077 0.846942 
523.654053 134.046387 1.011808 
535.422729 134.050354 0.979428 
511.960144 134.066864 1.008628 
544.237061 134.085999 0.755443 
18
531.023193 138.437347 0.882605 
525.150879 169.293808 0.942479 
497.190369 169.298126 0.883326 
491.348816 217.914017 0.893986 
519.268311 192.810394 0.799892 
557.432556 169.277588 0.891205 
560.448181 217.829102 0.926861 
535.460022 192.785095 0.792560 
510.352020 258.996124 0.765349 
510.350067 316.344269 0.810930 
510.379852 366.319855 0.826189 
544.218750 260.460999 0.762965 
535.402588 313.463196 0.894165 
535.430725 363.400787 0.850959 
523.643127 134.040421 1.009970 
535.411316 134.041321 0.979045 
511.963806 134.071472 1.008474 
544.253845 134.102051 0.818049 
18
531.000549 138.449356 0.875475 
525.151306 169.298965 0.947081 
497.190765 169.299072 0.883138 
491.335297 217.917679 0.895357 
522.131287 192.778900 0.757232 
557.425354 169.284729 0.887665 
561.876831 217.835632 0.908459 
535.423706 191.368134 0.769722 
510.343170 259.038086 0.763190 
510.341492 316.369965 0.800077 
510.388519 366.313507 0.827377 
544.214966 260.492065 0.760543 
535.394104 314.889435 0.877011 
535.431396 363.396698 0.852398 
523.633484 134.050613 1.010441 
535.405823 134.055023 0.981133 
511.966858 134.090057 0.994140 
544.247498 135.469742 0.831675 
18
532.424255 139.919266 0.872334 
525.149414 169.298752 0.947040 
497.192566 169.290726 0.880511 
491.329620 217.930756 0.888834 
520.729553 192.774048 0.787982 
557.418518 169.291855 0.882843 
561.906372 217.848511 0.900026 
535.426392 191.350708 0.752344 
510.347168 260.483063 0.774209 
510.342224 316.381683 0.804594 
510.389130 366.319855 0.830826 
544.226196 261.915161 0.769189 
535.396729 314.915070 0.875746 
535.431458 363.420807 0.850191 
523.664063 134.080673 1.015765 
535.436951 134.090149 0.975585 
511.977203 134.090179 0.994277 
544.254150 135.458191 0.779564 
18
532.475891 142.824371 0.879591 
525.152161 169.308517 0.946938 
497.189362 169.299118 0.879644 
491.302399 219.322021 0.890165 
520.738342 192.832367 0.830438 
557.423035 169.301620 0.878414 
561.909058 217.849365 0.903372 
535.457764 191.366425 0.755408 
510.351257 259.033722 0.773738 
510.345490 316.347870 0.809765 
510.392853 366.314301 0.830395 
544.198792 260.487518 0.761206 
535.376709 314.903473 0.884301 
535.427795 363.417969 0.854859 
523.705811 134.117416 1.002519 
535.478882 135.475601 0.963638 
513.345215 134.062546 0.999570 
544.258118 135.445801 0.708731 
18
532.480835 142.871552 0.883514 
525.149109 169.312607 0.952484 
497.188080 169.297241 0.881507 
491.295532 219.309433 0.890548 
520.692810 192.859238 0.837706 
557.420776 169.298660 0.880218 
561.925903 217.844574 0.906951 
535.468628 192.781281 0.753891 
510.345642 260.456238 0.774944 
508.990051 316.358490 0.807258 
510.403198 366.327301 0.836189 
544.205750 260.488495 0.764229 
535.384338 314.905792 0.885198 
535.428345 363.408234 0.852438 
523.716187 135.459518 0.999820 
535.495850 135.510315 0.954256 
513.359619 134.079697 0.991235 
545.638794 135.510880 0.741219 
18
533.872986 144.315964 0.905380 
525.153076 169.304169 0.944685 
497.192657 169.291306 0.880530 
491.297638 219.291641 0.893811 
520.704224 192.851883 0.827870 
557.427002 169.286560 0.879763 
563.364136 217.841263 0.908399 
535.453918 192.786789 0.745089 
508.987579 260.472382 0.775136 
508.972076 316.355530 0.803211 
510.405914 366.321808 0.834781 
544.197632 260.501984 0.763843 
535.377075 314.890991 0.889202 
535.437134 363.408051 0.850448 
523.752380 135.494995 0.971060 
536.878235 135.549805 0.939335 
513.376831 134.059738 0.987721 
545.651184 135.479355 0.673488 
18
533.889893 144.350311 0.917083 
525.159119 169.315063 0.941741 
497.203125 169.302048 0.887042 
489.896698 217.917725 0.900978 
520.685242 192.887192 0.825810 
557.429321 169.289047 0.879033 
563.349365 217.855759 0.909439 
535.464600 192.821365 0.753503 
510.345978 260.460236 0.778708 
508.975647 316.357056 0.802965 
510.410156 364.900208 0.834716 
544.211548 260.485168 0.771953 
535.378113 314.889191 0.888313 
535.427917 363.404388 0.855505 
525.110962 135.529602 0.951826 
536.892029 135.572128 0.927790 
513.386169 134.108398 0.971958 
545.661743 135.490936 0.676592 
