34
1
18
523.668396 161.982010 0.916305 
523.688354 181.066238 0.927931 
489.887146 181.145935 0.905965 
483.956726 232.568161 0.861607 
476.669098 276.734375 0.897263 
557.475586 179.622864 0.884157 
560.477539 229.591721 0.889525 
567.735718 278.119354 0.857013 
507.510376 275.165100 0.761686 
507.475128 333.985626 0.839272 
503.119019 382.476868 0.839407 
545.706543 275.178589 0.822615 
541.330750 334.004639 0.839932 
544.270630 382.548248 0.843734 
516.332336 157.484833 0.875428 
532.460388 157.490936 0.930138 
507.494141 148.763641 0.824537 
539.817444 148.785294 0.730885 
18
525.122681 161.969086 0.893010 
526.619934 181.109406 0.883071 
494.248444 181.155975 0.887064 
486.906769 231.118927 0.897691 
483.925201 275.212891 0.858083 
558.995483 181.068222 0.871668 
567.731567 229.650940 0.872762 
569.214600 278.186890 0.861871 
508.975311 273.725433 0.779055 
507.498688 334.004150 0.836940 
504.534790 382.461456 0.839686 
547.135437 275.150513 0.814440 
542.800110 333.982849 0.846251 
545.641602 382.533691 0.849816 
520.689514 157.487961 0.900422 
533.911011 157.485153 0.959498 
510.379242 148.761719 0.862301 
544.218323 148.804962 0.807635 
18
531.029358 161.977783 0.872001 
532.492493 181.084335 0.922697 
498.681152 181.117767 0.946533 
488.372467 232.552063 0.881828 
486.911926 276.658539 0.937156 
563.359314 181.108536 0.841898 
570.658936 229.604538 0.952583 
569.267944 278.149323 0.915075 
510.468170 275.155518 0.817189 
508.987305 333.992432 0.858874 
504.543549 381.104309 0.839182 
547.233765 275.216949 0.807616 
544.262695 333.989319 0.868274 
545.636353 382.514252 0.864260 
523.600708 157.488022 0.962042 
535.479675 156.084549 0.924285 
511.914215 148.734497 0.848352 
547.138977 147.326675 0.840581 
18
533.923157 160.528046 0.932583 
533.997681 181.106079 0.954804 
500.158661 181.129059 0.930654 
489.901276 235.486771 0.843917 
488.461761 276.672760 0.897836 
567.755615 181.119522 0.873211 
573.644714 228.191330 0.927091 
569.211792 275.203735 0.979127 
511.867035 275.198944 0.819672 
510.413666 334.041962 0.899754 
504.535095 381.078522 0.844265 
547.267273 276.631409 0.798352 
545.668213 333.993744 0.886912 
545.648499 382.513672 0.881553 
523.748718 156.087997 0.927351 
538.376465 156.053085 0.868547 
516.334290 147.325653 0.760581 
548.644531 147.317383 0.885875 
18
534.020691 160.487869 0.959641 
536.918701 181.087952 0.913614 
503.106262 181.063797 0.890979 
495.689667 231.084625 0.870131 
491.316833 275.177216 0.896419 
570.690796 181.134613 0.884510 
580.916809 228.178925 0.948850 
567.801392 267.838226 0.890525 
511.987885 275.159393 0.792622 
510.481628 334.048218 0.919375 
504.554962 381.088562 0.855889 
550.149048 275.211456 0.762933 
545.671448 333.948212 0.887744 
545.641174 382.525482 0.880757 
526.612610 156.055374 0.892571 
542.748718 156.046844 0.880088 
520.705688 147.339767 0.709999 
553.087952 147.348236 0.877192 
18
535.424072 159.122406 0.935959 
542.781372 181.110321 0.913529 
508.978546 181.064545 0.898318 
498.608521 229.639496 0.937916 
492.793701 275.224091 0.872357 
572.234985 182.528427 0.849624 
582.465332 228.125336 0.960772 
566.316345 253.211472 0.805249 
514.881531 275.130524 0.765375 
510.493225 334.038940 0.909953 
504.572174 381.099182 0.856966 
555.966797 275.205322 0.776165 
545.731079 333.933716 0.891741 
544.273193 382.531189 0.876185 
530.985779 156.070450 0.882390 
544.183350 154.643280 0.871538 
522.243469 147.318558 0.423369 
556.029968 147.292099 0.943823 
18
535.513489 160.531952 0.878248 
545.705078 181.119278 0.961747 
511.842499 181.082352 0.937504 
498.696472 229.627335 0.932415 
495.688080 276.596039 0.887378 
578.057312 182.558899 0.862963 
588.340271 229.590500 0.895754 
570.788025 229.611053 0.907129 
519.217590 273.710510 0.757189 
511.842682 335.445770 0.883845 
506.011932 381.105682 0.850044 
557.414368 276.625336 0.810858 
547.134033 332.515076 0.865882 
545.664795 382.512848 0.891573 
532.471497 157.480560 0.926323 
545.634766 156.040222 0.888526 
523.700867 147.259964 0.216118 
557.524597 147.229507 1.002843 
18
536.912659 160.540756 0.881703 
545.750549 181.104172 0.967104 
511.929596 181.089508 0.930633 
500.083466 229.591843 0.955632 
497.144867 275.218048 0.901590 
578.032959 181.160858 0.856920 
592.702759 235.480194 0.921649 
570.698792 213.456879 0.845356 
520.680176 273.719208 0.770562 
511.901794 335.438904 0.876781 
508.901794 382.495117 0.866259 
557.450500 276.622681 0.814964 
547.147278 332.487366 0.860036 
545.683533 382.508484 0.903442 
532.505127 157.503937 0.946837 
545.659729 154.642990 0.898303 
523.719116 147.324203 0.142353 
558.893860 145.862122 1.002938 
18
536.921570 160.543884 0.889248 
547.212830 181.054794 0.947358 
513.432312 181.040115 0.886187 
500.141296 229.611801 0.937589 
497.208038 275.148407 0.904176 
579.509094 182.510590 0.883745 
592.829712 229.659195 0.979256 
570.716675 197.293320 0.839355 
520.722656 273.714783 0.782396 
511.963623 335.432739 0.870295 
508.987854 382.593140 0.878880 
557.467346 276.614868 0.810898 
547.166504 332.499725 0.855545 
545.695007 382.526337 0.906763 
533.866577 157.541977 0.963811 
545.637268 154.631409 0.893792 
0.000000 0.000000 0.000000 
557.540161 145.835693 1.025780 
18
535.485901 160.528091 0.932090 
547.247498 179.643082 0.912806 
517.770081 179.612015 0.853196 
500.213715 228.164307 0.935296 
498.597565 275.115234 0.909811 
578.086975 181.027939 0.875681 
597.180725 225.177063 0.842270 
569.255127 182.600082 0.835774 
522.115845 273.683929 0.769927 
513.406494 335.443665 0.841206 
510.381653 383.997772 0.884024 
557.485657 275.185699 0.809052 
547.166687 332.515320 0.841393 
545.705505 382.523743 0.899772 
532.473511 157.539154 0.937909 
544.187012 154.627289 0.871345 
0.000000 0.000000 0.000000 
557.494507 145.807632 1.009200 
18
535.372864 160.533997 0.932469 
547.206909 176.681229 0.863017 
514.854126 179.592972 0.842326 
501.593231 228.171234 0.923622 
498.638489 275.154266 0.919942 
579.494690 175.184616 0.803977 
604.484558 216.318802 0.921254 
569.298157 175.205078 0.855182 
522.123413 272.269165 0.768506 
513.416809 335.421234 0.829959 
510.387604 384.022919 0.863550 
557.475891 273.739166 0.782270 
547.163513 333.927277 0.848630 
545.707031 382.523926 0.884996 
529.554382 157.550644 0.877642 
539.816833 156.038010 0.856423 
0.000000 0.000000 0.000000 
557.413574 144.362473 0.954287 
18
533.912109 160.557465 0.885453 
545.741150 179.568451 0.873134 
514.833923 181.011993 0.853293 
500.192230 228.203720 0.930043 
498.627594 275.143066 0.936977 
573.677917 175.238708 0.748565 
605.955078 204.576584 0.941920 
569.261353 169.358673 0.926915 
520.726685 273.717377 0.767446 
513.397217 335.420074 0.840294 
510.393494 384.014099 0.867457 
557.461609 275.167145 0.798019 
547.146240 333.928253 0.859535 
545.697876 382.518036 0.893242 
526.583252 157.567963 0.868226 
535.505066 156.078781 0.904275 
0.000000 0.000000 0.000000 
554.561401 144.354431 0.895385 
18
530.996033 163.466354 0.819008 
545.700378 179.634369 0.904069 
514.865845 181.037766 0.880865 
500.178528 228.172302 0.928624 
497.225494 275.165680 0.925238 
570.776367 178.172241 0.798412 
605.963135 192.916901 0.966043 
567.774658 166.348495 0.819749 
520.711975 273.739502 0.760400 
513.371277 334.054321 0.843898 
510.384369 384.014435 0.872731 
557.416870 275.189880 0.796223 
547.136230 332.532318 0.861399 
545.695374 382.530304 0.899951 
523.686707 158.995621 0.886448 
534.001160 157.546875 0.942055 
0.000000 0.000000 0.000000 
548.705627 144.332672 0.892261 
18
528.083069 167.853027 0.841509 
545.679993 179.584793 0.881130 
514.872986 181.031143 0.871908 
500.203949 228.186157 0.906417 
497.187653 275.228180 0.919362 
570.710632 178.124527 0.810859 
604.570496 185.522659 0.905391 
566.267090 159.004272 0.866574 
520.712524 273.687408 0.757499 
513.383972 334.015930 0.835016 
510.393524 383.993927 0.878987 
556.025513 275.140991 0.765373 
547.126465 332.528900 0.858831 
545.689392 382.518707 0.896248 
523.628113 160.483307 0.842085 
533.960205 159.035568 0.985831 
0.000000 0.000000 0.000000 
547.258606 147.248337 0.921594 
18
525.154663 170.751602 0.911769 
545.662292 179.607651 0.891222 
514.822754 181.041931 0.894950 
500.178650 229.562119 0.888235 
497.156830 275.217285 0.895436 
570.689941 176.673111 0.814338 
601.559509 182.526428 0.874933 
563.375793 157.505951 0.848059 
520.677612 273.699982 0.749501 
513.398560 334.022797 0.832462 
510.399506 384.000153 0.874542 
556.010925 275.165100 0.760489 
547.119507 332.542938 0.859576 
545.684509 382.516083 0.898241 
522.222351 164.943787 0.641670 
532.486877 161.979828 0.900316 
0.000000 0.000000 0.000000 
547.173767 147.353668 0.898643 
18
523.724304 172.323288 0.873595 
542.797852 181.037003 0.881949 
513.358704 181.065353 0.926925 
500.164459 229.580505 0.910475 
497.222992 275.219421 0.925406 
569.211670 179.592880 0.805336 
592.817749 181.011063 0.930022 
559.002991 156.069778 0.841655 
520.685364 273.703827 0.747679 
513.386536 334.042023 0.841826 
510.396912 384.012268 0.872437 
555.993835 275.163147 0.758608 
545.770630 332.550232 0.862039 
545.681396 382.506653 0.894796 
522.145264 169.310501 0.566430 
532.445740 169.261658 0.870876 
0.000000 0.000000 0.000000 
547.185303 156.067261 0.848300 
18
523.679443 181.076752 0.892830 
541.274963 181.095413 0.886986 
511.892822 181.099121 0.939908 
500.196808 228.186462 0.919458 
498.618927 275.202667 0.926012 
567.778259 181.067657 0.805148 
591.266174 179.577682 0.868083 
558.895935 157.527481 0.764654 
520.682739 273.739166 0.749114 
513.389648 334.024170 0.841375 
510.398834 383.987152 0.872385 
555.975281 275.209808 0.765809 
545.768677 332.548004 0.859411 
545.673157 382.495605 0.890971 
520.696289 173.778839 0.542169 
531.020935 172.296036 0.853636 
0.000000 0.000000 0.000000 
547.126831 159.057037 0.926422 
18
523.658936 182.553406 0.832382 
538.366699 182.558334 0.891276 
511.836121 182.610886 0.949953 
500.143250 228.181778 0.914922 
498.620575 275.179688 0.948489 
564.861023 182.534210 0.801452 
586.910339 181.077560 0.884561 
556.037109 157.552933 0.794964 
520.680420 273.742798 0.759191 
513.406616 333.981354 0.840382 
510.394775 383.973541 0.873073 
555.957458 275.206757 0.769460 
545.764465 332.553650 0.872174 
545.684021 382.515198 0.890170 
520.687805 179.631165 0.512067 
531.017944 176.690994 0.772483 
0.000000 0.000000 0.000000 
545.651184 164.910095 0.819918 
18
522.199097 186.994232 0.608186 
535.435120 184.037643 0.903542 
510.363190 185.491119 0.912377 
500.105164 229.626617 0.920515 
498.606415 275.180695 0.939197 
560.450378 182.612411 0.786296 
585.406555 182.596512 0.901243 
555.992126 159.075119 0.886735 
519.277893 273.713440 0.747303 
513.413940 333.932465 0.832645 
510.406952 384.002472 0.877024 
554.535645 275.155182 0.753680 
545.776062 332.539276 0.872752 
545.681885 382.526825 0.889764 
519.242065 182.589432 0.459314 
529.519043 181.147507 0.584316 
0.000000 0.000000 0.000000 
544.216797 169.342712 0.675412 
18
522.219604 189.871872 0.709563 
535.431702 182.573090 0.913958 
508.986053 185.477707 0.905570 
500.076172 229.614273 0.910395 
498.578217 275.174927 0.914223 
560.479370 181.054718 0.728019 
582.534851 191.347137 0.882286 
555.981201 162.008194 0.851901 
519.232239 273.687683 0.744574 
513.397583 332.553192 0.836259 
510.401672 383.991913 0.871735 
554.511414 273.726288 0.752674 
545.775208 332.520416 0.876123 
545.675293 382.535065 0.894430 
519.244995 182.638107 0.558189 
528.060425 182.538300 0.718032 
0.000000 0.000000 0.000000 
539.847412 170.808945 0.677786 
18
522.149109 189.926620 0.481188 
533.980286 185.483017 0.897700 
508.917267 186.999359 0.872574 
498.706757 229.689102 0.893133 
497.212860 275.183044 0.908197 
558.983276 182.597870 0.751190 
580.963257 194.280838 0.922725 
554.535400 164.938858 0.826361 
519.235779 273.696045 0.752029 
513.393616 332.522614 0.838635 
510.412750 383.961304 0.879623 
553.093750 273.723267 0.758546 
545.773621 332.485016 0.862470 
545.677185 382.534698 0.894268 
519.252625 184.055710 0.254185 
525.135681 182.595978 0.482357 
0.000000 0.000000 0.000000 
536.875183 176.646103 0.574881 
18
520.674438 192.775620 0.616870 
533.998352 182.604614 0.931570 
507.509186 185.514465 0.875349 
498.703888 229.658279 0.910177 
497.215881 275.192444 0.919566 
560.397034 181.062927 0.749848 
579.510498 197.263336 0.857825 
554.559509 167.821014 0.833859 
519.219055 272.261597 0.737752 
513.402954 332.490723 0.837994 
510.415009 382.558746 0.894164 
553.094177 273.684509 0.755822 
545.744141 331.023102 0.861641 
545.674683 382.521301 0.897298 
513.415100 186.978256 0.352567 
523.657349 184.046066 0.596141 
0.000000 0.000000 0.000000 
536.891418 176.692230 0.662944 
18
522.137817 192.756729 0.546643 
535.390564 181.135040 0.923110 
507.489410 185.515839 0.865013 
498.650604 231.063217 0.892420 
497.168549 275.187744 0.909484 
561.927673 176.669128 0.752821 
579.475098 201.676727 0.842600 
554.536621 167.872620 0.850247 
517.772827 272.265717 0.738151 
513.370850 332.476074 0.828370 
510.409027 382.559540 0.891944 
553.073181 273.686707 0.752150 
545.704407 331.037476 0.854295 
545.675659 382.518433 0.896460 
519.239441 186.954391 0.291726 
523.711121 182.654083 0.516590 
0.000000 0.000000 0.000000 
535.498291 176.675568 0.585970 
18
522.171692 189.925659 0.571883 
535.437500 181.088425 0.920026 
508.915741 184.057144 0.888960 
498.650696 229.571930 0.917646 
492.813263 273.714172 0.834398 
566.269287 173.769547 0.767073 
578.039856 203.133057 0.852259 
554.553406 169.261810 0.862316 
514.854614 272.266388 0.754850 
513.356689 331.070160 0.842182 
510.412262 382.576935 0.887875 
551.613464 272.268951 0.750041 
545.699097 329.608154 0.858023 
545.664856 382.500580 0.898354 
519.246277 184.030014 0.348133 
525.130554 182.563126 0.590600 
0.000000 0.000000 0.000000 
538.367249 172.247040 0.630123 
18
522.164856 184.064041 0.825191 
535.431152 181.072723 0.902195 
508.909119 182.624115 0.887210 
498.589417 229.634872 0.901766 
491.309265 272.236511 0.849492 
564.833191 175.217621 0.738923 
576.604187 203.123367 0.858895 
555.985107 167.829865 0.839478 
513.419922 273.696106 0.767733 
511.988251 331.080566 0.840039 
510.405914 382.565613 0.893036 
550.158325 273.738556 0.772708 
545.668030 331.054016 0.854181 
545.671631 382.514099 0.897947 
514.861572 181.087494 0.701657 
528.044678 181.038498 0.794960 
0.000000 0.000000 0.000000 
544.217102 167.876022 0.784535 
18
520.724670 181.066956 0.856005 
535.487854 178.168549 0.846955 
508.928253 181.027649 0.888614 
498.583282 228.195740 0.898461 
489.857574 273.668518 0.869526 
567.769470 173.759491 0.772957 
575.133240 201.641190 0.839732 
557.413269 166.415070 0.810470 
513.403076 273.709930 0.758811 
511.956482 332.526428 0.862961 
510.401154 383.975067 0.877737 
550.131287 275.128571 0.765173 
545.637207 332.478729 0.855625 
545.668640 382.516205 0.896429 
513.423584 173.725296 0.564214 
523.722534 172.327637 0.812814 
0.000000 0.000000 0.000000 
544.261292 163.473938 0.804162 
18
522.120789 176.670700 0.863140 
535.485168 179.634583 0.859580 
508.953918 181.047729 0.903369 
497.143463 229.600769 0.889204 
488.454956 273.715454 0.901603 
566.321167 176.663223 0.744818 
576.574585 198.715561 0.824559 
557.436035 166.400146 0.803966 
511.975677 273.719696 0.772945 
511.937439 332.545105 0.868289 
510.394196 383.967438 0.881726 
548.711243 275.138031 0.773653 
544.254822 332.519409 0.852170 
545.665283 382.524628 0.892814 
514.851379 169.389420 0.730420 
525.159973 170.759430 0.909951 
0.000000 0.000000 0.000000 
545.738403 159.127151 0.891332 
18
522.162842 170.840866 0.912217 
535.496094 181.042526 0.857453 
508.960022 181.059555 0.921910 
494.276031 229.647125 0.870310 
488.418396 275.170593 0.926922 
563.393677 179.587219 0.685466 
576.590942 194.323456 0.870902 
557.397034 161.986053 0.797823 
511.950073 275.121918 0.783858 
511.942017 333.926300 0.873803 
510.397125 382.592651 0.879827 
548.705933 275.184906 0.774120 
544.246826 332.549042 0.855673 
545.668457 382.530060 0.893180 
516.299316 166.400009 0.746672 
526.600586 167.818848 0.851144 
0.000000 0.000000 0.000000 
545.773987 157.628281 0.931941 
18
522.195496 169.272583 0.938494 
535.472839 181.053040 0.867738 
508.930817 181.111557 0.934199 
494.265106 229.619080 0.884391 
488.369598 275.222870 0.939659 
563.376038 179.626770 0.694063 
576.567200 192.901581 0.871904 
556.034485 160.554443 0.805284 
511.920319 275.146057 0.799374 
511.907013 333.941528 0.883940 
510.397705 382.584900 0.880504 
548.671631 275.204346 0.790108 
544.213928 333.933197 0.852102 
545.671692 382.547455 0.889405 
517.766785 159.104797 0.807575 
526.619934 159.125626 0.892041 
0.000000 0.000000 0.000000 
547.149353 156.063156 0.901933 
18
522.246643 160.544235 0.920746 
535.459045 181.025513 0.864715 
508.900055 181.128525 0.919823 
494.258179 229.648102 0.885923 
488.346954 276.615326 0.951223 
564.804871 179.576859 0.679385 
575.138794 192.803223 0.843171 
557.384827 160.559723 0.831416 
511.925751 275.165863 0.798211 
511.891541 333.966461 0.884831 
510.402191 383.964539 0.879738 
548.676453 275.222809 0.777952 
544.217285 333.926941 0.849730 
545.671448 382.534821 0.886731 
519.243896 156.125549 0.878456 
529.532776 157.494049 0.897401 
0.000000 0.000000 0.000000 
547.169312 148.761292 0.882802 
18
523.618652 157.607819 0.999481 
535.442139 181.049545 0.872326 
507.465271 181.110107 0.906873 
492.801361 229.645096 0.869907 
488.339447 276.602325 0.947659 
564.818970 179.616943 0.688316 
576.602295 191.332596 0.795969 
557.399719 160.535965 0.836169 
511.920807 275.157959 0.806937 
511.906830 334.002625 0.893418 
510.403473 384.004303 0.875067 
548.684570 275.200165 0.777997 
544.235718 332.553589 0.847085 
545.691284 382.547852 0.885848 
520.680481 148.798401 0.926884 
531.025024 148.798141 0.893817 
0.000000 0.000000 0.000000 
547.256531 147.274826 0.874728 
18
523.684998 153.156509 0.943836 
535.412415 181.040283 0.877239 
507.472351 181.097336 0.897515 
492.788452 229.630569 0.862568 
488.364777 275.251434 0.949096 
563.356079 179.612244 0.692525 
575.117798 188.419922 0.783503 
556.020325 159.082489 0.864625 
511.915070 275.157562 0.807511 
511.914459 333.972687 0.894883 
510.408936 382.567566 0.887218 
548.675293 275.201172 0.775270 
544.241394 333.928864 0.847277 
545.674377 382.515686 0.883463 
520.749146 145.858185 0.995399 
533.871155 145.829895 0.997250 
0.000000 0.000000 0.000000 
548.647095 145.842941 0.838584 
18
525.190979 147.347534 0.928388 
535.394897 181.055389 0.876735 
506.022949 181.083664 0.883754 
491.337189 229.684433 0.861089 
488.416046 276.648865 0.950555 
563.340881 181.040604 0.717746 
573.647827 184.022369 0.784305 
557.414307 159.045715 0.771823 
511.912323 275.205078 0.815240 
511.916290 334.013977 0.900486 
510.407318 382.585693 0.878990 
548.679077 276.618011 0.779025 
544.234863 332.557922 0.853130 
545.668701 382.497772 0.883996 
522.246277 142.851151 0.961179 
535.379456 144.305740 0.970161 
0.000000 0.000000 0.000000 
553.065125 145.849686 0.821424 
18
531.031189 145.783661 0.924633 
535.404602 181.035599 0.880651 
505.994781 181.055496 0.877730 
491.293335 229.684189 0.877594 
488.433136 276.618408 0.951446 
563.371094 181.030838 0.731096 
573.665588 182.569992 0.779376 
557.435608 159.092499 0.757579 
511.906525 275.216797 0.818098 
511.913666 334.023071 0.903221 
510.400818 383.966339 0.877729 
548.688293 276.617615 0.782914 
544.234192 332.543457 0.846392 
545.676208 382.506714 0.882479 
525.136353 136.981033 0.943415 
536.913574 138.466827 0.889541 
0.000000 0.000000 0.000000 
555.959290 145.851273 0.853277 
