22
1
18
542.770264 159.028809 0.906714 
513.384644 195.814774 0.756002 
523.612976 201.691376 0.865914 
525.179199 245.798950 0.825414 
536.898743 276.620819 0.946427 
508.923157 192.886307 0.610324 
467.807281 207.597702 0.127493 
0.000000 0.000000 0.000000 
517.795593 266.393677 0.713137 
522.185852 313.459290 0.808347 
510.491028 361.916718 0.783946 
506.026459 264.853943 0.659499 
511.942688 311.986969 0.775478 
511.880127 357.563263 0.668502 
535.476929 154.603943 0.863773 
0.000000 0.000000 0.000000 
522.171448 157.585571 0.797350 
0.000000 0.000000 0.000000 
18
542.753967 158.967850 0.915502 
513.358521 195.808426 0.788604 
523.608276 201.695953 0.888265 
525.187012 247.253738 0.828477 
536.904297 276.654053 0.956017 
507.469116 192.879684 0.620161 
466.336304 207.605087 0.126962 
485.387451 197.280884 0.268465 
517.806946 266.385559 0.706055 
522.158875 314.868317 0.813108 
510.483521 360.483582 0.811075 
504.567108 263.476746 0.663872 
511.907013 311.973938 0.783755 
511.846771 357.532471 0.672494 
535.450806 153.151459 0.873854 
0.000000 0.000000 0.000000 
522.200378 158.973602 0.810099 
0.000000 0.000000 0.000000 
18
541.324097 157.635208 0.918149 
511.971222 195.781509 0.801092 
523.600281 203.105164 0.890883 
525.191956 248.700958 0.832998 
536.918335 276.658234 0.951643 
506.015869 192.826797 0.618166 
464.938904 207.567123 0.171724 
483.966034 198.756439 0.300110 
517.781921 266.361633 0.701855 
522.176331 313.422546 0.824362 
510.467651 360.483521 0.812061 
503.100189 263.459412 0.672118 
511.897949 311.943329 0.784995 
511.846771 357.530975 0.672076 
535.428406 153.154587 0.886521 
0.000000 0.000000 0.000000 
522.173767 157.618149 0.822410 
0.000000 0.000000 0.000000 
18
542.738159 157.592590 0.921710 
511.978668 195.822708 0.794190 
523.608948 203.109192 0.894654 
525.193298 248.697815 0.839427 
536.884949 276.641815 0.964033 
506.021484 192.869415 0.628959 
466.367493 207.591476 0.112829 
0.000000 0.000000 0.000000 
517.794983 266.409210 0.707966 
522.120422 314.862396 0.805972 
510.466187 360.446075 0.835535 
503.084167 264.862061 0.695167 
511.864777 311.973602 0.775056 
510.464386 357.459534 0.642396 
535.425537 151.685379 0.888021 
0.000000 0.000000 0.000000 
522.161316 157.620728 0.815850 
0.000000 0.000000 0.000000 
18
542.750854 157.568726 0.930070 
513.394226 195.828796 0.782466 
523.617188 203.115784 0.895775 
525.168091 248.682571 0.836981 
536.873840 276.638306 0.961279 
508.912292 192.888382 0.645841 
0.000000 0.000000 0.000000 
0.000000 0.000000 0.000000 
517.772583 267.821198 0.709438 
519.230591 316.347870 0.752270 
510.466644 360.473785 0.813985 
504.551361 264.860260 0.669855 
511.895691 313.402557 0.728007 
510.471222 356.071075 0.640389 
535.417847 150.258240 0.890980 
0.000000 0.000000 0.000000 
522.142273 157.614883 0.803526 
0.000000 0.000000 0.000000 
18
542.753296 157.539154 0.927928 
514.819153 197.239487 0.762543 
523.613892 203.118896 0.895188 
525.148499 248.726593 0.852596 
535.504700 276.692017 0.951019 
508.962128 194.283051 0.651887 
0.000000 0.000000 0.000000 
0.000000 0.000000 0.000000 
517.778992 267.842621 0.707934 
516.335144 317.799957 0.739563 
510.488678 360.489563 0.814739 
504.550690 264.872803 0.669891 
511.908905 313.419830 0.708224 
511.859100 356.057007 0.658331 
535.410645 150.231445 0.894724 
0.000000 0.000000 0.000000 
522.125488 157.625610 0.789918 
0.000000 0.000000 0.000000 
18
542.766785 157.598648 0.939424 
513.413574 195.773376 0.770907 
522.249573 201.685913 0.863873 
526.584045 248.740295 0.823070 
536.892334 281.060913 0.881562 
508.953827 192.828125 0.641885 
472.196564 206.126038 0.053327 
0.000000 0.000000 0.000000 
514.830444 266.344391 0.705093 
517.793457 314.886536 0.714149 
510.461639 360.493317 0.779013 
504.547546 263.409546 0.616013 
513.367432 311.975983 0.678714 
511.861542 357.495087 0.662378 
535.432251 151.707855 0.888786 
0.000000 0.000000 0.000000 
522.157715 158.978912 0.805895 
0.000000 0.000000 0.000000 
18
542.788147 157.528839 0.925988 
516.298584 197.241272 0.751489 
523.616577 203.146088 0.895364 
523.719360 248.710175 0.862770 
542.743042 276.597656 0.938579 
510.440796 194.280930 0.649985 
508.965515 235.504868 0.072425 
0.000000 0.000000 0.000000 
517.792480 266.392883 0.719099 
517.806030 317.810242 0.730002 
510.471741 360.503510 0.776288 
508.908813 264.848816 0.646621 
511.970428 313.443207 0.721438 
511.858551 357.508789 0.687655 
535.444885 150.223068 0.886180 
0.000000 0.000000 0.000000 
522.202454 158.973694 0.809377 
0.000000 0.000000 0.000000 
18
542.788757 157.519073 0.914384 
517.807251 194.378632 0.740944 
522.181763 201.659607 0.819408 
525.187805 242.828415 0.832073 
557.448486 263.400543 0.950068 
513.399963 192.850967 0.638654 
532.463806 236.972427 0.321327 
555.951355 253.083282 0.485693 
513.409302 264.869995 0.767109 
516.336060 313.432343 0.759180 
510.477142 360.518707 0.810949 
510.398743 261.958588 0.617353 
516.316223 311.927032 0.628726 
511.864410 356.053162 0.618230 
535.458252 150.214127 0.881099 
0.000000 0.000000 0.000000 
522.236450 157.602417 0.839504 
0.000000 0.000000 0.000000 
18
541.294067 156.083145 0.883684 
516.303772 194.363846 0.742931 
520.728760 201.637833 0.786710 
526.623413 242.817947 0.820006 
563.396790 241.346741 0.858286 
513.400574 192.853958 0.669200 
533.950256 225.178909 0.663544 
558.954834 228.167419 0.864799 
514.816895 264.878174 0.752606 
519.224609 311.983368 0.768454 
510.473602 359.061523 0.802973 
507.497650 261.961853 0.609018 
517.752319 310.495758 0.631776 
510.488647 356.049866 0.639312 
535.399841 148.741013 0.903023 
0.000000 0.000000 0.000000 
522.176819 157.576996 0.825868 
0.000000 0.000000 0.000000 
18
538.347412 157.495346 0.922478 
516.288208 194.387695 0.771906 
517.795959 200.202118 0.785773 
535.433899 241.306671 0.995018 
566.291260 220.775772 0.837089 
516.317932 192.883179 0.711826 
538.363525 216.392456 0.555625 
560.461731 214.894302 0.753436 
514.834229 264.953644 0.745074 
517.776062 313.439636 0.740188 
510.484741 360.471436 0.799660 
511.920135 263.444824 0.618273 
516.308228 311.945953 0.633379 
511.887268 356.034241 0.631943 
533.982361 150.207291 0.884550 
0.000000 0.000000 0.000000 
520.751038 157.587845 0.813411 
0.000000 0.000000 0.000000 
18
536.903015 157.493698 0.910736 
513.400330 194.363129 0.799996 
519.268372 201.638199 0.786010 
545.776550 236.934433 0.966670 
567.760559 206.092056 0.827567 
511.884338 192.842773 0.705478 
538.391174 207.556656 0.575536 
560.444214 204.566132 0.740740 
516.322876 264.944092 0.746424 
519.265442 313.389862 0.747804 
510.476471 360.449585 0.777195 
508.961823 263.401215 0.662400 
514.829285 311.896362 0.671723 
511.879883 356.053162 0.649942 
533.919250 150.245514 0.865048 
0.000000 0.000000 0.000000 
519.274658 158.999664 0.794945 
0.000000 0.000000 0.000000 
18
536.880859 157.589554 0.968139 
519.230042 192.889587 0.790160 
514.862000 195.833908 0.782167 
555.979370 228.201599 0.955380 
560.413879 203.152786 0.716714 
522.168091 191.395844 0.737293 
544.243774 211.954178 0.440509 
558.927979 195.840729 0.799688 
517.779602 264.893402 0.744195 
519.221313 313.444611 0.734356 
510.491089 360.513000 0.757048 
513.369934 263.415802 0.617266 
516.333008 311.948181 0.650855 
511.895020 357.479675 0.657100 
533.930237 154.616638 0.886066 
0.000000 0.000000 0.000000 
520.718262 159.019623 0.824823 
0.000000 0.000000 0.000000 
18
535.495972 158.984909 0.959607 
517.757385 192.887833 0.767750 
516.300232 197.292419 0.742158 
557.498413 226.678162 0.988203 
558.930420 192.868103 0.751624 
520.686768 191.340118 0.654421 
538.363342 204.613327 0.292622 
556.015747 191.397476 0.667719 
519.231445 264.935852 0.744241 
517.790161 314.907837 0.721999 
511.843414 361.913483 0.763901 
511.897766 263.443878 0.628011 
514.863098 311.999481 0.656681 
511.908722 357.473602 0.668183 
533.898987 156.045822 0.898752 
0.000000 0.000000 0.000000 
517.800659 159.030167 0.814243 
0.000000 0.000000 0.000000 
18
535.464111 157.624359 0.977000 
516.325623 192.855103 0.760473 
513.413574 197.261261 0.767346 
557.548950 223.708817 0.930775 
557.546570 191.340530 0.818726 
520.742554 189.930283 0.658168 
535.447388 197.327850 0.228737 
0.000000 0.000000 0.000000 
519.225708 264.921478 0.731612 
517.789490 314.901581 0.732784 
510.496155 360.507477 0.784262 
513.378723 263.451599 0.609954 
516.298340 312.002930 0.655558 
511.906525 356.073456 0.652079 
532.494446 154.650528 0.892615 
0.000000 0.000000 0.000000 
517.764893 159.058609 0.816107 
0.000000 0.000000 0.000000 
18
535.468506 157.612778 0.980315 
516.303833 192.878403 0.739288 
516.306580 197.271072 0.745406 
558.918701 220.788895 0.918303 
557.406982 189.913376 0.881006 
519.234009 191.358826 0.608766 
533.999451 197.284378 0.165591 
0.000000 0.000000 0.000000 
520.662109 264.884521 0.749960 
519.260193 313.444672 0.752908 
510.485229 360.474762 0.780701 
511.929718 263.416412 0.629726 
516.324829 311.956604 0.667187 
511.914215 356.068512 0.668099 
532.486511 154.628326 0.888760 
539.850586 148.795731 0.054452 
516.300293 159.047668 0.828415 
0.000000 0.000000 0.000000 
18
535.460327 158.995132 0.983970 
514.860718 192.881897 0.733947 
514.832825 197.260651 0.759264 
558.939148 219.367767 0.912917 
555.992615 189.881500 0.882799 
519.229736 191.349289 0.581713 
533.980164 195.811081 0.131775 
0.000000 0.000000 0.000000 
519.266357 264.873962 0.740652 
520.674866 313.435120 0.755566 
510.476013 360.500488 0.768528 
511.946106 263.416656 0.610310 
516.313049 311.947266 0.659036 
511.912018 357.476898 0.663990 
532.469238 156.063278 0.897830 
538.364746 150.228577 0.063879 
514.822205 159.063614 0.847276 
0.000000 0.000000 0.000000 
18
535.426025 159.045685 0.988596 
513.425598 192.898453 0.747268 
516.325867 197.267059 0.749834 
558.974915 219.299393 0.915297 
554.509583 189.918152 0.894483 
514.847412 191.367798 0.565363 
533.882507 195.866882 0.103232 
0.000000 0.000000 0.000000 
520.681213 264.851624 0.754981 
520.722656 313.412415 0.767090 
510.470001 360.479187 0.762526 
511.859894 263.387939 0.645028 
514.852661 311.925110 0.689139 
511.903839 357.472687 0.670830 
532.442200 156.116394 0.904984 
536.898621 151.705200 0.080013 
513.404175 159.083420 0.854970 
0.000000 0.000000 0.000000 
18
535.406311 159.094284 0.961914 
513.358459 194.262650 0.766941 
517.793579 197.290756 0.746031 
558.950195 219.296600 0.927007 
551.625061 189.877899 0.898712 
510.436920 191.405243 0.584636 
533.854675 195.791458 0.089126 
0.000000 0.000000 0.000000 
520.715759 264.881897 0.775959 
519.244995 314.916351 0.734620 
510.462372 360.520996 0.757072 
510.397217 263.403656 0.676408 
513.388733 312.000519 0.694743 
511.915131 357.524384 0.687305 
532.442322 157.499786 0.919045 
0.000000 0.000000 0.000000 
513.419678 159.081345 0.851445 
0.000000 0.000000 0.000000 
18
535.420349 159.058838 0.968366 
513.361572 194.258713 0.764247 
517.757813 197.288177 0.746493 
558.933350 217.941757 0.913144 
551.615479 191.328445 0.910588 
510.448700 191.395569 0.575890 
533.870667 195.842728 0.087154 
0.000000 0.000000 0.000000 
520.716187 264.907623 0.767953 
519.232910 314.921265 0.727316 
510.474579 361.930878 0.746886 
510.432526 263.428284 0.665797 
513.392151 313.390350 0.688222 
511.910309 357.540588 0.682896 
532.463074 156.112030 0.912055 
0.000000 0.000000 0.000000 
514.846069 159.057846 0.847584 
0.000000 0.000000 0.000000 
18
535.447632 159.033051 0.956590 
513.367065 194.265305 0.757573 
517.775146 197.291977 0.746202 
558.969971 217.923904 0.894165 
551.592346 191.347244 0.923188 
510.434113 191.408279 0.565627 
533.873535 195.808228 0.078758 
0.000000 0.000000 0.000000 
520.702515 264.884552 0.760680 
519.258972 313.471100 0.735245 
510.489502 360.522034 0.753785 
510.415894 263.409698 0.664179 
513.408142 311.967560 0.690833 
511.926544 357.523193 0.682186 
532.483154 156.086243 0.902603 
0.000000 0.000000 0.000000 
514.856873 159.053802 0.844754 
0.000000 0.000000 0.000000 
18
535.478577 159.023468 0.942945 
513.347595 194.267639 0.766534 
519.247314 197.300919 0.747627 
558.967468 217.900879 0.900994 
550.164185 191.335785 0.926145 
508.949402 191.407227 0.581687 
532.416992 195.848526 0.072551 
0.000000 0.000000 0.000000 
520.681946 264.862244 0.764989 
520.711975 313.407837 0.768355 
510.472870 360.481995 0.753499 
510.376709 263.383514 0.660716 
513.424683 311.904388 0.698941 
511.907013 357.503754 0.677178 
532.503418 156.075073 0.900452 
0.000000 0.000000 0.000000 
516.289917 159.053879 0.836537 
0.000000 0.000000 0.000000 
