35
1
18
628.089355 125.234818 0.866903 
591.252625 156.092575 0.840410 
597.180542 160.537674 0.828410 
595.767944 213.440079 0.835318 
606.045959 253.135941 0.903861 
580.991333 148.750641 0.790970 
0.000000 0.000000 0.000000 
0.000000 0.000000 0.000000 
583.979553 241.394379 0.726100 
582.526123 297.198364 0.860163 
578.041382 347.189148 0.786648 
572.190796 238.431885 0.679189 
573.651855 292.859406 0.671963 
575.111694 344.248505 0.622706 
626.588074 122.227463 0.887079 
0.000000 0.000000 0.000000 
613.321045 122.323380 0.885908 
0.000000 0.000000 0.000000 
18
628.097168 126.727837 0.845254 
591.289185 156.053253 0.845887 
597.214600 160.520615 0.821571 
597.202576 213.450546 0.843449 
606.029785 253.156219 0.895788 
581.008179 147.327606 0.807109 
0.000000 0.000000 0.000000 
0.000000 0.000000 0.000000 
585.401306 241.358597 0.731000 
582.554138 297.189484 0.861482 
578.068542 347.186859 0.796388 
573.646545 238.396942 0.657907 
573.642395 291.362488 0.711127 
572.213928 342.827393 0.663019 
627.970154 122.303772 0.901310 
0.000000 0.000000 0.000000 
613.347107 122.349815 0.898117 
0.000000 0.000000 0.000000 
18
628.099426 126.732307 0.847521 
591.293823 156.052658 0.842241 
598.625732 160.512482 0.821575 
597.209106 214.854797 0.847378 
606.030334 253.178391 0.899711 
581.009338 147.324921 0.800003 
0.000000 0.000000 0.000000 
0.000000 0.000000 0.000000 
585.448975 241.367645 0.729413 
583.944641 297.219330 0.871195 
578.046326 347.197601 0.804783 
575.099731 238.416855 0.655554 
573.679993 291.366180 0.695619 
572.197754 342.792511 0.652855 
627.972778 122.306602 0.901157 
0.000000 0.000000 0.000000 
613.362915 122.350487 0.892217 
0.000000 0.000000 0.000000 
18
628.092896 128.151459 0.853096 
591.310242 156.042130 0.842886 
598.660706 160.507797 0.823727 
598.667603 213.441376 0.843227 
606.072571 253.174591 0.903623 
581.016846 147.308868 0.804595 
0.000000 0.000000 0.000000 
0.000000 0.000000 0.000000 
588.350525 241.353851 0.729915 
583.970886 297.223969 0.863672 
576.613770 347.199738 0.802635 
575.145325 238.397156 0.649421 
575.109924 289.935516 0.707845 
572.186829 341.365631 0.649608 
627.969727 122.318581 0.901915 
0.000000 0.000000 0.000000 
613.363098 123.690559 0.893105 
0.000000 0.000000 0.000000 
18
628.100708 126.710403 0.858241 
591.318054 156.040329 0.848700 
598.670166 160.502945 0.824685 
600.107056 214.852890 0.832264 
608.941467 253.191925 0.854201 
581.023621 147.314819 0.808019 
0.000000 0.000000 0.000000 
0.000000 0.000000 0.000000 
586.882874 239.948517 0.723787 
583.969543 297.208069 0.864377 
578.042419 347.202881 0.811598 
573.649780 236.962021 0.655572 
573.664368 289.888092 0.735652 
572.176880 341.353638 0.651808 
627.968079 122.296989 0.901481 
0.000000 0.000000 0.000000 
613.362305 123.687622 0.890060 
0.000000 0.000000 0.000000 
18
628.103699 126.685776 0.859052 
592.684570 154.643600 0.846382 
600.094788 160.499588 0.828005 
601.591736 214.858200 0.837129 
608.957214 253.135254 0.865151 
581.039673 147.297150 0.797569 
0.000000 0.000000 0.000000 
0.000000 0.000000 0.000000 
589.798035 241.351547 0.732959 
583.969666 297.264008 0.864630 
578.029541 347.209290 0.810766 
573.679871 238.393875 0.670778 
573.645203 289.925385 0.745884 
572.168030 342.795227 0.670259 
627.970520 122.280319 0.895323 
0.000000 0.000000 0.000000 
613.363342 122.344963 0.888140 
0.000000 0.000000 0.000000 
18
629.463196 125.237801 0.858010 
592.739929 154.649567 0.863499 
601.574036 160.530212 0.832253 
601.587341 214.862366 0.850240 
611.896606 253.100174 0.869163 
582.441223 147.279388 0.785282 
595.740051 167.845642 0.050392 
0.000000 0.000000 0.000000 
591.257385 241.343277 0.732602 
583.953125 297.247559 0.858093 
576.577576 347.236267 0.801321 
578.057251 238.397491 0.654956 
573.652283 288.485626 0.732306 
572.207275 342.814240 0.631486 
627.983398 122.237846 0.885526 
0.000000 0.000000 0.000000 
614.775696 122.337166 0.895891 
0.000000 0.000000 0.000000 
18
629.477234 123.823723 0.860648 
592.781006 156.058075 0.863887 
603.017700 160.483582 0.841189 
603.034851 214.853531 0.869918 
613.330383 253.150406 0.884198 
582.481079 147.321793 0.787621 
0.000000 0.000000 0.000000 
0.000000 0.000000 0.000000 
591.274597 241.360428 0.743638 
583.968201 298.657471 0.867753 
576.607178 347.224670 0.802766 
575.138733 238.408859 0.678189 
572.191162 288.492737 0.768307 
572.165894 342.795898 0.656524 
627.994019 120.827614 0.863816 
0.000000 0.000000 0.000000 
614.811523 122.300240 0.909608 
0.000000 0.000000 0.000000 
18
629.528931 123.828598 0.897741 
594.224365 154.651855 0.845747 
604.478088 159.090103 0.879718 
603.072021 213.460159 0.872637 
613.322449 253.144531 0.875508 
583.947083 147.304459 0.760309 
0.000000 0.000000 0.000000 
0.000000 0.000000 0.000000 
591.289673 241.348221 0.752377 
583.937378 297.254395 0.859436 
575.137451 347.226105 0.809863 
578.031860 238.386200 0.666454 
573.671875 289.880371 0.737310 
572.194458 341.351715 0.624961 
628.034485 120.826012 0.887106 
0.000000 0.000000 0.000000 
616.224182 122.281448 0.912021 
0.000000 0.000000 0.000000 
18
632.483765 123.767349 0.864807 
595.694275 154.622955 0.809037 
604.554565 160.483322 0.888537 
604.500000 214.875839 0.878060 
611.855469 253.176117 0.864590 
585.447693 147.267822 0.728495 
0.000000 0.000000 0.000000 
0.000000 0.000000 0.000000 
591.285645 241.348419 0.761202 
582.542786 297.250000 0.868257 
576.606750 347.200073 0.793440 
576.616882 236.963486 0.654671 
573.673035 291.376984 0.713467 
572.205017 342.824097 0.652493 
629.551575 119.362816 0.865592 
0.000000 0.000000 0.000000 
616.340027 122.288437 0.949085 
0.000000 0.000000 0.000000 
18
638.333618 123.833038 0.883691 
598.629883 154.638382 0.803790 
606.063171 159.109619 0.865694 
604.582458 214.886002 0.885670 
610.398132 254.607178 0.862094 
589.799622 147.297760 0.756791 
0.000000 0.000000 0.000000 
0.000000 0.000000 0.000000 
591.255737 241.339050 0.756746 
582.500488 297.237091 0.867380 
576.593445 345.820282 0.783081 
573.682556 235.484726 0.662788 
572.226440 289.938751 0.713392 
572.176208 341.369995 0.661074 
633.910095 120.826668 0.869175 
0.000000 0.000000 0.000000 
617.845398 122.289497 0.930443 
0.000000 0.000000 0.000000 
18
641.243774 125.278351 0.889483 
603.046509 154.648193 0.838398 
610.411926 159.075180 0.820279 
606.023682 214.907715 0.886774 
608.959778 254.630875 0.851736 
592.765381 147.328400 0.794347 
0.000000 0.000000 0.000000 
0.000000 0.000000 0.000000 
588.350769 241.325684 0.742796 
582.456299 297.240387 0.874626 
578.032227 347.189087 0.792898 
572.213257 235.484528 0.681678 
570.762512 291.383789 0.746410 
570.771545 342.833984 0.692644 
639.749878 122.251587 0.913511 
0.000000 0.000000 0.000000 
626.572571 123.693123 0.915284 
0.000000 0.000000 0.000000 
18
647.185059 132.529190 0.807779 
606.002136 156.075119 0.873138 
616.284424 159.113770 0.885881 
607.487671 216.303070 0.873216 
607.502380 256.061523 0.849245 
594.309204 147.341736 0.791144 
591.292847 194.335175 0.060338 
0.000000 0.000000 0.000000 
585.406677 239.917130 0.763687 
582.418152 298.640198 0.861502 
573.682556 347.219482 0.801787 
570.750183 232.558533 0.667472 
575.104614 295.765594 0.674631 
573.682434 344.238403 0.626241 
644.244568 123.790131 0.859371 
0.000000 0.000000 0.000000 
630.968384 125.207474 0.912575 
0.000000 0.000000 0.000000 
18
653.039551 137.009109 0.812227 
613.338989 157.591904 0.877655 
619.276978 164.921158 0.800287 
608.977478 216.424789 0.887295 
607.496460 260.502899 0.838005 
603.071411 150.207077 0.763756 
592.791077 201.660004 0.066055 
0.000000 0.000000 0.000000 
582.526611 239.891708 0.810140 
581.020264 297.260590 0.841344 
573.660095 347.248566 0.798710 
569.225525 231.095428 0.704116 
573.645813 295.766602 0.687423 
578.040466 344.243927 0.637018 
651.634460 133.968475 0.842975 
0.000000 0.000000 0.000000 
641.229614 132.561523 0.918997 
0.000000 0.000000 0.000000 
18
661.830627 145.866196 0.831731 
616.341187 159.071762 0.913483 
627.985779 169.346878 0.852181 
614.787659 219.340836 0.889234 
606.047791 264.939819 0.871927 
606.039063 151.683456 0.791650 
585.435852 192.881165 0.067300 
0.000000 0.000000 0.000000 
582.436340 238.380783 0.768194 
580.983215 295.741760 0.793710 
573.687988 347.239410 0.779315 
564.843994 228.134048 0.714602 
572.166077 289.907837 0.681508 
576.579468 342.830383 0.619630 
660.417358 139.937042 0.810092 
0.000000 0.000000 0.000000 
648.599548 137.026001 0.850953 
0.000000 0.000000 0.000000 
18
664.861877 157.578674 0.864625 
620.710571 167.854324 0.889225 
629.580261 179.582169 0.833200 
614.752930 228.062454 0.901818 
605.940002 267.873444 0.848274 
611.893372 157.533234 0.804482 
0.000000 0.000000 0.000000 
0.000000 0.000000 0.000000 
581.017639 235.515900 0.727933 
580.924744 295.740906 0.794903 
573.679199 347.261169 0.793148 
560.457886 226.645065 0.709763 
569.275452 289.871155 0.631622 
576.588074 341.337280 0.539344 
664.852844 150.210175 0.836164 
0.000000 0.000000 0.000000 
653.072510 147.307419 0.945548 
0.000000 0.000000 0.000000 
18
667.731445 170.751160 0.829592 
627.970825 170.867310 0.895662 
633.935852 182.574615 0.815637 
614.846985 229.638458 0.931155 
603.077454 275.150085 0.840680 
617.735474 161.966339 0.811325 
0.000000 0.000000 0.000000 
0.000000 0.000000 0.000000 
581.022156 238.421432 0.734601 
578.085388 297.218506 0.738305 
575.098206 347.246490 0.781623 
560.474976 228.092285 0.701179 
573.639526 295.741669 0.696946 
579.490051 344.247040 0.672989 
669.245544 163.440628 0.772305 
0.000000 0.000000 0.000000 
658.937317 157.604263 0.904103 
0.000000 0.000000 0.000000 
18
670.686279 181.139297 0.730187 
629.475586 179.596512 0.906294 
638.352661 191.382584 0.840952 
614.801208 236.953278 0.883731 
597.175842 278.110809 0.846204 
620.720398 167.809174 0.738091 
0.000000 0.000000 0.000000 
0.000000 0.000000 0.000000 
579.494141 236.964523 0.656473 
575.125427 295.756775 0.684492 
575.121033 347.239899 0.750208 
559.021362 225.210037 0.696661 
575.118835 292.828064 0.640532 
579.492859 342.817993 0.645228 
673.645935 173.773376 0.727515 
0.000000 0.000000 0.000000 
663.377930 169.261673 0.958118 
0.000000 0.000000 0.000000 
18
669.257080 191.359207 0.599230 
631.013428 182.638031 0.850021 
639.812561 195.810059 0.870406 
613.357666 241.388367 0.893590 
594.243774 284.017517 0.918143 
626.578796 172.259567 0.754357 
0.000000 0.000000 0.000000 
0.000000 0.000000 0.000000 
573.676208 231.115768 0.643105 
572.171509 295.734863 0.794470 
575.111511 347.266937 0.810741 
559.012512 220.813507 0.661975 
573.654480 291.365509 0.508935 
579.536133 341.325104 0.564623 
673.652405 182.604477 0.680513 
0.000000 0.000000 0.000000 
664.805420 179.605087 0.947992 
0.000000 0.000000 0.000000 
18
672.132935 194.408585 0.589831 
632.482117 188.452621 0.812314 
641.236572 201.689651 0.850366 
613.322083 244.324890 0.872739 
592.814819 286.910980 0.961521 
628.029968 175.228439 0.724564 
0.000000 0.000000 0.000000 
0.000000 0.000000 0.000000 
570.694031 231.058838 0.655223 
570.722778 291.387543 0.859686 
575.132751 347.233612 0.805608 
560.415039 222.269043 0.624928 
579.538147 289.899139 0.546263 
578.084229 341.354279 0.552244 
673.632446 192.795486 0.664725 
0.000000 0.000000 0.000000 
664.842285 184.026398 0.913702 
0.000000 0.000000 0.000000 
18
672.131348 204.650070 0.686607 
635.410339 192.840866 0.852448 
641.301086 204.654266 0.921827 
610.437317 248.707596 0.872190 
591.317627 288.388580 0.901022 
629.475159 181.081436 0.746508 
0.000000 0.000000 0.000000 
0.000000 0.000000 0.000000 
567.789307 231.086990 0.645947 
570.664124 292.829620 0.835721 
573.658630 347.236237 0.791902 
560.423950 225.203140 0.612715 
580.953979 291.355438 0.614179 
578.083496 342.837280 0.575208 
675.085327 200.187363 0.707948 
0.000000 0.000000 0.000000 
666.275696 192.800980 0.934022 
0.000000 0.000000 0.000000 
18
670.692505 210.492706 0.646776 
638.311951 194.342087 0.852950 
641.307617 206.106155 0.912336 
611.858398 250.158432 0.872744 
591.264465 288.369110 0.873255 
631.018921 182.625015 0.714513 
0.000000 0.000000 0.000000 
0.000000 0.000000 0.000000 
569.205994 231.067169 0.670917 
570.707642 292.805939 0.831274 
573.626831 347.240875 0.785786 
560.395630 223.743271 0.616886 
581.005310 289.913544 0.670513 
579.559509 342.815552 0.629963 
675.064453 206.041321 0.764402 
0.000000 0.000000 0.000000 
666.291382 194.362595 0.956699 
0.000000 0.000000 0.000000 
18
673.574219 213.407745 0.739190 
638.344910 195.776291 0.851015 
641.299988 207.533112 0.889421 
610.404968 251.612793 0.889173 
591.228821 288.386383 0.855051 
632.447083 184.060837 0.718773 
0.000000 0.000000 0.000000 
0.000000 0.000000 0.000000 
567.764526 231.090805 0.676387 
570.708740 292.815247 0.823593 
572.231018 347.249115 0.795788 
559.005432 225.212509 0.612625 
581.020813 291.335815 0.678344 
579.554382 342.843109 0.635999 
675.092896 206.106735 0.848500 
0.000000 0.000000 0.000000 
666.283691 195.807098 0.936425 
0.000000 0.000000 0.000000 
18
673.642822 211.982910 0.770179 
639.737549 195.767380 0.843350 
641.343994 206.133728 0.894556 
611.852478 251.587158 0.872354 
589.800110 288.405029 0.841818 
632.480225 184.063629 0.699359 
0.000000 0.000000 0.000000 
0.000000 0.000000 0.000000 
567.770508 231.081512 0.671952 
570.702759 291.386230 0.813934 
572.222229 347.236877 0.789801 
559.007385 225.197723 0.613480 
581.012451 289.900818 0.679162 
579.557800 342.842926 0.645604 
675.135132 206.086136 0.873216 
0.000000 0.000000 0.000000 
666.308167 195.786697 0.934543 
0.000000 0.000000 0.000000 
18
673.655334 209.061172 0.736596 
639.742798 194.340134 0.866205 
642.751465 206.097244 0.898357 
610.437683 248.742996 0.861137 
591.246582 286.999481 0.840783 
632.442871 182.613785 0.711488 
0.000000 0.000000 0.000000 
0.000000 0.000000 0.000000 
569.233826 229.649918 0.654676 
570.744263 291.354248 0.829301 
572.196838 347.258392 0.802765 
560.428711 222.269135 0.597246 
581.034790 289.899353 0.656905 
579.543396 342.844177 0.637187 
675.163025 206.026382 0.836344 
0.000000 0.000000 0.000000 
667.744019 194.321548 0.943471 
0.000000 0.000000 0.000000 
18
673.611755 204.661789 0.775437 
638.343811 192.839218 0.871065 
642.751038 204.600525 0.894404 
613.308105 245.783844 0.854752 
592.675415 286.925537 0.918569 
630.977417 181.119507 0.728636 
0.000000 0.000000 0.000000 
0.000000 0.000000 0.000000 
570.721741 231.106659 0.650076 
570.725464 291.368378 0.799391 
573.626160 347.293793 0.787827 
558.955627 222.263458 0.644451 
576.597046 289.929718 0.565709 
580.948792 342.825470 0.627440 
675.137268 200.207581 0.777990 
0.000000 0.000000 0.000000 
666.309937 192.777695 0.922199 
0.000000 0.000000 0.000000 
18
672.133301 198.749512 0.569016 
636.848083 188.412338 0.791538 
642.776733 198.754730 0.830144 
614.791809 241.390854 0.912308 
592.754028 285.462067 0.937700 
629.483765 178.144440 0.703304 
0.000000 0.000000 0.000000 
0.000000 0.000000 0.000000 
570.717834 231.094437 0.663703 
570.715271 291.377869 0.812887 
573.661804 347.252258 0.793971 
558.967590 222.250519 0.634165 
576.605042 289.917877 0.551255 
579.509277 342.799988 0.580548 
675.072021 194.276978 0.706974 
0.000000 0.000000 0.000000 
666.297424 184.074890 0.923319 
0.000000 0.000000 0.000000 
18
672.170227 192.809677 0.661352 
635.379517 182.611893 0.841929 
642.731995 194.353973 0.864558 
614.820190 239.874146 0.915695 
592.827759 282.544403 0.920767 
626.604492 172.281799 0.763091 
0.000000 0.000000 0.000000 
0.000000 0.000000 0.000000 
572.225159 234.025894 0.646504 
572.168396 292.813293 0.782363 
573.655701 347.238556 0.792687 
558.975891 225.173874 0.649122 
576.574463 291.341736 0.494539 
579.524292 341.337982 0.571481 
675.090393 185.498978 0.703036 
0.000000 0.000000 0.000000 
664.883118 179.648041 0.934439 
0.000000 0.000000 0.000000 
18
675.028320 181.144882 0.880797 
630.993652 181.006821 0.877139 
641.251160 189.940948 0.852368 
614.824158 234.026718 0.876429 
594.279907 276.712891 0.926475 
623.664307 169.324921 0.749314 
0.000000 0.000000 0.000000 
0.000000 0.000000 0.000000 
573.656860 235.492416 0.646658 
573.683533 291.380859 0.735600 
573.670959 347.219666 0.747635 
560.427429 225.182022 0.641460 
576.602844 289.917053 0.564027 
580.936401 342.815430 0.642422 
675.120300 175.203674 0.866410 
0.000000 0.000000 0.000000 
664.772949 169.330933 0.977271 
0.000000 0.000000 0.000000 
18
672.140747 170.793198 0.834398 
628.093628 172.255768 0.907357 
639.773193 182.580841 0.867275 
614.834412 229.575882 0.919088 
595.690308 273.732666 0.886273 
617.803162 162.001343 0.801446 
0.000000 0.000000 0.000000 
0.000000 0.000000 0.000000 
579.499023 234.017120 0.638285 
579.526917 289.889984 0.688680 
575.137024 347.189240 0.687795 
561.888000 223.747589 0.673266 
575.144958 289.882690 0.649512 
579.492676 344.289734 0.683001 
673.599182 164.945129 0.814852 
0.000000 0.000000 0.000000 
663.257935 159.033615 0.945899 
0.000000 0.000000 0.000000 
18
669.219055 157.595123 0.809976 
626.526428 169.257843 0.895353 
635.421692 176.703857 0.790538 
613.354858 223.747360 0.855068 
598.672913 266.404205 0.820176 
614.809204 158.990631 0.797539 
0.000000 0.000000 0.000000 
0.000000 0.000000 0.000000 
581.003906 238.397720 0.734788 
579.533386 292.853424 0.737046 
576.567871 347.262177 0.728926 
563.360901 226.660782 0.664473 
573.664978 289.931244 0.554245 
578.035217 344.261139 0.610050 
667.778870 150.251556 0.807853 
0.000000 0.000000 0.000000 
654.556274 148.737473 0.905155 
0.000000 0.000000 0.000000 
18
664.739990 147.356903 0.873089 
620.711609 160.520447 0.864243 
629.599365 170.744659 0.860538 
608.937622 219.336227 0.853954 
601.582214 263.490051 0.842526 
610.398865 154.627319 0.785345 
582.487000 192.885788 0.104582 
0.000000 0.000000 0.000000 
581.036316 238.446396 0.749040 
580.965820 294.302826 0.750116 
576.571777 347.239655 0.727180 
566.319519 228.159317 0.662766 
579.480774 291.341064 0.538464 
578.036194 344.244141 0.608303 
663.352417 144.290802 0.863983 
0.000000 0.000000 0.000000 
651.574707 139.938171 0.867819 
0.000000 0.000000 0.000000 
18
658.918213 141.416428 0.825464 
616.325317 158.971771 0.947808 
628.036560 166.380569 0.841026 
607.489075 216.302780 0.890834 
604.447144 257.544739 0.847691 
604.580139 150.251877 0.798176 
582.481506 192.859573 0.114357 
0.000000 0.000000 0.000000 
582.475647 241.360901 0.797955 
581.050598 298.640656 0.835983 
576.597046 347.265015 0.773972 
567.743591 231.098221 0.639185 
570.775452 294.273651 0.583557 
575.146606 342.832123 0.574688 
656.009216 135.455429 0.867518 
0.000000 0.000000 0.000000 
641.361084 134.016479 0.930275 
0.000000 0.000000 0.000000 
18
651.606750 133.994217 0.916894 
611.860779 156.113632 0.856214 
620.715454 159.104752 0.849206 
606.057007 213.402222 0.859338 
604.574646 253.209000 0.897920 
600.133301 148.786972 0.763833 
573.685425 191.348816 0.214983 
0.000000 0.000000 0.000000 
583.983093 239.933151 0.764231 
582.477478 297.254700 0.860797 
576.596924 347.233337 0.789349 
570.668213 232.549225 0.675223 
573.657593 292.845276 0.650805 
575.136108 342.819092 0.615552 
651.506714 125.231606 0.907628 
0.000000 0.000000 0.000000 
636.890747 125.260979 0.870539 
0.000000 0.000000 0.000000 
18
647.138855 129.608032 0.845881 
605.987061 154.639572 0.867056 
616.345154 159.047867 0.915338 
605.984924 213.400650 0.869412 
606.000916 253.186783 0.904295 
594.254395 147.319641 0.799436 
575.148926 192.839127 0.118769 
0.000000 0.000000 0.000000 
588.345459 239.913254 0.739954 
582.549561 297.236542 0.851092 
576.612427 347.213501 0.785200 
572.164917 232.530930 0.681349 
573.654114 289.939087 0.705036 
573.672119 342.826660 0.631597 
642.759033 122.331848 0.907757 
0.000000 0.000000 0.000000 
629.476563 123.690659 0.951079 
0.000000 0.000000 0.000000 
18
641.221008 125.258911 0.911151 
604.449097 153.134766 0.850341 
613.350586 158.997604 0.859647 
604.564758 211.973846 0.862796 
606.035339 253.089600 0.918798 
592.779053 147.265488 0.805537 
0.000000 0.000000 0.000000 
0.000000 0.000000 0.000000 
591.250244 239.905243 0.737256 
584.002502 297.210236 0.822170 
576.606750 347.203522 0.788089 
575.112915 232.537262 0.665882 
576.600647 289.893372 0.732553 
573.636230 341.359924 0.638504 
638.374084 122.219742 0.906545 
0.000000 0.000000 0.000000 
625.075195 122.291389 0.903949 
0.000000 0.000000 0.000000 
