42
1
18
641.231384 132.520920 0.873309 
604.496338 157.503906 0.883104 
611.899109 160.528061 0.826441 
616.270264 216.399780 0.940069 
626.601440 253.095963 0.892497 
594.209839 150.221466 0.790568 
589.810608 204.646423 0.071166 
0.000000 0.000000 0.000000 
598.660217 242.885056 0.718681 
595.744202 301.628906 0.772411 
585.406494 357.517731 0.854764 
583.957275 239.896606 0.717845 
582.501831 295.756561 0.840608 
572.180542 344.316345 0.729978 
639.793579 123.784882 0.935376 
0.000000 0.000000 0.000000 
628.014160 123.788483 0.945537 
0.000000 0.000000 0.000000 
18
641.263916 132.564926 0.874900 
604.538757 157.522614 0.892908 
614.782776 160.528015 0.836956 
616.289063 216.368774 0.932707 
626.583252 253.121078 0.895833 
594.220032 151.662460 0.790665 
588.335999 204.633514 0.081634 
0.000000 0.000000 0.000000 
601.566895 244.302567 0.719814 
594.307312 301.668518 0.787867 
585.406433 357.523163 0.844526 
583.962891 239.909500 0.732933 
582.469177 294.279266 0.841799 
573.646667 344.304077 0.704129 
639.825256 123.816566 0.924368 
0.000000 0.000000 0.000000 
628.039551 123.792107 0.952190 
0.000000 0.000000 0.000000 
18
641.282898 132.582138 0.878350 
604.548462 157.520721 0.895303 
614.808960 160.537613 0.840438 
616.287354 216.376419 0.930361 
626.544495 253.112015 0.888522 
594.219788 150.246445 0.791695 
589.804993 206.053116 0.079405 
0.000000 0.000000 0.000000 
601.568787 244.293610 0.721544 
594.262207 301.661316 0.805640 
583.996399 357.528381 0.823729 
583.950562 239.901947 0.740860 
582.488647 294.301483 0.843451 
578.053833 344.312164 0.658368 
639.847839 123.829651 0.923557 
0.000000 0.000000 0.000000 
628.059998 123.803482 0.960091 
0.000000 0.000000 0.000000 
18
641.263306 132.588394 0.884876 
604.543762 157.528671 0.904682 
614.838684 160.549271 0.845736 
616.272583 216.358734 0.919884 
625.133240 253.092926 0.882427 
594.197021 150.245773 0.804858 
591.260132 206.048920 0.090511 
0.000000 0.000000 0.000000 
601.575012 244.308960 0.719517 
594.270386 301.656128 0.815207 
583.999146 357.524475 0.829175 
583.934570 239.920807 0.752137 
582.455444 295.738739 0.845258 
576.584900 344.308777 0.670337 
639.834106 123.835541 0.925166 
0.000000 0.000000 0.000000 
628.052856 123.806549 0.953418 
0.000000 0.000000 0.000000 
18
641.258789 132.596939 0.890038 
604.540955 157.523544 0.887275 
614.778015 160.521286 0.836153 
616.273682 216.349686 0.923492 
626.542786 253.106369 0.895626 
594.233826 151.673889 0.788739 
591.279724 206.036804 0.075359 
0.000000 0.000000 0.000000 
601.610107 245.769699 0.713593 
594.276611 303.120911 0.794058 
583.995544 357.530396 0.818416 
583.977112 241.324936 0.728209 
582.480774 295.752838 0.842463 
579.492310 345.748352 0.666833 
639.832581 125.195663 0.923928 
0.000000 0.000000 0.000000 
628.050293 123.800774 0.950804 
0.000000 0.000000 0.000000 
18
641.259949 133.972275 0.901833 
604.536438 157.522583 0.882389 
613.351563 160.513016 0.832148 
616.244080 216.324036 0.911362 
626.529297 253.098938 0.894274 
594.245239 151.683487 0.780105 
591.287292 206.056961 0.072298 
0.000000 0.000000 0.000000 
601.609863 245.763580 0.717317 
594.313110 303.111542 0.787787 
583.997864 357.534363 0.819327 
585.403442 241.333954 0.715033 
582.511169 295.773651 0.834978 
578.048157 345.788879 0.676327 
639.838013 125.221588 0.919872 
0.000000 0.000000 0.000000 
628.053162 123.807526 0.948649 
0.000000 0.000000 0.000000 
18
641.291626 133.967438 0.884371 
604.527832 157.531906 0.890278 
613.363220 160.521378 0.829462 
616.220215 216.297699 0.908792 
625.131470 253.125748 0.890328 
594.228088 151.694778 0.792653 
592.748474 204.631165 0.073836 
0.000000 0.000000 0.000000 
603.067261 247.239838 0.728228 
595.746704 301.699524 0.767759 
585.404968 357.519409 0.796443 
586.875610 241.387848 0.696588 
583.971130 297.209625 0.811784 
579.540100 347.194183 0.681675 
639.867920 125.212334 0.914010 
0.000000 0.000000 0.000000 
628.074036 123.812920 0.952934 
0.000000 0.000000 0.000000 
18
641.363281 134.016876 0.903075 
604.576660 157.550369 0.883471 
614.791260 160.535767 0.838192 
616.209229 216.310303 0.908742 
626.538147 253.102921 0.898057 
594.283142 153.138092 0.772002 
591.282959 206.057159 0.075872 
0.000000 0.000000 0.000000 
604.474915 247.252151 0.728627 
597.211243 303.109680 0.777919 
585.403870 357.545807 0.831354 
588.353821 241.394623 0.700152 
585.402832 298.640442 0.845712 
576.606445 345.724854 0.691835 
641.272522 125.255470 0.903095 
0.000000 0.000000 0.000000 
628.097595 123.822510 0.949093 
0.000000 0.000000 0.000000 
18
644.214294 134.055023 0.890660 
605.936401 157.554321 0.890510 
614.839722 160.552261 0.843783 
614.817627 216.362183 0.907394 
628.024902 251.726395 0.909019 
594.269897 153.132996 0.773523 
592.773987 206.070526 0.087050 
0.000000 0.000000 0.000000 
604.530151 247.237122 0.730940 
604.454163 301.682800 0.819573 
586.861694 357.509338 0.823228 
589.819885 241.407730 0.701048 
588.355042 297.260468 0.812016 
578.031494 342.817902 0.704248 
642.741272 125.274956 0.875957 
0.000000 0.000000 0.000000 
629.508728 125.221481 0.934116 
0.000000 0.000000 0.000000 
18
648.596924 135.524597 0.842065 
605.988831 157.589615 0.886457 
616.238953 162.000809 0.848823 
614.787292 216.359863 0.893170 
629.539124 251.729141 0.918992 
595.691895 153.161880 0.744409 
594.215088 204.611176 0.076658 
0.000000 0.000000 0.000000 
604.582825 245.800476 0.725851 
607.447327 304.605103 0.787488 
589.797363 357.496796 0.860531 
589.826843 241.375381 0.704306 
588.358154 295.745758 0.780159 
576.592285 341.355469 0.732247 
645.719177 129.656723 0.816759 
0.000000 0.000000 0.000000 
631.054626 126.714607 0.868836 
0.000000 0.000000 0.000000 
18
651.524597 137.007874 0.852936 
608.916138 157.606766 0.880769 
617.747437 163.426727 0.846057 
614.757874 216.422363 0.856957 
629.607117 250.153122 0.899832 
598.656982 153.169815 0.740827 
610.386780 210.477295 0.126790 
0.000000 0.000000 0.000000 
605.976929 245.763474 0.731912 
617.739807 298.743866 0.885226 
592.746521 354.550842 0.863955 
589.823730 241.328445 0.718314 
591.290833 291.367706 0.809165 
578.061401 344.265503 0.787053 
650.106689 132.592728 0.886238 
0.000000 0.000000 0.000000 
638.284119 132.535309 0.874081 
0.000000 0.000000 0.000000 
18
654.548584 139.937759 0.804850 
613.334412 157.599640 0.890304 
619.270020 163.434006 0.781131 
614.810852 216.374481 0.872972 
633.924133 248.703278 0.863467 
603.078003 151.710876 0.766471 
614.722839 211.942719 0.182195 
630.968994 211.958084 0.369430 
605.961304 245.803040 0.725893 
625.091797 297.214111 0.846783 
595.680359 351.621155 0.849102 
589.812561 241.379578 0.711858 
591.297974 291.364197 0.814787 
579.522034 344.317169 0.799401 
654.501587 134.067764 0.881065 
0.000000 0.000000 0.000000 
641.263123 134.000534 0.963494 
0.000000 0.000000 0.000000 
18
658.938660 145.748596 0.850714 
617.752014 159.006561 0.972868 
628.048950 166.399323 0.905201 
616.221619 216.397736 0.819394 
636.857788 241.375977 0.866461 
607.460022 153.130783 0.790026 
616.248474 206.085312 0.355280 
636.854431 204.537155 0.856248 
604.515137 242.865356 0.750437 
626.527893 295.771667 0.850728 
606.015625 351.658051 0.866055 
586.910522 239.854401 0.729427 
592.687073 291.343567 0.847925 
580.998291 342.836243 0.814918 
660.406433 135.590118 0.866431 
0.000000 0.000000 0.000000 
648.602173 134.077454 0.892444 
0.000000 0.000000 0.000000 
18
666.279480 145.864105 0.879918 
625.112427 159.007355 0.935313 
633.918701 167.855499 0.821338 
616.326416 216.402954 0.891184 
639.799133 236.927322 0.828117 
613.346619 151.662155 0.781936 
626.550293 189.935593 0.176844 
641.271240 194.396606 0.808981 
605.984436 244.307724 0.769700 
622.159119 298.677917 0.859588 
617.715515 353.117279 0.898096 
586.908203 239.888458 0.708649 
591.289734 294.282745 0.824137 
581.048401 344.307770 0.874818 
666.260376 138.475845 0.833386 
0.000000 0.000000 0.000000 
653.107971 135.571289 0.916617 
0.000000 0.000000 0.000000 
18
673.642395 150.228134 0.740891 
629.575989 159.045670 0.983708 
641.319397 169.273422 0.899851 
639.784729 173.720032 0.063381 
0.000000 0.000000 0.000000 
617.811829 151.705673 0.826273 
641.316345 179.612228 0.249609 
653.092285 185.505875 0.562702 
607.500061 244.343536 0.751899 
620.684143 300.139038 0.879772 
617.770447 354.604797 0.917006 
589.824829 239.910522 0.731302 
592.692200 292.817810 0.833702 
581.055542 344.307098 0.866092 
675.031006 145.814087 0.855895 
0.000000 0.000000 0.000000 
663.379944 142.885406 0.919089 
0.000000 0.000000 0.000000 
18
679.533142 157.535370 0.515140 
639.829529 159.085693 0.991479 
651.625000 169.327393 0.902876 
629.558289 217.812546 0.905514 
647.158752 236.960617 0.777926 
628.056580 153.158890 0.800592 
661.821411 173.749115 0.249834 
673.618896 181.015472 0.525429 
611.895325 242.866547 0.748422 
619.278687 300.135254 0.865814 
617.822388 356.002563 0.896741 
591.245911 238.399048 0.721254 
591.310425 292.827057 0.826112 
581.040039 344.308929 0.863649 
683.891357 148.781540 0.638455 
0.000000 0.000000 0.000000 
673.641174 147.231003 0.974336 
0.000000 0.000000 0.000000 
18
691.257141 159.065536 0.618564 
650.077271 163.426498 0.885677 
663.338501 170.875427 0.873549 
638.370972 220.818893 0.805997 
651.592896 235.502182 0.632828 
633.930847 156.061325 0.765486 
604.460449 185.502823 0.393801 
639.784058 217.812592 0.102075 
613.350098 241.366791 0.763132 
620.695190 298.660309 0.846135 
617.833984 354.598358 0.889759 
591.252686 231.065521 0.744516 
591.309265 288.490540 0.831518 
581.060303 344.293396 0.860584 
691.310303 156.071030 0.663845 
0.000000 0.000000 0.000000 
683.911804 150.203217 0.861378 
0.000000 0.000000 0.000000 
18
700.090759 169.260788 0.713283 
660.375061 169.267868 0.909481 
675.061829 179.589615 0.854029 
645.684021 226.623947 0.815012 
647.152588 234.014740 0.203810 
644.248901 157.557037 0.801997 
635.368774 203.107071 0.057774 
0.000000 0.000000 0.000000 
616.233826 239.936630 0.773667 
619.272644 298.694397 0.848893 
619.203674 356.005127 0.897292 
592.790649 229.591980 0.768641 
591.282715 288.450531 0.816758 
582.408691 344.310974 0.857445 
700.153076 160.557068 0.764894 
0.000000 0.000000 0.000000 
689.852417 157.620789 0.917599 
0.000000 0.000000 0.000000 
18
707.458801 172.329086 0.580501 
667.777710 170.846939 0.909191 
680.955505 182.599365 0.837411 
651.629883 226.636993 0.799102 
645.677063 239.863632 0.415892 
655.987427 160.500381 0.817016 
0.000000 0.000000 0.000000 
0.000000 0.000000 0.000000 
617.720764 239.953323 0.779291 
619.278503 298.731262 0.862376 
617.837585 355.999420 0.901003 
594.286499 229.570145 0.748127 
588.360168 291.380646 0.780044 
581.006775 345.686096 0.863932 
708.899414 169.366516 0.715742 
0.000000 0.000000 0.000000 
700.043091 167.808487 0.894992 
0.000000 0.000000 0.000000 
18
711.914856 182.583466 0.610782 
675.133850 179.617737 0.953937 
686.892822 189.908890 0.881857 
663.351990 217.870163 0.540655 
0.000000 0.000000 0.000000 
664.825378 169.247986 0.815885 
636.856506 192.844116 0.077231 
0.000000 0.000000 0.000000 
617.789185 241.352661 0.761732 
619.249695 300.232391 0.841462 
619.204224 356.047668 0.909559 
597.165466 229.570892 0.718257 
586.898560 294.285370 0.789690 
580.980042 345.730042 0.871687 
713.330017 179.630615 0.692998 
0.000000 0.000000 0.000000 
705.962158 173.766907 0.870281 
0.000000 0.000000 0.000000 
18
713.300293 194.309219 0.467263 
678.053955 182.622375 0.896044 
689.815247 194.382828 0.877802 
655.975830 229.557755 0.747129 
641.305298 242.826172 0.531102 
667.750183 172.293945 0.782104 
626.583435 200.191940 0.102463 
0.000000 0.000000 0.000000 
622.188232 244.293716 0.718722 
622.184753 301.689301 0.812365 
617.822571 356.032318 0.907225 
598.656433 231.063263 0.721947 
588.367004 292.857117 0.794556 
581.008240 345.690460 0.868773 
717.734619 189.927505 0.516289 
0.000000 0.000000 0.000000 
710.427673 182.557281 0.943214 
698.649475 164.912949 0.155063 
18
713.394531 203.151352 0.321534 
685.352783 186.978638 0.862931 
697.099976 200.203552 0.830628 
663.305664 228.102844 0.695117 
651.579102 242.866760 0.709951 
675.058105 175.235809 0.766964 
642.743774 194.354706 0.115664 
0.000000 0.000000 0.000000 
625.080994 241.408401 0.724191 
626.527283 300.181213 0.844798 
617.820374 356.017700 0.903494 
603.070496 229.601685 0.757365 
591.272095 292.831665 0.817573 
581.014038 345.686096 0.852086 
720.690674 195.780609 0.407092 
0.000000 0.000000 0.000000 
713.354187 191.367355 0.842925 
700.087708 163.440308 0.375220 
18
713.343689 207.552368 0.368190 
686.868103 188.444885 0.874487 
698.561768 200.177155 0.878616 
666.270447 226.657059 0.648842 
653.040039 241.442566 0.776837 
676.596985 178.158081 0.767576 
644.216370 197.258591 0.127527 
0.000000 0.000000 0.000000 
628.012878 241.417831 0.743325 
627.971985 300.203186 0.858168 
617.808472 355.994598 0.892198 
604.572998 229.623947 0.767941 
592.799133 292.820862 0.852695 
581.034058 344.264435 0.828688 
722.075256 204.600662 0.459097 
0.000000 0.000000 0.000000 
716.269653 194.320190 0.858068 
701.545959 163.482437 0.160510 
18
717.713928 207.570679 0.356273 
688.363037 189.877289 0.860340 
698.642090 200.195786 0.886567 
664.822021 228.184769 0.673033 
653.065857 242.889984 0.686564 
680.969604 179.579208 0.748496 
653.037903 194.370163 0.109094 
0.000000 0.000000 0.000000 
628.065491 241.368729 0.737376 
628.065674 300.204803 0.886573 
617.821533 356.007965 0.873518 
605.957214 229.590179 0.770180 
595.741577 292.843323 0.818416 
581.066406 344.243439 0.852909 
722.190857 204.631439 0.466189 
0.000000 0.000000 0.000000 
720.625549 194.306412 0.870802 
708.896362 167.800949 0.164408 
18
720.656494 206.091705 0.375264 
688.331848 188.452133 0.865462 
698.645874 200.221680 0.866542 
663.387329 229.675934 0.751284 
653.086609 242.890533 0.489813 
679.513306 178.135345 0.750529 
647.163940 195.820999 0.090417 
0.000000 0.000000 0.000000 
628.093567 241.377548 0.756916 
629.551636 300.202606 0.916384 
617.821045 356.043488 0.912635 
606.042236 229.605850 0.762700 
604.486206 289.919098 0.844136 
582.412720 341.368195 0.847929 
723.599976 204.572021 0.453052 
0.000000 0.000000 0.000000 
720.695374 192.910294 0.889692 
703.021240 162.035599 0.196293 
18
722.147766 204.656982 0.313310 
688.297974 185.510513 0.896126 
698.649658 197.283905 0.877619 
663.350708 231.088074 0.777922 
653.073547 242.838974 0.350248 
678.041016 175.227463 0.789937 
0.000000 0.000000 0.000000 
0.000000 0.000000 0.000000 
628.100647 241.338989 0.759821 
630.970337 300.134583 0.860905 
617.827026 356.027618 0.907656 
607.476563 229.601425 0.767356 
610.432007 288.486877 0.799652 
583.932007 336.935516 0.837822 
725.112671 201.639389 0.342544 
0.000000 0.000000 0.000000 
722.124634 191.394150 0.895045 
700.185242 160.517975 0.438692 
18
722.105591 203.102692 0.227115 
686.891174 184.012695 0.917413 
698.678467 194.383636 0.899598 
663.355957 231.112869 0.826109 
644.239563 251.676895 0.497906 
676.578796 172.308624 0.794189 
0.000000 0.000000 0.000000 
0.000000 0.000000 0.000000 
629.488647 241.344009 0.768896 
631.003479 298.746033 0.817143 
617.838562 356.045380 0.879390 
608.932373 229.588989 0.741571 
617.830566 288.420532 0.840076 
592.706238 335.450806 0.857766 
725.063171 195.764343 0.299879 
0.000000 0.000000 0.000000 
722.107117 186.998138 0.874315 
701.630798 160.543304 0.259980 
18
722.202515 195.815002 0.198082 
688.290344 182.566498 0.924730 
698.679443 194.301697 0.895159 
663.384460 231.117203 0.794853 
651.586060 244.323761 0.458409 
678.042175 170.865479 0.771264 
0.000000 0.000000 0.000000 
0.000000 0.000000 0.000000 
629.551208 239.895355 0.761409 
632.450378 298.715210 0.771479 
619.202881 356.049469 0.861014 
610.419861 228.165878 0.725049 
620.710999 286.970642 0.799846 
601.581604 335.496460 0.824614 
725.074402 192.900925 0.289581 
0.000000 0.000000 0.000000 
722.102173 184.039642 0.919163 
704.503784 162.012863 0.204243 
18
723.547485 194.307968 0.208530 
686.903564 181.134033 0.944401 
698.676147 192.881546 0.901137 
664.792419 229.585129 0.707137 
653.061340 241.367599 0.678578 
676.586487 170.749115 0.783397 
0.000000 0.000000 0.000000 
0.000000 0.000000 0.000000 
631.005432 239.880432 0.751466 
633.920349 298.726379 0.784591 
619.219177 354.592468 0.858134 
611.862915 228.160156 0.727098 
625.082703 288.385010 0.733190 
607.505676 335.462830 0.782642 
723.703369 192.779266 0.267907 
0.000000 0.000000 0.000000 
722.135315 182.558746 0.928280 
705.963135 160.530197 0.207651 
18
723.573792 192.846985 0.285688 
686.879028 181.078400 0.940908 
698.632690 192.816544 0.878821 
664.800110 228.192764 0.774126 
654.500366 241.395874 0.628415 
676.559631 169.342056 0.794820 
639.805969 197.244797 0.093364 
0.000000 0.000000 0.000000 
630.967529 239.865631 0.756365 
635.425659 300.186951 0.831065 
617.774292 354.567688 0.857037 
614.771423 228.160645 0.711517 
628.075623 297.224609 0.706372 
626.597229 347.202057 0.699296 
726.550537 186.952896 0.328611 
0.000000 0.000000 0.000000 
722.146973 181.073013 0.949610 
705.984863 159.084335 0.171615 
18
0.000000 0.000000 0.000000 
686.905273 179.594452 0.898322 
698.654053 188.441360 0.853226 
664.825256 228.060333 0.693349 
656.007751 241.312195 0.698617 
676.609924 169.263336 0.741672 
650.071777 192.875900 0.069959 
0.000000 0.000000 0.000000 
629.587524 239.897461 0.754305 
636.875183 300.133575 0.829243 
617.772156 354.570587 0.851659 
613.331909 229.570786 0.684531 
629.478027 295.752563 0.682578 
628.040344 347.183289 0.719226 
0.000000 0.000000 0.000000 
0.000000 0.000000 0.000000 
722.163147 179.590759 0.921640 
701.606567 157.599670 0.217894 
18
723.652100 184.079605 0.225226 
688.346130 175.232483 0.861685 
700.031250 184.072632 0.876087 
666.260010 219.362366 0.714250 
658.923889 239.834930 0.700954 
680.965454 166.382477 0.730306 
0.000000 0.000000 0.000000 
0.000000 0.000000 0.000000 
631.019775 236.962296 0.742841 
633.939941 298.719543 0.842199 
617.787598 354.577545 0.862622 
616.240540 226.665344 0.699568 
628.084717 295.767853 0.691863 
628.028625 347.195557 0.727339 
728.016846 181.103455 0.340305 
0.000000 0.000000 0.000000 
722.136902 175.213837 0.920137 
708.876953 158.959198 0.162452 
18
726.534424 184.020844 0.322047 
689.852417 175.222366 0.844635 
700.166138 184.061798 0.874428 
664.862061 219.285400 0.771411 
656.009338 241.338867 0.702733 
683.898804 166.401230 0.745955 
0.000000 0.000000 0.000000 
0.000000 0.000000 0.000000 
631.006348 235.465179 0.739496 
629.567810 297.261017 0.850257 
617.783264 354.558746 0.847211 
616.239868 225.179733 0.694881 
626.549011 295.744629 0.649492 
627.980164 345.794586 0.757275 
730.974060 181.051315 0.460498 
0.000000 0.000000 0.000000 
722.197815 173.742096 0.938870 
710.342346 157.638504 0.143296 
18
725.093079 191.381210 0.304136 
692.721558 179.586975 0.841655 
701.591736 187.005753 0.824139 
664.872803 217.925247 0.821254 
656.000305 241.423431 0.757501 
685.362000 169.313538 0.777288 
0.000000 0.000000 0.000000 
0.000000 0.000000 0.000000 
630.998169 231.101013 0.735774 
626.570435 295.755585 0.769980 
617.792786 354.565308 0.830988 
616.335571 222.257141 0.692932 
627.983032 294.290985 0.665453 
626.553650 345.782104 0.712120 
732.413879 182.595642 0.401770 
0.000000 0.000000 0.000000 
723.642944 179.589340 0.892323 
710.301453 158.967773 0.161803 
18
726.526001 194.366364 0.292295 
694.226624 182.500107 0.869811 
703.022461 192.800201 0.867276 
666.334045 217.891403 0.748960 
654.560486 241.320740 0.825634 
686.817444 170.874161 0.764445 
650.118469 192.892670 0.131709 
0.000000 0.000000 0.000000 
630.996521 231.112534 0.744781 
622.191284 297.195099 0.748514 
617.787720 354.562775 0.844841 
616.321045 222.256226 0.704633 
627.974121 294.297089 0.686093 
626.564453 345.730499 0.723578 
732.430420 191.388443 0.387859 
0.000000 0.000000 0.000000 
723.672119 182.636108 0.898503 
708.900269 160.498245 0.159373 
18
723.568542 204.658798 0.354422 
695.700378 184.004898 0.873190 
703.079529 194.317703 0.858484 
667.735352 217.863586 0.747070 
653.073608 239.852203 0.744688 
686.864685 175.201080 0.759514 
651.562195 194.301743 0.138641 
0.000000 0.000000 0.000000 
632.497559 232.579025 0.715229 
623.652405 297.215393 0.749539 
617.777344 354.548309 0.819314 
616.247681 223.711411 0.732069 
619.263489 295.754822 0.697652 
626.556519 345.712646 0.735751 
730.931458 198.732269 0.356540 
0.000000 0.000000 0.000000 
723.677368 192.856949 0.855282 
707.442017 160.540359 0.136210 
18
717.767578 214.856628 0.243922 
698.548950 191.409500 0.822413 
704.502502 201.694092 0.799281 
670.682312 217.790848 0.736885 
653.060913 239.832062 0.726561 
688.354675 181.048233 0.757290 
658.920776 194.335175 0.136174 
0.000000 0.000000 0.000000 
630.984131 232.557388 0.712080 
619.286499 297.206696 0.787263 
617.793701 354.574280 0.852267 
616.265564 222.273636 0.709936 
625.069580 294.305420 0.651058 
626.595459 345.700592 0.726994 
725.126648 206.142410 0.254993 
0.000000 0.000000 0.000000 
723.675354 197.297928 0.805466 
710.378418 172.272766 0.086826 
18
720.635925 217.794647 0.493561 
697.114502 194.324142 0.766083 
704.485107 204.596725 0.774438 
675.097900 217.787354 0.696659 
653.063843 236.928421 0.631736 
688.310181 182.583603 0.703540 
655.979065 195.791550 0.155137 
0.000000 0.000000 0.000000 
629.595642 236.943069 0.723320 
619.286926 298.668884 0.810504 
617.798279 354.583496 0.851624 
614.766663 225.187210 0.702010 
620.723755 297.238434 0.696411 
627.982666 345.716919 0.742025 
723.618713 214.894913 0.455949 
0.000000 0.000000 0.000000 
723.570374 204.665527 0.865230 
0.000000 0.000000 0.000000 
18
716.246216 222.237106 0.466746 
695.688354 195.831116 0.711417 
704.490906 204.645279 0.767081 
667.779358 217.910919 0.715702 
651.617432 238.411880 0.582258 
688.305115 184.048737 0.618566 
653.048401 197.306961 0.134230 
0.000000 0.000000 0.000000 
629.570984 236.967239 0.731111 
619.234192 298.707886 0.835160 
617.790100 354.595459 0.865107 
613.324463 225.183914 0.697982 
620.690857 298.662018 0.712514 
628.024170 344.315338 0.748947 
722.148499 217.855377 0.475993 
0.000000 0.000000 0.000000 
722.179871 206.148621 0.867381 
0.000000 0.000000 0.000000 
18
719.187988 219.392914 0.544141 
697.133118 198.744110 0.679082 
703.033020 206.067322 0.772763 
669.209412 217.885422 0.697869 
653.092529 236.943878 0.636507 
689.785217 186.990204 0.549688 
651.564514 197.271729 0.134298 
0.000000 0.000000 0.000000 
629.570679 235.489944 0.723085 
619.264465 297.243866 0.805109 
617.799561 354.561829 0.844168 
613.332886 223.719589 0.701147 
619.275024 295.752380 0.702290 
627.976318 345.701874 0.739230 
722.174561 217.815262 0.575420 
0.000000 0.000000 0.000000 
722.103577 206.160843 0.873180 
0.000000 0.000000 0.000000 
18
719.168518 219.313339 0.543695 
695.681213 197.291046 0.678583 
703.015076 204.630341 0.791616 
667.756531 217.815033 0.749209 
651.602112 239.837708 0.683535 
688.328613 186.970428 0.539585 
654.508179 195.843063 0.144799 
0.000000 0.000000 0.000000 
629.541199 235.485794 0.730186 
619.271301 297.220398 0.799722 
617.792603 354.556488 0.835664 
613.324219 223.718811 0.706429 
619.264832 294.308777 0.690929 
626.598938 345.732971 0.743971 
722.164124 216.425278 0.562749 
0.000000 0.000000 0.000000 
722.078979 206.125366 0.850194 
0.000000 0.000000 0.000000 
18
716.246094 217.931366 0.510245 
694.233093 195.778458 0.716182 
701.619751 203.133331 0.798163 
666.295471 217.833069 0.816079 
651.532471 239.967407 0.784478 
686.886719 184.084152 0.594224 
651.596741 201.686401 0.137767 
0.000000 0.000000 0.000000 
629.509705 235.460083 0.729508 
619.266968 297.257355 0.806938 
617.796387 354.571777 0.852340 
613.323975 223.742828 0.695811 
619.276611 295.786713 0.693433 
627.999207 345.711975 0.748563 
722.098022 216.368423 0.497321 
0.000000 0.000000 0.000000 
722.082886 206.061951 0.833569 
0.000000 0.000000 0.000000 
