80
1
18
629.477722 134.073303 0.946137 
592.789551 161.979080 0.913122 
604.545227 169.375443 0.951857 
603.002197 228.065521 0.823749 
626.541321 225.217224 0.852790 
581.026978 157.563324 0.856438 
582.484314 206.096191 0.270871 
0.000000 0.000000 0.000000 
594.278748 253.198380 0.781617 
589.845215 311.950012 0.849000 
582.549927 366.309418 0.830097 
578.066223 251.602142 0.749805 
572.192200 304.579956 0.784838 
570.781311 350.177063 0.762941 
627.989014 126.728256 0.914221 
0.000000 0.000000 0.000000 
613.321289 131.077133 0.843896 
0.000000 0.000000 0.000000 
18
629.500549 133.997421 0.966894 
592.807373 161.971481 0.904392 
604.535828 169.355423 0.945868 
603.010498 228.085632 0.840814 
626.552551 226.625671 0.862975 
582.420044 157.576294 0.852056 
583.922729 207.542618 0.240561 
0.000000 0.000000 0.000000 
594.283020 253.193008 0.779902 
588.374634 311.937714 0.838973 
582.528625 364.895660 0.835729 
578.078735 250.203491 0.745788 
572.177979 303.117401 0.779170 
570.751282 348.699707 0.787054 
627.990906 125.238487 0.971654 
0.000000 0.000000 0.000000 
610.414795 128.176178 0.847685 
0.000000 0.000000 0.000000 
18
629.513489 132.564499 0.940515 
592.820618 160.561081 0.908194 
604.538391 169.359207 0.944957 
603.014709 228.083389 0.845381 
626.537048 226.632599 0.864457 
582.442688 157.548355 0.853538 
583.962952 207.536301 0.237775 
0.000000 0.000000 0.000000 
594.281921 253.190918 0.774427 
588.366821 311.933533 0.837695 
582.540894 366.319611 0.844117 
578.080627 250.207642 0.743662 
572.185913 304.596252 0.775350 
570.741455 348.704803 0.794318 
627.979675 123.830437 0.981386 
0.000000 0.000000 0.000000 
608.944519 128.162323 0.866959 
0.000000 0.000000 0.000000 
18
629.513855 132.555618 0.934245 
594.178223 160.552719 0.906373 
604.534180 169.358841 0.937737 
603.037109 228.070557 0.850868 
627.984070 226.610168 0.878234 
582.460571 157.532791 0.851036 
586.878906 206.097870 0.223913 
0.000000 0.000000 0.000000 
594.274292 253.162384 0.783947 
588.364258 311.918579 0.840481 
582.543152 366.318420 0.838063 
578.082336 250.177063 0.742511 
572.172546 303.115753 0.789742 
570.735046 348.721893 0.801591 
627.970520 123.823997 0.972714 
0.000000 0.000000 0.000000 
607.513550 128.156418 0.881716 
0.000000 0.000000 0.000000 
18
629.511719 132.536346 0.933306 
594.178711 160.554459 0.908937 
604.532043 169.364624 0.939412 
603.038696 228.063599 0.852691 
627.996338 226.613785 0.879487 
582.465454 157.527405 0.851360 
586.884399 206.091278 0.229981 
0.000000 0.000000 0.000000 
594.289368 253.147720 0.782762 
589.786926 311.892731 0.841099 
582.538025 364.895233 0.835035 
579.490295 250.164322 0.743119 
572.178955 301.678131 0.788806 
570.749634 348.704285 0.800961 
627.959900 123.809570 0.972524 
0.000000 0.000000 0.000000 
607.482727 128.159454 0.888396 
0.000000 0.000000 0.000000 
18
629.487732 131.119034 0.932966 
594.178101 160.562866 0.909685 
604.526672 169.362137 0.934415 
603.053162 228.058929 0.854045 
628.026978 225.205841 0.882661 
582.470886 157.537720 0.854337 
589.807068 206.071381 0.230044 
0.000000 0.000000 0.000000 
594.296021 253.153915 0.781792 
589.805176 311.898499 0.839952 
582.539063 364.888763 0.841240 
579.504089 250.178497 0.749510 
572.187439 301.673126 0.785321 
570.742798 347.292023 0.805318 
626.573181 123.793228 0.959821 
0.000000 0.000000 0.000000 
606.085266 128.181183 0.899354 
0.000000 0.000000 0.000000 
18
629.468140 132.514481 0.932526 
594.173279 161.978088 0.902619 
604.530090 169.360947 0.942443 
603.040466 226.678986 0.844775 
627.994446 225.191528 0.864021 
582.462341 157.565475 0.855643 
588.359253 206.105759 0.231659 
0.000000 0.000000 0.000000 
594.299255 253.193710 0.778955 
589.809631 311.927399 0.839898 
582.533936 366.343719 0.843924 
579.530640 251.610229 0.762489 
572.194397 303.120117 0.776100 
570.745056 348.695618 0.807106 
626.546265 123.798920 0.946732 
0.000000 0.000000 0.000000 
606.043091 128.175888 0.918632 
0.000000 0.000000 0.000000 
18
629.477295 132.547104 0.952917 
594.184570 161.993134 0.906934 
604.529236 170.748123 0.939342 
603.026855 228.057373 0.845715 
628.030640 223.731766 0.868695 
582.477356 157.559235 0.857641 
589.834473 206.084412 0.250063 
0.000000 0.000000 0.000000 
595.681030 254.590561 0.767249 
589.801941 311.922974 0.844704 
582.526123 366.336700 0.849360 
579.529541 251.616318 0.754504 
572.195435 301.698853 0.770278 
570.746155 348.690857 0.808288 
626.564392 123.825378 0.955727 
0.000000 0.000000 0.000000 
606.062195 128.181458 0.905584 
0.000000 0.000000 0.000000 
18
629.458435 133.971466 0.966618 
594.176575 161.998123 0.916519 
604.513611 170.765030 0.939117 
603.048218 226.685699 0.838326 
629.489563 223.705170 0.875717 
582.468201 157.560791 0.865120 
591.301941 204.613235 0.288522 
0.000000 0.000000 0.000000 
595.677856 254.583389 0.766725 
589.810852 311.915344 0.845321 
582.531555 366.315430 0.840871 
579.531738 251.615646 0.755971 
572.237427 303.117584 0.747595 
570.767212 348.710480 0.793364 
626.577637 125.225655 0.947938 
0.000000 0.000000 0.000000 
607.471436 128.142822 0.878327 
0.000000 0.000000 0.000000 
18
629.456726 134.029968 0.966136 
592.816467 161.997498 0.916760 
604.497437 170.776749 0.930960 
603.053528 226.694351 0.859046 
629.543091 222.275604 0.891244 
582.459961 157.547058 0.863168 
591.295105 204.607849 0.282295 
0.000000 0.000000 0.000000 
595.678833 253.197296 0.768942 
589.822327 311.921295 0.849836 
582.531006 366.313141 0.841478 
579.542603 251.612183 0.758655 
572.237915 303.127777 0.755084 
570.764465 348.684418 0.800869 
626.603271 125.281113 0.932767 
0.000000 0.000000 0.000000 
608.940491 128.175644 0.852699 
0.000000 0.000000 0.000000 
18
628.104553 135.510712 0.955621 
592.800049 163.459793 0.915486 
604.495178 170.793472 0.940417 
603.084778 226.667923 0.860095 
629.559998 220.805023 0.872733 
582.434753 157.585709 0.867128 
591.310120 204.608078 0.286916 
0.000000 0.000000 0.000000 
595.689026 254.587692 0.774019 
589.815063 311.916016 0.853173 
582.521729 366.325226 0.845242 
579.526306 251.621704 0.766751 
573.629944 303.126099 0.742819 
570.763977 348.679657 0.798393 
627.967896 131.067642 0.896196 
0.000000 0.000000 0.000000 
611.884705 129.613449 0.828375 
0.000000 0.000000 0.000000 
18
629.457825 135.582901 0.922961 
592.790161 163.469376 0.916578 
604.493774 170.796982 0.943478 
604.448059 226.633652 0.865859 
629.580383 219.357361 0.870014 
582.420776 157.599396 0.869541 
589.831299 204.625549 0.296028 
0.000000 0.000000 0.000000 
595.686768 254.578156 0.776668 
589.832336 311.896973 0.854099 
582.524658 366.324188 0.840740 
579.500183 251.614441 0.767133 
572.224060 300.237579 0.758348 
570.773193 347.290405 0.792320 
628.003784 132.532578 0.902500 
0.000000 0.000000 0.000000 
614.783203 131.075119 0.860096 
0.000000 0.000000 0.000000 
18
628.107544 136.966064 0.891483 
592.796387 164.917404 0.914630 
604.489685 170.811447 0.933846 
604.456848 226.671417 0.882652 
629.555359 219.293503 0.898259 
582.426941 157.620438 0.864184 
586.898010 206.077332 0.278311 
0.000000 0.000000 0.000000 
595.693970 253.182343 0.776810 
589.833679 311.893433 0.857246 
582.540161 366.326385 0.839347 
579.517090 250.208145 0.765092 
572.209290 300.237396 0.766836 
570.737427 347.272339 0.825178 
628.002258 132.575623 0.897800 
0.000000 0.000000 0.000000 
614.827820 132.518524 0.878823 
0.000000 0.000000 0.000000 
18
629.461975 137.034348 0.862947 
592.803711 164.925735 0.916654 
604.490845 170.829025 0.919806 
604.462646 226.654221 0.878019 
629.556091 217.930176 0.878258 
582.436768 157.610550 0.863934 
591.303650 204.600510 0.292126 
0.000000 0.000000 0.000000 
595.702576 253.178940 0.771124 
589.825806 311.897888 0.852907 
582.532959 366.322571 0.842959 
579.534851 250.203674 0.762677 
572.217285 300.221680 0.763307 
570.731934 347.269440 0.822755 
628.038208 133.981277 0.896307 
0.000000 0.000000 0.000000 
616.231323 131.127716 0.884821 
0.000000 0.000000 0.000000 
18
629.483459 137.018051 0.841429 
592.798584 164.902191 0.913799 
604.481689 170.789902 0.920641 
604.478455 226.656677 0.893741 
629.565430 217.906784 0.870524 
582.436584 157.621338 0.865268 
588.358887 204.628693 0.293542 
0.000000 0.000000 0.000000 
595.704895 253.171692 0.765509 
589.803833 311.902161 0.843282 
582.533875 366.326630 0.838700 
579.544556 250.200119 0.760178 
572.201843 301.690186 0.751812 
570.750000 347.292236 0.787485 
628.065430 133.972275 0.874975 
0.000000 0.000000 0.000000 
616.296814 132.529495 0.914575 
0.000000 0.000000 0.000000 
18
629.522583 137.019150 0.826170 
592.800659 164.904587 0.909045 
604.491150 170.788437 0.923932 
604.523071 226.659622 0.912078 
629.577698 217.888184 0.850475 
582.438660 157.620819 0.859982 
586.896179 206.067719 0.291095 
0.000000 0.000000 0.000000 
595.700928 253.158249 0.766616 
589.804321 311.904480 0.839787 
582.535950 366.323425 0.840335 
579.532532 250.181595 0.761634 
572.192810 300.238068 0.760603 
570.759094 347.277374 0.796789 
628.113892 133.972382 0.863588 
0.000000 0.000000 0.000000 
616.356689 132.515869 0.916629 
0.000000 0.000000 0.000000 
18
629.522278 137.024597 0.824114 
592.799255 164.895996 0.907591 
604.500183 170.786514 0.926843 
604.523254 226.688980 0.927580 
629.565979 217.895508 0.881062 
582.433655 157.610367 0.863217 
585.438660 206.088226 0.274584 
0.000000 0.000000 0.000000 
595.702637 253.158463 0.764374 
589.824097 311.917664 0.837534 
582.536682 366.328979 0.839129 
579.542419 250.180649 0.757719 
572.197083 301.671875 0.768855 
570.754822 347.276398 0.804737 
629.459229 133.978302 0.866911 
0.000000 0.000000 0.000000 
617.704163 132.518341 0.915466 
0.000000 0.000000 0.000000 
18
629.517029 138.455200 0.794334 
592.802490 164.898621 0.907793 
604.503357 170.801361 0.922333 
604.531433 228.068787 0.930950 
629.560974 217.852936 0.896476 
582.437073 157.601334 0.865876 
585.441101 206.082703 0.263537 
0.000000 0.000000 0.000000 
595.686218 253.153778 0.771043 
589.826538 311.897736 0.843855 
582.535461 366.325806 0.845514 
579.524414 250.171005 0.756229 
572.217285 300.224731 0.760436 
570.756897 347.264771 0.813710 
629.475403 134.014908 0.855398 
0.000000 0.000000 0.000000 
617.747559 131.121292 0.912045 
0.000000 0.000000 0.000000 
18
629.503113 138.463760 0.765644 
592.800781 164.907608 0.903744 
604.508179 170.806396 0.928411 
604.522583 226.687408 0.910930 
629.531494 217.865585 0.879331 
582.434326 157.604584 0.869652 
585.427063 206.085892 0.268042 
0.000000 0.000000 0.000000 
594.290222 253.159180 0.776489 
589.808228 311.923553 0.832475 
582.522339 366.342194 0.852161 
579.491760 250.185135 0.753301 
572.191406 303.131226 0.775480 
570.747131 348.683014 0.805494 
629.473755 134.029495 0.837944 
0.000000 0.000000 0.000000 
617.776733 132.525314 0.920392 
0.000000 0.000000 0.000000 
18
629.476807 138.466080 0.768968 
592.799316 164.907974 0.904643 
604.509766 170.813507 0.921189 
604.527893 228.090897 0.921235 
629.577820 217.810654 0.918978 
582.423157 157.601593 0.866547 
585.432434 206.062958 0.252138 
0.000000 0.000000 0.000000 
594.293335 253.146286 0.770510 
589.825378 311.891632 0.840897 
582.516724 366.322052 0.843262 
579.506897 250.170425 0.751214 
572.191711 301.679901 0.785662 
570.742432 348.696167 0.808434 
628.117798 134.034927 0.844122 
0.000000 0.000000 0.000000 
617.761841 132.522293 0.921264 
0.000000 0.000000 0.000000 
18
629.456177 139.929703 0.757437 
592.796875 164.927795 0.909006 
604.508728 170.828476 0.921568 
604.510498 228.099823 0.921035 
629.548340 217.823532 0.915195 
581.058899 157.607071 0.860540 
585.422791 206.081024 0.242376 
0.000000 0.000000 0.000000 
594.297974 253.189499 0.761149 
589.804382 311.926971 0.836632 
582.513550 366.335052 0.850490 
579.502747 250.210297 0.756544 
572.206482 303.115234 0.767537 
570.745850 347.287170 0.807685 
628.108948 134.078384 0.842393 
0.000000 0.000000 0.000000 
617.756592 132.553604 0.935332 
0.000000 0.000000 0.000000 
18
628.122864 139.954453 0.743672 
592.793457 164.931946 0.910771 
604.521606 170.826813 0.930663 
604.508057 228.099243 0.917411 
629.500549 217.835968 0.902683 
581.045105 157.613739 0.863522 
583.971558 206.089935 0.260805 
0.000000 0.000000 0.000000 
595.678345 253.182129 0.762798 
589.779541 311.932495 0.833751 
582.515625 366.330231 0.851578 
579.501648 250.205200 0.758356 
572.190796 303.133301 0.779642 
570.746277 347.287354 0.806071 
628.102478 134.095276 0.836394 
0.000000 0.000000 0.000000 
617.756531 132.568848 0.945031 
0.000000 0.000000 0.000000 
18
629.447205 139.948135 0.731182 
592.795471 164.937149 0.910360 
604.516663 170.831772 0.924443 
604.506592 228.115219 0.909223 
629.484802 217.854080 0.913087 
581.053833 157.611450 0.862880 
585.408691 206.065125 0.266533 
0.000000 0.000000 0.000000 
595.683105 253.197235 0.756159 
588.374817 311.936310 0.835819 
582.518738 366.333862 0.850376 
579.520874 251.598892 0.758353 
572.194031 303.155334 0.774439 
570.757690 348.681549 0.801279 
628.111023 134.089264 0.824663 
0.000000 0.000000 0.000000 
617.772156 132.550018 0.931457 
0.000000 0.000000 0.000000 
18
628.117737 141.378372 0.758540 
592.787781 166.351212 0.908319 
604.518372 170.835907 0.923496 
604.495544 228.111374 0.906260 
628.099915 217.863739 0.923663 
581.030396 157.618515 0.860546 
583.970642 206.097916 0.262170 
0.000000 0.000000 0.000000 
594.304138 254.598740 0.756412 
588.363770 311.966248 0.833369 
582.512390 366.346619 0.855404 
579.505981 251.621750 0.761703 
572.175903 304.598328 0.774049 
570.732483 348.687744 0.809658 
628.098450 134.092651 0.845068 
0.000000 0.000000 0.000000 
617.754639 132.548752 0.930216 
0.000000 0.000000 0.000000 
18
628.117737 141.389236 0.755499 
592.786011 164.927368 0.901725 
604.515076 170.826736 0.921630 
604.500488 228.120834 0.907759 
628.063416 217.894257 0.918980 
581.040527 157.604126 0.854496 
583.977966 207.539200 0.233633 
0.000000 0.000000 0.000000 
594.286682 253.197067 0.765524 
589.806519 311.951080 0.837284 
582.526367 366.330536 0.843137 
579.519775 250.212677 0.751888 
572.220398 304.594360 0.752117 
570.760132 348.697968 0.769338 
628.106506 135.453339 0.843843 
0.000000 0.000000 0.000000 
617.758301 132.544296 0.929243 
0.000000 0.000000 0.000000 
18
628.113403 141.390121 0.759171 
592.782532 164.938828 0.899549 
604.510010 170.826965 0.921567 
604.502686 228.116928 0.903834 
628.056824 217.890686 0.912594 
581.040894 157.616898 0.854259 
583.942383 206.099976 0.249501 
0.000000 0.000000 0.000000 
594.288879 253.191284 0.763917 
589.785339 311.937195 0.834126 
582.520386 366.322388 0.842114 
579.530701 250.212234 0.757264 
572.203247 304.589966 0.768570 
570.759399 348.703949 0.772663 
628.100159 135.453171 0.847029 
0.000000 0.000000 0.000000 
617.755615 132.546387 0.931155 
0.000000 0.000000 0.000000 
18
628.118164 141.380295 0.744356 
592.785278 166.353134 0.901398 
604.509583 170.829071 0.916474 
604.496094 228.138748 0.913748 
628.032837 217.908203 0.920848 
581.034607 157.621933 0.855794 
583.939697 207.549667 0.227109 
0.000000 0.000000 0.000000 
594.276672 253.169998 0.768875 
589.799377 311.911682 0.836661 
582.522888 366.333130 0.842755 
579.526245 250.185181 0.754053 
572.203674 303.118103 0.770993 
570.774231 348.725372 0.768545 
628.102661 134.096588 0.838165 
0.000000 0.000000 0.000000 
617.759399 132.547195 0.931329 
0.000000 0.000000 0.000000 
18
628.110046 141.407166 0.733554 
592.780518 164.935577 0.901779 
604.502258 170.824677 0.912232 
604.494019 228.152390 0.911554 
628.072083 217.884338 0.908283 
581.041016 157.614059 0.854756 
583.971191 207.549469 0.224847 
0.000000 0.000000 0.000000 
594.278259 253.168045 0.766654 
589.804749 311.937042 0.839488 
582.523560 366.334198 0.838999 
579.538696 250.182938 0.757071 
572.205444 303.147217 0.769365 
570.786438 348.739471 0.758538 
628.099304 135.466583 0.828162 
0.000000 0.000000 0.000000 
617.758362 132.563004 0.939507 
0.000000 0.000000 0.000000 
18
629.448792 141.409714 0.728225 
592.780090 164.938904 0.894717 
604.507813 170.826721 0.915696 
604.501770 228.184296 0.919592 
628.033936 217.856171 0.940357 
581.032898 157.610718 0.853112 
583.941284 209.007370 0.213991 
0.000000 0.000000 0.000000 
594.279114 253.187302 0.764455 
589.789612 311.939880 0.838720 
582.520386 366.319122 0.844478 
579.515991 250.203690 0.764033 
572.203491 304.599335 0.769525 
570.785645 350.155975 0.758270 
628.116394 135.470291 0.826942 
0.000000 0.000000 0.000000 
617.774536 132.582535 0.939500 
0.000000 0.000000 0.000000 
18
629.454346 141.411575 0.733963 
592.778870 164.926575 0.891028 
604.496338 170.814651 0.912976 
604.527832 229.538849 0.930572 
628.026062 217.801010 0.952176 
581.039917 157.607330 0.845531 
583.929138 209.001816 0.212990 
0.000000 0.000000 0.000000 
594.275818 253.169754 0.767353 
589.793823 311.934845 0.841162 
582.516663 366.317413 0.844811 
579.532043 250.181122 0.761566 
572.205750 304.586212 0.778637 
570.772034 350.163727 0.774710 
629.456543 135.472214 0.832581 
0.000000 0.000000 0.000000 
617.785034 132.574081 0.935644 
0.000000 0.000000 0.000000 
18
629.492798 141.394058 0.733943 
592.792908 166.352097 0.898189 
604.512207 170.846161 0.911640 
604.543579 229.555099 0.937258 
628.085388 216.432983 0.949691 
581.036804 157.605972 0.855198 
583.962158 207.562302 0.207591 
0.000000 0.000000 0.000000 
594.283203 253.165375 0.760422 
588.365173 311.933624 0.835067 
582.529602 366.307709 0.843377 
579.509216 250.160782 0.749925 
572.169312 301.704132 0.798361 
570.725830 347.291779 0.798614 
629.482483 135.462936 0.834636 
0.000000 0.000000 0.000000 
617.796021 132.590515 0.931470 
0.000000 0.000000 0.000000 
18
629.480530 142.858398 0.741222 
592.792114 164.929153 0.896013 
604.506348 170.836411 0.910654 
604.541443 228.211121 0.935442 
628.071411 216.424789 0.959098 
581.051819 157.596527 0.852829 
583.968018 209.006714 0.208056 
0.000000 0.000000 0.000000 
594.274109 253.177536 0.755928 
588.367737 311.951202 0.836489 
582.516479 366.313538 0.838474 
579.509155 250.182266 0.752559 
572.160889 303.160583 0.793886 
570.752686 348.722748 0.771536 
629.479736 135.500198 0.838076 
0.000000 0.000000 0.000000 
617.802124 133.957718 0.930756 
0.000000 0.000000 0.000000 
18
629.496826 141.393585 0.745103 
592.794678 164.937698 0.898592 
604.526672 170.847153 0.914788 
604.547424 228.207794 0.937808 
628.033691 216.436264 0.945939 
581.038330 157.601440 0.858437 
583.932861 209.011978 0.217969 
0.000000 0.000000 0.000000 
594.266907 253.178162 0.765743 
588.367371 311.929169 0.830727 
582.522095 366.312683 0.839419 
579.484985 250.173141 0.751056 
572.155212 301.662079 0.797214 
570.727844 347.269043 0.807600 
629.478027 135.465332 0.843362 
0.000000 0.000000 0.000000 
617.795166 133.960938 0.931630 
0.000000 0.000000 0.000000 
18
629.481750 142.840347 0.744497 
592.804321 164.940445 0.904247 
604.530762 170.856400 0.915549 
604.549805 229.552094 0.932431 
628.030457 217.799515 0.911747 
581.053650 157.599762 0.865155 
583.941528 209.011993 0.231273 
0.000000 0.000000 0.000000 
594.282593 254.578003 0.755572 
588.353516 311.952820 0.829290 
582.528503 366.320618 0.844051 
579.504211 250.185318 0.754187 
572.155884 303.154144 0.788235 
570.724854 347.293732 0.798046 
629.477051 135.490479 0.842167 
0.000000 0.000000 0.000000 
617.805664 133.962860 0.933092 
0.000000 0.000000 0.000000 
18
629.494995 141.417465 0.729450 
592.809448 164.937317 0.895903 
604.535339 170.861206 0.913168 
604.558411 229.551178 0.931826 
628.003967 217.812393 0.948384 
581.055176 157.588837 0.857498 
583.951416 209.021515 0.202126 
0.000000 0.000000 0.000000 
594.283936 253.186508 0.758984 
588.360107 311.948212 0.825342 
582.540039 366.327301 0.836278 
579.499451 250.176514 0.750443 
572.160828 303.136688 0.786932 
570.746704 347.300415 0.788946 
629.482788 135.483124 0.839783 
0.000000 0.000000 0.000000 
617.812439 133.970718 0.930609 
0.000000 0.000000 0.000000 
18
629.491150 142.844986 0.704466 
592.818420 164.928528 0.902939 
604.533020 170.861298 0.903322 
604.556091 228.207870 0.928983 
628.054932 217.800339 0.923646 
582.437195 157.581085 0.864594 
595.707886 195.806351 0.221411 
0.000000 0.000000 0.000000 
594.281860 253.182556 0.757215 
588.360413 311.953308 0.826400 
582.533264 366.333710 0.840858 
579.497559 250.173187 0.746014 
572.155396 303.142639 0.787437 
570.745483 348.689606 0.780657 
629.481079 135.499741 0.820037 
0.000000 0.000000 0.000000 
617.813843 133.990387 0.936105 
0.000000 0.000000 0.000000 
18
629.508179 142.867599 0.731986 
592.822388 164.908371 0.905656 
604.546204 172.254395 0.909734 
604.553650 229.562546 0.921586 
628.064758 217.839066 0.878613 
582.432922 157.558044 0.874478 
598.639465 194.325485 0.238830 
617.776917 198.762833 0.618879 
594.278564 253.182602 0.760700 
589.792603 311.940643 0.829391 
582.512329 366.336884 0.850034 
579.484192 250.155579 0.738832 
570.780334 303.139008 0.813995 
570.737549 348.722717 0.792565 
629.504211 135.512848 0.832988 
0.000000 0.000000 0.000000 
617.837402 133.986877 0.922302 
0.000000 0.000000 0.000000 
18
629.518616 142.863419 0.732958 
592.822937 164.916000 0.908012 
604.550354 172.260391 0.913336 
604.579834 228.210175 0.925775 
629.542480 217.829453 0.893027 
582.432007 157.561783 0.869839 
600.072327 192.843292 0.237459 
617.786133 195.850601 0.637306 
594.289124 253.186127 0.761733 
588.362427 311.936401 0.831394 
582.522339 366.331146 0.844226 
579.478210 250.157623 0.738642 
572.165710 303.136688 0.797325 
570.750061 348.731598 0.793095 
629.514893 135.510727 0.836488 
0.000000 0.000000 0.000000 
617.845398 133.982559 0.918145 
0.000000 0.000000 0.000000 
18
629.533508 141.418442 0.717311 
592.826111 164.915070 0.916318 
604.532837 172.252289 0.901057 
604.573608 228.209686 0.926364 
629.567932 217.876495 0.861907 
582.446594 157.569611 0.878361 
603.017273 191.384171 0.333836 
619.245972 194.393906 0.792578 
594.292114 253.190964 0.765597 
588.360718 311.943695 0.828192 
582.535461 366.330475 0.842616 
579.486084 250.160431 0.741653 
572.160278 303.116699 0.796685 
570.746826 348.711975 0.805518 
629.527405 135.488663 0.836416 
0.000000 0.000000 0.000000 
619.204041 133.982849 0.917757 
0.000000 0.000000 0.000000 
18
629.538452 141.386307 0.705824 
594.173706 164.928452 0.914147 
604.529846 172.261169 0.894088 
604.553406 229.561966 0.908315 
629.498413 217.923203 0.875317 
582.451355 157.570541 0.878177 
603.075195 189.930496 0.346732 
620.684875 194.335648 0.774783 
594.288757 253.173279 0.771650 
588.372864 311.937439 0.830035 
582.530884 366.340973 0.841760 
579.485413 250.152390 0.743237 
572.165405 301.690277 0.798872 
570.739929 348.724152 0.805697 
629.526917 135.473938 0.828509 
0.000000 0.000000 0.000000 
619.203857 133.984756 0.918452 
0.000000 0.000000 0.000000 
18
629.567383 138.454559 0.693409 
594.175476 164.938004 0.916228 
604.545532 172.279816 0.895570 
604.524658 229.560425 0.903917 
628.059814 220.765259 0.841457 
582.447144 157.575378 0.871177 
601.592346 189.925369 0.294303 
619.216125 194.315796 0.729052 
594.287720 253.186493 0.769434 
588.360657 311.939697 0.838040 
582.527222 366.336548 0.848987 
579.481628 250.169479 0.746614 
572.176392 303.121704 0.789066 
570.743652 348.739532 0.791656 
629.531311 134.050720 0.814088 
0.000000 0.000000 0.000000 
619.203308 133.958649 0.912726 
0.000000 0.000000 0.000000 
18
629.594360 136.995316 0.724185 
592.821350 164.942520 0.906617 
604.558411 172.271881 0.917979 
604.491211 229.551132 0.903650 
628.068665 220.768814 0.867956 
581.060791 157.585007 0.863618 
594.233643 195.797729 0.233446 
0.000000 0.000000 0.000000 
594.292603 253.179840 0.767192 
588.367126 311.938171 0.832996 
582.519470 366.344543 0.852543 
579.486633 250.170654 0.749787 
572.187317 301.676056 0.780403 
570.757629 348.724976 0.783085 
629.540161 133.983246 0.810238 
0.000000 0.000000 0.000000 
617.846741 132.556198 0.904665 
0.000000 0.000000 0.000000 
18
630.991577 135.565811 0.783159 
592.825562 164.925934 0.897945 
604.561951 172.265625 0.917963 
604.485046 229.555496 0.902792 
629.533875 219.325455 0.904559 
581.055054 157.569962 0.855302 
592.778687 195.811035 0.252570 
0.000000 0.000000 0.000000 
594.293396 254.584335 0.754597 
588.357666 311.965302 0.826803 
582.535095 366.347809 0.850375 
579.509644 251.606674 0.759962 
572.176941 304.620789 0.781645 
570.734314 348.697449 0.816482 
629.559692 132.551910 0.835765 
0.000000 0.000000 0.000000 
617.831970 132.556885 0.905039 
0.000000 0.000000 0.000000 
18
630.972290 135.482300 0.800117 
594.178955 164.909241 0.901109 
604.551270 172.262634 0.904985 
604.523804 228.183212 0.917147 
629.539612 217.860489 0.929341 
582.436218 157.560059 0.856809 
604.460083 182.572342 0.257681 
0.000000 0.000000 0.000000 
594.281921 253.166336 0.766789 
588.329407 311.949310 0.819478 
582.525330 366.326324 0.850558 
579.490112 250.188232 0.752809 
572.167664 303.151733 0.776625 
570.725891 347.296753 0.813576 
629.535400 131.073532 0.841752 
0.000000 0.000000 0.000000 
617.818298 132.531708 0.911936 
0.000000 0.000000 0.000000 
18
629.585205 135.470459 0.778445 
592.804504 164.906082 0.890133 
604.541626 170.855392 0.914283 
604.516663 228.188522 0.924038 
629.499695 217.853760 0.945790 
581.038025 157.574982 0.859179 
583.951477 206.088120 0.208192 
0.000000 0.000000 0.000000 
594.293213 253.171906 0.765888 
588.320679 311.949249 0.820005 
582.518738 366.328186 0.855311 
579.484558 250.201065 0.754261 
572.178650 304.586243 0.770634 
570.720398 347.296021 0.817114 
629.506348 129.641891 0.828863 
0.000000 0.000000 0.000000 
617.810303 131.110443 0.915584 
0.000000 0.000000 0.000000 
18
629.541443 135.463013 0.775326 
592.785278 164.894669 0.909819 
604.495911 172.249084 0.894558 
604.539917 228.185776 0.928715 
630.997437 217.777481 0.873696 
581.053711 157.581985 0.878020 
604.460754 181.040710 0.312809 
0.000000 0.000000 0.000000 
594.274658 253.162231 0.768965 
588.342346 311.958801 0.814792 
582.514954 366.344635 0.865150 
579.484863 250.197311 0.754317 
572.174866 303.135345 0.765782 
570.711853 347.258606 0.826545 
629.476929 131.069229 0.821321 
0.000000 0.000000 0.000000 
617.801636 132.511841 0.910173 
0.000000 0.000000 0.000000 
18
629.542358 134.099350 0.764433 
592.741821 163.451447 0.878041 
604.470642 170.843002 0.869762 
604.539063 228.185867 0.942280 
631.004517 216.417816 0.878680 
581.027283 157.575653 0.867951 
603.011353 179.597198 0.251507 
0.000000 0.000000 0.000000 
594.273071 253.136520 0.781361 
588.349609 311.939362 0.811170 
582.517334 366.341705 0.858036 
579.485535 250.171539 0.749866 
572.174683 303.110016 0.774560 
570.726563 347.286133 0.810930 
629.481750 129.615616 0.813422 
0.000000 0.000000 0.000000 
617.807373 131.108093 0.902675 
0.000000 0.000000 0.000000 
18
629.521973 134.055878 0.741683 
592.761902 163.449051 0.890002 
604.478455 170.833847 0.880567 
604.539063 228.171387 0.939142 
629.587769 216.393051 0.852124 
581.048462 157.555283 0.880124 
604.538086 172.293594 0.367659 
0.000000 0.000000 0.000000 
594.264771 253.149200 0.781110 
588.343506 311.956146 0.811313 
582.523560 366.356445 0.854556 
579.482971 250.175476 0.752978 
572.203857 303.105225 0.752140 
570.736267 347.287079 0.806720 
629.464600 128.186096 0.817729 
0.000000 0.000000 0.000000 
617.794067 131.101822 0.913252 
0.000000 0.000000 0.000000 
18
629.522583 133.968506 0.720877 
592.780151 164.921265 0.895673 
604.546143 172.244751 0.931485 
604.519226 228.172012 0.929579 
629.538147 216.352859 0.923047 
581.031189 157.555634 0.868990 
607.453125 170.767578 0.343454 
623.648987 160.482468 0.747803 
594.261292 253.185211 0.754597 
588.367249 311.960297 0.806904 
582.526123 366.352112 0.850541 
578.071289 250.197495 0.749106 
572.164063 303.140930 0.792553 
570.732666 347.300598 0.819951 
629.465698 126.696037 0.839048 
0.000000 0.000000 0.000000 
617.781982 131.084427 0.922071 
0.000000 0.000000 0.000000 
18
629.546387 133.969055 0.726954 
592.773193 164.905441 0.902722 
604.500000 172.254028 0.914471 
604.501343 228.174881 0.904421 
629.569885 216.351059 0.933363 
581.023743 157.551193 0.866973 
611.841125 170.807617 0.534817 
625.112671 157.589462 0.957233 
594.276184 253.173248 0.757563 
588.362793 311.956268 0.811354 
582.535339 366.362396 0.844801 
578.079102 250.178619 0.747863 
572.158875 301.683319 0.789022 
570.739075 347.280396 0.825119 
629.475037 126.713402 0.854211 
0.000000 0.000000 0.000000 
617.758057 131.082886 0.936503 
0.000000 0.000000 0.000000 
18
629.502075 132.562592 0.671895 
592.771362 164.905563 0.899755 
604.496155 172.269882 0.910854 
604.446655 228.177612 0.898852 
630.967651 216.389130 0.928486 
581.018799 157.541901 0.865257 
611.863159 170.815002 0.511285 
625.095154 157.554749 0.887303 
594.274841 253.190353 0.750435 
588.363037 311.954346 0.814270 
582.542114 366.343201 0.843036 
579.482849 251.599579 0.746805 
572.154785 303.136810 0.783046 
570.736877 347.300079 0.801581 
628.114685 125.278717 0.824086 
0.000000 0.000000 0.000000 
617.755615 129.655441 0.924459 
0.000000 0.000000 0.000000 
18
629.499146 132.544113 0.686253 
592.768982 164.894073 0.895845 
604.491943 172.278488 0.899188 
603.054138 228.197327 0.879405 
629.582886 216.446045 0.935648 
581.018982 157.528641 0.870220 
611.874634 170.824814 0.529393 
623.668579 157.596634 0.876163 
594.273132 254.592041 0.749496 
588.366394 311.942230 0.818894 
582.540527 366.344299 0.847586 
579.478821 250.215012 0.745727 
572.177002 303.105896 0.782181 
570.721924 347.281921 0.825854 
628.111511 125.252342 0.841659 
0.000000 0.000000 0.000000 
617.754150 129.603973 0.921375 
0.000000 0.000000 0.000000 
18
629.506042 132.549805 0.674363 
592.767334 164.902878 0.899712 
604.508911 172.280289 0.907545 
603.046509 228.206696 0.867727 
629.573547 217.821594 0.920538 
581.013184 157.532364 0.875050 
613.302368 170.800232 0.494391 
625.132507 156.123016 0.814158 
594.271545 254.599976 0.749463 
588.371948 311.951874 0.817368 
582.540833 366.336914 0.847613 
578.082642 251.601532 0.747147 
572.171936 303.138794 0.784715 
570.726746 347.265259 0.819679 
628.106079 125.241776 0.834153 
0.000000 0.000000 0.000000 
617.746826 128.181107 0.917883 
0.000000 0.000000 0.000000 
18
629.494141 132.579910 0.683253 
592.755676 164.930527 0.902884 
604.490112 172.302780 0.902315 
603.022583 229.555573 0.857177 
629.544067 217.857452 0.919688 
581.004822 157.555161 0.878661 
613.296753 170.821884 0.497588 
625.103333 157.516815 0.802471 
594.283325 254.635010 0.735385 
588.366821 311.973114 0.821942 
582.540100 366.352020 0.847425 
579.477539 251.636963 0.752858 
572.189270 303.149597 0.766211 
570.720154 347.270721 0.819717 
628.097229 125.266281 0.829554 
0.000000 0.000000 0.000000 
617.741638 128.189957 0.913952 
0.000000 0.000000 0.000000 
18
629.495972 132.550781 0.630059 
592.762695 164.919830 0.904720 
604.480530 173.715469 0.893053 
603.013245 229.570786 0.852715 
629.536621 217.854950 0.921205 
581.015930 157.545151 0.882129 
613.313049 170.822693 0.538707 
626.525513 156.113373 0.826267 
594.279724 254.617508 0.743682 
588.360657 311.966888 0.829723 
582.538452 366.328339 0.836508 
579.503845 251.624130 0.758642 
572.202393 304.615143 0.743699 
570.739014 348.711365 0.789634 
628.098694 125.251335 0.801426 
0.000000 0.000000 0.000000 
617.738770 129.625290 0.921846 
0.000000 0.000000 0.000000 
18
629.497681 132.533966 0.660813 
592.761902 164.925568 0.902431 
604.474792 173.717224 0.889034 
603.028870 229.568787 0.856101 
629.511536 217.859314 0.938147 
581.016907 157.551651 0.881463 
613.322876 170.821167 0.555257 
625.136719 156.118820 0.838675 
594.292358 254.612885 0.745832 
588.335083 311.954895 0.830544 
582.520996 366.333984 0.858380 
579.520874 251.625549 0.765225 
572.200317 304.599426 0.752801 
570.725220 348.700317 0.789269 
628.091980 125.232460 0.832667 
0.000000 0.000000 0.000000 
617.718018 129.623184 0.921002 
0.000000 0.000000 0.000000 
18
629.478699 129.659164 0.620897 
592.751343 164.926819 0.901483 
604.462463 173.718765 0.879074 
603.040649 229.579880 0.858301 
629.515320 217.851669 0.933541 
581.003723 157.561066 0.878934 
613.315918 170.826050 0.576528 
625.131226 156.105698 0.863195 
594.295776 254.631683 0.743060 
588.355469 311.957428 0.827401 
582.519714 366.322998 0.853811 
579.515442 251.639832 0.764625 
572.191040 303.124786 0.764662 
570.700500 347.287689 0.815793 
628.060425 123.825417 0.825191 
0.000000 0.000000 0.000000 
616.350586 129.606827 0.918760 
0.000000 0.000000 0.000000 
18
629.483948 131.122849 0.638941 
592.761963 164.919174 0.906273 
604.478149 172.293213 0.894609 
603.057068 229.587173 0.865466 
629.516846 217.839157 0.931763 
581.006714 157.555908 0.874814 
613.328552 170.816025 0.534931 
625.127014 156.054321 0.796858 
594.295959 254.616745 0.744459 
588.359619 311.948547 0.827178 
582.522583 366.330688 0.848819 
579.513184 251.628830 0.763323 
572.197937 303.160828 0.757728 
570.715149 348.677429 0.806036 
628.068115 125.210503 0.828987 
0.000000 0.000000 0.000000 
616.348694 129.605865 0.916543 
0.000000 0.000000 0.000000 
18
629.495483 132.558945 0.646900 
592.760498 164.933578 0.905678 
604.461548 172.290527 0.891791 
603.061829 229.598404 0.858022 
629.516541 217.828110 0.943095 
581.019958 157.563812 0.870007 
613.332825 170.830490 0.567884 
626.598450 153.174103 0.858882 
594.299500 254.622757 0.741537 
588.342285 311.952271 0.822921 
582.519958 366.349396 0.855262 
579.532043 251.634430 0.765520 
572.177551 303.132751 0.765892 
570.709412 347.297485 0.813519 
628.076172 125.239845 0.823560 
0.000000 0.000000 0.000000 
616.338257 129.624268 0.922225 
0.000000 0.000000 0.000000 
18
629.484741 132.539688 0.647248 
592.750671 164.934113 0.900893 
604.451111 172.287109 0.878755 
603.077026 229.591217 0.850930 
629.513794 217.822449 0.938493 
581.016174 157.580002 0.875529 
611.849609 172.255524 0.591147 
626.533691 156.072189 0.899406 
595.681580 254.639938 0.736860 
588.354187 311.946869 0.825103 
582.526245 366.341583 0.853296 
579.505920 251.642715 0.767066 
572.173706 301.699921 0.775294 
570.715393 347.291656 0.816833 
628.072998 125.236237 0.828282 
0.000000 0.000000 0.000000 
616.338989 129.630722 0.926150 
0.000000 0.000000 0.000000 
18
628.116028 131.114426 0.683156 
592.775818 166.376694 0.899736 
604.457947 173.726196 0.867921 
603.078552 229.591019 0.869592 
629.493835 217.838211 0.950997 
581.060425 157.587494 0.875063 
610.384705 170.811035 0.549870 
626.553162 157.602570 0.879636 
595.682068 256.074219 0.729378 
588.367065 311.984222 0.824228 
582.531189 366.347931 0.847912 
579.511475 251.666794 0.769493 
572.201416 304.598511 0.758822 
570.735535 348.685547 0.791400 
628.029602 125.210838 0.852398 
0.000000 0.000000 0.000000 
616.334961 129.647247 0.918077 
0.000000 0.000000 0.000000 
18
628.117188 132.524429 0.710091 
592.795349 166.390442 0.896294 
604.502380 172.302567 0.858935 
603.080139 229.637695 0.904326 
629.484680 217.903641 0.912769 
582.455078 158.998779 0.870895 
614.780273 170.838440 0.431070 
626.567688 167.857529 0.514391 
595.712280 257.523376 0.724217 
588.375061 311.979523 0.834584 
582.517822 366.336731 0.854566 
579.553650 251.687302 0.765021 
572.177979 301.706024 0.775911 
570.714600 347.296021 0.819519 
628.016724 123.830978 0.846014 
0.000000 0.000000 0.000000 
616.346130 129.622864 0.899684 
0.000000 0.000000 0.000000 
18
629.480591 131.114655 0.741921 
592.807861 166.385193 0.902496 
604.446594 172.301697 0.844820 
604.450073 229.608871 0.892113 
629.548462 217.880875 0.932200 
582.475830 159.011139 0.853836 
606.021973 181.087616 0.476542 
629.526855 173.761032 0.814629 
595.732849 256.099243 0.719383 
589.782349 311.977722 0.829382 
582.523071 366.348328 0.847600 
580.921326 251.696518 0.768571 
572.213562 303.130524 0.758460 
570.732666 348.699249 0.808998 
628.045959 123.804672 0.881261 
0.000000 0.000000 0.000000 
617.698730 129.622604 0.903968 
0.000000 0.000000 0.000000 
18
629.516846 132.519516 0.780054 
594.184814 167.835968 0.918218 
604.527771 173.717453 0.897616 
604.445557 229.593292 0.895049 
630.993774 217.906967 0.914815 
582.437073 159.033646 0.841037 
592.786926 197.285599 0.204554 
0.000000 0.000000 0.000000 
595.730286 257.519409 0.718736 
589.778503 311.994202 0.829754 
582.525330 366.348145 0.851582 
580.920532 251.690109 0.761006 
573.627502 304.617615 0.749943 
570.737427 348.683563 0.812762 
628.062866 123.806328 0.900577 
0.000000 0.000000 0.000000 
617.693787 128.178482 0.899308 
0.000000 0.000000 0.000000 
18
629.553406 132.517609 0.809077 
594.216370 167.810196 0.914061 
604.567322 172.311661 0.891715 
604.480225 229.592789 0.921008 
631.010437 217.884064 0.916169 
582.459351 159.006699 0.847601 
592.756714 200.229797 0.200613 
0.000000 0.000000 0.000000 
595.747742 256.062531 0.722911 
589.802979 311.980194 0.835666 
582.537659 366.347687 0.842188 
580.923340 251.660446 0.772923 
572.219666 301.691559 0.758278 
570.743713 347.280914 0.812811 
628.075195 123.800964 0.919947 
0.000000 0.000000 0.000000 
616.334961 129.641571 0.899693 
0.000000 0.000000 0.000000 
18
629.573120 132.526794 0.820871 
594.224121 166.402359 0.908335 
605.933105 172.273438 0.917657 
604.501404 229.584579 0.924039 
629.581604 219.310486 0.933855 
582.454529 158.998169 0.859309 
583.960876 210.495590 0.220733 
0.000000 0.000000 0.000000 
595.727417 254.629333 0.734664 
589.803162 311.982697 0.834513 
582.535339 366.351929 0.846963 
579.550293 251.622467 0.768997 
572.205933 303.146027 0.769853 
570.740112 347.294739 0.809354 
628.086853 123.807838 0.931522 
0.000000 0.000000 0.000000 
616.329773 129.633499 0.904196 
0.000000 0.000000 0.000000 
18
629.587341 132.523117 0.812568 
594.243347 166.366089 0.902246 
605.959900 170.842270 0.932412 
604.521057 229.544174 0.926510 
631.013123 219.351776 0.895589 
582.465454 159.014679 0.860845 
582.525940 207.569244 0.260255 
0.000000 0.000000 0.000000 
595.747681 254.637665 0.725643 
589.842163 312.007721 0.835347 
582.524902 366.365814 0.848144 
579.552063 251.616226 0.757818 
572.210083 306.042450 0.768029 
570.746887 348.717041 0.800725 
628.099426 123.809708 0.936029 
0.000000 0.000000 0.000000 
616.329651 131.068359 0.909293 
0.000000 0.000000 0.000000 
18
629.581970 132.513199 0.801610 
594.278687 166.363693 0.898210 
606.023010 172.246323 0.911588 
604.547119 228.203217 0.926333 
632.454102 219.367126 0.881110 
582.483215 158.993408 0.882643 
583.986145 209.009598 0.232700 
0.000000 0.000000 0.000000 
595.736511 254.603073 0.738450 
589.817749 311.985046 0.828418 
582.520020 366.345306 0.844584 
579.508362 250.182892 0.742741 
572.222107 303.133148 0.761844 
570.752808 348.688812 0.807638 
628.102539 123.804222 0.930693 
0.000000 0.000000 0.000000 
617.700378 129.629211 0.901973 
0.000000 0.000000 0.000000 
18
629.606934 132.541824 0.783049 
594.304626 166.371368 0.897875 
606.075562 172.246567 0.906282 
605.931274 229.553192 0.941775 
632.479187 219.323776 0.891590 
582.494873 159.000610 0.889490 
583.982971 209.019241 0.239126 
0.000000 0.000000 0.000000 
595.730408 254.619919 0.740711 
589.829102 311.974335 0.832844 
582.514526 366.360535 0.849977 
579.480042 250.181946 0.737159 
572.210327 301.635132 0.768027 
570.748047 347.283661 0.814229 
629.468994 123.824860 0.899303 
0.000000 0.000000 0.000000 
617.752197 129.648926 0.908360 
0.000000 0.000000 0.000000 
18
629.616760 132.509995 0.735031 
595.680420 166.371429 0.876200 
606.073059 170.868790 0.896008 
605.996643 229.547089 0.952911 
633.944702 219.290878 0.897312 
582.512878 158.995453 0.877724 
583.972351 210.483246 0.208969 
0.000000 0.000000 0.000000 
595.750549 254.649506 0.726687 
589.839661 311.973541 0.835161 
582.524170 366.359222 0.840539 
579.538025 251.616776 0.749569 
572.217529 301.668457 0.750787 
570.755981 347.294647 0.807974 
629.493347 123.801086 0.881362 
0.000000 0.000000 0.000000 
617.792847 129.634308 0.907518 
0.000000 0.000000 0.000000 
18
629.584106 132.543854 0.617580 
595.691711 166.359375 0.874586 
606.083923 170.850922 0.889916 
606.039734 229.569855 0.946775 
636.882202 217.931366 0.905883 
582.525085 158.988251 0.877889 
585.429138 209.016510 0.208276 
0.000000 0.000000 0.000000 
597.156738 254.632629 0.724323 
591.241028 311.945068 0.844017 
582.517029 366.344299 0.834314 
579.544983 250.206406 0.744504 
572.227539 300.243317 0.753424 
570.768433 347.275146 0.804377 
629.507690 125.203102 0.769139 
0.000000 0.000000 0.000000 
619.209717 131.062927 0.900906 
0.000000 0.000000 0.000000 
18
629.551758 131.105560 0.314887 
595.696960 166.362869 0.873990 
607.452942 170.854370 0.871415 
606.035828 229.560089 0.955713 
636.874634 219.314346 0.901146 
582.521667 158.999817 0.879101 
585.418091 210.481628 0.204264 
0.000000 0.000000 0.000000 
597.179504 254.619873 0.732758 
591.273560 311.937744 0.855585 
582.520142 366.353058 0.830632 
580.928650 250.210068 0.756477 
573.644104 300.154724 0.745690 
570.786133 347.251740 0.811769 
629.519409 123.830948 0.482066 
0.000000 0.000000 0.000000 
620.724731 129.614594 0.872362 
595.761658 126.677628 0.092923 
18
0.000000 0.000000 0.000000 
595.723450 164.928802 0.864960 
607.470459 172.244553 0.854055 
606.009033 229.563446 0.954843 
636.880554 219.325897 0.915514 
582.552124 157.615768 0.867679 
588.343750 207.564667 0.185348 
0.000000 0.000000 0.000000 
598.652344 254.611206 0.724046 
591.308899 310.512817 0.883415 
582.537048 366.313995 0.828782 
580.999634 251.603271 0.771719 
573.690308 300.218719 0.754003 
570.772278 347.265900 0.814580 
0.000000 0.000000 0.000000 
0.000000 0.000000 0.000000 
622.171448 131.067291 0.882596 
597.171997 123.814522 0.182482 
18
0.000000 0.000000 0.000000 
597.162537 164.886795 0.855240 
607.528320 170.858246 0.841060 
606.050476 228.198380 0.945471 
638.315613 219.349304 0.902541 
583.964478 157.588867 0.870388 
592.755920 204.608322 0.195800 
0.000000 0.000000 0.000000 
600.119934 253.171570 0.736541 
592.707031 310.483612 0.881191 
582.530457 366.322083 0.832611 
582.439392 250.158478 0.751319 
578.035095 300.168671 0.786396 
572.170837 347.231445 0.811395 
0.000000 0.000000 0.000000 
0.000000 0.000000 0.000000 
625.085938 129.619324 0.873305 
598.665771 123.807877 0.218223 
18
0.000000 0.000000 0.000000 
598.623291 163.443222 0.845860 
611.853943 170.862930 0.832053 
607.440918 228.181671 0.931224 
638.313660 219.334564 0.909600 
583.983765 157.552750 0.863661 
591.271057 206.057388 0.216728 
0.000000 0.000000 0.000000 
603.032654 253.173889 0.743817 
592.725464 310.479523 0.891286 
582.530029 366.322937 0.837318 
582.489929 248.730026 0.753286 
578.088928 300.162689 0.791601 
572.208557 347.218658 0.787317 
0.000000 0.000000 0.000000 
0.000000 0.000000 0.000000 
626.528320 129.629669 0.882930 
600.119324 123.815735 0.243617 
18
0.000000 0.000000 0.000000 
600.103394 163.456772 0.843123 
614.757568 170.867096 0.846623 
607.517456 228.174728 0.900457 
638.345886 219.333694 0.905649 
584.004028 157.568008 0.850958 
592.736755 206.059433 0.219406 
0.000000 0.000000 0.000000 
604.455872 253.169006 0.766662 
592.778809 310.500153 0.899136 
582.514160 366.313293 0.845318 
583.920471 250.167679 0.758826 
581.051025 301.682129 0.803712 
573.651733 347.264252 0.757442 
0.000000 0.000000 0.000000 
0.000000 0.000000 0.000000 
626.610107 129.639053 0.896032 
601.562622 123.816635 0.298436 
18
0.000000 0.000000 0.000000 
601.599121 163.463272 0.856567 
616.206055 170.863708 0.864319 
613.309753 228.206055 0.861192 
638.368042 219.302917 0.917695 
585.452942 157.582520 0.835380 
589.831482 204.613647 0.231882 
0.000000 0.000000 0.000000 
605.976257 254.583115 0.788119 
594.172180 310.531494 0.875780 
582.513489 366.323059 0.851155 
589.833008 251.625732 0.732452 
588.376648 309.015350 0.715716 
573.655273 347.295135 0.702458 
0.000000 0.000000 0.000000 
0.000000 0.000000 0.000000 
628.024658 129.634537 0.910753 
603.009033 123.817322 0.340400 
18
0.000000 0.000000 0.000000 
603.049622 166.352798 0.881249 
616.303528 172.275360 0.878787 
616.211609 229.562683 0.903501 
639.781433 217.919739 0.931827 
586.883606 158.999115 0.832623 
586.890259 204.638443 0.240623 
0.000000 0.000000 0.000000 
605.995972 254.632904 0.764513 
594.187744 311.903107 0.862066 
582.518066 364.889984 0.830285 
591.296753 251.658600 0.729648 
592.707520 310.492371 0.742498 
579.516785 353.083252 0.614261 
0.000000 0.000000 0.000000 
0.000000 0.000000 0.000000 
628.095520 131.070145 0.921309 
604.479309 125.209602 0.274708 
18
0.000000 0.000000 0.000000 
604.461304 167.819702 0.915799 
617.727478 173.733597 0.878768 
616.343628 229.600815 0.951464 
639.761841 217.884918 0.931739 
586.862793 159.051163 0.851333 
585.432678 206.062073 0.243264 
0.000000 0.000000 0.000000 
606.045471 254.603592 0.758874 
594.224426 311.915192 0.864195 
582.496765 364.891724 0.858396 
591.293152 251.639664 0.721702 
592.731445 310.474854 0.713806 
576.605042 347.283752 0.601991 
0.000000 0.000000 0.000000 
0.000000 0.000000 0.000000 
629.489685 132.542633 0.953460 
604.539551 126.668427 0.249698 
18
0.000000 0.000000 0.000000 
604.476929 167.810135 0.913260 
617.772339 172.269287 0.886605 
617.753601 229.585175 0.948810 
639.788147 219.296402 0.913034 
585.441711 159.100571 0.844969 
585.429016 206.112518 0.237062 
0.000000 0.000000 0.000000 
607.442017 253.195404 0.765533 
594.217712 311.946228 0.857051 
582.484924 366.321960 0.840881 
592.691101 251.611694 0.722895 
592.773438 311.904846 0.715416 
583.973206 354.571259 0.536785 
0.000000 0.000000 0.000000 
0.000000 0.000000 0.000000 
629.531677 132.525192 0.949924 
604.572998 125.227463 0.306224 
