38
1
18
653.080078 133.957123 0.821911 
616.244934 159.011063 0.889166 
622.156677 166.388718 0.809520 
625.082642 219.298538 0.869443 
632.501526 263.345459 0.839949 
605.982788 154.610626 0.788073 
0.000000 0.000000 0.000000 
0.000000 0.000000 0.000000 
611.851807 248.701645 0.686062 
607.448486 301.658630 0.830201 
592.734558 357.468536 0.855967 
597.153503 241.408615 0.690349 
592.819031 297.196655 0.816599 
589.829163 347.237793 0.638767 
652.984680 125.213570 0.878670 
0.000000 0.000000 0.000000 
639.862061 125.235771 0.936484 
0.000000 0.000000 0.000000 
18
653.058655 133.969421 0.827181 
616.254150 159.005661 0.879194 
620.732910 166.382904 0.812606 
625.121826 219.316559 0.872261 
633.908691 263.358063 0.850239 
606.011353 154.612961 0.763585 
0.000000 0.000000 0.000000 
0.000000 0.000000 0.000000 
611.857605 248.731964 0.687212 
607.444702 303.102448 0.819951 
592.722473 356.075623 0.844186 
597.174255 241.429428 0.677589 
592.827942 297.223389 0.814492 
588.361206 345.794647 0.636095 
651.637878 125.227631 0.868712 
0.000000 0.000000 0.000000 
639.860046 125.238083 0.932784 
0.000000 0.000000 0.000000 
18
653.042847 133.992218 0.863086 
616.248169 159.013428 0.884120 
620.732849 166.401825 0.813954 
625.125732 219.315109 0.868982 
632.488892 263.360382 0.851064 
605.992615 154.619919 0.774978 
0.000000 0.000000 0.000000 
0.000000 0.000000 0.000000 
610.436523 248.732819 0.689240 
607.448730 301.705719 0.819897 
592.743896 357.454559 0.839870 
597.157776 241.430191 0.681387 
592.812988 297.226257 0.817035 
589.829956 347.241150 0.634363 
651.615356 125.247200 0.879322 
0.000000 0.000000 0.000000 
639.826660 125.250679 0.926466 
0.000000 0.000000 0.000000 
18
653.042297 133.977539 0.852440 
616.251526 159.015137 0.876932 
620.725098 166.407211 0.816821 
626.518982 219.291779 0.868322 
632.459961 263.347870 0.853975 
606.002563 154.617920 0.762043 
0.000000 0.000000 0.000000 
0.000000 0.000000 0.000000 
611.889465 248.740204 0.692202 
607.445496 303.129486 0.819725 
592.723694 356.076111 0.833255 
597.183350 242.825073 0.679517 
592.820618 297.237061 0.816965 
588.348633 345.785217 0.638155 
651.618225 125.231415 0.883051 
0.000000 0.000000 0.000000 
639.841125 125.240288 0.930699 
0.000000 0.000000 0.000000 
18
653.027649 133.984024 0.882314 
616.253479 159.018539 0.881116 
620.725586 166.411438 0.819572 
625.128418 219.293243 0.864013 
632.448975 261.977142 0.844458 
606.000000 154.623840 0.764268 
0.000000 0.000000 0.000000 
0.000000 0.000000 0.000000 
613.316772 248.741776 0.697015 
607.454590 303.124786 0.821621 
592.717712 356.066010 0.829871 
597.186340 242.829926 0.681752 
594.173218 297.222870 0.815745 
589.829590 345.760834 0.624345 
651.596985 125.234146 0.901550 
0.000000 0.000000 0.000000 
639.813965 125.246033 0.919932 
0.000000 0.000000 0.000000 
18
653.024048 133.985565 0.888490 
616.260803 159.020706 0.884303 
622.151611 167.814270 0.816979 
625.128540 217.919113 0.872019 
632.465576 261.979370 0.845112 
605.998840 154.617035 0.767449 
0.000000 0.000000 0.000000 
0.000000 0.000000 0.000000 
613.324829 248.724747 0.693257 
607.460754 303.105774 0.819146 
592.713440 356.060028 0.829535 
597.180176 241.422668 0.689139 
594.184326 295.785797 0.807898 
589.817200 345.724335 0.624199 
651.592529 125.232780 0.904765 
0.000000 0.000000 0.000000 
639.812805 125.239380 0.919618 
0.000000 0.000000 0.000000 
18
653.023743 133.988876 0.901680 
616.256836 159.030075 0.885155 
620.744873 167.827316 0.828351 
625.112488 219.293839 0.861585 
632.465698 263.348175 0.847065 
605.996338 154.626465 0.772867 
0.000000 0.000000 0.000000 
0.000000 0.000000 0.000000 
613.358521 248.744537 0.694618 
607.470520 303.108276 0.815418 
592.729248 356.077087 0.821415 
598.631958 242.837357 0.678306 
594.201904 297.214874 0.818531 
591.252686 347.238983 0.649268 
651.581726 125.231766 0.913052 
0.000000 0.000000 0.000000 
639.785767 125.258240 0.911925 
0.000000 0.000000 0.000000 
18
653.025757 133.992157 0.906594 
616.267944 159.030670 0.880330 
620.716614 167.839218 0.838067 
625.124084 217.927094 0.867354 
632.463379 261.937592 0.844837 
606.021301 154.626694 0.748632 
0.000000 0.000000 0.000000 
0.000000 0.000000 0.000000 
614.782349 250.158737 0.699180 
607.454712 303.156342 0.812758 
592.722046 356.074646 0.821938 
600.089417 242.862244 0.672436 
594.197998 297.233673 0.812997 
591.251709 347.211670 0.631223 
651.578552 125.239525 0.909319 
0.000000 0.000000 0.000000 
639.772583 125.268806 0.900678 
0.000000 0.000000 0.000000 
18
653.054810 133.974609 0.890633 
616.285156 159.052017 0.871659 
620.700500 167.873840 0.848463 
625.112976 219.315628 0.862680 
632.491272 261.971649 0.852040 
606.051270 154.650131 0.727447 
0.000000 0.000000 0.000000 
0.000000 0.000000 0.000000 
614.788086 250.198257 0.703423 
607.469604 304.594757 0.812562 
592.745667 356.078247 0.837175 
600.110840 244.308975 0.666731 
594.203979 297.243011 0.817828 
589.803589 345.751709 0.634043 
651.604187 125.218895 0.910400 
0.000000 0.000000 0.000000 
639.796753 125.266327 0.912528 
0.000000 0.000000 0.000000 
18
653.086182 132.596756 0.863868 
616.312744 159.063950 0.860248 
620.687195 167.873383 0.854756 
623.648010 219.332458 0.859874 
632.468018 261.960083 0.861297 
607.463440 156.067322 0.697189 
628.045654 176.633926 0.050375 
0.000000 0.000000 0.000000 
614.821716 251.609879 0.703920 
607.509766 306.037231 0.806911 
592.743713 356.068878 0.849521 
601.585388 244.339157 0.668287 
594.232788 297.260651 0.819462 
586.891968 344.301208 0.648938 
651.633362 125.196106 0.905032 
0.000000 0.000000 0.000000 
639.819946 125.262772 0.922386 
0.000000 0.000000 0.000000 
18
653.099915 133.971680 0.875448 
617.700439 159.085907 0.832533 
619.287903 167.882217 0.867491 
622.177185 219.372498 0.856196 
632.468201 261.978729 0.870169 
608.914917 156.105576 0.647903 
628.088745 179.609100 0.050882 
0.000000 0.000000 0.000000 
616.232910 251.645615 0.714702 
608.962708 306.078522 0.803591 
592.761902 356.050079 0.827518 
604.471130 247.245941 0.677885 
594.314758 298.678955 0.803832 
591.254944 347.201233 0.666569 
652.991455 125.213600 0.904304 
0.000000 0.000000 0.000000 
639.827148 125.249123 0.926093 
0.000000 0.000000 0.000000 
18
654.508606 133.958054 0.881126 
617.773621 159.110199 0.802584 
619.266113 169.288452 0.880159 
620.716675 219.379150 0.865298 
632.480286 263.347687 0.869832 
613.345337 156.118256 0.579436 
629.531006 181.077454 0.059220 
0.000000 0.000000 0.000000 
616.225586 251.663773 0.717641 
613.327881 306.088562 0.806618 
592.763855 356.077759 0.833451 
604.511780 248.708313 0.672590 
595.726624 298.758575 0.816406 
591.255676 347.221436 0.659490 
653.029663 125.198875 0.916469 
0.000000 0.000000 0.000000 
639.824646 125.258186 0.932746 
0.000000 0.000000 0.000000 
18
654.578735 132.595459 0.877694 
619.247375 160.502655 0.764141 
619.231750 169.324097 0.884432 
619.269531 220.796707 0.876083 
632.443176 263.455292 0.890219 
619.243225 157.504990 0.539516 
629.628601 182.489700 0.054509 
0.000000 0.000000 0.000000 
616.338379 253.102478 0.745704 
613.370667 307.535828 0.833858 
592.794556 357.473724 0.847958 
608.921936 250.202744 0.639597 
598.630920 300.200989 0.797811 
591.281128 348.677521 0.695230 
653.057861 123.838539 0.929493 
0.000000 0.000000 0.000000 
639.807129 125.280899 0.930306 
0.000000 0.000000 0.000000 
18
658.915222 132.581009 0.876103 
620.699585 160.534576 0.737817 
617.834045 169.347839 0.884098 
619.248657 222.254288 0.875713 
630.988892 263.477905 0.916975 
625.111084 157.511520 0.559234 
632.495667 182.510300 0.066080 
0.000000 0.000000 0.000000 
616.331787 253.147675 0.754990 
616.213196 306.090027 0.874977 
592.796509 357.473053 0.857199 
610.408325 251.637207 0.639560 
600.133972 300.251343 0.793390 
591.246765 347.256104 0.680917 
654.520935 123.824242 0.906029 
0.000000 0.000000 0.000000 
641.223572 126.668663 0.940794 
0.000000 0.000000 0.000000 
18
661.814819 132.572174 0.889076 
622.177917 161.980057 0.729216 
619.202576 170.746201 0.882333 
619.237793 223.725281 0.873834 
630.985291 264.913269 0.920486 
626.596802 157.549316 0.582844 
635.388855 182.647980 0.069261 
0.000000 0.000000 0.000000 
617.743530 254.587326 0.738525 
616.297729 307.501007 0.884031 
592.833008 357.465851 0.879228 
613.355286 251.700851 0.641450 
603.059875 300.202057 0.824620 
589.792847 345.782257 0.700199 
656.016357 123.827881 0.892868 
0.000000 0.000000 0.000000 
641.302307 126.697029 0.926719 
0.000000 0.000000 0.000000 
18
661.896729 132.559799 0.899870 
625.124878 164.916077 0.761747 
617.816162 170.767212 0.905786 
619.211060 223.730499 0.884537 
629.600281 264.842743 0.927346 
629.569824 159.035858 0.637591 
639.854675 184.086014 0.196221 
0.000000 0.000000 0.000000 
617.741089 253.146957 0.747501 
619.222412 307.496277 0.858469 
594.195374 357.457062 0.884604 
616.274963 251.662827 0.628186 
604.561340 300.132843 0.866122 
585.440857 345.726868 0.728686 
658.934631 123.831207 0.899579 
0.000000 0.000000 0.000000 
642.732605 128.139648 0.895473 
0.000000 0.000000 0.000000 
18
663.320251 133.980270 0.943867 
628.043762 166.363693 0.829624 
617.806580 170.784256 0.912809 
617.846802 223.741211 0.862791 
629.601624 263.487030 0.937756 
638.339905 159.084061 0.731266 
641.317444 186.982101 0.247297 
0.000000 0.000000 0.000000 
617.822083 251.698181 0.726759 
626.554993 307.530334 0.847529 
594.317627 356.019073 0.787412 
619.243591 251.627762 0.587248 
605.994080 300.147217 0.875171 
586.899170 345.770874 0.733493 
661.805298 125.250885 0.915044 
0.000000 0.000000 0.000000 
644.200134 128.190430 0.863109 
0.000000 0.000000 0.000000 
18
664.804260 133.991287 0.937706 
629.498169 167.859665 0.860064 
619.257751 170.862061 0.881584 
619.263550 225.170074 0.861407 
630.977783 264.886780 0.934118 
639.787781 161.971008 0.725158 
642.750977 192.850601 0.140219 
0.000000 0.000000 0.000000 
619.277588 251.713928 0.719043 
630.969543 306.058563 0.866028 
603.012695 350.176056 0.775642 
622.189514 251.614120 0.588308 
607.455017 300.126526 0.862344 
591.235413 345.724335 0.803902 
663.296692 125.236366 0.957587 
0.000000 0.000000 0.000000 
647.148621 131.071274 0.861945 
0.000000 0.000000 0.000000 
18
669.197693 134.067963 0.899945 
631.021667 169.258850 0.881383 
620.686340 170.858521 0.876121 
620.709412 226.613098 0.874407 
629.598206 266.347565 0.920592 
644.218262 163.438370 0.719884 
642.786133 206.096146 0.119217 
0.000000 0.000000 0.000000 
625.078369 253.111145 0.729208 
631.010132 307.518829 0.874657 
606.040100 351.644562 0.813370 
629.505127 250.187698 0.591791 
613.319336 300.143677 0.844284 
589.852722 345.687073 0.832991 
664.844238 126.704399 0.898381 
0.000000 0.000000 0.000000 
651.522217 132.541748 0.942830 
0.000000 0.000000 0.000000 
18
675.034119 135.508148 0.967382 
638.301697 169.390656 0.874247 
626.566345 170.866150 0.886953 
626.605286 226.650131 0.925919 
631.054749 267.836029 0.850219 
650.083557 169.265457 0.789216 
644.264648 214.890335 0.464137 
650.134949 247.255310 0.741482 
625.093994 254.582474 0.734982 
632.437744 308.998932 0.865779 
611.858765 356.042206 0.817582 
633.927917 251.673462 0.665406 
617.747620 300.259644 0.857792 
592.692444 342.788879 0.808198 
670.673889 129.651917 0.867778 
0.000000 0.000000 0.000000 
653.030518 133.958771 0.955631 
0.000000 0.000000 0.000000 
18
676.566650 138.458481 0.924627 
641.270569 172.279053 0.911228 
629.496460 175.232544 0.891798 
628.102295 228.179855 0.978396 
636.899170 273.671936 0.873472 
653.069885 170.836731 0.841588 
648.594482 217.865021 0.497140 
651.644653 245.790146 0.777334 
622.181274 256.099213 0.723739 
636.846619 310.459473 0.862944 
607.507507 356.033661 0.838317 
639.816040 253.124268 0.730491 
632.446411 307.538788 0.573146 
597.197815 334.029083 0.762438 
675.055664 134.021927 0.954774 
0.000000 0.000000 0.000000 
657.431458 135.457184 0.906897 
0.000000 0.000000 0.000000 
18
681.010254 145.873749 0.912628 
645.720032 181.045761 0.841609 
636.844971 182.503876 0.852597 
632.438599 238.385681 0.878136 
641.330688 281.064240 0.876125 
657.456299 179.584686 0.774494 
653.022888 217.915863 0.728007 
660.364441 251.664841 0.849336 
617.816650 254.622543 0.717597 
639.853271 313.435455 0.902684 
608.937195 354.585541 0.806924 
641.239563 251.683044 0.703691 
663.289734 298.700104 0.786837 
606.037109 332.489197 0.594633 
676.611755 139.905701 0.873992 
0.000000 0.000000 0.000000 
663.283875 145.766113 0.933455 
0.000000 0.000000 0.000000 
18
685.396423 158.971283 0.941105 
648.662537 191.372803 0.824175 
639.800720 192.885132 0.879046 
638.289734 248.744812 0.863747 
650.045105 291.382324 0.841870 
658.899170 188.452530 0.725793 
655.995728 228.120773 0.766027 
663.329956 258.999146 0.881591 
617.773132 263.471527 0.730640 
641.342041 322.182556 0.851811 
607.510071 356.027954 0.740029 
641.278870 256.110352 0.644181 
667.766968 301.646423 0.789063 
629.506653 345.758514 0.646359 
679.488892 153.137070 0.828722 
0.000000 0.000000 0.000000 
664.785522 157.556503 0.937516 
0.000000 0.000000 0.000000 
18
686.902527 170.884964 0.880430 
651.563538 204.643280 0.876488 
641.263062 206.101257 0.905531 
639.844055 261.983398 0.878228 
655.999695 306.058075 0.789985 
661.829285 203.138458 0.772079 
661.810913 241.333542 0.747697 
664.788879 272.222900 0.903690 
616.300842 275.165771 0.771482 
650.062805 323.709320 0.784983 
607.487732 353.111053 0.748407 
638.309265 266.413300 0.613327 
669.208862 310.464020 0.690253 
635.406372 348.717194 0.663583 
683.939880 169.266266 0.850655 
0.000000 0.000000 0.000000 
669.197815 170.861359 0.872954 
0.000000 0.000000 0.000000 
18
688.358032 191.396057 0.832604 
653.013123 217.926910 0.840038 
644.216003 219.366516 0.828882 
642.778137 275.151154 0.831661 
664.838318 320.706879 0.814441 
660.422485 217.859940 0.770695 
663.324768 254.597839 0.727210 
667.736023 281.065582 0.795455 
616.316040 284.031677 0.776323 
654.536987 332.521149 0.770440 
608.948792 351.645081 0.716418 
638.346191 276.717163 0.645256 
676.595276 311.978699 0.672056 
635.398499 348.745239 0.458568 
686.835815 184.035263 0.882912 
0.000000 0.000000 0.000000 
673.620972 191.355606 0.921019 
0.000000 0.000000 0.000000 
18
688.410400 206.112045 0.798841 
653.030518 234.032181 0.839657 
644.252197 238.416382 0.818403 
650.035156 289.878998 0.837372 
675.075439 331.036713 0.840310 
661.854858 231.117340 0.754720 
660.378479 267.860992 0.498381 
670.659546 288.387329 0.700257 
616.247437 292.819305 0.760096 
666.300049 339.866913 0.757329 
613.317749 351.621368 0.784699 
635.398743 286.991150 0.643412 
683.918884 313.406647 0.631946 
675.076294 329.551270 0.060886 
686.851074 203.123383 0.834249 
0.000000 0.000000 0.000000 
675.033020 206.140396 0.921154 
0.000000 0.000000 0.000000 
18
688.348694 223.702118 0.781377 
653.000000 245.766571 0.831528 
642.792969 251.597702 0.824637 
653.014771 306.050629 0.909780 
680.973633 336.974060 0.803513 
661.836243 242.820709 0.739781 
656.003357 285.490814 0.285108 
670.695435 306.058075 0.300704 
614.774597 300.204132 0.744264 
669.245728 348.678589 0.695661 
613.365601 353.091797 0.836400 
630.980103 297.199677 0.618140 
685.395447 314.875641 0.720442 
617.819946 347.235474 0.176224 
686.867249 217.818787 0.903672 
0.000000 0.000000 0.000000 
675.090027 219.364197 0.913872 
0.000000 0.000000 0.000000 
18
686.919861 236.973465 0.670995 
651.520752 256.093689 0.757933 
642.754700 261.964203 0.816778 
654.515991 313.442841 0.927566 
688.388916 345.734741 0.864662 
654.518433 254.576782 0.653131 
653.094421 300.188843 0.189218 
672.153625 313.395020 0.187715 
611.876526 310.503998 0.703777 
676.604492 353.133881 0.638685 
614.842529 353.128235 0.781775 
628.048279 307.530457 0.623483 
685.367981 320.756653 0.497429 
617.793823 345.805847 0.288637 
686.836975 229.642715 0.798515 
0.000000 0.000000 0.000000 
675.118347 231.097748 0.914189 
0.000000 0.000000 0.000000 
18
686.822876 248.738724 0.760624 
650.114319 264.910126 0.822321 
641.244751 267.853485 0.811282 
658.917419 322.265045 0.899122 
695.646606 347.183502 0.885500 
655.976318 263.451019 0.659814 
657.419983 301.668884 0.165640 
0.000000 0.000000 0.000000 
611.890564 317.828918 0.697560 
675.120056 350.159821 0.501289 
616.289795 351.656769 0.854942 
628.072144 311.948029 0.627429 
685.405945 319.287048 0.551653 
676.494019 323.697235 0.052508 
685.345825 241.429810 0.831519 
0.000000 0.000000 0.000000 
673.570984 242.850281 0.873976 
0.000000 0.000000 0.000000 
18
685.411682 253.110794 0.794036 
648.653992 266.428864 0.767057 
639.833557 275.229614 0.854212 
658.927307 325.210602 0.789188 
697.167358 344.300415 0.890170 
654.514771 263.426147 0.619908 
655.949463 300.186462 0.149449 
0.000000 0.000000 0.000000 
614.840210 322.242371 0.731397 
676.553955 347.194916 0.502645 
617.725586 354.558899 0.840913 
629.517334 313.395660 0.617120 
686.819275 316.348175 0.684558 
685.396912 336.935883 0.059322 
682.420227 250.176514 0.773247 
0.000000 0.000000 0.000000 
666.329468 251.666779 0.920073 
0.000000 0.000000 0.000000 
18
682.433167 256.082153 0.788649 
644.229919 267.865570 0.774866 
638.329346 275.249573 0.843336 
660.416626 323.699646 0.826375 
698.632751 336.973907 0.937025 
651.578918 264.850037 0.622482 
655.972595 300.211395 0.161453 
0.000000 0.000000 0.000000 
613.357483 322.192719 0.689158 
676.543335 344.264954 0.509877 
616.274170 353.090668 0.876228 
628.062378 313.395233 0.609421 
683.912598 311.976746 0.607685 
675.167114 323.727692 0.058618 
676.654236 253.091690 0.862326 
0.000000 0.000000 0.000000 
663.395630 253.112289 0.961453 
0.000000 0.000000 0.000000 
18
679.526306 254.597763 0.776372 
642.747437 266.337097 0.788469 
638.318359 273.691925 0.813202 
660.408142 319.263153 0.872429 
698.570679 332.551819 0.947313 
650.084167 263.394073 0.609125 
653.037964 298.674988 0.155486 
0.000000 0.000000 0.000000 
608.950684 317.805542 0.666449 
673.598083 332.539276 0.438623 
613.370972 348.754578 0.860778 
626.554626 310.496002 0.599843 
675.111023 333.954803 0.437085 
623.642822 347.251190 0.411650 
676.565735 251.674484 0.867611 
0.000000 0.000000 0.000000 
663.333984 251.719971 0.956566 
0.000000 0.000000 0.000000 
18
675.110229 256.104614 0.857060 
639.861694 264.876556 0.817839 
636.843811 267.823486 0.780208 
661.846741 310.511322 0.972772 
698.565552 323.751221 0.968912 
642.762695 261.969177 0.607211 
651.591858 298.710480 0.139872 
0.000000 0.000000 0.000000 
607.521667 313.433929 0.704081 
666.301941 326.651093 0.547494 
613.372437 348.758057 0.847860 
620.702454 310.481140 0.590824 
672.140747 326.639557 0.484052 
623.640198 347.244904 0.482532 
673.588135 253.073135 0.899204 
0.000000 0.000000 0.000000 
656.014465 251.650909 0.884631 
0.000000 0.000000 0.000000 
18
673.575806 254.618927 0.758215 
639.730164 263.361023 0.798911 
631.016907 264.890350 0.851532 
658.939941 306.058289 0.898507 
698.665466 317.835083 0.916270 
641.281860 259.004211 0.576087 
652.990295 291.363464 0.143799 
0.000000 0.000000 0.000000 
607.470337 310.458038 0.735383 
664.836304 323.769226 0.683526 
614.827332 350.169373 0.885965 
620.707092 304.609985 0.588944 
670.664001 322.257385 0.530775 
622.185791 345.742096 0.430768 
669.208069 251.696808 0.836989 
0.000000 0.000000 0.000000 
655.958679 251.597321 0.878841 
0.000000 0.000000 0.000000 
18
669.195984 253.155655 0.780077 
635.412659 261.912506 0.787590 
628.069946 264.886353 0.873718 
657.466553 300.273895 0.915167 
700.065430 311.881256 0.969362 
639.825867 254.636368 0.567612 
653.017273 288.366486 0.108747 
0.000000 0.000000 0.000000 
606.055542 310.440430 0.774665 
664.748657 320.735992 0.717815 
616.220154 348.739594 0.879564 
619.219360 303.154724 0.620311 
663.367126 314.879944 0.453253 
619.216675 344.301697 0.408191 
664.820129 251.607513 0.845846 
0.000000 0.000000 0.000000 
651.568298 251.588257 0.922842 
0.000000 0.000000 0.000000 
18
661.891785 254.629959 0.819267 
629.484741 261.969818 0.840533 
622.184692 264.859680 0.859563 
654.544312 300.190643 0.976179 
698.661255 308.973663 0.915645 
636.834656 259.004211 0.559121 
642.791321 264.932007 0.068241 
0.000000 0.000000 0.000000 
604.589172 311.923645 0.791037 
664.799255 316.358551 0.698929 
614.840759 348.705597 0.871890 
617.757507 306.086456 0.637733 
664.789307 313.419495 0.491843 
617.791138 345.690308 0.493131 
658.933899 251.687668 0.848875 
0.000000 0.000000 0.000000 
644.226440 250.216675 0.898969 
0.000000 0.000000 0.000000 
18
657.439392 253.216034 0.751859 
628.033203 263.340759 0.841291 
619.240173 264.896423 0.867390 
651.559875 300.157043 1.086836 
694.185547 301.634552 0.889463 
633.923828 259.000305 0.542431 
639.804810 264.906921 0.065047 
0.000000 0.000000 0.000000 
604.511353 312.010559 0.782040 
664.783630 317.818390 0.762829 
616.288208 347.260193 0.915821 
616.316956 308.987793 0.634569 
663.324646 313.402039 0.462306 
619.230164 342.806763 0.422732 
653.101624 251.664932 0.863148 
0.000000 0.000000 0.000000 
641.285156 251.599274 0.920905 
0.000000 0.000000 0.000000 
18
652.982361 253.188919 0.836136 
626.555054 260.466614 0.821697 
617.779480 264.845734 0.851314 
650.047302 298.695862 1.006577 
688.372864 300.223053 0.927237 
629.552734 253.176682 0.555776 
639.844482 259.015839 0.119585 
0.000000 0.000000 0.000000 
604.534607 310.503418 0.772726 
663.393921 319.317322 0.811149 
616.313354 347.231445 0.938673 
616.321472 303.144531 0.600855 
663.308716 311.968842 0.417457 
619.235413 338.397736 0.302628 
651.501404 251.603195 0.857928 
0.000000 0.000000 0.000000 
636.894592 247.252151 0.857698 
0.000000 0.000000 0.000000 
