28
1
18
563.338623 154.652481 0.864764 
535.450134 191.396378 0.785685 
545.681580 195.826218 0.794404 
547.214355 239.913773 0.876885 
557.528137 272.252594 0.918902 
528.089233 185.520111 0.671609 
0.000000 0.000000 0.000000 
0.000000 0.000000 0.000000 
539.845947 263.414307 0.746708 
544.274292 310.451080 0.852934 
533.874451 356.057129 0.764954 
526.604431 260.474731 0.699678 
532.505127 308.959564 0.758235 
532.507385 351.659943 0.633446 
558.904785 147.352951 0.906644 
0.000000 0.000000 0.000000 
545.742310 156.099091 0.831440 
0.000000 0.000000 0.000000 
18
563.341980 156.099335 0.877446 
535.478271 192.809387 0.813889 
545.725098 195.832596 0.813777 
547.203796 239.938065 0.888734 
557.534790 273.693237 0.937435 
528.100281 188.423737 0.690918 
0.000000 0.000000 0.000000 
0.000000 0.000000 0.000000 
541.298462 263.430145 0.740701 
545.656067 310.474426 0.855891 
533.875122 356.014008 0.764024 
525.170898 260.484680 0.729489 
532.420166 308.981537 0.759509 
532.467407 353.082977 0.629672 
558.922119 148.756012 0.896516 
0.000000 0.000000 0.000000 
545.774536 156.121689 0.839715 
0.000000 0.000000 0.000000 
18
563.353394 156.051590 0.878641 
535.464539 191.373123 0.793165 
545.702942 195.776688 0.792434 
547.214050 239.902237 0.869614 
558.898010 272.269531 0.924034 
528.088196 185.517136 0.690296 
0.000000 0.000000 0.000000 
0.000000 0.000000 0.000000 
538.403564 263.367828 0.739111 
545.667542 310.476532 0.872524 
533.897583 356.051117 0.798090 
525.120911 258.998169 0.720652 
531.008362 308.980133 0.765374 
532.442261 353.110016 0.621505 
558.916687 147.360641 0.914018 
0.000000 0.000000 0.000000 
545.745300 156.114044 0.844893 
0.000000 0.000000 0.000000 
18
561.927734 154.637955 0.865957 
535.449951 192.780945 0.827706 
545.695618 195.803375 0.812880 
547.251343 239.948669 0.859682 
558.934204 273.692444 0.937147 
528.054565 186.969086 0.711264 
0.000000 0.000000 0.000000 
0.000000 0.000000 0.000000 
538.402466 263.377014 0.741306 
545.637573 310.501862 0.862813 
533.934326 356.054596 0.810461 
525.108154 259.009369 0.724509 
529.560242 309.008240 0.758430 
532.457275 353.119446 0.637825 
558.889709 147.331421 0.924654 
0.000000 0.000000 0.000000 
545.702637 157.503311 0.846566 
0.000000 0.000000 0.000000 
18
561.900391 154.643356 0.858317 
535.436035 191.376617 0.808304 
545.671143 195.771362 0.795083 
548.652222 239.941559 0.849378 
558.995483 273.711700 0.932611 
528.053223 185.509842 0.698703 
0.000000 0.000000 0.000000 
0.000000 0.000000 0.000000 
538.351807 261.943481 0.737165 
545.706238 310.416687 0.875263 
533.917664 356.015198 0.792332 
523.711731 256.104065 0.718646 
530.999878 307.552368 0.766957 
531.000671 353.120514 0.628944 
557.539612 147.337418 0.906729 
0.000000 0.000000 0.000000 
545.721497 156.122009 0.842079 
0.000000 0.000000 0.000000 
18
561.880188 156.040039 0.857982 
535.429565 191.356522 0.799767 
545.667664 194.368546 0.791962 
548.650024 239.870621 0.844573 
559.009644 273.677429 0.912319 
526.638977 184.074722 0.695176 
0.000000 0.000000 0.000000 
0.000000 0.000000 0.000000 
538.357727 261.936890 0.737089 
545.724426 309.034119 0.881813 
533.901489 356.023254 0.792228 
523.728271 256.100891 0.708667 
530.983887 308.953033 0.772268 
530.986694 354.571350 0.626934 
557.524841 147.351852 0.895106 
0.000000 0.000000 0.000000 
545.712341 156.123718 0.827834 
0.000000 0.000000 0.000000 
18
560.462036 154.638626 0.862501 
535.429321 191.373032 0.808474 
545.706116 195.787079 0.781235 
548.655090 239.905258 0.855285 
559.018799 273.701996 0.903770 
526.609436 185.487534 0.703587 
0.000000 0.000000 0.000000 
0.000000 0.000000 0.000000 
539.816406 261.960327 0.732396 
545.719971 310.436401 0.906593 
533.887024 356.027954 0.807300 
525.109436 257.561340 0.715472 
532.433716 307.522644 0.791360 
529.541809 354.550323 0.645167 
557.503845 147.325226 0.913627 
0.000000 0.000000 0.000000 
545.676575 156.064026 0.809540 
0.000000 0.000000 0.000000 
18
560.432007 154.649887 0.866122 
535.431824 192.776428 0.816141 
545.726013 195.799515 0.793512 
548.706909 239.890106 0.856280 
560.396851 273.707092 0.901474 
526.597473 185.525894 0.701681 
0.000000 0.000000 0.000000 
0.000000 0.000000 0.000000 
539.863770 261.972778 0.733183 
547.166260 310.398041 0.905763 
533.899292 356.005615 0.822797 
525.134155 258.992065 0.713487 
532.509033 307.506989 0.830319 
529.532104 353.115906 0.642309 
557.484680 147.338516 0.901376 
0.000000 0.000000 0.000000 
545.677734 156.085144 0.823859 
0.000000 0.000000 0.000000 
18
561.861084 156.115326 0.887218 
535.489746 192.814301 0.792601 
545.773926 195.806152 0.811643 
548.714111 239.882278 0.866978 
560.406128 273.666718 0.897276 
528.088623 188.441101 0.677966 
0.000000 0.000000 0.000000 
0.000000 0.000000 0.000000 
542.748596 261.971130 0.728263 
548.666809 310.401764 0.878113 
533.928345 354.574402 0.847721 
526.591309 258.992249 0.702431 
533.864441 306.070038 0.824430 
528.090698 351.637573 0.631920 
557.529541 148.760468 0.899678 
0.000000 0.000000 0.000000 
545.693481 157.496780 0.840549 
0.000000 0.000000 0.000000 
18
564.815552 156.118225 0.881440 
536.903442 192.807541 0.780767 
547.191284 195.795349 0.814040 
551.578003 239.887756 0.849197 
560.455322 273.710419 0.900951 
528.088684 188.424713 0.680073 
0.000000 0.000000 0.000000 
0.000000 0.000000 0.000000 
544.245300 263.381500 0.739615 
553.071045 310.411865 0.858710 
533.992310 351.663391 0.854015 
528.098938 259.032715 0.695246 
533.876038 306.072144 0.837281 
526.584351 348.697357 0.669410 
558.980408 148.734589 0.893030 
0.000000 0.000000 0.000000 
547.135742 156.043335 0.830009 
0.000000 0.000000 0.000000 
18
567.708801 154.643616 0.878166 
539.830627 192.808380 0.784899 
547.253235 195.802338 0.831561 
553.061096 239.898300 0.870029 
560.477173 273.682648 0.896803 
532.444031 188.418015 0.701377 
0.000000 0.000000 0.000000 
0.000000 0.000000 0.000000 
545.677673 263.371643 0.772244 
558.928894 308.951172 0.914085 
535.446106 350.203979 0.847999 
531.030640 259.026276 0.710801 
534.000610 304.600098 0.874511 
526.603394 348.683472 0.744034 
559.023621 147.341278 0.896570 
0.000000 0.000000 0.000000 
547.183655 156.111603 0.821259 
0.000000 0.000000 0.000000 
18
569.230103 156.087219 0.952001 
544.254150 192.812714 0.796994 
550.124146 195.785553 0.810164 
554.554199 239.911118 0.902971 
561.901611 275.116791 0.896033 
534.001892 186.974564 0.699203 
0.000000 0.000000 0.000000 
0.000000 0.000000 0.000000 
547.138062 263.404083 0.779753 
561.886902 308.997131 0.872067 
538.400269 353.096771 0.815249 
533.955261 260.458740 0.749419 
535.454712 306.051208 0.858485 
526.618347 347.316071 0.791827 
564.822876 148.766418 0.872036 
0.000000 0.000000 0.000000 
550.119263 156.063568 0.804461 
0.000000 0.000000 0.000000 
18
570.761475 157.508118 0.947034 
547.164978 191.395630 0.784326 
554.546448 194.378143 0.821495 
557.430725 241.317261 0.904520 
564.832092 276.632416 0.895261 
538.379456 184.064484 0.629407 
0.000000 0.000000 0.000000 
0.000000 0.000000 0.000000 
547.219238 263.416229 0.762012 
563.345032 310.405243 0.855059 
544.267395 357.454071 0.905455 
535.405945 260.486694 0.734233 
536.873657 306.075226 0.843817 
529.522217 347.288208 0.807587 
569.197266 148.804596 0.903841 
0.000000 0.000000 0.000000 
554.533081 156.086212 0.802080 
0.000000 0.000000 0.000000 
18
578.024963 157.547256 0.910650 
551.577209 194.282822 0.776803 
558.971497 197.284073 0.820646 
558.939880 242.867889 0.864300 
567.726746 278.163818 0.915090 
544.196716 191.351822 0.683350 
0.000000 0.000000 0.000000 
0.000000 0.000000 0.000000 
553.066284 266.379700 0.683152 
561.898193 311.942932 0.853018 
545.701416 357.523071 0.958324 
536.943970 263.436340 0.760276 
539.864502 309.006226 0.838480 
528.088623 347.298950 0.826398 
570.756714 148.802582 0.880733 
0.000000 0.000000 0.000000 
557.542664 156.074615 0.827176 
0.000000 0.000000 0.000000 
18
582.406311 159.098465 0.920329 
557.411987 197.250259 0.746867 
563.336182 203.151031 0.810344 
563.376892 251.614929 0.859755 
569.193115 285.479126 0.901268 
547.194763 192.885788 0.643704 
0.000000 0.000000 0.000000 
0.000000 0.000000 0.000000 
551.609314 267.824036 0.695969 
566.301025 311.906067 0.825506 
545.744446 358.980377 0.956149 
539.818604 263.463867 0.703748 
547.238831 310.396240 0.905132 
529.538940 347.309875 0.866168 
579.500122 156.099579 0.880377 
0.000000 0.000000 0.000000 
561.923035 157.564713 0.808833 
0.000000 0.000000 0.000000 
18
588.375977 164.907837 0.821511 
558.970215 198.739548 0.766821 
569.211060 206.081451 0.851495 
569.224060 253.080124 0.889956 
572.186279 288.491089 0.937058 
548.705933 192.823654 0.652716 
0.000000 0.000000 0.000000 
0.000000 0.000000 0.000000 
551.610291 269.321533 0.696410 
570.760132 311.971222 0.856625 
547.124878 358.970154 0.924875 
542.770569 264.872498 0.657029 
558.953979 310.512421 0.833507 
533.890564 354.553955 0.803477 
582.536316 159.027359 0.918833 
0.000000 0.000000 0.000000 
570.723938 161.962631 0.812017 
0.000000 0.000000 0.000000 
18
594.263794 173.714706 0.799960 
564.841736 204.655167 0.757178 
570.698792 213.423615 0.851232 
570.743713 253.155792 0.884578 
581.010620 295.787384 0.805752 
557.524841 201.630341 0.610925 
580.992615 242.889587 0.490649 
592.769348 264.901123 0.825732 
547.256287 273.679626 0.806938 
582.415771 313.444885 0.896114 
548.633118 357.481689 0.848486 
538.382324 266.356934 0.672918 
567.748779 311.919983 0.789008 
533.909546 354.571014 0.788839 
592.727539 169.387283 0.849996 
0.000000 0.000000 0.000000 
579.545227 170.836227 0.821015 
0.000000 0.000000 0.000000 
18
605.944702 184.060837 0.797171 
570.753967 217.854568 0.759425 
570.752319 223.730881 0.789754 
579.511719 272.240173 0.657194 
589.832397 311.903076 0.780973 
570.756042 214.899704 0.620948 
588.323181 251.679138 0.741516 
601.565918 275.122528 0.879839 
548.653259 279.616089 0.734052 
588.355713 323.719452 0.804335 
557.485107 357.567139 0.851431 
544.254517 275.217468 0.631979 
570.760437 316.377136 0.708563 
535.399353 350.157776 0.762134 
603.070496 181.111359 0.794141 
0.000000 0.000000 0.000000 
591.274719 182.600555 0.766988 
0.000000 0.000000 0.000000 
18
616.225586 204.621719 0.918436 
582.496094 232.576233 0.780944 
579.472107 238.390640 0.761697 
583.930359 288.433685 0.633265 
597.178528 331.031647 0.748399 
589.798889 229.648697 0.729519 
595.687561 264.850586 0.896619 
608.971741 288.484650 0.937322 
547.158203 289.884033 0.757597 
589.795410 333.956757 0.742488 
569.214905 370.781372 0.943212 
554.548828 286.960022 0.535807 
581.017639 323.660278 0.623529 
536.919434 347.300598 0.813230 
608.967102 198.762939 0.802679 
0.000000 0.000000 0.000000 
595.684692 204.570206 0.850907 
0.000000 0.000000 0.000000 
18
617.806763 228.085175 0.687446 
586.865723 251.621155 0.770633 
581.031860 253.132950 0.716835 
592.694458 314.867004 0.490588 
604.462402 348.731659 0.809201 
594.178833 247.271667 0.757147 
604.519287 284.006897 0.901789 
616.324219 310.497192 0.949522 
545.683350 300.205841 0.774769 
592.780029 328.117157 0.656127 
570.701172 370.835388 0.792729 
558.924316 298.675079 0.556035 
589.823853 325.177826 0.341370 
541.315613 345.767334 0.576166 
616.311707 220.783371 0.683779 
0.000000 0.000000 0.000000 
605.945679 225.205750 0.727835 
0.000000 0.000000 0.000000 
18
622.172302 251.651276 0.696803 
591.304749 269.333618 0.736592 
583.969177 276.663116 0.697140 
594.295959 333.936188 0.635082 
604.574585 370.713837 0.888103 
594.281433 264.906250 0.635489 
606.045471 298.707458 0.857132 
617.832764 331.059937 0.913397 
542.801636 307.511108 0.699365 
594.239075 335.508759 0.676143 
570.661316 372.264557 0.803395 
547.164001 307.543945 0.468813 
570.719971 335.429657 0.480774 
544.207153 345.770935 0.697047 
617.813110 245.793762 0.694791 
0.000000 0.000000 0.000000 
605.978638 250.190277 0.780300 
0.000000 0.000000 0.000000 
18
628.062012 267.828735 0.803961 
594.205200 286.893921 0.826454 
583.975647 289.882568 0.724848 
594.258545 345.746246 0.646394 
604.504517 389.846985 0.813973 
604.456177 281.088165 0.687211 
607.492432 311.969849 0.837460 
619.234802 345.766632 0.947925 
544.224854 316.335266 0.644294 
597.164917 345.818817 0.591237 
570.757080 372.251923 0.567507 
557.435791 317.815857 0.487916 
592.770935 333.991394 0.209932 
573.665894 369.242401 0.236825 
626.519409 264.850220 0.816270 
0.000000 0.000000 0.000000 
613.326782 264.968750 0.761737 
0.000000 0.000000 0.000000 
18
629.511292 279.604248 0.713265 
594.278381 300.177765 0.783203 
588.351624 310.433105 0.614039 
594.171082 358.966309 0.687271 
595.765808 398.717926 0.885128 
604.487793 295.733124 0.661107 
610.381470 332.489990 0.772683 
619.218811 358.983643 0.910063 
547.249390 323.707336 0.629113 
558.960022 341.375000 0.124542 
0.000000 0.000000 0.000000 
551.598267 322.246094 0.434407 
594.221680 345.765961 0.168432 
569.252747 366.306793 0.218084 
627.985352 276.640808 0.758469 
0.000000 0.000000 0.000000 
616.240601 281.060486 0.756581 
0.000000 0.000000 0.000000 
18
631.046387 292.839966 0.705296 
595.682373 309.025970 0.746759 
588.332275 317.815979 0.536973 
592.738281 369.252777 0.708090 
592.824890 404.635315 0.978243 
604.556274 301.658417 0.576009 
614.798462 339.894287 0.709103 
617.747803 369.216003 0.844600 
553.070740 329.598358 0.500330 
558.881287 347.184906 0.082767 
0.000000 0.000000 0.000000 
548.704529 325.177795 0.361333 
608.939819 344.274963 0.175737 
606.085022 361.935638 0.180180 
629.455017 288.445343 0.752730 
0.000000 0.000000 0.000000 
616.259583 291.386353 0.681763 
0.000000 0.000000 0.000000 
18
629.577271 310.431183 0.533583 
594.253540 311.928986 0.804608 
589.809387 325.167633 0.574574 
591.276489 370.720947 0.635179 
592.795166 406.052856 0.940205 
603.036743 306.020905 0.599588 
608.965881 341.315613 0.611250 
614.822571 369.298279 0.701561 
555.994812 341.337036 0.614121 
588.355164 367.780487 0.332418 
592.758118 404.628815 0.204733 
547.200989 336.946320 0.495338 
614.813354 347.274475 0.422950 
611.902283 369.251068 0.297610 
629.479553 304.607330 0.536951 
0.000000 0.000000 0.000000 
617.719727 303.161957 0.659544 
0.000000 0.000000 0.000000 
18
629.507629 319.257233 0.386722 
592.806335 313.430603 0.695607 
583.973694 325.196045 0.630140 
589.840515 370.712402 0.739540 
594.174988 406.037811 0.993338 
603.068970 303.103027 0.514016 
607.515320 338.406219 0.408419 
613.361084 369.267639 0.535309 
557.440369 341.327393 0.615706 
582.475586 370.759766 0.364351 
591.304565 404.578766 0.191944 
560.426758 335.449158 0.303520 
616.250122 348.710571 0.661154 
614.789185 370.723053 0.449130 
628.112854 311.992889 0.452324 
0.000000 0.000000 0.000000 
616.308289 310.479095 0.587995 
0.000000 0.000000 0.000000 
18
632.485291 313.421997 0.311981 
595.741638 313.420013 0.727587 
589.793518 323.697632 0.612171 
592.722595 369.334930 0.741981 
594.207642 406.054901 0.987671 
606.012939 304.607727 0.576262 
614.811340 338.424225 0.637177 
616.305176 366.369415 0.795654 
557.453186 334.043274 0.632019 
582.455078 369.293854 0.353540 
570.658020 370.832245 0.210205 
558.960876 331.075867 0.334026 
616.286011 347.250000 0.316795 
607.528381 366.325867 0.222613 
630.979187 310.468414 0.391463 
0.000000 0.000000 0.000000 
622.146606 309.030029 0.582792 
0.000000 0.000000 0.000000 
18
638.353577 307.543884 0.575198 
600.121338 314.896698 0.746168 
589.838379 322.257050 0.617275 
592.788086 370.712402 0.775323 
594.221924 406.076324 0.999274 
613.319702 310.474518 0.637528 
616.270935 339.847107 0.779973 
619.208618 366.316803 0.889364 
557.486877 332.555908 0.618376 
586.883789 367.777069 0.335607 
570.727661 370.788940 0.255191 
561.897156 331.054169 0.328111 
614.779968 348.747986 0.124788 
605.957520 360.558563 0.133522 
635.425598 301.640503 0.614833 
0.000000 0.000000 0.000000 
622.165894 301.694427 0.668199 
0.000000 0.000000 0.000000 
18
636.843323 304.605713 0.536619 
600.099182 313.433350 0.732136 
591.249329 323.681305 0.605608 
592.816895 370.707123 0.771703 
594.237732 406.069031 0.987812 
611.851685 310.410522 0.631538 
616.265259 336.916382 0.754483 
617.832275 363.425385 0.867740 
557.469849 334.030304 0.602581 
559.012756 347.361389 0.067032 
0.000000 0.000000 0.000000 
553.086426 332.543121 0.386293 
613.321228 356.067566 0.096070 
605.973022 361.971130 0.123872 
632.435364 300.200684 0.602929 
0.000000 0.000000 0.000000 
619.236267 300.273376 0.670893 
0.000000 0.000000 0.000000 
