33
1
18
503.054382 157.620819 0.960510 
500.206177 191.355103 0.929971 
476.646393 191.350479 0.912203 
469.288818 232.530579 0.808158 
464.897308 264.933319 0.917231 
525.124756 191.356277 0.881900 
533.939758 229.643692 0.931952 
532.447449 264.871399 0.904010 
486.940460 261.959656 0.862116 
492.808868 308.974518 0.852401 
495.723541 347.310211 0.870098 
514.876099 261.934784 0.802843 
513.364258 307.546417 0.841997 
514.870422 351.648926 0.839356 
498.660614 153.167633 0.907554 
510.401215 153.173889 0.929029 
488.398834 157.579987 0.968434 
516.282837 157.581741 0.698625 
18
501.644470 158.977615 0.971884 
500.189972 191.359833 0.939220 
476.618744 191.366989 0.925915 
469.262115 231.123291 0.817603 
464.811920 264.918610 0.948453 
525.122559 191.351471 0.887854 
533.913879 229.669556 0.916252 
531.029358 264.921417 0.892801 
486.913910 261.950623 0.858444 
491.343170 309.032990 0.868993 
495.705872 347.295380 0.869485 
514.842346 261.938995 0.808965 
511.965393 308.968231 0.878102 
516.302612 351.622528 0.836536 
498.634552 154.604248 0.906231 
510.372498 154.612579 0.925170 
488.387512 157.575882 0.968061 
514.851624 157.581161 0.750446 
18
501.643494 158.999741 0.970685 
500.197632 191.355942 0.936052 
476.632629 191.338791 0.919692 
470.705627 231.112030 0.813388 
463.445831 264.871033 0.948868 
525.126709 191.362167 0.885926 
533.916626 229.697769 0.906601 
530.977844 266.347809 0.860531 
486.902710 261.942505 0.850376 
491.335388 309.008362 0.868840 
495.708984 347.284363 0.875911 
513.410339 261.949432 0.811514 
513.347351 307.524994 0.853549 
516.283508 350.160553 0.850622 
498.636108 154.624969 0.911375 
510.373169 154.649582 0.927190 
488.376556 157.574020 0.966546 
514.858948 157.598572 0.733753 
18
501.642303 159.044357 0.966444 
500.186249 191.362473 0.940604 
476.606079 191.331787 0.913186 
469.287628 232.525879 0.803298 
464.833710 264.930084 0.933135 
525.120056 191.386093 0.885134 
533.925293 229.691391 0.912295 
529.534058 266.379150 0.849361 
486.897675 261.961334 0.852956 
491.355347 309.032043 0.870701 
495.718719 347.298157 0.869908 
513.397156 261.960144 0.812938 
511.990387 307.549500 0.853867 
514.866760 350.199036 0.843131 
498.633667 156.049820 0.926823 
510.380127 156.079391 0.946387 
488.393463 157.578873 0.961531 
516.316772 157.613464 0.812486 
18
501.648956 159.065750 0.964642 
500.186401 191.354141 0.940926 
476.602448 189.921814 0.905316 
469.281891 231.100739 0.813150 
464.936218 266.375519 0.894658 
525.124878 191.394608 0.888130 
533.920044 229.692596 0.909250 
529.532471 266.392029 0.844998 
486.897217 261.980347 0.860629 
491.323883 310.412354 0.886930 
495.717468 347.294464 0.869095 
513.393555 263.357056 0.819870 
513.342896 308.971375 0.856898 
514.874695 351.626068 0.836498 
498.636536 156.064636 0.937510 
510.393341 156.101791 0.961709 
488.399384 157.579788 0.963951 
517.754089 157.619629 0.826134 
18
501.652924 159.069733 0.963314 
500.181458 191.366989 0.947384 
476.598480 189.924713 0.906110 
469.288757 231.108170 0.821540 
467.808105 266.338715 0.869466 
525.124695 191.410172 0.893159 
533.919739 231.056351 0.907750 
529.533264 266.388397 0.846536 
486.895538 263.411163 0.872590 
491.313965 310.453766 0.897020 
495.719269 347.291840 0.873673 
513.405579 263.394348 0.835343 
511.959839 308.980286 0.874638 
514.878479 351.631866 0.835193 
498.639099 156.070709 0.939264 
510.397125 156.106201 0.963837 
488.401978 157.585358 0.962574 
517.756348 157.623886 0.826507 
18
501.655334 159.087799 0.957512 
500.202271 191.401627 0.942393 
476.623230 191.342224 0.911485 
470.736359 231.135239 0.820451 
473.633453 266.355377 0.869235 
525.135193 192.798035 0.895374 
533.928711 231.059311 0.914683 
529.560852 266.378174 0.853947 
486.940521 263.445801 0.877165 
489.907654 310.477722 0.899209 
495.738007 347.311432 0.881637 
513.421265 263.426178 0.837524 
511.950745 308.998291 0.875808 
514.876953 351.664886 0.832311 
498.643005 156.088837 0.945656 
510.397217 156.117523 0.961987 
488.409088 157.576401 0.947286 
517.777222 157.615143 0.841336 
18
501.647034 160.477676 0.952533 
500.196991 191.404053 0.942867 
476.623505 191.341751 0.913812 
473.640869 233.992416 0.831464 
473.698578 267.820801 0.848827 
525.124268 192.794556 0.902008 
533.910828 231.086838 0.906868 
529.527161 267.831421 0.846419 
486.968323 263.454803 0.870249 
489.906342 310.487640 0.890481 
495.744232 348.683411 0.879452 
514.833435 263.426056 0.820998 
511.958313 310.427582 0.876460 
514.866028 351.666687 0.821850 
498.637817 157.482910 0.962369 
510.388031 157.508179 0.977927 
488.412445 157.590118 0.946765 
517.760193 157.633148 0.853015 
18
501.645813 160.552002 0.935899 
500.178894 192.763535 0.949493 
476.595825 191.364212 0.924586 
473.651428 236.932983 0.837981 
475.130493 267.862946 0.859860 
523.747192 192.790894 0.907839 
533.919373 229.696915 0.914906 
523.697449 266.344025 0.888065 
486.945953 263.481415 0.882986 
489.905853 310.522827 0.897008 
495.723175 348.681732 0.869397 
513.411682 263.436951 0.830859 
511.960022 310.459412 0.896860 
514.853516 351.666718 0.836007 
498.648224 157.559799 0.986305 
510.385254 157.577103 0.986913 
488.430969 158.995361 0.930096 
516.328857 159.025345 0.835918 
18
501.608429 162.004227 0.922038 
500.158386 189.928329 0.929587 
476.553345 189.886124 0.904597 
473.621918 231.105972 0.860258 
476.626343 263.449554 0.906858 
525.123413 189.910446 0.865685 
535.380615 228.076202 0.930785 
522.172485 251.645004 0.880737 
488.312073 263.424622 0.861015 
489.891724 310.474945 0.875599 
495.713684 348.678711 0.867796 
514.836121 263.374664 0.802636 
511.978546 309.011444 0.857145 
514.878113 351.639679 0.838427 
498.611145 157.611908 0.969522 
510.350800 157.625229 0.967798 
488.404877 159.047058 0.927255 
514.871826 159.060104 0.804548 
18
500.198975 160.522690 0.940790 
500.155884 182.630539 0.951302 
475.196594 182.594803 0.957441 
469.283630 228.106949 0.886986 
481.036774 256.091919 0.819451 
525.162354 182.616882 0.912180 
536.891479 222.269211 0.880903 
513.395142 231.075256 0.871797 
486.958435 257.553436 0.799386 
489.870728 308.978668 0.856847 
495.698364 347.269958 0.860603 
517.783569 257.532104 0.774444 
513.354492 306.057495 0.849891 
516.285278 351.627960 0.834614 
497.214355 157.547394 0.931924 
508.928223 157.552368 0.936786 
488.377106 158.988678 0.939790 
513.426514 158.997986 0.902151 
18
500.092255 160.502945 0.950802 
500.159698 182.507080 0.977773 
476.571045 181.119080 0.957489 
464.916840 219.324234 0.915482 
483.956635 250.171387 0.847218 
523.734375 181.152969 0.911567 
538.403931 223.710388 0.859923 
514.836609 213.422913 0.762604 
486.958740 254.641235 0.826898 
489.893585 306.072693 0.838549 
494.279755 347.284424 0.853506 
516.338623 254.636597 0.793953 
513.383911 303.150238 0.847529 
514.861694 351.636688 0.836994 
495.732666 157.523926 0.902134 
506.042297 157.548859 0.902411 
488.328491 157.600159 0.817336 
513.385986 158.996185 0.932784 
18
498.634430 163.478180 0.915465 
500.160461 181.156494 0.953520 
476.575348 181.118118 0.943651 
464.858978 219.295502 0.922323 
485.440186 244.330490 0.850411 
523.712708 181.115143 0.872859 
536.925842 219.350449 0.883054 
511.888733 201.651199 0.825984 
486.915527 254.585281 0.818940 
491.303253 304.598724 0.832653 
494.247528 347.295715 0.857428 
516.309204 254.606262 0.784209 
513.388123 304.572144 0.852029 
516.286926 351.660980 0.832469 
491.338257 157.639252 0.946378 
503.064758 158.999268 0.923420 
486.924103 158.994919 0.493475 
513.346985 159.100143 0.909586 
18
495.733459 170.807220 0.924511 
500.108093 182.585709 0.927007 
476.553467 182.614685 0.922936 
464.824371 217.911316 0.929801 
485.446655 242.822433 0.890507 
523.651306 182.520142 0.883864 
535.455627 219.368942 0.916011 
510.407410 197.257080 0.841426 
486.881500 253.196182 0.821247 
491.308960 303.120819 0.832251 
494.255310 347.287140 0.865991 
514.871704 254.601212 0.785459 
513.378784 301.687134 0.875717 
516.309631 351.640961 0.834937 
488.419891 166.413925 0.961606 
500.129425 166.388397 0.922364 
485.435944 160.556702 0.188007 
511.907440 163.440460 0.860912 
18
488.440460 182.531662 0.958854 
498.684113 186.994980 0.856543 
475.147430 189.885361 0.885255 
464.824310 222.252487 0.876610 
486.945892 244.286804 0.860657 
522.217834 184.079849 0.842178 
534.007324 228.095413 0.920505 
510.353302 204.675995 0.886056 
486.907227 253.193054 0.822605 
491.310547 301.685883 0.845758 
492.811646 347.274780 0.860834 
516.306213 254.589951 0.793157 
513.380371 301.624084 0.878470 
516.291443 350.161499 0.843571 
486.859894 178.166367 0.911542 
498.583069 178.112335 0.885261 
0.000000 0.000000 0.000000 
510.422546 172.247086 0.872397 
18
486.954193 195.839645 0.768339 
497.167419 194.300430 0.918278 
473.625793 195.813232 0.914625 
464.907898 228.182922 0.947098 
486.842468 247.243896 0.841084 
520.709106 192.843796 0.900973 
526.643677 235.469986 0.770441 
504.536041 216.343765 0.862633 
486.953522 254.599319 0.863627 
491.353180 301.691193 0.841486 
494.240082 347.234619 0.865399 
516.327393 254.586258 0.803725 
513.415588 301.651306 0.871346 
514.880249 350.190002 0.834803 
483.958771 192.874176 0.632312 
489.894562 192.856384 0.696335 
479.569916 182.506927 0.126592 
501.584717 182.602539 0.727933 
18
485.392761 216.363907 0.543277 
498.664337 207.532654 0.876368 
475.082275 207.594559 0.792732 
464.794250 231.115753 0.654107 
485.439301 242.894226 0.612993 
522.189514 209.013672 0.853658 
523.681274 250.196442 0.859936 
500.157501 234.032501 0.627683 
488.433838 260.466064 0.801937 
492.782227 303.151764 0.805416 
495.708252 347.240509 0.873855 
517.777344 260.484070 0.700602 
513.384277 301.686554 0.858011 
514.875000 351.645508 0.830369 
476.675598 207.583679 0.348270 
486.917084 211.979156 0.469719 
0.000000 0.000000 0.000000 
500.154053 206.039612 0.602444 
18
482.471741 238.405182 0.206023 
498.625061 216.433838 0.890077 
473.663300 216.330002 0.738416 
453.099762 251.636292 0.645238 
441.282043 239.883362 0.653004 
520.742859 219.334442 0.790823 
523.658142 260.502899 0.850932 
497.154907 248.721695 0.704982 
491.334229 256.098114 0.624034 
494.248169 303.152924 0.785746 
495.734955 347.254272 0.850695 
519.237488 259.029541 0.538195 
513.389709 303.132721 0.827522 
514.859985 351.658569 0.815662 
476.582886 229.585297 0.109257 
485.461365 235.513229 0.179206 
476.580658 214.890564 0.173772 
500.170532 225.194855 0.365685 
18
482.465240 251.593811 0.200028 
500.110687 225.203964 0.807039 
482.469513 216.388184 0.680497 
475.159790 195.783722 0.438286 
473.658386 188.471466 0.461102 
520.729248 235.492157 0.767518 
522.259094 266.343903 0.886931 
494.255066 254.642975 0.721520 
498.639343 259.007141 0.660541 
497.144226 303.110596 0.789596 
497.135559 347.267273 0.842755 
522.189209 263.467529 0.505855 
514.819275 307.501038 0.768543 
514.867126 351.655090 0.800463 
476.585114 241.396179 0.104812 
0.000000 0.000000 0.000000 
476.613892 226.597366 0.108387 
497.205811 236.952789 0.294506 
18
486.838013 256.086334 0.157850 
500.194702 229.612427 0.807563 
483.958984 220.794998 0.650874 
476.590027 195.778259 0.523589 
473.699066 192.797729 0.641627 
522.147949 239.919907 0.835267 
522.251953 272.208313 0.873926 
495.692139 264.831573 0.770572 
498.696198 260.466736 0.597650 
497.156036 304.587463 0.800224 
495.742523 347.280396 0.824916 
523.703552 264.884369 0.444808 
514.823730 308.952087 0.751851 
514.836731 351.649231 0.806359 
485.395721 253.152496 0.052131 
0.000000 0.000000 0.000000 
486.872345 225.206863 0.092612 
500.089386 241.386368 0.286362 
18
486.901306 260.433380 0.096410 
500.207153 231.068817 0.766794 
485.436157 222.277603 0.636387 
476.638306 209.025650 0.544916 
473.690796 192.793610 0.734160 
522.130188 241.348312 0.808391 
522.203735 272.218933 0.856188 
492.784515 264.951569 0.777270 
498.676910 261.958405 0.612095 
497.194580 307.525299 0.810056 
495.741486 348.678406 0.817522 
523.647766 264.896210 0.453942 
513.435242 309.012909 0.761073 
514.823059 353.083405 0.807396 
0.000000 0.000000 0.000000 
0.000000 0.000000 0.000000 
488.357391 229.620972 0.086936 
501.571167 238.432526 0.221219 
18
488.384064 263.357330 0.108302 
501.614471 229.615372 0.788518 
486.860107 220.805099 0.672479 
476.616028 207.559723 0.565789 
473.642700 192.807007 0.729517 
520.745178 239.892548 0.827127 
522.244080 269.281891 0.826751 
494.248535 264.867920 0.784863 
500.141388 261.962860 0.618975 
497.189148 304.620544 0.799371 
495.742676 347.298401 0.825697 
523.655701 264.925232 0.502973 
513.426514 308.955688 0.748852 
514.824707 353.102539 0.810835 
0.000000 0.000000 0.000000 
0.000000 0.000000 0.000000 
489.840790 232.571854 0.091954 
500.106384 238.443420 0.213020 
18
486.882324 254.612106 0.102647 
500.132568 226.680237 0.781486 
482.509491 219.351151 0.712854 
476.582214 195.820419 0.509872 
473.651306 191.370087 0.652487 
522.110413 235.497330 0.747550 
523.609924 264.921387 0.822665 
491.299225 257.557678 0.683847 
498.674988 259.016174 0.644378 
497.199188 303.143494 0.793555 
497.132782 347.281586 0.832046 
522.241760 263.382965 0.487596 
513.427795 307.522705 0.753547 
514.830872 351.659424 0.801741 
0.000000 0.000000 0.000000 
0.000000 0.000000 0.000000 
483.986694 225.204086 0.104400 
497.179657 236.959305 0.205000 
18
482.479706 251.653366 0.189935 
498.654144 222.276825 0.798350 
478.091339 217.861832 0.736157 
475.185425 192.889206 0.508554 
473.639526 189.873764 0.495452 
519.243896 229.580124 0.778264 
522.250122 261.938293 0.859309 
489.868378 253.137375 0.797903 
498.636108 254.611938 0.612553 
497.158508 301.684723 0.792804 
497.139679 347.275970 0.836332 
522.183533 257.550323 0.492750 
514.844055 303.126343 0.785345 
514.830872 351.628998 0.802743 
476.601257 241.400635 0.097943 
0.000000 0.000000 0.000000 
476.673828 225.213638 0.139043 
491.326447 234.021378 0.213067 
18
486.900818 195.851654 0.380270 
494.263916 219.292160 0.827222 
472.189636 219.372650 0.748235 
453.045441 250.212296 0.724009 
439.800140 239.886780 0.676947 
514.860291 217.874100 0.800298 
523.600464 253.153976 0.801818 
489.884155 250.213333 0.786880 
494.273193 257.527740 0.625261 
494.281403 303.113556 0.777662 
497.139648 347.273407 0.839424 
520.715271 254.639984 0.585025 
513.390747 301.683380 0.831915 
514.873474 353.085327 0.800735 
483.976105 194.276306 0.349305 
488.434967 194.271530 0.371812 
478.121613 204.651306 0.196444 
500.100372 204.584824 0.267472 
18
486.946289 191.359131 0.212416 
491.303131 214.915405 0.840413 
469.257263 217.818298 0.730535 
454.581390 248.736160 0.622280 
441.322327 241.396072 0.574947 
513.346130 214.854889 0.780667 
520.674377 248.697006 0.712959 
488.376770 242.876251 0.738261 
489.874115 259.031342 0.672863 
494.234100 303.141022 0.775945 
495.752289 347.271576 0.844490 
519.252380 254.627945 0.661110 
513.358887 303.102417 0.845054 
514.852478 351.652771 0.815091 
481.011871 189.876816 0.151838 
488.422668 188.466110 0.151041 
0.000000 0.000000 0.000000 
500.115082 203.138657 0.199265 
18
485.360504 226.654083 0.078849 
494.251221 207.587799 0.832318 
472.229279 211.950806 0.765633 
463.332428 239.882019 0.807368 
485.448853 251.643524 0.757404 
513.422363 206.168762 0.838921 
522.255493 247.250885 0.724708 
498.628174 238.384552 0.740190 
488.434570 261.950958 0.791309 
494.260437 304.596161 0.805395 
495.719849 347.237885 0.853861 
517.754089 259.035309 0.724237 
513.378235 303.134125 0.839086 
514.847656 350.205750 0.832416 
0.000000 0.000000 0.000000 
0.000000 0.000000 0.000000 
475.154938 203.141876 0.196459 
500.163116 201.660141 0.278232 
18
485.380157 228.150894 0.348002 
491.327423 206.134552 0.871836 
469.238434 207.539337 0.786253 
463.347046 232.571655 0.792310 
486.855255 251.611847 0.773285 
513.364319 206.154129 0.871454 
522.191772 247.253494 0.725828 
497.217621 231.127380 0.745759 
488.392029 260.457214 0.803215 
492.809601 303.140808 0.810469 
495.712646 347.249054 0.861354 
516.329956 257.561859 0.738977 
513.349365 303.132202 0.842644 
514.858887 351.654053 0.826404 
476.674957 225.211823 0.233300 
486.944183 226.611191 0.248520 
469.292206 204.609802 0.181745 
500.116608 206.132965 0.276000 
18
476.692810 228.174759 0.400722 
489.884460 209.028885 0.859352 
467.797058 210.490753 0.744750 
457.504944 242.852524 0.589791 
441.308960 239.951584 0.598656 
511.938904 209.064316 0.828704 
519.247742 250.192642 0.781118 
491.323944 241.354736 0.748705 
488.425079 258.986267 0.717663 
492.770874 301.656036 0.811796 
495.691895 347.204620 0.845208 
517.778259 256.076721 0.661924 
513.379761 300.242523 0.864469 
514.868774 350.187744 0.831717 
475.103577 223.747009 0.250977 
478.145569 226.622665 0.310783 
0.000000 0.000000 0.000000 
495.734131 213.404266 0.369715 
18
475.147919 231.070679 0.134466 
489.826233 216.344360 0.855101 
466.369873 213.425812 0.705307 
453.142639 245.756760 0.593169 
439.909821 239.904770 0.557876 
511.949036 217.920013 0.808497 
514.845947 257.529572 0.794828 
485.417236 247.230103 0.693787 
491.301361 254.596741 0.627539 
492.786255 300.224609 0.831761 
495.693481 347.222046 0.833560 
519.223206 254.630478 0.523832 
513.384521 300.244751 0.849208 
514.865723 350.192749 0.826247 
0.000000 0.000000 0.000000 
0.000000 0.000000 0.000000 
0.000000 0.000000 0.000000 
492.803711 216.351486 0.287193 
18
475.132233 241.442551 0.331178 
500.081360 228.097748 0.708518 
485.422150 217.826233 0.546925 
463.409698 228.106979 0.365516 
0.000000 0.000000 0.000000 
511.898438 234.039001 0.783605 
511.895142 266.337097 0.851412 
485.399536 254.635300 0.802307 
500.088715 259.018402 0.671550 
495.719727 304.580505 0.793151 
495.742981 347.249817 0.832280 
523.622192 260.490997 0.580573 
513.410156 303.145691 0.772012 
516.307190 351.624084 0.809183 
464.840942 232.555237 0.101335 
475.178619 239.913589 0.414852 
0.000000 0.000000 0.000000 
488.375397 229.589783 0.474905 
18
483.937805 263.400696 0.072870 
497.225616 229.633652 0.737905 
485.449097 220.790131 0.638841 
476.627319 198.767563 0.496285 
473.687653 192.863342 0.692570 
510.415802 241.352081 0.665627 
510.386688 275.116852 0.868940 
482.503082 264.910950 0.837900 
500.096527 253.144058 0.657596 
495.712524 303.111053 0.780777 
495.735291 347.275543 0.825869 
523.632263 253.103210 0.690991 
514.847900 301.625977 0.828751 
516.299194 351.666656 0.815839 
0.000000 0.000000 0.000000 
0.000000 0.000000 0.000000 
0.000000 0.000000 0.000000 
489.818726 241.386368 0.326458 
18
482.459351 272.243408 0.084145 
488.409454 239.868607 0.763342 
469.264709 229.633636 0.611572 
0.000000 0.000000 0.000000 
0.000000 0.000000 0.000000 
510.409515 251.608292 0.529801 
508.962830 278.134491 0.665002 
485.396606 276.664429 0.727282 
500.085175 254.624588 0.588417 
497.144897 304.589874 0.780477 
495.752686 347.275665 0.815235 
523.656555 253.100601 0.725603 
514.869080 301.633118 0.822447 
516.290283 353.131470 0.807303 
0.000000 0.000000 0.000000 
0.000000 0.000000 0.000000 
469.300354 241.389862 0.111431 
495.690521 248.738037 0.288903 
18
472.197357 282.516815 0.255691 
482.480499 242.876633 0.695048 
463.348206 239.924240 0.580670 
478.100220 194.341507 0.368214 
475.147614 191.340546 0.562179 
498.648041 253.146667 0.505772 
503.087036 276.737701 0.642053 
481.045441 276.742676 0.568846 
498.686493 254.614212 0.565625 
497.169037 303.154816 0.787315 
495.733734 347.305023 0.810167 
523.683105 250.157974 0.734423 
517.773315 300.156738 0.862201 
514.869751 353.118744 0.809934 
0.000000 0.000000 0.000000 
0.000000 0.000000 0.000000 
0.000000 0.000000 0.000000 
479.541962 264.893494 0.176631 
