79
1
18
498.605621 157.568207 0.955692 
492.789917 175.218231 0.822469 
463.329590 173.738068 0.865472 
450.102966 217.919434 0.905691 
467.789001 238.376785 0.835984 
523.679077 178.135681 0.850523 
536.945679 219.315704 0.891095 
511.903839 235.514801 0.833930 
476.579254 263.453247 0.793074 
478.112976 322.271820 0.884673 
482.469116 370.726135 0.851859 
511.859833 263.421906 0.787616 
510.369354 320.795441 0.879532 
510.485809 370.737854 0.882691 
488.401215 148.770874 0.938803 
500.224579 147.340408 0.948473 
476.607971 145.844238 0.942699 
508.983093 142.823547 0.440416 
18
498.734100 156.059128 0.946054 
492.789917 175.206955 0.832891 
463.336365 173.747223 0.865098 
450.108673 217.927856 0.900833 
469.270935 238.429153 0.841932 
523.681091 176.679062 0.851535 
536.944397 219.294495 0.893281 
511.930328 235.513687 0.837760 
476.548309 263.473297 0.790108 
478.106689 322.277618 0.886602 
482.481506 370.730072 0.849879 
511.843353 263.442719 0.789286 
510.368988 322.161530 0.888095 
510.482941 370.708984 0.884981 
489.879242 147.265076 0.938614 
503.058838 145.857803 0.946890 
476.620605 145.803391 0.988355 
510.338257 138.440109 0.220643 
18
500.166992 148.809311 0.929683 
492.778900 175.218643 0.840252 
463.322998 175.187683 0.860060 
450.117676 219.305908 0.904438 
467.801453 238.382401 0.841179 
523.672241 176.664413 0.855061 
536.947205 219.313095 0.887505 
511.930511 236.924622 0.840731 
476.567841 264.877502 0.788189 
478.108215 322.282288 0.888001 
481.052673 370.713165 0.852100 
511.862885 263.463684 0.783065 
510.385803 322.173950 0.895362 
510.493011 370.698792 0.888066 
492.771179 145.780167 0.921056 
504.551880 144.324631 0.897507 
476.636597 145.770401 0.988404 
0.000000 0.000000 0.000000 
18
500.229401 147.346542 0.938439 
492.789185 175.224701 0.845068 
463.327972 175.204086 0.868083 
450.123932 219.328110 0.895641 
467.828766 238.379211 0.842272 
523.679199 176.666672 0.854887 
536.951660 219.319473 0.887398 
511.950867 235.508881 0.838445 
476.574463 264.899323 0.790963 
478.114838 323.643311 0.886495 
482.471161 370.717499 0.852847 
511.870392 263.469238 0.784898 
510.384674 322.175842 0.895899 
510.488983 369.334351 0.885139 
494.254211 144.352890 0.886547 
506.046631 142.834839 0.891822 
476.661255 145.769897 0.969461 
0.000000 0.000000 0.000000 
18
501.627533 147.281174 0.948856 
492.793518 175.233948 0.846117 
463.325867 175.218384 0.866853 
450.132416 219.333923 0.892609 
467.788300 236.969528 0.850209 
523.685425 176.673370 0.853256 
536.954468 219.321472 0.883689 
511.970001 235.475891 0.835040 
476.583160 264.898712 0.796467 
478.122528 322.295624 0.885001 
481.048187 370.707916 0.847851 
511.873535 264.851166 0.787834 
510.380371 320.790619 0.886953 
510.490906 369.328003 0.882889 
495.707214 144.279877 0.881272 
507.492371 139.920914 0.894317 
476.676544 145.726639 0.943642 
0.000000 0.000000 0.000000 
18
501.660339 145.870026 0.941440 
492.790314 175.230698 0.845981 
463.328644 175.217255 0.869151 
450.154327 219.352768 0.885512 
469.239624 238.385590 0.835843 
523.679688 176.670135 0.858460 
536.944763 219.304535 0.890970 
511.973663 235.468323 0.834326 
476.586639 264.898895 0.798731 
478.109436 322.283600 0.890692 
482.466370 370.704803 0.851293 
511.888733 264.850861 0.789886 
510.387909 320.792877 0.890004 
510.492065 369.319427 0.888082 
497.142822 141.410858 0.874846 
507.513519 138.447540 0.904814 
476.702545 144.337143 0.926986 
0.000000 0.000000 0.000000 
18
503.108154 147.211624 0.923360 
492.782349 175.223282 0.846933 
463.328705 175.239395 0.867930 
450.149292 219.351257 0.882097 
469.262665 238.393021 0.830965 
523.669067 175.218079 0.860883 
536.934814 219.297577 0.900007 
511.979706 235.478912 0.830895 
476.595398 264.900146 0.796846 
478.135468 322.269348 0.878361 
482.465515 370.723694 0.850774 
511.888977 264.850647 0.793514 
510.384705 320.794891 0.896895 
510.492157 369.334778 0.891612 
497.197784 142.824188 0.888789 
508.930908 138.455429 0.902887 
478.080292 144.337280 0.919905 
0.000000 0.000000 0.000000 
18
503.087891 147.300140 0.918437 
492.780823 175.228439 0.849344 
463.326141 175.240738 0.866790 
450.162384 219.360077 0.884005 
467.829224 238.377029 0.832851 
523.671143 175.227600 0.856928 
536.942627 219.289978 0.902609 
511.965149 235.495865 0.834809 
476.602173 264.906403 0.796088 
478.139099 322.293671 0.873121 
482.467987 370.717957 0.851765 
511.893066 264.855194 0.791597 
510.379608 322.173859 0.897579 
510.496063 369.323303 0.887110 
497.195343 144.298767 0.908321 
508.933777 141.382004 0.889681 
478.087738 144.345291 0.916918 
0.000000 0.000000 0.000000 
18
501.620575 150.205063 0.903396 
492.795715 175.215805 0.851152 
463.338928 175.216599 0.868409 
450.151215 219.344620 0.885695 
467.818390 236.986588 0.831458 
523.687622 175.236725 0.848369 
536.940796 217.933578 0.898933 
511.974152 235.497711 0.828509 
476.605957 264.961243 0.774030 
478.116272 323.655701 0.887803 
482.474487 370.714874 0.852233 
511.890625 264.899414 0.788719 
510.380493 322.186859 0.898301 
510.496277 369.334991 0.893298 
495.734314 145.771194 0.914011 
507.510040 144.336685 0.921296 
476.695679 144.331314 0.937615 
0.000000 0.000000 0.000000 
18
500.107758 156.101517 0.951717 
492.802277 175.201782 0.836069 
463.356567 173.762009 0.873074 
450.153381 219.325455 0.894520 
467.794617 236.922806 0.831696 
523.691956 175.226273 0.843314 
536.948914 217.926758 0.899455 
513.358704 234.043793 0.834183 
476.628265 264.941864 0.779779 
478.122925 322.299591 0.880646 
482.482880 370.696716 0.853838 
511.906219 264.886475 0.789728 
510.389160 322.170929 0.895034 
510.499573 369.302277 0.890500 
492.764740 147.280121 0.901100 
504.575897 147.262238 0.937686 
476.669830 144.328125 0.949589 
510.417999 141.372589 0.140826 
18
498.660339 157.563324 0.961049 
492.812592 175.195404 0.825478 
463.356384 173.746307 0.873772 
451.531067 219.292786 0.914127 
467.787781 235.496063 0.819309 
523.705017 175.235977 0.837415 
536.952759 217.927109 0.899852 
513.396423 234.007996 0.831522 
476.625305 264.891754 0.790005 
478.115021 322.292389 0.890400 
482.467499 370.701752 0.854164 
511.908478 264.853668 0.791434 
510.383453 322.174286 0.895535 
510.493500 369.309235 0.892031 
489.859955 147.365005 0.904633 
503.057983 148.756058 0.891369 
476.685303 144.363312 0.928074 
510.445282 145.731766 0.283049 
18
498.581573 157.627686 0.949434 
492.801849 173.771973 0.823621 
463.335938 173.751007 0.866360 
450.175415 219.288010 0.914904 
467.828766 235.517410 0.809215 
523.695068 175.232590 0.846305 
536.936768 217.922867 0.905884 
513.426697 234.001083 0.833828 
476.619415 264.888611 0.788302 
478.114288 322.290588 0.884335 
481.053345 370.707428 0.854130 
511.906708 264.855225 0.795145 
510.390533 322.172150 0.894561 
510.492279 369.305634 0.893931 
488.417328 148.803238 0.922775 
501.611725 150.196259 0.885696 
476.697144 145.768005 0.897276 
510.425293 145.752106 0.484448 
18
497.160980 159.036392 0.919045 
494.238495 173.771942 0.829501 
463.346466 173.751617 0.874199 
450.170868 217.913361 0.927254 
467.815857 235.463623 0.824194 
523.706726 176.657913 0.853036 
536.939941 219.292480 0.904452 
514.827881 232.565521 0.837171 
476.615845 264.861908 0.798959 
478.132813 323.646332 0.880085 
482.474762 370.717804 0.858140 
511.899597 263.463745 0.794361 
510.378967 320.791138 0.892092 
510.490631 369.341248 0.895757 
488.357971 151.694168 0.921428 
500.196106 151.712265 0.884315 
478.078247 145.802216 0.837327 
510.421021 145.821671 0.654423 
18
495.754578 159.103180 0.893634 
494.263245 175.185257 0.832616 
463.358215 173.742294 0.882050 
451.540710 217.898972 0.935338 
467.785950 234.040939 0.832344 
523.723267 176.691757 0.847867 
536.934448 217.933807 0.908266 
514.835022 232.590912 0.833889 
476.617371 264.874542 0.796586 
478.132996 322.285126 0.873643 
481.052856 370.714020 0.856818 
511.909821 263.461395 0.795211 
510.385071 320.779297 0.886917 
510.493713 369.333954 0.893171 
488.337158 154.611618 0.934267 
500.182129 154.594635 0.896258 
478.062225 145.836258 0.829997 
510.426331 145.838776 0.694057 
18
497.140991 160.500900 0.880143 
494.275085 175.206329 0.837130 
463.367096 173.749863 0.888843 
451.534271 217.903412 0.935414 
467.798126 235.466080 0.832200 
523.729919 178.123611 0.849417 
536.938782 219.303482 0.902379 
513.395691 234.019730 0.841160 
476.612610 264.874512 0.796034 
478.128540 322.257782 0.876923 
482.466064 370.712585 0.852798 
511.902222 263.465820 0.795234 
510.392273 320.776611 0.890063 
510.496704 369.321198 0.893143 
488.341614 156.048615 0.949043 
500.190643 154.632141 0.899337 
478.077362 145.841248 0.819015 
510.447632 145.819275 0.728300 
18
497.176758 160.522049 0.882922 
495.703766 175.227798 0.841605 
463.373810 173.750015 0.891373 
451.548431 217.885086 0.943902 
467.782196 235.463516 0.832648 
525.116516 178.159943 0.849226 
536.953064 219.337952 0.889915 
513.384094 234.029099 0.837777 
476.609802 264.899445 0.794181 
478.131104 322.269897 0.876450 
481.046753 370.708099 0.856099 
511.897888 264.870148 0.795780 
510.401093 320.787689 0.891253 
510.493988 369.322601 0.890565 
488.361694 156.078278 0.957555 
500.215179 154.633545 0.894319 
478.090759 145.856949 0.816316 
510.472595 145.776993 0.766662 
18
495.716797 160.533936 0.868239 
495.716827 175.224426 0.844413 
463.386353 173.726974 0.902496 
451.552094 217.891876 0.948616 
466.381012 234.036484 0.840475 
525.123108 178.178131 0.844768 
538.341309 219.334122 0.893379 
513.413696 232.589920 0.846612 
476.612732 264.876434 0.796805 
478.123657 322.264526 0.878888 
482.473328 370.710022 0.850863 
511.889099 264.862335 0.794617 
510.389923 320.784088 0.887361 
510.492706 369.327972 0.891210 
488.308655 156.082550 0.960717 
500.165100 156.037338 0.906105 
478.073273 145.851105 0.788814 
510.471649 145.826721 0.827773 
18
495.693176 160.536240 0.863274 
495.742249 176.652298 0.848966 
463.395599 173.739029 0.904983 
451.544708 217.892975 0.945091 
467.776093 234.047974 0.834628 
525.147217 179.578201 0.847792 
536.946045 219.343140 0.895409 
513.401672 232.559113 0.857901 
476.601715 264.889984 0.798841 
478.123413 322.271179 0.887722 
481.053284 370.704865 0.854278 
511.884583 264.880859 0.799063 
510.388611 322.162201 0.890464 
510.489044 369.322815 0.889285 
486.970581 156.085159 0.963458 
500.149719 156.039581 0.907985 
478.079865 145.843109 0.784626 
510.478882 145.817459 0.871726 
18
495.704346 160.519714 0.870148 
495.723846 175.235458 0.847127 
463.379639 173.753906 0.898830 
451.559174 217.881088 0.944460 
467.806519 235.482162 0.823147 
525.148743 178.176987 0.844403 
536.951294 219.368225 0.887350 
513.389343 232.558960 0.860637 
476.610657 264.888245 0.800020 
478.128235 322.268066 0.880168 
482.473236 370.694702 0.847984 
511.898071 264.872864 0.800225 
510.407318 322.170197 0.899451 
510.488739 369.341919 0.895121 
488.305664 156.066254 0.955171 
500.152649 154.648163 0.909958 
478.076202 145.842789 0.790111 
510.463257 145.829193 0.840635 
18
495.735443 160.488724 0.885123 
495.738434 175.230698 0.848539 
463.388763 173.750732 0.898219 
451.574097 217.877441 0.956416 
467.815247 235.480484 0.822199 
525.165955 179.562851 0.842089 
538.342590 219.373795 0.886520 
513.395325 232.567657 0.863725 
476.615112 264.906586 0.794030 
478.127838 322.287659 0.883822 
482.463013 370.722260 0.852610 
511.894043 264.898438 0.799027 
510.404449 322.179352 0.900611 
510.491028 370.698639 0.891815 
488.323151 156.042679 0.950198 
500.166626 154.613708 0.901275 
478.090271 145.857162 0.789606 
510.465363 145.817734 0.830054 
18
497.140045 159.095932 0.900403 
495.750000 175.231461 0.846856 
463.394348 173.748230 0.899185 
451.588806 217.877350 0.953670 
469.236908 235.484390 0.816926 
525.188599 179.563660 0.837757 
538.343811 219.372498 0.886198 
513.390503 232.557816 0.866386 
476.611572 264.906708 0.797077 
478.124237 322.278503 0.882387 
482.470642 370.702942 0.852864 
511.900391 264.896790 0.796212 
510.406769 322.168396 0.898656 
510.499695 369.322693 0.890649 
488.333649 154.612778 0.933320 
500.176453 153.163376 0.892262 
478.092468 145.854294 0.788680 
510.456238 145.805374 0.808910 
18
495.733765 159.058426 0.904881 
497.136505 175.237198 0.843934 
463.395599 173.765869 0.896536 
451.582245 217.882965 0.948774 
469.259186 235.509979 0.815878 
526.582520 178.168655 0.833276 
538.345642 219.353317 0.893377 
513.380066 232.567886 0.861717 
476.620087 264.902252 0.797451 
478.135468 322.274994 0.871388 
482.477692 370.699951 0.852248 
511.920013 264.899567 0.797044 
510.411285 322.158295 0.896685 
510.499176 369.315033 0.895212 
488.319550 153.149490 0.928042 
500.157104 151.715942 0.895551 
478.079529 145.833313 0.801499 
510.440826 145.805359 0.815479 
18
495.725189 159.041519 0.904408 
495.753998 175.224304 0.842421 
463.391724 173.772018 0.894011 
451.586334 217.865829 0.954877 
469.250977 235.489822 0.817241 
526.587830 178.154160 0.833696 
538.372314 219.347244 0.888552 
513.365356 232.582779 0.856425 
476.617554 264.913574 0.797406 
478.124695 322.286255 0.881549 
482.479248 370.705780 0.855606 
511.918793 264.910278 0.801483 
510.403870 322.174347 0.905000 
511.832214 369.329895 0.890491 
488.316498 151.715332 0.923596 
500.149719 151.699768 0.892818 
478.081299 145.824814 0.802112 
510.436218 145.800537 0.807031 
18
495.721527 159.047028 0.901520 
497.143921 175.216476 0.847107 
463.399872 173.765121 0.897443 
451.595428 217.874252 0.952503 
469.278076 235.509979 0.817557 
526.586304 178.135132 0.829445 
538.395752 219.341492 0.885301 
513.372009 232.563705 0.859129 
476.617981 264.899170 0.802366 
478.127380 322.282928 0.881528 
482.474304 370.697968 0.850984 
511.928070 264.897430 0.800949 
510.398926 322.168335 0.902989 
511.831909 369.332611 0.893495 
488.318329 153.139938 0.924176 
500.144348 151.707733 0.890112 
478.105835 145.824982 0.782939 
510.438690 145.799347 0.831122 
18
495.729553 159.096054 0.893828 
497.141693 175.222946 0.848393 
463.389130 173.779694 0.892905 
451.594971 217.902786 0.937455 
469.273041 235.505386 0.818747 
526.593140 178.132111 0.828042 
539.834167 219.365891 0.876936 
513.368103 232.564117 0.859469 
476.617584 264.957397 0.785457 
478.144257 322.296112 0.879560 
482.477234 370.707855 0.854252 
511.924530 264.938873 0.797427 
510.405212 322.183441 0.911131 
510.492920 369.337006 0.896509 
488.309296 154.608154 0.929502 
500.154083 153.148376 0.889193 
478.081848 145.847031 0.774431 
510.456940 145.779144 0.843332 
18
495.722046 159.099121 0.893529 
497.151825 175.232300 0.850517 
463.399597 175.186523 0.896157 
451.608276 217.876419 0.950052 
469.286102 235.502899 0.820207 
526.596985 178.154190 0.830664 
539.843445 219.361038 0.880267 
513.388000 232.547989 0.861859 
476.626709 264.945190 0.792962 
478.143585 322.291107 0.877810 
482.481995 370.695923 0.849436 
511.936829 264.932220 0.799732 
510.409821 322.172821 0.906730 
510.487640 369.323792 0.896531 
486.979187 154.619141 0.933439 
500.144348 153.152252 0.891878 
478.084198 145.857193 0.761025 
510.458313 145.768234 0.854527 
18
495.729370 159.108536 0.893000 
497.168884 175.231964 0.855489 
463.409302 173.772903 0.905074 
451.613159 217.890976 0.939318 
470.755829 236.955536 0.809581 
526.613953 178.164536 0.829086 
539.847168 219.356415 0.878392 
513.392639 232.571564 0.852247 
476.621216 264.895630 0.798575 
479.529999 322.265045 0.874447 
482.473816 369.346588 0.843279 
511.947266 264.899933 0.801061 
510.399719 322.161957 0.895936 
510.486389 369.309662 0.892628 
488.306061 154.625305 0.935201 
500.154633 153.156296 0.891001 
478.085541 145.847687 0.756181 
510.473785 145.771667 0.865377 
18
495.711517 159.120377 0.888133 
497.182587 175.238373 0.860797 
463.421936 173.772308 0.910803 
451.618683 217.898712 0.942980 
469.287628 236.924530 0.816758 
526.626038 178.173553 0.825384 
539.860413 219.362701 0.875968 
513.390015 234.011017 0.839312 
476.629211 264.909698 0.797700 
479.549011 322.281036 0.870690 
482.469147 370.695435 0.845506 
511.946960 264.904510 0.796032 
510.411224 322.157867 0.898355 
510.500732 369.304993 0.891482 
486.972961 154.644989 0.940389 
500.143219 153.181915 0.895575 
478.077911 145.861542 0.755880 
510.467499 145.791458 0.869176 
18
494.277954 159.124039 0.878737 
497.201050 176.660812 0.867060 
463.436493 173.773865 0.913484 
451.611206 217.886581 0.951445 
467.823456 236.943298 0.833164 
526.638611 179.573746 0.828844 
541.305359 219.376938 0.871748 
513.380554 234.025024 0.845106 
476.658142 264.851837 0.796865 
479.544739 322.242554 0.866764 
482.481445 369.348114 0.843487 
511.970490 264.861511 0.789676 
510.412750 320.779449 0.895440 
510.496002 369.308716 0.893760 
486.958069 154.651413 0.937331 
500.120605 154.598816 0.900985 
478.068481 145.847702 0.729637 
510.470795 145.803207 0.892549 
18
492.790894 160.502945 0.869861 
497.207489 176.663071 0.872373 
463.435944 173.772049 0.915316 
451.628815 217.889954 0.947446 
467.769440 236.973480 0.831191 
528.053833 179.579391 0.825740 
541.304321 219.345963 0.885247 
513.407898 234.014481 0.842778 
476.654907 264.865906 0.797722 
479.548096 322.250854 0.865682 
482.485199 369.347198 0.842852 
511.960938 264.870331 0.791077 
510.409119 320.784424 0.896001 
510.491943 369.299866 0.893024 
486.908478 156.057510 0.939762 
500.076660 154.633499 0.909917 
476.687683 145.834641 0.674040 
510.461243 145.814270 0.919189 
18
492.787689 160.507813 0.869558 
497.210144 176.685837 0.877051 
463.428131 175.193756 0.915155 
451.629913 217.887482 0.946023 
467.794434 236.988632 0.828819 
528.074097 179.585236 0.830047 
541.326172 219.363953 0.881424 
513.355164 235.463547 0.840783 
476.629944 264.886230 0.797031 
479.554901 322.287048 0.866051 
482.485962 370.719940 0.841540 
511.947021 264.894440 0.793950 
510.415222 322.166382 0.905626 
511.834045 369.337921 0.894168 
486.918457 156.058456 0.945979 
500.078522 154.650696 0.909393 
476.703491 145.826248 0.697316 
510.473511 145.833847 0.932492 
18
494.240540 160.536942 0.865611 
497.216156 176.683273 0.880345 
463.431091 175.187851 0.915767 
451.632202 217.882751 0.952806 
467.787476 238.374878 0.843815 
528.084351 179.588837 0.829497 
541.327942 219.357269 0.880169 
513.359680 235.510223 0.842591 
476.646881 264.856964 0.797553 
479.567963 322.263336 0.857113 
482.478973 370.717163 0.850376 
511.965027 264.874207 0.790056 
510.415131 320.787415 0.899696 
511.839142 369.325775 0.892681 
486.942719 156.091049 0.959634 
500.108398 156.050369 0.913071 
478.064026 145.852280 0.729362 
510.489197 145.834656 0.915322 
18
495.687653 160.553726 0.859782 
497.218628 176.672424 0.882050 
463.432434 173.778320 0.913556 
451.629608 217.880997 0.953163 
467.801086 236.960709 0.846902 
528.087891 179.586212 0.835303 
542.739990 219.362137 0.882036 
511.978729 236.943375 0.849289 
476.654419 264.864288 0.794245 
479.572388 322.272949 0.862662 
482.478882 370.712738 0.844152 
511.964539 264.874908 0.789860 
510.413757 322.166168 0.901861 
511.834412 369.336639 0.892133 
486.966064 156.124481 0.969101 
500.131683 156.055725 0.908314 
478.081055 147.216278 0.716348 
510.502472 145.818985 0.927498 
18
495.699493 160.563248 0.862945 
497.219391 176.677017 0.883544 
463.438538 175.194885 0.912549 
451.631195 217.870590 0.952220 
467.813843 236.938751 0.831268 
528.078308 179.579971 0.834468 
541.324341 219.360840 0.883692 
513.394836 236.935135 0.838137 
476.652527 264.864166 0.789088 
479.580688 322.258911 0.856478 
482.479797 370.721466 0.846672 
511.959351 264.883057 0.785860 
510.421875 322.162048 0.902847 
511.836365 369.325958 0.891979 
486.970917 157.485504 0.974549 
500.137482 156.065628 0.914188 
478.083374 147.233765 0.725210 
510.494080 145.828568 0.919932 
18
495.743195 161.974289 0.863701 
498.579590 176.680130 0.887229 
463.448944 175.184418 0.911374 
451.637299 217.863434 0.950911 
467.807098 236.950516 0.826391 
528.086304 179.594208 0.839195 
542.736389 219.364502 0.882242 
513.358704 236.962112 0.848319 
476.648285 264.873810 0.789576 
479.576416 322.268494 0.862837 
482.484955 370.715729 0.844742 
511.959167 264.896301 0.787996 
510.414337 322.171661 0.902372 
511.836243 369.321991 0.890522 
488.323364 157.507996 0.988261 
500.172455 156.081833 0.914737 
478.099884 147.237640 0.742617 
511.839447 145.824905 0.907353 
18
495.752502 161.967407 0.868207 
498.584290 176.673172 0.887649 
463.450562 173.777069 0.911849 
451.628082 217.871399 0.948051 
467.800354 236.951263 0.823396 
528.093750 179.589371 0.838956 
542.736938 219.359421 0.881752 
513.382813 236.956924 0.841046 
476.646423 264.911560 0.786449 
479.565765 322.285858 0.868527 
482.483063 370.719971 0.849620 
511.966980 264.928284 0.786098 
510.408844 322.196930 0.910078 
510.492950 369.336151 0.895630 
488.328125 157.501678 0.994722 
500.179077 156.068237 0.912244 
478.105438 147.238190 0.730280 
511.845490 145.805908 0.900124 
18
495.730682 161.960251 0.852848 
498.579102 176.680206 0.883061 
463.450684 175.197571 0.908016 
451.619965 217.860962 0.953407 
467.776520 235.509186 0.836162 
528.073914 179.590866 0.837052 
541.329895 219.356049 0.880808 
513.371521 236.972321 0.838711 
476.663513 264.898499 0.794774 
479.583008 323.658112 0.858574 
482.470459 370.741547 0.852762 
511.977203 264.899445 0.790135 
510.421509 322.176483 0.917202 
511.834290 370.711761 0.893228 
488.314270 157.507187 0.984310 
500.150909 156.069687 0.901138 
478.102448 147.257004 0.691424 
511.832336 145.795486 0.905773 
18
497.148712 161.965469 0.863087 
497.220337 176.692337 0.882183 
463.439178 175.207382 0.907803 
451.610779 217.842896 0.959345 
467.767029 236.927536 0.837541 
528.060913 179.603668 0.840168 
541.305603 220.773285 0.870575 
511.975861 236.956955 0.837471 
476.662415 264.930939 0.784802 
479.575378 323.648376 0.867804 
482.486786 370.719482 0.852857 
511.961243 264.924438 0.788946 
510.411774 322.179840 0.911670 
510.499695 369.336395 0.892446 
488.333466 157.505203 0.984813 
500.181671 156.063232 0.902028 
478.111725 147.264130 0.729103 
511.846100 145.808380 0.906177 
18
495.745819 161.967010 0.860802 
497.209595 176.684036 0.878900 
463.430908 175.204453 0.905494 
451.593292 217.845291 0.959788 
466.375946 235.509933 0.837884 
528.049622 179.596603 0.837770 
541.280090 220.768402 0.867703 
511.963928 236.927338 0.834722 
476.647461 264.921692 0.788558 
479.566254 322.287720 0.869587 
482.481354 370.724915 0.854286 
511.938721 264.913849 0.792649 
510.413239 322.174713 0.910805 
510.499023 369.332581 0.887699 
488.321442 157.505341 0.985444 
500.164551 156.068375 0.905410 
478.104462 147.265274 0.733560 
511.830627 145.808990 0.903817 
18
495.741852 161.962494 0.857777 
497.189026 176.665009 0.871316 
463.415375 175.198761 0.902567 
451.604401 217.844955 0.960674 
467.810333 236.928375 0.828537 
526.632629 179.572418 0.837000 
539.808899 219.366531 0.875826 
511.972626 235.505539 0.834661 
476.639374 264.955475 0.781933 
479.553284 323.644348 0.878870 
482.486084 370.731232 0.853331 
511.935638 264.938354 0.794823 
510.407379 322.188324 0.914440 
510.497192 369.336578 0.890850 
488.319672 157.504532 0.985571 
500.160339 156.065186 0.901706 
478.097992 147.257172 0.740595 
510.495117 145.808777 0.890932 
18
497.141785 161.976837 0.861788 
497.174988 176.654221 0.865970 
463.406067 175.205551 0.902152 
451.603607 217.856491 0.956715 
469.248383 236.940033 0.820918 
526.608704 178.167786 0.834400 
538.374817 219.367996 0.880445 
513.349548 235.480652 0.838512 
476.631592 264.934540 0.786680 
479.532867 323.647186 0.882870 
482.486206 370.723450 0.854177 
511.937317 264.917328 0.796325 
510.406158 322.184265 0.910787 
510.498474 369.323914 0.892392 
488.323578 157.516144 0.995283 
500.175446 156.065430 0.904674 
478.095612 147.280624 0.746625 
510.495514 145.808304 0.886662 
18
497.147949 161.985931 0.856491 
497.153961 176.680420 0.862472 
463.391296 175.238998 0.892612 
451.608826 217.864365 0.959927 
467.771576 235.508316 0.838482 
526.589722 179.562561 0.839452 
536.939819 219.323502 0.911121 
513.407349 234.053314 0.836566 
476.645050 264.941467 0.785892 
479.533203 323.662720 0.878309 
482.493469 370.730103 0.854023 
511.934784 264.918884 0.793177 
510.403503 322.184448 0.908810 
510.494629 369.332489 0.891956 
488.329742 157.525757 0.994879 
500.177734 156.072906 0.899736 
478.097076 147.287979 0.753721 
510.487732 145.807709 0.873587 
18
495.754303 161.977417 0.854337 
497.146790 176.668335 0.857350 
463.386017 175.238632 0.889531 
451.594421 217.866272 0.940982 
467.802643 236.981796 0.811274 
525.188538 178.164536 0.837992 
536.944153 219.332504 0.902582 
513.394043 235.476105 0.825646 
476.620636 264.913361 0.792026 
479.529541 323.648285 0.881773 
482.489319 370.699585 0.836168 
511.911835 264.909607 0.799661 
510.381470 322.191864 0.906427 
510.485504 369.333282 0.890227 
488.322021 157.525085 0.993980 
500.163544 156.072540 0.905041 
478.093353 147.307510 0.749201 
510.474701 145.811172 0.874910 
18
495.734131 161.986969 0.849118 
497.139587 176.671143 0.855730 
463.379517 175.239777 0.886775 
451.590393 217.897018 0.939038 
467.809723 236.988770 0.819612 
525.179260 178.166840 0.842988 
536.944946 219.324265 0.907358 
513.405640 234.037704 0.824405 
476.610046 264.902405 0.800157 
479.529938 322.283295 0.877692 
482.488190 370.695160 0.845506 
511.899292 264.896210 0.802124 
510.384033 322.160004 0.891501 
510.484406 369.333313 0.891991 
488.315674 157.534988 0.993626 
500.148010 156.093613 0.910689 
478.091431 147.298035 0.742608 
510.463806 145.819595 0.865244 
18
494.283478 161.974701 0.842149 
495.748962 176.652328 0.852260 
463.373474 175.212479 0.888180 
451.564514 217.905212 0.940245 
469.244568 238.378357 0.838557 
525.168884 178.161789 0.843881 
538.345703 219.318237 0.906018 
513.419495 234.017212 0.828139 
476.623749 264.904572 0.802779 
478.144897 322.292389 0.880309 
482.480194 370.694519 0.845561 
511.922150 264.886047 0.803649 
510.386230 322.162537 0.897766 
510.492462 369.336823 0.895082 
486.963898 157.534164 0.988584 
500.108185 156.100876 0.916741 
478.078400 147.271912 0.732255 
510.440918 145.827225 0.894626 
18
494.252014 161.975418 0.838923 
495.736237 175.241089 0.851414 
463.369720 175.204590 0.889986 
451.559937 217.919250 0.940121 
467.822174 236.976151 0.828810 
525.158630 178.160049 0.845588 
536.950073 219.300201 0.911968 
513.368347 234.047974 0.828346 
476.610138 264.907318 0.802532 
478.134460 322.294708 0.883662 
482.481323 370.699432 0.852352 
511.914093 264.882355 0.802024 
510.385376 322.163940 0.898468 
510.498932 370.699646 0.893687 
486.947510 157.536041 0.984927 
500.089935 156.106720 0.913484 
478.065002 147.265869 0.731044 
510.428406 145.819504 0.890312 
18
492.804657 161.980865 0.835027 
495.722229 175.228531 0.845833 
463.366302 175.195938 0.884584 
451.557465 217.912933 0.945451 
467.778076 236.973465 0.837582 
525.147583 178.145691 0.842189 
536.944336 219.311295 0.908154 
513.370544 234.048645 0.828601 
476.621185 264.893982 0.804555 
478.146729 322.274048 0.876121 
482.489319 370.700745 0.854603 
511.926300 264.854919 0.798479 
510.391022 320.772766 0.895436 
511.833130 369.333252 0.891387 
486.925354 157.543045 0.981201 
498.738281 156.124649 0.918166 
476.694733 147.267151 0.733716 
510.403412 145.830353 0.883926 
18
492.814178 161.959091 0.828923 
495.687286 175.211670 0.838311 
463.349945 175.197403 0.873564 
451.544189 217.900406 0.950335 
467.770386 236.971176 0.853315 
525.124084 178.123581 0.837706 
536.934631 219.295624 0.913743 
513.361572 234.047562 0.834121 
476.627197 264.885773 0.804727 
479.530212 322.268616 0.872620 
482.482666 370.708679 0.851341 
511.917084 263.471466 0.795513 
510.384583 320.769592 0.888411 
510.493896 369.310547 0.887013 
486.937775 157.525650 0.970093 
498.738861 156.112396 0.914666 
476.695343 147.254242 0.753828 
510.383820 145.825119 0.858080 
18
492.791901 160.530899 0.826858 
494.269958 175.205414 0.837146 
463.342560 175.191666 0.873564 
451.554626 217.918594 0.939064 
467.768951 236.976852 0.857438 
525.117737 176.707077 0.838934 
536.906494 219.300735 0.919544 
513.346375 235.469131 0.837616 
476.602448 264.888733 0.805622 
478.131378 322.297577 0.885450 
482.479584 370.734161 0.848876 
511.897217 263.469482 0.800072 
510.393799 322.172119 0.904265 
510.489044 370.698059 0.892667 
486.930389 156.114990 0.934241 
498.725861 156.059372 0.887618 
476.676147 147.210297 0.784935 
510.368225 145.775208 0.830387 
18
491.339020 160.488693 0.828400 
494.259583 175.194153 0.833121 
463.343750 173.778397 0.875413 
451.563507 217.927139 0.933311 
467.789764 238.374786 0.848051 
525.103943 176.687637 0.842839 
536.886047 219.311752 0.924355 
511.947021 235.518463 0.843692 
476.605560 264.882263 0.806662 
478.127075 322.287659 0.879262 
482.464203 370.708801 0.839461 
511.905365 263.458893 0.798160 
510.397003 320.779724 0.890045 
510.491699 369.332764 0.885538 
486.909241 156.067932 0.904054 
498.690277 156.034241 0.870660 
476.660706 145.836533 0.800623 
510.345642 145.796143 0.840758 
18
491.336060 160.514587 0.824198 
494.258392 175.205643 0.832918 
463.353455 175.197464 0.876318 
451.552521 217.920258 0.935721 
467.792419 236.988159 0.838053 
523.730591 176.694382 0.848958 
536.875854 219.305954 0.930974 
511.974518 235.475052 0.834206 
476.592377 264.866150 0.804701 
478.120331 322.274261 0.883462 
482.466064 370.704559 0.842068 
511.881714 263.441345 0.800602 
510.399109 320.763672 0.890911 
510.491486 369.336060 0.888266 
486.906860 156.102829 0.909970 
498.688782 156.059891 0.878580 
476.651154 145.849472 0.818757 
510.348053 145.804352 0.860105 
18
489.902466 160.554153 0.832460 
494.260834 175.199051 0.832932 
463.353638 175.197128 0.878057 
451.549011 217.912598 0.939447 
467.776642 236.973953 0.833652 
523.727417 176.689331 0.847824 
535.505859 219.308273 0.933711 
513.366028 234.037460 0.840984 
476.580780 264.859711 0.810169 
478.115234 322.263458 0.880044 
481.048828 370.702911 0.843550 
511.867279 263.442688 0.805663 
510.392853 320.757568 0.884347 
510.490631 369.339294 0.881769 
486.866394 157.505478 0.927785 
498.653351 156.109131 0.893929 
476.632446 147.220337 0.795745 
508.956940 145.836426 0.861927 
18
489.888153 160.505219 0.850621 
494.262909 175.210495 0.832424 
463.358795 175.210236 0.880126 
451.546234 217.904510 0.940120 
467.785492 236.965042 0.829790 
523.725891 176.687714 0.851101 
535.495605 219.306152 0.938539 
513.353455 234.008041 0.847264 
476.577881 264.859406 0.810150 
478.118073 322.269958 0.881197 
482.473602 370.707672 0.844023 
511.866180 263.449127 0.809046 
510.395050 320.776428 0.888798 
510.494659 369.333801 0.881352 
486.850922 156.099319 0.905606 
498.636719 156.067215 0.886791 
476.622559 145.852448 0.797909 
508.957794 145.831177 0.879762 
18
489.892822 160.527603 0.851770 
494.269592 175.206161 0.833953 
463.368805 175.194458 0.885663 
451.539185 217.905411 0.940906 
467.777222 236.954773 0.824354 
523.719177 176.692078 0.851339 
535.487244 219.301163 0.943023 
513.348267 232.580673 0.855216 
476.578552 264.854340 0.811383 
478.122131 322.263550 0.878845 
482.490021 370.694733 0.843005 
511.871948 263.439362 0.808884 
510.388702 320.763672 0.885516 
510.493011 369.334412 0.886426 
486.853241 157.482788 0.921475 
498.642334 156.091904 0.898020 
476.622833 147.223328 0.796609 
508.954285 145.845352 0.869542 
18
491.329224 160.553635 0.835648 
494.248108 173.775711 0.834963 
463.359619 175.189590 0.881145 
451.539856 217.900711 0.932921 
467.770905 238.374817 0.829543 
523.715149 176.652283 0.851469 
535.482300 219.315948 0.934615 
511.938843 234.029144 0.850829 
476.600647 263.450562 0.807410 
478.120605 322.241455 0.882507 
482.464935 370.710968 0.843533 
511.887756 263.418152 0.806218 
510.386383 320.778717 0.886263 
510.482117 369.341583 0.884480 
486.886688 157.510025 0.944884 
498.684082 156.095917 0.904219 
476.630890 147.272339 0.822462 
508.971313 145.825592 0.853785 
18
491.302185 161.962952 0.840288 
494.254913 173.780624 0.836623 
463.355255 173.782272 0.886247 
451.534302 217.901352 0.929735 
467.777008 236.981049 0.817962 
523.717896 176.665497 0.851645 
535.487488 219.320602 0.932727 
511.914520 234.012329 0.849164 
476.593872 263.470398 0.805111 
478.112854 322.293640 0.887343 
482.469116 370.714539 0.851445 
511.892578 263.430359 0.806058 
510.399506 320.790710 0.897542 
510.488098 370.703186 0.888130 
486.855499 157.531982 0.956036 
498.667847 156.118668 0.918588 
476.617401 147.282211 0.796472 
508.957825 145.820648 0.851119 
18
491.297943 161.972977 0.846979 
494.242004 173.772675 0.838044 
463.348419 173.772461 0.884323 
450.166473 217.893143 0.936300 
466.377533 236.961731 0.823802 
523.709900 176.657974 0.856388 
535.487122 219.301163 0.933804 
511.951416 232.590744 0.849737 
476.589355 263.459564 0.811238 
478.113037 322.278473 0.886828 
482.468292 370.703522 0.849208 
511.888916 263.412903 0.803595 
510.396851 320.779449 0.890682 
510.494080 369.330078 0.890108 
486.841736 157.539001 0.956201 
498.667023 156.119431 0.928294 
476.605133 147.296753 0.792676 
508.945343 145.821213 0.856010 
18
489.885590 161.994461 0.851782 
492.801819 173.762619 0.837660 
463.336029 173.772934 0.879917 
450.166290 217.909836 0.929359 
467.810425 238.382355 0.818679 
523.681763 175.234772 0.859676 
535.492188 219.294632 0.932842 
511.969177 232.577362 0.853194 
476.588745 263.449432 0.807455 
478.118805 322.264557 0.889002 
482.463165 370.713531 0.847520 
511.881348 263.408966 0.804691 
510.390503 320.788605 0.893389 
510.490051 369.342041 0.886213 
485.464966 157.545395 0.952030 
498.644958 157.480469 0.928335 
476.592651 147.274200 0.781941 
508.938385 145.821991 0.855909 
18
489.861542 161.966568 0.859447 
492.763794 173.759079 0.840355 
463.316742 173.764053 0.868832 
450.160675 217.916397 0.925754 
467.822083 238.384247 0.826619 
523.658325 175.235413 0.861711 
535.497498 219.290680 0.930134 
511.971100 232.576981 0.853396 
476.583496 263.458527 0.806334 
478.120361 322.272552 0.882012 
482.463531 370.716858 0.848225 
511.874207 263.407684 0.804262 
510.398193 320.763031 0.886523 
510.490417 369.340027 0.885743 
485.442169 157.520264 0.937000 
498.626190 156.115036 0.919120 
476.576660 147.240479 0.798971 
508.901855 145.811966 0.837920 
18
489.867218 161.953064 0.862548 
491.339142 173.765900 0.840530 
461.938080 173.781815 0.852301 
450.145844 219.299286 0.916805 
467.800903 238.379181 0.836847 
523.648071 175.240417 0.862285 
535.491577 219.297668 0.927373 
511.971100 232.584457 0.848095 
476.581238 264.855347 0.802611 
478.109741 322.284332 0.890039 
482.467407 370.710266 0.849093 
511.867218 263.426025 0.804292 
510.387726 320.761810 0.887157 
510.495605 369.328217 0.888307 
485.451385 157.511856 0.941563 
498.630341 156.110016 0.923305 
476.579254 147.245056 0.808894 
507.513916 145.816925 0.816591 
18
488.459442 161.961823 0.878099 
491.349579 173.765839 0.835169 
463.299683 173.779053 0.859834 
450.136902 219.302429 0.912109 
467.808044 238.394150 0.832899 
523.641602 176.659958 0.862645 
535.483093 219.312820 0.926753 
511.920685 233.995346 0.849125 
476.573029 263.444916 0.808880 
478.108093 322.250854 0.885439 
482.484344 370.707245 0.849415 
511.860382 263.398712 0.805248 
510.383911 320.771088 0.886732 
510.487427 370.704956 0.886854 
485.396088 157.512619 0.932041 
498.581726 156.125610 0.915252 
476.551849 147.228729 0.790558 
507.471863 145.854095 0.818215 
18
488.434845 160.566452 0.888498 
491.348694 173.774460 0.833899 
461.940033 175.187897 0.857011 
450.119812 217.930130 0.912872 
467.768768 238.393143 0.842708 
523.646057 176.669357 0.862813 
535.458923 219.319366 0.931967 
511.923370 232.592743 0.858446 
476.547729 263.447144 0.809517 
478.092163 322.261414 0.889733 
482.482208 370.702087 0.848558 
511.845245 263.402374 0.806464 
510.383087 320.764557 0.884985 
510.489685 369.341949 0.887333 
485.377960 157.504547 0.927204 
497.202332 157.483627 0.915574 
476.547150 147.218933 0.776845 
507.454651 147.230103 0.820866 
18
488.421661 161.957443 0.885708 
491.338226 173.754807 0.837815 
461.931976 173.756882 0.858437 
450.113129 217.926315 0.912322 
467.781036 238.411407 0.833795 
523.638062 176.659195 0.861102 
535.459290 219.314377 0.930413 
511.921173 232.587875 0.862752 
476.547455 263.444611 0.807201 
478.104584 322.249847 0.881597 
482.483826 370.712830 0.850263 
511.846954 263.404968 0.806576 
510.384399 320.758545 0.878917 
510.498444 370.707123 0.887840 
483.982971 157.504120 0.923067 
497.193451 157.489822 0.913277 
476.543915 145.859116 0.778917 
507.459717 147.215729 0.818953 
18
488.419037 160.569443 0.889256 
491.320099 173.759888 0.839679 
461.928833 173.754852 0.856867 
450.094208 217.914719 0.910393 
466.371307 238.400757 0.839533 
523.624695 176.667450 0.861263 
535.452820 219.308624 0.932841 
511.946411 232.561798 0.862071 
475.210052 263.447754 0.807023 
478.095520 322.245178 0.888752 
482.487823 370.696869 0.850228 
511.835083 263.413605 0.807238 
510.367462 320.760803 0.879492 
510.496552 370.703278 0.885940 
483.986542 157.502899 0.924411 
497.189697 157.496460 0.915803 
476.548035 145.853409 0.786251 
506.029968 147.212402 0.792592 
18
488.428986 161.954620 0.886786 
491.314240 173.763855 0.839741 
461.922455 173.758011 0.853861 
448.699615 217.908264 0.909733 
466.356537 238.392288 0.838703 
523.622803 176.677414 0.860416 
535.453735 219.328735 0.924989 
511.921539 232.564209 0.863156 
475.194916 263.437042 0.803067 
478.098083 322.244843 0.885902 
482.475616 369.336212 0.851113 
510.492645 263.405792 0.806799 
510.367706 320.746521 0.874621 
510.485321 369.335693 0.882398 
485.379852 157.503952 0.926654 
497.202850 157.496689 0.918277 
476.553345 145.862305 0.803851 
506.032776 145.869049 0.784370 
18
488.428955 161.963974 0.889064 
491.310669 173.761734 0.842483 
461.927551 173.741348 0.859084 
448.704163 217.910599 0.914197 
466.318390 238.402466 0.855342 
523.615601 176.676788 0.859130 
535.451355 219.320007 0.932174 
511.940125 232.546570 0.867185 
475.200928 263.443024 0.809146 
478.102478 322.259003 0.886657 
482.467590 370.697418 0.848927 
510.494049 263.408112 0.807877 
510.370972 320.768219 0.880110 
511.833923 369.330292 0.883029 
485.380402 157.510071 0.930923 
497.205597 157.507751 0.926673 
476.556122 145.855865 0.802479 
506.035004 147.232193 0.783503 
18
488.452393 161.964844 0.883567 
491.307648 173.761993 0.846042 
461.927277 173.745590 0.856549 
448.699402 217.926987 0.905965 
466.318939 238.416946 0.862163 
523.614624 176.687729 0.864086 
535.444885 219.314392 0.933890 
511.910431 234.041672 0.855462 
475.180908 263.419647 0.814880 
478.095734 322.205048 0.882962 
482.464478 370.696320 0.844124 
510.479736 263.380737 0.807888 
510.346588 320.720367 0.868626 
510.488129 370.709229 0.886016 
485.400757 157.512497 0.937722 
498.581635 157.495651 0.930655 
476.562103 145.855072 0.809848 
507.455536 147.221390 0.787444 
18
488.457001 161.967209 0.876830 
491.299347 173.769180 0.843401 
461.911652 173.759674 0.850443 
448.700623 219.305771 0.902210 
466.328888 238.437439 0.872454 
523.616028 176.686951 0.861720 
535.442261 219.314667 0.936354 
511.933258 234.004944 0.856753 
475.198547 263.457092 0.811146 
478.091339 322.257172 0.891230 
482.468475 370.713715 0.845980 
511.836731 263.405121 0.807486 
510.348541 320.748657 0.881286 
510.492188 370.697052 0.884077 
485.403564 157.513596 0.938875 
498.585815 157.486465 0.922793 
476.563629 145.859634 0.811637 
507.465088 145.832932 0.792388 
18
489.831451 161.982986 0.868324 
491.292358 173.771790 0.844154 
461.908875 173.765762 0.847364 
448.678375 217.924042 0.904163 
464.929321 238.420593 0.870629 
523.611450 176.692673 0.857918 
535.450562 219.309479 0.936040 
511.946533 233.995209 0.858332 
475.180756 263.445129 0.809805 
478.097412 322.241028 0.879740 
482.484863 369.339996 0.836524 
510.477020 263.392609 0.803028 
510.354645 320.730225 0.867442 
510.493774 369.341583 0.881945 
485.420380 157.525406 0.944138 
498.605347 157.490204 0.928555 
476.560425 147.214279 0.816014 
507.462708 145.835495 0.772197 
18
489.828094 161.982635 0.870327 
489.900696 173.750549 0.851866 
461.904266 173.768372 0.844872 
448.664795 219.301346 0.895750 
466.302399 238.434235 0.863969 
523.603149 176.655060 0.856607 
535.446228 217.902176 0.957347 
513.383118 234.011826 0.858721 
475.183502 263.445526 0.807761 
478.081757 322.237640 0.888057 
482.472748 370.699860 0.838175 
510.473724 263.395294 0.808308 
510.349854 320.730835 0.865703 
510.483429 369.330353 0.883529 
485.416992 157.528732 0.943227 
498.596802 157.494171 0.930769 
476.554047 147.231110 0.819270 
506.032776 145.856689 0.765037 
18
489.847626 161.984451 0.866981 
489.890259 173.749969 0.854114 
461.899963 173.775330 0.841492 
448.650574 219.299530 0.893997 
464.930267 238.448532 0.871541 
522.250793 175.226059 0.855505 
535.462585 217.886627 0.965744 
513.416748 234.035950 0.848392 
475.186920 263.472961 0.808757 
478.077240 322.264191 0.894309 
482.468781 370.704468 0.837877 
510.463257 263.427063 0.812194 
508.990570 320.765076 0.868121 
510.488464 369.339081 0.883853 
485.433472 157.528030 0.945831 
498.616913 157.490585 0.937434 
476.550537 147.238708 0.827778 
506.027893 145.855820 0.734719 
18
489.851715 161.984436 0.863790 
489.886353 173.755783 0.854011 
461.892670 175.189178 0.839351 
448.661987 219.313339 0.892344 
466.297760 238.447235 0.871988 
522.249695 175.220245 0.854307 
535.471436 217.880234 0.964063 
513.426208 234.050827 0.843726 
475.205933 264.871582 0.810369 
478.084229 322.274414 0.896170 
482.465210 370.702881 0.839694 
510.479553 263.439331 0.815286 
508.989471 320.766235 0.871726 
510.489716 369.342285 0.886970 
485.436157 157.528122 0.943039 
498.618103 157.488342 0.933614 
476.549866 147.239029 0.823428 
506.034943 145.849472 0.739116 
18
489.857574 162.010010 0.857526 
489.879547 173.759979 0.854189 
461.887238 175.222244 0.834291 
448.675415 219.348007 0.886345 
466.327515 238.455597 0.886613 
522.249451 175.208191 0.855793 
535.495117 217.882828 0.958046 
516.293457 234.045685 0.838078 
476.553101 264.848480 0.809511 
478.106506 322.281708 0.890130 
481.041138 370.714966 0.844061 
510.499115 263.421997 0.807199 
510.359711 320.785889 0.881807 
510.477722 369.340637 0.883877 
485.450256 157.548538 0.945732 
498.621063 157.510178 0.939727 
476.553619 147.261871 0.827869 
506.044586 145.858124 0.743208 
18
489.860596 161.991425 0.859558 
489.879486 173.758881 0.855483 
461.885895 175.226700 0.834129 
448.672852 219.333069 0.889882 
466.316559 238.442673 0.885303 
522.247620 175.198593 0.859282 
535.488770 217.865158 0.963565 
514.864075 235.469070 0.839801 
475.209564 263.476166 0.813172 
478.095032 322.265381 0.892005 
481.033997 370.695007 0.847942 
510.496002 263.418884 0.812303 
510.356628 320.774536 0.884567 
510.488586 370.703339 0.883970 
485.450989 157.537933 0.944867 
498.621521 157.496353 0.935311 
476.557526 147.262253 0.827238 
506.034454 145.834305 0.739403 
18
489.858093 163.429153 0.851054 
489.875519 173.760101 0.855393 
461.880096 175.235703 0.829792 
448.672852 219.342880 0.887595 
466.327026 238.453506 0.885032 
522.245972 175.190857 0.861530 
535.481018 217.865112 0.967635 
516.317261 234.044220 0.835115 
476.555084 263.467682 0.812069 
478.099396 322.278534 0.889698 
481.027252 370.715485 0.849040 
511.838409 263.410187 0.808555 
510.365265 320.781616 0.886055 
510.487976 370.712494 0.888891 
485.447968 157.560989 0.940940 
498.617126 157.517685 0.939961 
476.554688 147.271347 0.821588 
506.037201 145.834732 0.756457 
18
489.846100 163.441788 0.849901 
489.869690 173.746841 0.856948 
461.882935 175.224991 0.828924 
448.668091 219.325729 0.887027 
466.310669 238.448990 0.880583 
522.239014 173.772400 0.864528 
535.478516 217.859451 0.968640 
516.314514 235.467514 0.827949 
476.555817 263.460846 0.808828 
478.103119 322.288879 0.888150 
481.036713 370.711029 0.849152 
511.842682 263.403534 0.807263 
510.363647 320.762177 0.880609 
510.486389 369.340912 0.882700 
485.439209 157.571518 0.934840 
498.603149 157.532410 0.939711 
476.552246 147.281021 0.807638 
506.025604 145.865799 0.767975 
18
489.842499 163.437317 0.854721 
489.873901 173.748138 0.855668 
461.884155 175.214966 0.831795 
448.678101 219.338776 0.885070 
466.317932 238.453827 0.878318 
522.241699 173.778687 0.861151 
535.484619 217.861511 0.965063 
516.292419 235.483353 0.829451 
476.550720 263.443939 0.809943 
478.106567 322.267517 0.886987 
481.040802 370.718170 0.849864 
511.839691 263.387787 0.805189 
510.361633 320.764221 0.880696 
510.488281 369.339050 0.883485 
485.432739 157.564972 0.936383 
498.602783 157.525894 0.939724 
476.552979 147.270523 0.807074 
506.032257 145.861282 0.769723 
18
489.861664 162.017426 0.859514 
489.878540 173.737015 0.857755 
461.892487 175.199539 0.835394 
448.671814 219.323776 0.892428 
466.322754 238.455734 0.882053 
522.236511 173.769150 0.860347 
535.486938 217.861389 0.963612 
516.296509 235.484650 0.832784 
475.208038 263.440430 0.812519 
478.107208 322.253876 0.887040 
481.033051 370.722565 0.854013 
510.497772 263.387634 0.805579 
510.361176 320.743225 0.874806 
510.485046 370.697998 0.880040 
485.452087 157.556030 0.945108 
498.622559 157.514069 0.949054 
476.553650 147.279037 0.833633 
506.028778 145.871841 0.754642 
18
489.896240 162.004654 0.854338 
489.895966 173.770370 0.851535 
461.883698 175.218018 0.831578 
448.694275 219.342957 0.888903 
466.320496 238.460876 0.887870 
523.599854 175.216263 0.856372 
535.489929 217.878235 0.957905 
514.848633 235.491943 0.830470 
475.207733 263.433807 0.811055 
478.103119 322.236847 0.880859 
481.051208 370.714478 0.841420 
510.498627 263.382172 0.800900 
510.353790 320.754852 0.874084 
510.489136 369.341339 0.887721 
486.822968 157.548340 0.954641 
498.651093 157.495193 0.947196 
476.558014 147.291428 0.835561 
507.475708 145.840347 0.757933 
