39
1
18
533.877747 157.494965 0.933172 
511.908722 191.395142 0.845351 
507.488708 194.349472 0.804506 
503.071503 241.346069 0.822938 
536.903931 241.433289 0.823080 
522.122986 186.975830 0.724330 
525.115173 220.800919 0.448394 
541.297119 229.582611 0.769319 
508.980621 263.431549 0.767095 
510.480194 310.449219 0.808680 
508.955933 350.197113 0.739839 
519.257996 261.950500 0.702418 
511.897034 308.966522 0.680471 
506.026398 344.290131 0.577761 
525.183899 150.218994 0.840841 
0.000000 0.000000 0.000000 
511.961853 157.571762 0.832383 
0.000000 0.000000 0.000000 
18
533.903198 156.115799 0.935858 
511.936676 192.776184 0.841002 
508.907776 194.361893 0.826609 
504.552734 239.952759 0.835989 
536.909973 242.825745 0.843736 
522.148926 186.992737 0.729576 
526.612610 219.294769 0.502586 
542.746399 228.130569 0.828215 
504.565063 261.982391 0.737805 
510.363800 310.417267 0.785878 
508.960663 351.661652 0.744110 
517.765991 261.938507 0.734463 
511.897644 308.960663 0.738562 
507.475983 345.735474 0.601281 
526.614258 148.797928 0.852221 
0.000000 0.000000 0.000000 
511.967957 157.498322 0.805134 
0.000000 0.000000 0.000000 
18
533.983459 156.110703 0.947810 
511.907501 192.858490 0.822920 
510.415009 195.799255 0.858058 
506.030548 239.952286 0.829640 
538.350769 241.415054 0.857472 
517.760925 189.929886 0.642185 
523.668396 223.697266 0.354986 
541.305908 228.179047 0.679583 
510.399200 263.434967 0.769771 
510.477417 309.030396 0.814690 
508.913177 350.195221 0.728297 
510.406952 261.960724 0.615135 
510.412628 306.074615 0.646359 
506.037506 345.725006 0.604859 
529.539124 150.196243 0.848554 
0.000000 0.000000 0.000000 
513.433533 157.526917 0.795898 
0.000000 0.000000 0.000000 
18
533.988525 157.528717 0.948353 
511.866486 192.783768 0.806979 
511.853607 194.390900 0.874864 
508.914612 238.454636 0.834816 
539.839172 241.362213 0.880570 
513.355835 186.987579 0.572157 
522.224792 225.189682 0.283960 
541.304321 228.180969 0.576384 
511.840668 263.401154 0.790620 
510.485077 310.411987 0.822746 
508.923004 351.626190 0.739555 
507.498016 261.906494 0.581968 
510.384125 306.071930 0.643754 
506.023224 345.705780 0.588739 
529.570374 150.248962 0.828556 
0.000000 0.000000 0.000000 
514.879761 157.497208 0.782598 
0.000000 0.000000 0.000000 
18
535.356445 157.550537 0.943954 
510.475983 191.403198 0.793173 
511.913483 195.778763 0.875496 
508.975342 238.458466 0.866795 
539.855957 239.900345 0.821710 
508.956299 185.521942 0.548758 
522.099487 228.084549 0.310246 
539.816650 229.560776 0.651584 
511.864899 263.468292 0.802429 
510.458496 310.504669 0.849866 
508.929840 353.083069 0.730452 
507.479401 261.979218 0.594295 
508.986176 309.021667 0.664422 
506.042847 345.767578 0.584373 
532.424988 151.685959 0.835881 
0.000000 0.000000 0.000000 
517.757568 157.535126 0.788147 
0.000000 0.000000 0.000000 
18
535.361267 157.581955 0.960364 
511.856110 191.329788 0.794451 
511.915680 194.343292 0.897582 
510.433563 238.382782 0.899722 
541.309875 239.939972 0.816455 
510.416351 185.480911 0.573467 
522.167175 226.632172 0.405705 
542.754028 226.621964 0.731035 
511.857513 261.973450 0.795476 
511.848297 309.020294 0.830434 
508.917297 350.202026 0.735744 
508.919067 259.033539 0.568698 
510.465912 306.063232 0.659472 
506.036255 345.712341 0.607023 
532.434143 153.140121 0.839034 
0.000000 0.000000 0.000000 
516.335205 157.551315 0.788355 
0.000000 0.000000 0.000000 
18
534.019226 157.560303 0.939827 
508.985565 189.889481 0.784120 
511.951782 194.330246 0.877366 
510.439758 238.454254 0.869422 
539.866211 239.909088 0.857647 
501.621948 182.576431 0.623491 
520.741577 223.692093 0.281901 
541.305725 217.874802 0.696770 
511.901062 261.955475 0.803072 
511.879578 308.992493 0.836144 
508.953888 351.638397 0.759723 
501.601959 257.529022 0.613235 
510.456207 304.579803 0.641367 
507.507080 345.704315 0.590230 
532.446716 151.695892 0.837816 
0.000000 0.000000 0.000000 
517.788513 157.515533 0.770751 
0.000000 0.000000 0.000000 
18
535.380310 157.570541 0.948148 
510.401489 191.340256 0.801449 
511.943176 194.361923 0.858699 
510.438995 238.386719 0.807370 
538.345642 239.935257 0.912783 
506.018372 184.043121 0.635737 
532.505005 209.055389 0.540653 
555.957458 204.559036 0.694414 
511.908417 261.960388 0.811638 
511.899292 308.990570 0.833226 
508.934540 351.648834 0.755983 
503.061615 257.537262 0.592052 
510.489044 304.608826 0.643741 
508.947174 345.730988 0.609598 
532.477600 151.697189 0.840138 
0.000000 0.000000 0.000000 
519.230103 157.505493 0.769495 
0.000000 0.000000 0.000000 
18
535.385437 157.583069 0.947643 
508.973328 186.980881 0.785896 
511.877319 194.318024 0.851269 
510.474854 238.426056 0.786936 
538.377441 239.947525 0.890617 
505.998871 182.531998 0.675138 
532.456360 207.573669 0.676741 
548.700073 192.894119 0.822283 
511.896240 261.910095 0.806762 
511.888367 308.953003 0.826566 
508.947815 351.623322 0.748530 
503.099854 254.639114 0.578667 
511.875427 304.572357 0.660919 
508.941193 345.708008 0.610824 
532.506226 153.149109 0.859203 
0.000000 0.000000 0.000000 
520.669495 157.505859 0.781754 
0.000000 0.000000 0.000000 
18
534.022034 157.604492 0.834254 
508.961975 188.450363 0.794835 
511.919159 194.353348 0.826682 
510.419983 238.419861 0.820768 
538.369324 239.873093 0.897489 
501.640747 182.567734 0.665266 
533.905945 206.058929 0.744068 
548.635925 182.544556 0.879861 
511.910797 261.943176 0.816110 
511.893494 309.018494 0.840804 
508.959595 351.635010 0.754882 
500.188538 256.069000 0.626178 
510.482117 304.615356 0.644397 
508.958862 345.706390 0.590780 
532.506287 154.599197 0.795619 
0.000000 0.000000 0.000000 
520.721558 157.544708 0.761736 
0.000000 0.000000 0.000000 
18
535.390442 158.976425 0.816884 
511.936127 191.334747 0.815553 
511.867401 195.771332 0.837270 
510.419220 239.834747 0.826394 
536.931396 239.897415 0.908335 
516.321594 184.017105 0.625148 
535.468384 204.543564 0.903456 
547.195679 178.139984 0.939127 
511.859772 261.912354 0.784635 
511.908783 307.528046 0.819424 
508.956848 350.204315 0.770939 
510.439087 257.541077 0.582650 
511.919037 303.126984 0.673035 
508.920807 344.273407 0.581923 
533.876709 154.649246 0.836961 
0.000000 0.000000 0.000000 
520.716431 157.620468 0.793404 
0.000000 0.000000 0.000000 
18
533.955322 160.490463 0.778960 
514.868225 192.821991 0.853862 
510.425110 195.820358 0.824237 
510.442810 239.866180 0.816343 
538.385315 239.904572 0.901912 
523.681458 189.897552 0.763742 
541.297363 203.119934 0.869489 
545.749146 172.293854 0.944497 
510.444397 260.500336 0.786401 
511.886597 307.519287 0.809865 
508.956787 350.192902 0.778534 
517.795898 257.563629 0.621466 
513.354858 303.134766 0.689755 
508.927155 344.261932 0.594489 
530.995972 157.545319 0.800075 
0.000000 0.000000 0.000000 
520.684570 160.493393 0.727723 
0.000000 0.000000 0.000000 
18
533.895752 161.992676 0.637480 
517.759521 192.810822 0.850436 
510.457520 195.828613 0.839452 
510.436493 239.917526 0.781626 
538.361938 239.959518 0.894582 
525.116028 188.441071 0.783076 
542.796265 203.112778 0.892084 
545.758484 170.862000 0.934119 
510.444336 260.464813 0.775010 
511.904755 304.601746 0.797452 
508.943420 350.189392 0.773541 
519.237244 256.104614 0.631172 
513.412048 301.672363 0.695115 
508.924408 344.249176 0.596660 
528.070740 159.008499 0.678899 
0.000000 0.000000 0.000000 
520.728333 163.452759 0.678345 
0.000000 0.000000 0.000000 
18
533.871399 163.450821 0.469597 
517.791321 191.406754 0.834256 
510.464264 195.817352 0.849591 
510.403290 239.931580 0.773345 
536.910034 241.312454 0.882967 
525.150940 186.948120 0.782237 
545.652710 201.689087 0.893467 
545.768311 170.804092 0.937384 
510.449921 260.455994 0.782595 
511.908112 304.615417 0.799128 
508.932526 350.154388 0.779777 
519.240479 256.076263 0.630090 
513.381226 301.688293 0.695417 
507.481293 342.835541 0.590714 
528.051514 159.034485 0.515215 
0.000000 0.000000 0.000000 
522.121643 164.893188 0.618053 
0.000000 0.000000 0.000000 
18
532.498230 160.496643 0.540979 
517.753174 191.375687 0.830710 
510.452148 195.790100 0.844883 
510.429474 239.936081 0.757635 
536.889160 239.963760 0.875323 
523.715088 185.503479 0.787638 
545.690979 201.633484 0.896344 
545.779480 169.371933 0.975517 
510.431915 260.477844 0.786185 
510.501007 307.511749 0.796726 
508.938507 350.164276 0.774652 
517.799500 257.525360 0.616314 
513.354065 303.139954 0.700160 
508.909790 344.290131 0.616581 
526.614624 157.538406 0.599154 
0.000000 0.000000 0.000000 
520.682251 160.491714 0.675002 
0.000000 0.000000 0.000000 
18
532.493408 167.853516 0.488341 
519.227051 191.408691 0.841978 
510.471893 195.833069 0.861507 
510.409790 239.943649 0.780544 
536.911804 241.312546 0.898491 
525.174622 185.509430 0.779834 
545.729675 198.743225 0.876053 
547.130554 169.347153 0.976279 
510.444427 260.471069 0.799660 
511.856415 307.500336 0.805303 
508.949890 350.157532 0.793590 
520.666382 257.528015 0.639079 
513.360596 303.129974 0.699833 
507.486053 344.249664 0.598255 
526.584595 160.516663 0.521314 
0.000000 0.000000 0.000000 
520.741821 164.891586 0.609259 
0.000000 0.000000 0.000000 
18
532.463135 169.356812 0.579686 
519.213989 191.396317 0.852826 
510.462463 197.245193 0.863131 
510.388794 241.309433 0.793656 
538.351196 241.331635 0.900119 
525.147766 184.075653 0.792600 
545.742859 195.818619 0.911904 
547.152527 169.337128 0.988028 
510.441254 260.487732 0.800413 
511.869415 307.534332 0.824764 
508.944366 350.180817 0.789143 
519.266113 257.558441 0.636519 
511.978912 304.585022 0.695914 
507.477570 344.260925 0.593472 
525.182434 164.917191 0.594536 
0.000000 0.000000 0.000000 
520.675049 166.387527 0.640140 
0.000000 0.000000 0.000000 
18
532.463806 170.788040 0.652656 
517.778198 192.780914 0.844321 
510.466736 197.260941 0.842378 
510.381897 241.308578 0.806456 
538.374451 241.367767 0.918837 
523.713684 185.478714 0.775005 
547.136780 194.377106 0.919953 
547.224121 169.281937 0.936951 
510.435089 260.488251 0.805974 
511.872192 307.532471 0.826222 
508.956696 350.196411 0.799195 
519.260071 257.557037 0.642848 
511.982513 304.574707 0.689481 
506.041534 342.827026 0.583711 
525.192993 166.365692 0.656822 
535.390747 169.299332 0.302805 
520.691467 167.828705 0.658496 
0.000000 0.000000 0.000000 
18
532.452209 157.571671 0.540511 
517.759705 185.513474 0.806631 
510.434509 194.333679 0.805712 
511.854828 239.938416 0.835758 
541.293701 242.899612 0.870331 
525.111450 181.105286 0.786265 
547.135071 194.330566 0.938272 
547.176270 167.848679 0.997977 
510.422485 259.036682 0.790983 
511.873169 307.501343 0.809730 
508.946655 351.624084 0.793092 
517.777100 256.096741 0.608295 
513.355164 303.124847 0.692224 
507.465973 344.261444 0.592643 
525.184265 153.171524 0.608108 
0.000000 0.000000 0.000000 
519.280701 157.569626 0.669828 
0.000000 0.000000 0.000000 
18
532.451904 150.254608 0.492002 
517.781677 185.524231 0.807499 
510.385468 194.279449 0.821144 
511.860321 239.910004 0.846255 
541.312378 250.170486 0.846137 
526.584900 182.511642 0.796040 
548.630676 192.875595 0.933654 
545.766113 166.405243 1.022228 
510.399384 259.004608 0.781333 
511.898560 306.063843 0.815458 
508.915924 350.205170 0.781553 
519.271851 256.067413 0.644842 
514.814697 303.106812 0.696980 
508.918793 344.285492 0.610951 
525.169250 148.732529 0.594006 
0.000000 0.000000 0.000000 
519.239746 156.087982 0.626856 
0.000000 0.000000 0.000000 
18
531.009705 156.082169 0.392041 
516.315369 185.532333 0.792476 
510.383423 194.318085 0.810461 
511.866608 241.391006 0.846354 
541.324829 256.062378 0.829245 
525.127747 181.136398 0.749969 
548.712708 192.824188 0.905426 
545.752014 166.356232 0.983179 
510.362793 257.550995 0.770116 
511.923126 304.598633 0.802500 
508.926697 350.157745 0.803305 
517.774353 254.640701 0.612725 
514.829956 301.667755 0.711525 
508.914429 342.837006 0.583099 
523.752930 150.238571 0.489867 
0.000000 0.000000 0.000000 
519.244080 157.549820 0.616966 
0.000000 0.000000 0.000000 
18
532.465515 148.759109 0.508754 
517.760376 184.073517 0.805081 
510.372955 192.872803 0.807222 
511.851532 241.394882 0.839217 
535.415466 263.494537 0.936952 
528.047363 181.107010 0.804718 
551.574219 192.775391 0.898878 
545.726868 164.924866 0.973957 
510.399231 258.989746 0.782832 
511.853241 307.528137 0.809867 
508.925171 350.177582 0.793594 
520.736755 256.060944 0.638712 
513.376221 304.593201 0.711266 
508.916321 344.293640 0.607404 
525.178467 147.270050 0.596028 
0.000000 0.000000 0.000000 
517.796387 154.614502 0.636774 
0.000000 0.000000 0.000000 
18
532.498718 147.330887 0.548479 
516.332642 184.083420 0.810871 
510.363647 192.888794 0.804875 
511.837097 241.366409 0.848085 
529.538757 272.251770 0.848447 
526.609680 181.114059 0.805273 
550.164978 191.361328 0.881145 
545.704834 164.893661 0.969739 
508.984070 256.099548 0.739619 
511.905121 303.151520 0.760342 
508.931854 350.168945 0.800767 
520.728943 253.162704 0.637254 
513.408936 301.634216 0.684713 
508.923187 344.272156 0.617353 
526.580017 145.852921 0.614324 
0.000000 0.000000 0.000000 
517.789063 153.149429 0.667724 
0.000000 0.000000 0.000000 
18
532.437561 148.797318 0.517676 
516.295288 185.498978 0.799103 
508.984619 194.307465 0.799006 
510.493591 239.940720 0.824142 
522.245789 275.183594 0.928646 
526.576294 181.128967 0.791557 
551.608582 189.875290 0.852025 
545.666626 162.009155 0.945716 
508.947723 257.565399 0.760843 
511.855621 304.569244 0.708511 
508.929932 350.177673 0.752683 
520.747498 254.582306 0.644439 
514.835938 300.226410 0.677802 
507.490448 344.314545 0.600017 
525.140930 147.271988 0.633228 
0.000000 0.000000 0.000000 
516.310791 154.615677 0.670344 
0.000000 0.000000 0.000000 
18
531.026245 151.670395 0.501025 
516.325928 184.020340 0.830561 
508.949066 191.376526 0.766859 
510.466187 238.455505 0.816868 
516.316345 276.720093 0.885030 
528.056824 181.092911 0.807603 
553.047485 188.420975 0.848767 
545.704224 163.426147 0.937385 
510.391327 257.558716 0.785145 
511.874939 307.495880 0.700860 
508.986938 353.096283 0.795995 
523.635986 254.595795 0.718196 
514.849915 301.669983 0.665547 
506.022583 342.811066 0.487061 
525.107483 147.308090 0.638277 
0.000000 0.000000 0.000000 
514.834839 154.619736 0.684215 
0.000000 0.000000 0.000000 
18
531.024780 154.610901 0.466032 
516.301819 185.530655 0.801500 
508.932404 194.282074 0.808858 
510.374786 241.418488 0.767544 
511.902161 279.634216 0.916742 
526.610657 182.505081 0.789026 
553.045471 185.527161 0.848616 
545.685303 161.976852 0.916176 
510.441681 261.950531 0.757228 
510.461823 310.462219 0.760317 
508.980286 354.553894 0.751916 
522.218628 260.472229 0.738638 
511.901978 310.400787 0.714443 
508.920685 347.212830 0.541959 
523.743591 148.742599 0.595011 
0.000000 0.000000 0.000000 
514.863037 156.068985 0.676578 
0.000000 0.000000 0.000000 
18
532.462891 150.236237 0.505786 
516.289551 185.525986 0.805522 
508.938721 194.294083 0.817497 
506.043671 241.365509 0.748666 
510.488983 278.141632 0.915480 
525.160828 181.124313 0.818632 
553.058472 185.496414 0.869540 
545.665161 160.552658 0.936168 
510.456848 261.908783 0.735881 
511.841156 308.997528 0.749072 
510.351685 353.117004 0.779557 
523.601868 258.992828 0.765434 
511.931915 307.505615 0.713006 
508.921356 345.786835 0.577829 
525.148438 147.291565 0.627733 
0.000000 0.000000 0.000000 
514.871582 154.598816 0.683095 
0.000000 0.000000 0.000000 
18
532.458130 150.251236 0.451383 
514.867188 186.973282 0.800488 
508.924011 194.351593 0.823578 
505.994141 241.404785 0.764716 
510.470306 278.143585 0.940523 
525.161926 181.115234 0.816998 
553.076477 185.508652 0.871256 
545.683044 161.957962 0.938847 
510.472565 261.933441 0.734449 
511.868561 310.416260 0.778602 
510.357117 354.553436 0.808963 
522.257568 259.030060 0.758743 
510.487335 308.956268 0.683555 
507.477783 345.757507 0.515248 
525.146545 147.311295 0.564215 
0.000000 0.000000 0.000000 
514.878967 156.045563 0.655932 
0.000000 0.000000 0.000000 
18
532.478027 153.148438 0.522836 
514.858459 185.483521 0.800071 
507.476440 192.880127 0.799888 
506.011719 241.371780 0.748296 
511.863312 279.585449 0.934586 
526.580566 181.089615 0.802535 
553.096008 185.480698 0.878529 
545.670959 160.560760 0.938733 
510.437439 261.941437 0.736871 
511.849762 310.401581 0.769760 
510.355835 353.114655 0.793189 
522.225403 260.449738 0.747381 
511.889465 307.551056 0.676867 
508.927368 345.742279 0.512088 
525.160645 147.335800 0.631148 
0.000000 0.000000 0.000000 
514.860535 154.611740 0.678572 
0.000000 0.000000 0.000000 
18
532.447327 153.168533 0.540750 
514.846252 185.523346 0.799571 
506.026917 192.905106 0.802697 
508.925293 241.363647 0.777941 
511.978546 278.125366 0.937087 
526.583740 181.114410 0.809480 
554.522827 184.078369 0.882822 
545.663818 160.557556 0.923431 
510.381134 261.939301 0.744088 
511.844818 310.398285 0.763749 
510.345215 353.103912 0.786742 
522.225037 258.996552 0.719748 
511.929291 307.533051 0.662637 
507.506317 345.730560 0.517532 
525.129700 148.720764 0.654600 
0.000000 0.000000 0.000000 
513.421448 156.044327 0.685406 
0.000000 0.000000 0.000000 
18
530.991943 153.151291 0.551039 
514.871460 185.482803 0.819800 
506.023224 192.881973 0.800806 
508.981873 241.351761 0.799252 
517.760193 276.683716 0.892974 
528.066162 181.091400 0.821360 
554.540833 185.515579 0.863249 
545.689697 161.974884 0.939515 
508.918213 261.917694 0.769734 
510.392670 310.411652 0.758228 
508.943817 351.663177 0.759729 
522.231140 256.091339 0.734693 
513.349976 307.515839 0.722350 
508.921112 345.771973 0.588566 
523.722168 148.727219 0.679367 
0.000000 0.000000 0.000000 
513.373779 156.066925 0.727802 
0.000000 0.000000 0.000000 
18
528.061951 156.111023 0.571263 
514.853271 185.529877 0.818856 
506.023773 194.298843 0.809267 
510.359741 239.931747 0.830094 
522.131897 275.194641 0.891613 
528.056152 181.115723 0.829768 
554.501831 189.904083 0.847498 
545.704102 161.992798 0.928358 
508.913574 263.388397 0.782337 
510.367828 310.414032 0.755237 
508.935852 351.636353 0.746993 
520.723999 259.037109 0.656400 
511.967102 308.952271 0.736991 
508.958984 345.786926 0.644816 
523.665100 151.660629 0.683549 
0.000000 0.000000 0.000000 
513.382141 157.535599 0.738295 
0.000000 0.000000 0.000000 
18
528.067505 151.711929 0.432848 
514.839417 185.478088 0.828372 
507.488617 192.893311 0.804793 
510.390076 241.364594 0.814291 
523.619446 275.230865 0.905302 
526.572205 181.104126 0.784728 
548.632507 192.890167 0.903149 
545.768738 167.806244 1.003909 
507.470032 261.917908 0.736338 
510.390137 310.440277 0.734335 
508.927917 351.659790 0.727140 
513.354309 258.996521 0.605128 
511.891357 308.948181 0.722769 
508.917755 345.806671 0.632098 
523.698181 148.751999 0.566906 
0.000000 0.000000 0.000000 
516.298462 156.110443 0.651217 
0.000000 0.000000 0.000000 
18
529.547974 156.075241 0.730460 
511.947021 188.460419 0.826318 
505.991943 194.356537 0.766532 
510.476929 242.820099 0.815598 
523.747437 276.620728 0.908134 
522.202942 182.568619 0.811044 
545.649841 200.216248 0.853431 
547.190002 170.834488 0.944659 
504.539917 260.498138 0.726026 
511.846771 308.958923 0.726243 
508.936401 351.627167 0.739086 
511.876221 257.538086 0.595611 
511.869415 303.147339 0.700817 
508.910797 345.769989 0.638676 
523.739563 150.223282 0.807876 
0.000000 0.000000 0.000000 
513.359863 157.521118 0.811651 
0.000000 0.000000 0.000000 
18
532.504944 157.511902 0.930749 
511.874939 192.830688 0.868272 
506.008392 195.816086 0.805285 
511.855194 242.879837 0.856366 
526.600098 275.214142 0.906095 
520.693298 188.435074 0.731007 
535.427795 207.581345 0.894822 
557.401367 184.022095 0.936995 
506.033020 261.943756 0.717362 
510.449066 310.408417 0.744773 
508.944214 351.643219 0.747903 
513.358337 259.011993 0.618710 
511.891113 307.502991 0.692085 
508.922974 345.790405 0.642432 
525.191650 150.235870 0.840666 
0.000000 0.000000 0.000000 
511.973175 156.103668 0.792701 
0.000000 0.000000 0.000000 
18
533.871155 157.505646 0.959424 
510.449768 191.411453 0.855894 
507.471771 195.793365 0.811027 
511.883545 242.888260 0.864141 
529.515991 275.214233 0.908763 
516.288574 186.950043 0.703547 
529.527954 211.987915 0.755336 
557.513184 206.088837 0.875772 
504.557465 261.959320 0.705629 
510.491516 308.986328 0.720200 
508.934967 351.635437 0.738522 
508.959534 260.451324 0.554424 
511.875610 304.592651 0.642107 
508.941162 345.785217 0.638229 
525.195923 150.216751 0.856707 
0.000000 0.000000 0.000000 
511.959473 157.494614 0.817323 
0.000000 0.000000 0.000000 
18
533.893250 157.516235 0.947343 
511.879028 192.851166 0.867310 
507.472412 195.773712 0.810791 
511.861725 244.293930 0.815552 
526.623230 275.221649 0.917423 
519.274109 191.343582 0.740470 
525.176575 220.810837 0.643537 
551.591980 228.197937 0.830654 
506.040436 263.386536 0.726125 
510.461884 310.450348 0.772433 
508.925446 350.204407 0.761168 
510.457458 260.493896 0.603215 
510.453735 308.958679 0.691964 
507.470825 345.785370 0.640504 
526.600342 150.196396 0.841705 
0.000000 0.000000 0.000000 
511.956055 157.504227 0.810669 
0.000000 0.000000 0.000000 
18
533.932556 156.120728 0.941332 
511.922760 194.278305 0.859675 
508.905090 197.246002 0.804996 
510.497284 241.394333 0.834530 
523.747131 275.199310 0.922801 
520.734680 191.384644 0.711827 
525.157776 228.104614 0.458064 
536.878296 245.793732 0.725420 
507.481506 263.430298 0.735225 
510.432068 310.488617 0.771908 
508.919769 351.635468 0.748803 
511.899597 261.921936 0.589119 
510.425385 309.017761 0.722203 
507.491516 347.200043 0.643459 
528.065063 148.787674 0.839231 
0.000000 0.000000 0.000000 
513.373962 157.488556 0.786632 
0.000000 0.000000 0.000000 
18
534.001282 156.079987 0.928467 
511.908295 194.261566 0.815048 
510.358215 197.250656 0.826338 
510.499664 242.883957 0.832601 
523.684143 276.686859 0.940137 
520.682068 191.384430 0.643001 
0.000000 0.000000 0.000000 
0.000000 0.000000 0.000000 
507.492889 264.879150 0.751125 
508.929535 311.928741 0.736375 
508.936707 351.672058 0.719054 
511.867462 263.420929 0.655053 
510.487061 310.508453 0.755878 
508.940216 347.224213 0.624126 
529.553650 148.782104 0.846006 
0.000000 0.000000 0.000000 
514.827148 157.535431 0.790699 
0.000000 0.000000 0.000000 
18
535.376648 156.119110 0.932348 
513.349060 192.868942 0.806039 
510.353790 195.828323 0.847236 
510.474365 241.338425 0.867438 
522.184509 276.660400 0.963693 
522.158691 189.931320 0.694596 
525.147400 206.084122 0.057820 
0.000000 0.000000 0.000000 
510.371338 264.917999 0.819415 
508.935303 311.964844 0.748261 
508.938812 353.117096 0.731428 
517.757935 263.440979 0.664184 
511.902527 311.911926 0.756517 
508.968292 347.238159 0.628572 
532.433594 150.202789 0.849965 
0.000000 0.000000 0.000000 
516.330688 157.525101 0.792328 
0.000000 0.000000 0.000000 
