80
1
18
558.939697 241.322845 0.858750 
523.737976 244.296646 0.872385 
532.480286 253.129211 0.827754 
530.974182 300.236572 0.824179 
567.766968 300.123749 0.925565 
519.259338 238.395248 0.754629 
541.286377 272.243866 0.578110 
563.362183 281.044495 0.837494 
520.688416 313.412018 0.587420 
592.723877 301.649323 0.789850 
570.678955 358.977600 0.881732 
507.478333 306.055267 0.418783 
591.289917 295.782928 0.479735 
572.193726 348.710754 0.438148 
558.907715 236.983078 0.815277 
0.000000 0.000000 0.000000 
547.225403 229.693665 0.883745 
0.000000 0.000000 0.000000 
18
558.931946 241.328201 0.850657 
523.739136 244.291687 0.873649 
532.468567 253.143723 0.825929 
529.556030 300.245270 0.821584 
567.746155 300.132935 0.923866 
519.270569 236.983810 0.752861 
541.265625 272.261078 0.569974 
561.922485 279.613617 0.827938 
522.171936 311.924561 0.573978 
592.739075 300.249695 0.815332 
570.676270 358.957672 0.872381 
510.373260 301.666138 0.413934 
591.238342 295.775177 0.452885 
572.210693 348.726990 0.422191 
557.536743 238.378677 0.816291 
0.000000 0.000000 0.000000 
547.219727 231.069046 0.903995 
0.000000 0.000000 0.000000 
18
558.951843 241.311768 0.885732 
523.741516 244.288437 0.879413 
532.470825 253.134872 0.829046 
530.971802 300.261536 0.812660 
567.748230 300.138397 0.938747 
519.279846 238.388763 0.758377 
541.296936 273.686737 0.586766 
564.831421 281.049011 0.823909 
533.851501 279.736420 0.069736 
0.000000 0.000000 0.000000 
0.000000 0.000000 0.000000 
508.945740 303.118011 0.429758 
591.257935 297.169861 0.453262 
573.628296 348.722870 0.447631 
558.903625 236.965073 0.837062 
0.000000 0.000000 0.000000 
547.205139 231.060013 0.908881 
0.000000 0.000000 0.000000 
18
558.939819 241.311081 0.882941 
523.725952 242.892960 0.877567 
532.453552 253.137512 0.819593 
530.969788 300.260925 0.817484 
567.729614 300.137878 0.926436 
519.265503 236.980988 0.754660 
539.824463 272.240356 0.576110 
561.919250 279.616852 0.821002 
522.165100 311.913574 0.576905 
592.784607 300.220490 0.856371 
570.684021 358.933075 0.853448 
510.377136 301.655975 0.422595 
591.267822 297.176605 0.453291 
573.640869 348.721649 0.460779 
558.893494 236.967438 0.837705 
0.000000 0.000000 0.000000 
547.201965 231.061874 0.908584 
0.000000 0.000000 0.000000 
18
558.947021 239.973129 0.888228 
523.731873 242.890259 0.876961 
532.446960 253.128510 0.826451 
530.968506 300.245728 0.816279 
567.744385 300.132050 0.935939 
520.684570 238.393997 0.758450 
538.372681 270.778992 0.573194 
561.884216 279.622437 0.817301 
522.211670 310.479614 0.573200 
592.769043 300.227386 0.845981 
570.686951 357.583130 0.858141 
510.414734 300.215057 0.418919 
591.286865 297.176361 0.463695 
572.214783 348.722931 0.449133 
557.537292 236.962112 0.842996 
0.000000 0.000000 0.000000 
547.181152 231.060547 0.913019 
0.000000 0.000000 0.000000 
18
558.920410 239.975174 0.884807 
523.719055 242.885971 0.884513 
532.441467 253.116486 0.829791 
529.552673 300.235840 0.822216 
567.741394 300.125214 0.922534 
519.271851 238.397476 0.764105 
536.907654 269.306030 0.552171 
560.407227 279.603027 0.835668 
520.744385 311.956146 0.590390 
592.778137 300.204926 0.850071 
570.696899 357.579010 0.857789 
510.368561 301.687408 0.420448 
591.260376 295.781891 0.468999 
573.652466 348.712341 0.465027 
557.520508 236.966354 0.843247 
0.000000 0.000000 0.000000 
547.189331 229.697250 0.896868 
0.000000 0.000000 0.000000 
18
558.919312 241.321350 0.862030 
523.731201 242.884720 0.877351 
532.444336 253.124542 0.828611 
529.547913 300.254059 0.817279 
567.736389 298.761230 0.933567 
520.692810 236.958710 0.758393 
535.443481 266.404419 0.558589 
558.952881 278.136200 0.830280 
520.731018 311.949890 0.591901 
592.776794 300.207489 0.839684 
570.697937 357.565094 0.869065 
510.381531 301.663147 0.425953 
591.256104 295.764862 0.489009 
575.118530 347.301208 0.499217 
557.514099 238.384018 0.833249 
0.000000 0.000000 0.000000 
547.202942 231.108932 0.885575 
0.000000 0.000000 0.000000 
18
558.913086 241.312637 0.872550 
523.735046 242.877319 0.883493 
532.456543 253.117996 0.845546 
529.554688 300.243469 0.824585 
567.723206 298.778290 0.930325 
520.699341 236.963333 0.765214 
535.427002 266.376373 0.545178 
557.467712 278.152771 0.809428 
520.739929 311.945923 0.587078 
592.785645 300.227203 0.858674 
570.693176 357.555450 0.868452 
508.975433 301.683777 0.436938 
591.235107 297.220673 0.466001 
575.113586 347.301086 0.478138 
557.498230 238.382751 0.839390 
0.000000 0.000000 0.000000 
547.168274 231.099030 0.883357 
0.000000 0.000000 0.000000 
18
558.900330 241.330322 0.905117 
523.715149 244.298523 0.891871 
532.423096 253.113281 0.849826 
529.561584 300.237152 0.828337 
567.740356 298.739258 0.989636 
520.681335 238.400436 0.750613 
542.735840 270.780273 0.550643 
567.732361 284.023315 0.696053 
520.688660 313.401764 0.588846 
592.763123 300.223419 0.847877 
570.695557 357.563232 0.880073 
508.941254 304.586670 0.436186 
589.826416 295.730621 0.440145 
573.664368 347.285248 0.459002 
557.491882 238.373795 0.852541 
0.000000 0.000000 0.000000 
547.154419 231.071060 0.893315 
0.000000 0.000000 0.000000 
18
558.908752 241.330902 0.914067 
523.707947 244.297333 0.898150 
531.029053 253.097260 0.855520 
530.977295 300.228729 0.829244 
567.758301 298.726318 1.006619 
520.681702 238.416840 0.749393 
542.767273 272.210938 0.577872 
567.744263 285.440308 0.702799 
520.706848 311.992157 0.590499 
592.748779 300.203888 0.864605 
570.713501 357.550934 0.874992 
508.958160 303.160309 0.433622 
589.830627 295.734406 0.436898 
573.644104 347.304779 0.483049 
557.510803 236.988159 0.860154 
0.000000 0.000000 0.000000 
547.168091 231.059555 0.904204 
0.000000 0.000000 0.000000 
18
558.903442 241.336823 0.910438 
523.707336 244.304703 0.897912 
531.038147 253.103195 0.856959 
530.971802 300.227661 0.827558 
567.751526 298.718811 1.005654 
519.277466 238.421478 0.751910 
541.304749 269.312134 0.563028 
567.719604 285.457794 0.665181 
519.274109 313.412872 0.591519 
592.753967 300.210297 0.875608 
570.718933 357.548492 0.882221 
508.924042 304.595856 0.436897 
589.828186 295.750549 0.419599 
573.668091 347.296356 0.458166 
557.502319 238.381927 0.863263 
0.000000 0.000000 0.000000 
547.166504 231.060425 0.898129 
0.000000 0.000000 0.000000 
18
558.935120 241.335236 0.915003 
523.725220 244.325485 0.884896 
532.425659 253.109192 0.853581 
529.557556 300.229218 0.831281 
567.727844 298.731262 0.991680 
520.699341 238.432220 0.746264 
544.253296 273.665161 0.653666 
569.177063 286.870941 0.732248 
519.270325 313.415314 0.596447 
592.763611 300.226807 0.861399 
570.713379 357.560577 0.874874 
508.948029 304.599152 0.424036 
591.276917 297.181519 0.429353 
572.212158 348.679199 0.469225 
557.523010 238.381546 0.861589 
0.000000 0.000000 0.000000 
547.172363 231.073578 0.893913 
0.000000 0.000000 0.000000 
18
558.959045 241.331100 0.925898 
523.744385 244.323334 0.868340 
532.438538 253.108231 0.855141 
529.560303 300.241577 0.824471 
566.329041 298.739777 0.974953 
520.713928 238.427002 0.736821 
544.247192 273.684357 0.661269 
567.775574 286.922668 0.732819 
520.702942 313.410828 0.602533 
592.792114 300.228394 0.870948 
570.694214 357.574280 0.895389 
508.967896 304.596924 0.418145 
591.285950 297.216766 0.429440 
572.207764 348.689392 0.462659 
558.900879 236.982895 0.862529 
0.000000 0.000000 0.000000 
547.147461 229.697922 0.906595 
0.000000 0.000000 0.000000 
18
559.003479 241.332291 0.947931 
525.129822 244.333282 0.863297 
532.448059 253.115997 0.852081 
529.553467 300.255005 0.822721 
567.709900 298.752716 0.999592 
520.745300 238.432785 0.734934 
544.240356 273.709686 0.673623 
567.771851 286.913757 0.737034 
520.707886 311.968048 0.593647 
592.792786 300.252441 0.843482 
570.691345 357.588196 0.867002 
510.399628 301.700928 0.420679 
592.717834 297.247223 0.485559 
572.187561 348.740387 0.503558 
558.933777 236.983505 0.878749 
0.000000 0.000000 0.000000 
547.133911 229.693436 0.909575 
0.000000 0.000000 0.000000 
18
558.990479 241.343521 0.948288 
525.137878 244.334915 0.864837 
532.471863 253.128616 0.851124 
530.970459 300.258484 0.823101 
566.308899 298.746307 0.993345 
520.740723 238.418411 0.740470 
544.253113 273.698395 0.667749 
567.779846 286.918823 0.742885 
520.689514 311.987091 0.600057 
592.789978 300.234711 0.848822 
570.693115 357.587585 0.871951 
508.969208 303.155548 0.428884 
591.304260 297.214844 0.463435 
572.200134 348.725739 0.487884 
558.914368 238.384705 0.882830 
0.000000 0.000000 0.000000 
547.128784 231.071121 0.907037 
0.000000 0.000000 0.000000 
18
558.975098 241.350830 0.935961 
525.133362 244.334488 0.865566 
532.471924 253.126205 0.854187 
530.973633 300.260223 0.819917 
566.301392 298.755920 0.990036 
520.733276 238.420624 0.741457 
544.242310 273.707764 0.669586 
567.767212 286.931030 0.740198 
520.711182 311.988922 0.593817 
592.804565 300.229950 0.856610 
570.705017 357.577972 0.866949 
510.374390 303.134155 0.426591 
592.697998 297.237488 0.458531 
572.208435 348.718475 0.498796 
558.905212 238.393539 0.880890 
0.000000 0.000000 0.000000 
547.135864 231.079025 0.911049 
0.000000 0.000000 0.000000 
18
558.967773 241.362122 0.935921 
525.151489 244.336853 0.859689 
532.490356 253.132462 0.853664 
530.982483 300.265442 0.814734 
566.304626 298.752960 0.999068 
522.131531 238.421021 0.738945 
544.232849 273.699127 0.663997 
567.769958 286.923676 0.740888 
520.728394 311.939178 0.589191 
594.184021 300.225342 0.843271 
570.710388 357.570343 0.859300 
510.399994 301.683929 0.432698 
592.725647 297.239685 0.478843 
573.633484 348.712036 0.506020 
558.897095 238.407288 0.881445 
0.000000 0.000000 0.000000 
547.123718 231.094147 0.902673 
0.000000 0.000000 0.000000 
18
558.956177 241.381149 0.924308 
525.150208 244.344971 0.857783 
532.481750 253.135880 0.852631 
530.992188 300.264893 0.813772 
566.298157 298.751953 1.005770 
522.135742 238.424316 0.738131 
544.243164 273.710632 0.675414 
567.773132 286.923309 0.737549 
520.722595 311.971039 0.591430 
592.804810 300.228607 0.857626 
570.715271 357.562439 0.858894 
510.392181 303.127533 0.431806 
592.718811 297.223663 0.474857 
572.204224 348.711548 0.499944 
557.535156 238.430450 0.882721 
0.000000 0.000000 0.000000 
547.125854 231.099411 0.907808 
0.000000 0.000000 0.000000 
18
558.975525 241.407852 0.921859 
525.167664 244.332901 0.863194 
532.493225 253.123993 0.844791 
530.996155 300.259460 0.823394 
566.320251 298.778412 0.976330 
522.150146 238.414551 0.743902 
544.237976 273.708740 0.679721 
567.778687 286.926727 0.763644 
519.246948 313.399597 0.600512 
592.749817 300.258087 0.841988 
570.710999 358.929871 0.869737 
508.957733 304.588135 0.430380 
591.302063 297.208191 0.478050 
572.192932 348.734222 0.497763 
558.910034 238.452515 0.896421 
0.000000 0.000000 0.000000 
547.135986 231.096664 0.911635 
0.000000 0.000000 0.000000 
18
558.970276 241.409836 0.914548 
525.168091 244.328247 0.863546 
532.496094 253.131760 0.851406 
530.973083 300.249634 0.826924 
566.297913 298.764740 0.979307 
522.146973 238.403259 0.742431 
544.257202 273.691437 0.678602 
567.774719 286.930176 0.746993 
519.246521 313.413971 0.605310 
592.744690 301.630341 0.843638 
570.723389 357.577454 0.869420 
508.955719 304.591553 0.428267 
591.293640 297.216949 0.480081 
573.637329 348.714233 0.508393 
558.905457 238.454498 0.893571 
0.000000 0.000000 0.000000 
547.131653 231.093079 0.918707 
0.000000 0.000000 0.000000 
18
558.955566 241.402496 0.907344 
525.156433 244.325653 0.862839 
532.482239 253.121765 0.846929 
530.986267 300.256714 0.830848 
566.288818 298.775604 0.970599 
522.140442 238.411179 0.740623 
544.249023 273.682831 0.685146 
567.776550 286.921051 0.761716 
519.246460 313.416107 0.600101 
592.753967 301.629456 0.846611 
570.721069 357.576385 0.864794 
508.961517 304.585083 0.424018 
591.280273 297.230713 0.476722 
572.205811 348.714905 0.479581 
558.891785 238.448181 0.885460 
0.000000 0.000000 0.000000 
547.128845 231.104401 0.910169 
0.000000 0.000000 0.000000 
18
558.971680 241.402283 0.915561 
525.160095 244.329529 0.860174 
532.483398 253.126740 0.843498 
530.974548 300.255402 0.824286 
566.277344 300.124695 0.959752 
522.144775 238.417450 0.741196 
544.242065 273.707825 0.683555 
567.788391 286.908875 0.789199 
520.698181 311.987549 0.596622 
592.735352 301.653381 0.836602 
570.718689 357.584106 0.858382 
510.386566 303.133575 0.424250 
591.294312 297.248199 0.474682 
573.630371 348.712189 0.478225 
558.910156 238.446228 0.892032 
0.000000 0.000000 0.000000 
547.136414 231.095200 0.914737 
0.000000 0.000000 0.000000 
18
558.985657 241.368408 0.908260 
525.164551 244.331528 0.864995 
532.479309 253.147629 0.838221 
530.983582 300.268738 0.821829 
566.299438 300.129272 0.973768 
522.145691 238.418625 0.741766 
544.239502 273.732483 0.678910 
569.216187 285.455017 0.799449 
520.716553 311.982574 0.590132 
592.720764 301.651733 0.824075 
570.711121 358.935455 0.863847 
510.377838 303.126862 0.425142 
591.307068 297.201813 0.457709 
572.208313 348.710388 0.461760 
558.919922 238.409332 0.874125 
0.000000 0.000000 0.000000 
547.153564 231.083862 0.914449 
0.000000 0.000000 0.000000 
18
558.959839 241.382248 0.893421 
525.154541 244.325089 0.869645 
532.473816 253.140839 0.841662 
530.989807 300.265686 0.820920 
567.712952 298.777100 0.998474 
522.142151 238.414932 0.744832 
544.226807 275.124451 0.668205 
569.183533 285.481964 0.750276 
520.708374 311.974243 0.591905 
592.735962 301.641541 0.814795 
570.720520 357.591644 0.857802 
508.976990 303.132843 0.427972 
591.310669 297.217010 0.477055 
572.208984 348.724579 0.489711 
558.895630 238.430878 0.868586 
0.000000 0.000000 0.000000 
547.141846 231.099838 0.911781 
0.000000 0.000000 0.000000 
18
558.969299 241.391617 0.906520 
525.154541 244.340027 0.864344 
532.480469 253.148163 0.845720 
530.977417 300.269440 0.822007 
566.296753 298.775330 0.984622 
522.134888 238.411118 0.737703 
544.234802 273.730408 0.677387 
567.794800 286.866211 0.745121 
519.260315 311.968262 0.597575 
592.743469 301.679260 0.805876 
570.690674 358.943451 0.851867 
510.378845 303.115540 0.437657 
592.746887 298.645355 0.520778 
572.213440 348.747009 0.521601 
558.909180 238.438858 0.879235 
0.000000 0.000000 0.000000 
547.160034 231.104797 0.906413 
0.000000 0.000000 0.000000 
18
558.974243 241.393082 0.900184 
525.164917 244.337189 0.865061 
532.485657 253.154877 0.848024 
530.980652 300.268219 0.824098 
566.286438 300.121460 0.983543 
522.145508 238.405212 0.734881 
544.255127 275.127380 0.690065 
569.183289 286.896484 0.764231 
519.271667 311.982086 0.597150 
592.755554 301.682129 0.810298 
570.696899 358.943359 0.865144 
510.379242 303.117706 0.431505 
592.744019 298.626801 0.508326 
573.636902 348.710449 0.495077 
558.914978 238.437332 0.876242 
0.000000 0.000000 0.000000 
547.163757 231.102036 0.907559 
0.000000 0.000000 0.000000 
18
558.972900 241.374100 0.896166 
525.156128 244.334442 0.862963 
532.475403 253.154068 0.842881 
530.987610 300.263397 0.823802 
566.317627 300.133698 1.000547 
522.137695 238.408081 0.733126 
544.251221 275.132660 0.694179 
569.208557 285.449524 0.779416 
519.273621 311.957794 0.590524 
592.733887 301.660034 0.810611 
570.696411 358.940826 0.859775 
510.391022 301.693787 0.432067 
592.737671 297.220917 0.488170 
572.195374 348.720032 0.485753 
558.906128 238.418213 0.866178 
0.000000 0.000000 0.000000 
547.154785 231.097031 0.910192 
0.000000 0.000000 0.000000 
18
558.974243 241.382523 0.907272 
525.147644 244.332565 0.868064 
532.470703 253.145340 0.844263 
529.566956 300.264008 0.819765 
566.312927 300.138245 0.993560 
520.744202 238.417984 0.739105 
544.240540 275.141449 0.678608 
569.210876 285.440582 0.780024 
520.691711 311.970154 0.591414 
592.717651 301.665619 0.803307 
570.695862 358.944916 0.853675 
510.382935 303.122742 0.432782 
592.729797 297.227600 0.502485 
572.191772 348.739288 0.504098 
558.909912 238.422119 0.876969 
0.000000 0.000000 0.000000 
547.150879 231.088333 0.915123 
0.000000 0.000000 0.000000 
18
558.970093 241.385559 0.903358 
525.145874 244.344223 0.865219 
532.471985 253.148239 0.842238 
529.558777 300.259247 0.827214 
566.312378 300.129791 0.987181 
520.740479 238.426773 0.738557 
544.251343 275.130096 0.689889 
569.202637 285.460449 0.783622 
519.261108 311.997864 0.591788 
592.719727 301.666351 0.792504 
570.701355 358.933899 0.845680 
510.373077 303.124420 0.422758 
592.736328 297.238739 0.526107 
573.630676 348.738861 0.520944 
558.909485 238.425430 0.871611 
0.000000 0.000000 0.000000 
547.158020 231.093384 0.909940 
0.000000 0.000000 0.000000 
18
558.947449 241.417404 0.891274 
525.149780 244.341995 0.865253 
532.482056 253.152252 0.847186 
530.976257 300.269165 0.823889 
566.278076 300.119781 0.987986 
520.739258 238.422638 0.739981 
544.230774 273.732910 0.668232 
567.791504 285.476715 0.759461 
519.274658 311.993103 0.591630 
592.752441 301.633209 0.831114 
570.700867 358.929230 0.854753 
508.969543 303.144470 0.433867 
592.692749 297.223938 0.476980 
572.197388 348.738708 0.489208 
557.534790 239.826584 0.883134 
0.000000 0.000000 0.000000 
547.150269 231.105209 0.913479 
0.000000 0.000000 0.000000 
18
558.945862 241.406876 0.892437 
525.148987 244.341080 0.861376 
532.470520 253.138367 0.849907 
530.982727 300.274597 0.813948 
566.279785 300.118378 0.968361 
522.144531 238.428314 0.733323 
544.244141 273.733124 0.680428 
569.200684 285.504181 0.769822 
519.270813 311.989716 0.586179 
592.713013 301.661835 0.810368 
570.707397 357.582703 0.865494 
508.976227 303.146454 0.429149 
591.295044 297.228149 0.497704 
573.667603 348.678223 0.494901 
558.893555 238.455017 0.877434 
0.000000 0.000000 0.000000 
547.155090 231.096909 0.904229 
0.000000 0.000000 0.000000 
18
558.943420 241.394623 0.873435 
525.142334 244.326752 0.866647 
532.467407 253.141571 0.847319 
530.976685 300.267334 0.811857 
566.261597 300.126892 0.961444 
522.133423 238.400635 0.734170 
544.216370 273.709930 0.657467 
567.774292 286.858307 0.761749 
520.694824 311.968048 0.588746 
592.724304 301.659760 0.821925 
570.714111 357.569458 0.851925 
508.972107 303.137146 0.429240 
591.280701 297.202148 0.473019 
573.648376 348.684723 0.483964 
557.535950 238.451645 0.861594 
0.000000 0.000000 0.000000 
547.163025 231.113785 0.900702 
0.000000 0.000000 0.000000 
18
558.938782 241.390671 0.876795 
525.137756 244.328506 0.866773 
532.470520 253.133301 0.851803 
530.978394 300.261658 0.813740 
566.290344 298.773041 0.954244 
520.745361 238.401276 0.740829 
544.205566 273.687927 0.635863 
567.739197 286.868500 0.752028 
519.252075 313.413361 0.594988 
592.717957 301.653931 0.825033 
570.718079 357.569489 0.866407 
508.929565 304.608765 0.441226 
591.275513 297.197754 0.466878 
575.108948 347.307159 0.469172 
557.535706 238.447098 0.860998 
0.000000 0.000000 0.000000 
547.170593 231.111633 0.897671 
0.000000 0.000000 0.000000 
18
558.941956 241.382721 0.881773 
525.134216 244.325089 0.867348 
532.469788 253.140167 0.846200 
530.973877 300.270721 0.809717 
566.294312 300.119019 0.953248 
520.741455 238.394867 0.739788 
544.197632 273.714844 0.642749 
567.742981 285.485657 0.761322 
519.265076 313.401825 0.593797 
592.729492 301.649628 0.829155 
570.714966 357.584320 0.865630 
508.934387 304.590240 0.437200 
591.268860 297.204041 0.455213 
573.640198 348.690735 0.468191 
557.532776 238.436584 0.862213 
0.000000 0.000000 0.000000 
547.155701 231.106491 0.905732 
0.000000 0.000000 0.000000 
18
558.917664 241.408966 0.859066 
525.130310 244.310837 0.876120 
532.466003 253.131134 0.849237 
530.990723 300.279175 0.812083 
566.295776 300.124634 0.958376 
520.736572 238.388626 0.743462 
544.177551 273.716797 0.642179 
567.745544 285.501404 0.766056 
533.904907 279.706207 0.066362 
0.000000 0.000000 0.000000 
0.000000 0.000000 0.000000 
508.918701 304.595886 0.438770 
591.240601 297.183960 0.434135 
573.659607 347.306458 0.436990 
557.510010 239.825516 0.861724 
0.000000 0.000000 0.000000 
547.157166 231.129684 0.899628 
0.000000 0.000000 0.000000 
18
558.925049 241.421677 0.869583 
525.130859 244.315063 0.873653 
532.468140 253.124466 0.850144 
530.991760 300.266113 0.820355 
566.295959 300.134094 0.947216 
520.734863 238.396210 0.744490 
544.194641 273.699127 0.655325 
567.737366 286.856415 0.767951 
533.947815 278.287567 0.063466 
0.000000 0.000000 0.000000 
0.000000 0.000000 0.000000 
507.495392 306.060364 0.437970 
589.799011 295.751587 0.406615 
573.665894 347.265930 0.406618 
557.518066 239.832413 0.876375 
0.000000 0.000000 0.000000 
547.152405 231.120300 0.905347 
0.000000 0.000000 0.000000 
18
558.928589 241.421341 0.867198 
525.138489 244.324966 0.868800 
532.464294 253.138748 0.845504 
530.977844 300.268768 0.816314 
566.276611 300.123688 0.945697 
520.745239 238.403122 0.747677 
542.780762 272.236084 0.617119 
566.292908 285.468292 0.757050 
519.278015 313.406403 0.598849 
592.723877 301.653809 0.863362 
570.702942 357.560638 0.896242 
508.959595 303.154968 0.433709 
588.332458 294.314453 0.419128 
573.648376 347.278290 0.446163 
557.523682 239.830200 0.875933 
0.000000 0.000000 0.000000 
547.151123 231.115814 0.912135 
0.000000 0.000000 0.000000 
18
558.946167 241.399368 0.890900 
525.139587 244.317154 0.868360 
532.459106 253.142242 0.843316 
530.976013 300.265350 0.819604 
566.279236 300.123383 0.945340 
520.748596 238.394806 0.742774 
544.220093 273.692169 0.670853 
567.777710 285.507141 0.797762 
519.273071 311.977905 0.595621 
592.729980 301.658569 0.854743 
570.713318 357.561859 0.868662 
508.953461 303.133179 0.433713 
589.820068 295.778839 0.441539 
575.096863 347.300995 0.470726 
558.891113 238.442413 0.879772 
0.000000 0.000000 0.000000 
547.147583 231.097748 0.916770 
0.000000 0.000000 0.000000 
18
558.948914 241.396851 0.887160 
525.138611 244.322662 0.868710 
532.461609 253.141357 0.841684 
530.984070 300.274689 0.819798 
566.279297 300.139435 0.950917 
520.747803 238.396042 0.739817 
544.222290 273.668823 0.663944 
567.780090 285.488220 0.812861 
520.691223 311.967407 0.598919 
592.766846 301.651733 0.859820 
570.703918 357.566132 0.879755 
508.961517 303.134796 0.434195 
591.271790 297.187256 0.440000 
575.100830 347.301178 0.450659 
558.895142 238.441513 0.877212 
0.000000 0.000000 0.000000 
547.151855 231.110916 0.912942 
0.000000 0.000000 0.000000 
18
558.942749 241.401703 0.889727 
525.132019 244.328903 0.870192 
532.464355 253.141586 0.844717 
530.974121 300.270660 0.816741 
566.271118 300.126251 0.946626 
520.731079 238.398041 0.743875 
544.216064 273.668152 0.651763 
567.765991 285.503479 0.801393 
519.263733 313.394226 0.596058 
592.741089 301.658997 0.844524 
570.705383 357.572968 0.870588 
508.950378 303.158478 0.436659 
591.279358 297.182831 0.457246 
575.095276 347.301788 0.480906 
557.536743 238.448959 0.878143 
0.000000 0.000000 0.000000 
547.152588 231.106659 0.913583 
0.000000 0.000000 0.000000 
18
558.943359 241.401077 0.877541 
525.128540 244.322952 0.870588 
532.456360 253.140503 0.842502 
530.980164 300.281708 0.810558 
566.291016 300.126953 0.959289 
520.733704 238.394562 0.740453 
544.196106 273.694855 0.647507 
567.731384 285.484894 0.780786 
520.719604 311.968048 0.594169 
592.761536 301.651520 0.849511 
570.701233 357.574799 0.881973 
508.967072 303.133606 0.434181 
591.267029 297.178467 0.438612 
573.644653 348.674469 0.448632 
558.892090 238.447418 0.868384 
0.000000 0.000000 0.000000 
547.166565 231.113693 0.905288 
0.000000 0.000000 0.000000 
18
558.916870 241.408981 0.872417 
525.124329 244.324890 0.870080 
532.455444 253.138733 0.843647 
530.972351 300.265564 0.811762 
566.292969 300.130402 0.961123 
520.726257 238.401474 0.744176 
544.183716 273.688751 0.640033 
566.315613 285.453491 0.769238 
520.707336 311.979614 0.597115 
592.752258 301.639496 0.849257 
570.709656 357.558899 0.887109 
508.950104 303.145447 0.435192 
589.820557 295.753052 0.432155 
573.650940 347.303650 0.434725 
557.510010 239.821243 0.870173 
0.000000 0.000000 0.000000 
547.147949 231.119827 0.908848 
0.000000 0.000000 0.000000 
18
558.894958 241.403992 0.856728 
525.131287 244.320007 0.862845 
532.454651 253.142670 0.839388 
529.559326 301.623444 0.810143 
566.274231 300.138855 0.950256 
520.746338 236.982330 0.734517 
544.208191 273.692200 0.668468 
567.794006 285.469513 0.812071 
520.691956 311.933167 0.594289 
592.756958 301.636108 0.833131 
570.699463 357.580231 0.856924 
510.372131 301.680420 0.434965 
592.710938 297.206818 0.475944 
573.643860 348.697021 0.488159 
557.490601 239.823990 0.855842 
0.000000 0.000000 0.000000 
547.134216 231.116302 0.904316 
0.000000 0.000000 0.000000 
18
558.905396 241.409546 0.875061 
525.121216 244.331482 0.865435 
532.452271 253.144592 0.843208 
530.978699 301.624695 0.809767 
566.306763 300.132965 0.959888 
520.729309 238.406525 0.735348 
544.210083 273.703979 0.665891 
569.173645 285.482910 0.809741 
520.712830 311.925415 0.587214 
592.782104 300.258331 0.843390 
570.694824 357.576324 0.860489 
510.370392 301.677979 0.433418 
592.710754 297.195496 0.485008 
573.634644 348.705231 0.482355 
557.506592 239.824081 0.872393 
0.000000 0.000000 0.000000 
547.145264 231.108124 0.908703 
0.000000 0.000000 0.000000 
18
558.921631 241.393936 0.872695 
525.124329 244.327759 0.867487 
532.461670 253.156372 0.843827 
530.969910 301.625183 0.808322 
566.303589 300.136871 0.959785 
520.727356 236.985657 0.737195 
544.186157 273.672424 0.620637 
567.758728 285.415985 0.762614 
520.710754 311.927155 0.589260 
592.788330 300.255524 0.859849 
570.695374 357.587372 0.877022 
510.370209 301.674652 0.439068 
592.700989 297.184814 0.458091 
573.652100 348.694519 0.454760 
557.519775 238.447556 0.865996 
0.000000 0.000000 0.000000 
547.154846 231.115814 0.900672 
0.000000 0.000000 0.000000 
18
558.929626 241.390045 0.884298 
525.126648 244.316910 0.867786 
532.445862 253.145386 0.843636 
529.564575 301.621643 0.809656 
566.292725 300.131409 0.958164 
520.746521 236.979843 0.736801 
544.197998 273.672699 0.639673 
567.773987 285.468811 0.785324 
520.699890 311.920410 0.593614 
592.755066 301.658569 0.836355 
570.689453 357.585175 0.861342 
510.374939 301.666656 0.437809 
592.709229 297.209930 0.488437 
572.212952 348.722229 0.483077 
557.522888 238.440567 0.876049 
0.000000 0.000000 0.000000 
547.154114 231.110352 0.913870 
0.000000 0.000000 0.000000 
18
558.950684 241.387222 0.890737 
525.127930 244.318192 0.874831 
532.455200 253.138123 0.845301 
530.975220 300.279755 0.818930 
566.281738 300.137451 0.950130 
520.739563 236.981384 0.742110 
544.190247 273.673218 0.635129 
567.724365 285.486176 0.785962 
520.689697 311.950867 0.596758 
592.766846 301.667114 0.852330 
570.688049 357.581451 0.870828 
508.955322 303.121002 0.438339 
591.290588 297.201904 0.463220 
572.206665 348.712708 0.449610 
558.903992 238.430832 0.877554 
0.000000 0.000000 0.000000 
547.186523 231.103119 0.907529 
0.000000 0.000000 0.000000 
18
558.942810 241.382797 0.891388 
525.123840 244.315918 0.873607 
532.442139 253.132492 0.843216 
530.977722 300.275055 0.820217 
566.276978 300.147369 0.940867 
520.749023 238.390182 0.742851 
544.200867 273.709686 0.648316 
567.751892 286.858307 0.812889 
520.709778 311.949921 0.596160 
592.750671 301.676971 0.846070 
570.681152 358.929932 0.857980 
510.377472 301.690613 0.434249 
591.304138 297.225250 0.456746 
572.188171 348.724396 0.455963 
558.893555 238.426102 0.876042 
0.000000 0.000000 0.000000 
547.170776 231.100159 0.907109 
0.000000 0.000000 0.000000 
18
558.942322 241.397125 0.898801 
525.125183 244.332413 0.866776 
532.440552 253.130753 0.840421 
530.983704 300.277130 0.820410 
566.294128 300.127411 0.956704 
520.741821 238.409744 0.738254 
544.204773 273.695648 0.657756 
567.750854 285.484039 0.776890 
519.267029 311.981262 0.595725 
591.321533 303.109406 0.818400 
570.704773 357.585571 0.862387 
508.969269 303.134674 0.429134 
591.261902 297.232391 0.485354 
573.655762 348.695862 0.498647 
557.535339 238.442322 0.879129 
0.000000 0.000000 0.000000 
547.153076 231.100723 0.904282 
0.000000 0.000000 0.000000 
18
558.916687 241.400848 0.882871 
525.111511 244.322845 0.866568 
532.429871 253.127747 0.834978 
530.970642 300.282227 0.816963 
566.305908 300.121033 0.965896 
520.732544 238.402130 0.733402 
544.192688 273.675812 0.662907 
567.780518 285.491211 0.796308 
520.687866 311.911407 0.591817 
592.738953 301.682251 0.807872 
570.721191 357.587189 0.846739 
510.382172 301.654602 0.428629 
592.720520 297.232117 0.521999 
573.673523 348.703888 0.514517 
557.515320 238.450317 0.871392 
0.000000 0.000000 0.000000 
547.148621 231.093475 0.905595 
0.000000 0.000000 0.000000 
18
558.918396 241.391205 0.888361 
525.112427 244.322342 0.869814 
532.437012 253.136780 0.839545 
530.972534 300.279572 0.814434 
566.287231 300.122253 0.958164 
520.730347 238.392960 0.738480 
544.199158 273.680542 0.653194 
567.759644 285.501953 0.783560 
520.698242 311.923218 0.588155 
592.736084 301.677124 0.813178 
570.707581 357.582611 0.851974 
510.384216 301.666656 0.430478 
592.693359 297.229248 0.498201 
573.641235 348.716888 0.496891 
557.518433 238.440201 0.874168 
0.000000 0.000000 0.000000 
547.155273 231.090668 0.905705 
0.000000 0.000000 0.000000 
18
558.915588 241.400925 0.878208 
523.735046 244.321411 0.875468 
532.421692 253.131134 0.837277 
530.983582 300.267761 0.817579 
567.709961 300.121063 0.970963 
520.711487 238.406998 0.741349 
544.189941 273.700714 0.628857 
567.741272 285.441254 0.763917 
520.692322 311.971649 0.588015 
592.724365 301.670654 0.825226 
570.714600 357.568756 0.859673 
508.963226 303.139801 0.430134 
591.310669 297.209290 0.476546 
573.672485 348.684875 0.481648 
557.514038 238.447617 0.869924 
0.000000 0.000000 0.000000 
547.138855 231.088943 0.909236 
0.000000 0.000000 0.000000 
18
558.957153 241.364777 0.900317 
525.106079 244.321396 0.874527 
532.428955 253.140396 0.842174 
530.978577 300.273651 0.815710 
567.735107 300.131134 0.977652 
520.729614 238.399109 0.741257 
542.780945 273.693481 0.604818 
567.737793 285.452911 0.759017 
520.708191 311.952637 0.588294 
592.709900 301.667511 0.818341 
570.710022 357.586975 0.844360 
510.381744 301.685303 0.431404 
591.308167 297.195862 0.484413 
573.656982 348.707581 0.484035 
558.899658 238.407074 0.871485 
0.000000 0.000000 0.000000 
547.152283 231.080185 0.913058 
0.000000 0.000000 0.000000 
18
558.922302 241.388153 0.874206 
525.105652 244.320831 0.872193 
532.437256 253.135742 0.839673 
530.967529 300.269104 0.811850 
567.725464 300.123962 0.964358 
520.721130 238.399445 0.741137 
544.184204 273.707275 0.621651 
567.743774 285.470306 0.769997 
520.689636 311.985413 0.592135 
592.734924 301.647583 0.826591 
570.710999 357.567810 0.857480 
508.964447 303.148621 0.429706 
591.303650 297.203583 0.473414 
573.646973 348.687408 0.474892 
557.518799 238.441223 0.865646 
0.000000 0.000000 0.000000 
547.150879 231.098877 0.910170 
0.000000 0.000000 0.000000 
18
558.937988 241.356934 0.897040 
523.736633 244.325348 0.866242 
532.422729 253.118195 0.832238 
530.986877 301.629730 0.806388 
567.733643 298.764832 0.981049 
520.712952 238.423981 0.736918 
542.776978 273.683716 0.616223 
567.736023 285.436493 0.743737 
520.705017 311.957855 0.587578 
592.717224 301.660706 0.816107 
570.701721 358.937164 0.866383 
508.967407 303.130768 0.431178 
591.302307 297.222900 0.486343 
573.634094 348.696167 0.493550 
557.533752 238.399139 0.855756 
0.000000 0.000000 0.000000 
547.160278 231.057587 0.903271 
0.000000 0.000000 0.000000 
18
558.925232 241.347504 0.890302 
523.744934 244.340729 0.861137 
532.436035 253.146637 0.833674 
530.974976 301.632965 0.801732 
567.743103 300.119415 0.980794 
520.712585 238.426483 0.732017 
544.198792 273.711243 0.628407 
569.187561 285.442383 0.782235 
520.690857 311.942139 0.584537 
592.727844 301.666870 0.819174 
570.693420 358.944977 0.863020 
508.952454 303.122986 0.433420 
592.692749 297.193573 0.473449 
573.628723 348.698944 0.463478 
557.521912 238.391953 0.846612 
0.000000 0.000000 0.000000 
547.158752 231.069534 0.902820 
0.000000 0.000000 0.000000 
18
558.911255 241.335754 0.883831 
525.105957 244.335175 0.861868 
532.448364 253.137039 0.830420 
530.984741 301.634979 0.802678 
567.717468 300.132843 0.963686 
520.708191 238.423065 0.739767 
542.758240 273.684998 0.606709 
566.310303 284.024384 0.769336 
520.702698 311.980072 0.584314 
592.756592 301.629608 0.854513 
570.692871 358.936737 0.873524 
508.933777 303.153412 0.432115 
591.264832 297.172760 0.427994 
572.193665 348.679169 0.419283 
557.514038 238.379745 0.844541 
0.000000 0.000000 0.000000 
547.169312 231.070862 0.902759 
0.000000 0.000000 0.000000 
18
558.914124 241.338440 0.892981 
525.106018 244.333374 0.867634 
532.443848 253.139496 0.832477 
530.991699 301.638397 0.801272 
567.740845 298.779022 0.987494 
520.713806 238.416229 0.741718 
544.187866 273.705627 0.624034 
567.782837 285.426697 0.776188 
519.278381 311.977692 0.586178 
592.723083 301.644073 0.836718 
570.689941 358.931122 0.876085 
508.932343 303.146454 0.441388 
591.250916 295.777405 0.439068 
572.178772 348.689606 0.429845 
557.508545 238.385422 0.848552 
0.000000 0.000000 0.000000 
547.158325 231.076218 0.901188 
0.000000 0.000000 0.000000 
18
558.918213 241.340256 0.891341 
525.107422 244.332657 0.867366 
532.449768 253.138947 0.839174 
530.980530 301.622955 0.805873 
567.733704 300.123505 0.974506 
520.711914 238.420059 0.741487 
544.210693 273.725952 0.641496 
569.191284 285.441345 0.802588 
520.720276 311.966370 0.587893 
592.747192 301.661407 0.849934 
570.694702 357.579102 0.878181 
508.948029 303.153595 0.437432 
591.278809 297.197845 0.421204 
572.172363 348.682861 0.413791 
557.515869 238.384369 0.849296 
0.000000 0.000000 0.000000 
547.171631 231.079910 0.898760 
0.000000 0.000000 0.000000 
18
558.909729 241.338043 0.895320 
523.742737 244.314774 0.869544 
532.429382 253.132919 0.837566 
530.973022 300.281799 0.805531 
567.730225 300.126160 0.974759 
520.722107 238.409607 0.743090 
544.177490 273.691376 0.621984 
567.727661 285.416962 0.767611 
520.749268 311.919128 0.585179 
592.737427 301.670074 0.841136 
570.700928 357.585144 0.862337 
510.378204 301.668793 0.435782 
592.689880 297.221252 0.460398 
572.203796 348.692993 0.449439 
557.505188 238.384720 0.857518 
0.000000 0.000000 0.000000 
547.163452 231.077026 0.899718 
0.000000 0.000000 0.000000 
18
558.918213 241.337097 0.881932 
525.113831 244.325775 0.861854 
532.421631 253.129776 0.832650 
529.567627 301.626678 0.802670 
567.732422 300.117737 0.986858 
520.749268 238.414001 0.734579 
542.772644 273.677826 0.617167 
566.314026 285.429962 0.751377 
520.728943 311.941467 0.579572 
592.758972 301.638824 0.821466 
570.702087 357.586029 0.868281 
510.416656 301.673828 0.424142 
592.713928 297.208344 0.494919 
573.639648 348.693634 0.501939 
557.512207 238.388428 0.845011 
0.000000 0.000000 0.000000 
547.165894 231.098724 0.887371 
0.000000 0.000000 0.000000 
18
558.930176 241.323349 0.888351 
523.743530 244.325058 0.871887 
532.424133 253.122803 0.840783 
529.565613 300.276367 0.800687 
567.747375 300.121399 1.003337 
520.722839 238.421829 0.737848 
544.201172 273.708527 0.630516 
569.207031 285.470154 0.772639 
519.280518 311.992035 0.592471 
592.758545 301.642456 0.814479 
570.703125 358.928253 0.860711 
508.974762 303.148285 0.427311 
592.728943 297.211761 0.489719 
573.652710 348.700470 0.495069 
557.529785 236.985596 0.837863 
0.000000 0.000000 0.000000 
547.175171 231.081940 0.892045 
0.000000 0.000000 0.000000 
18
558.941467 241.307465 0.889373 
523.740173 244.316345 0.870816 
531.038391 253.120285 0.840800 
529.568298 300.270844 0.803062 
567.737610 298.779236 0.996916 
520.723938 238.422318 0.737179 
544.192810 273.706421 0.624740 
567.791016 285.438446 0.748126 
520.731995 311.929260 0.584791 
592.751648 301.655090 0.812991 
570.703613 357.587524 0.855159 
510.411957 301.669312 0.423904 
592.724609 297.210419 0.500250 
573.655334 348.700623 0.493022 
558.890076 236.961731 0.837703 
0.000000 0.000000 0.000000 
547.185547 231.079254 0.887258 
0.000000 0.000000 0.000000 
18
558.928711 241.324829 0.877443 
523.739990 244.322433 0.869659 
531.040039 253.126846 0.834559 
529.566772 300.281128 0.804587 
567.727966 300.119965 0.988160 
520.720947 238.424591 0.739110 
544.200378 273.709503 0.639514 
569.182373 285.424622 0.769599 
520.727783 311.958771 0.583688 
592.751526 301.653595 0.832336 
570.715149 357.591858 0.870462 
510.401093 301.693726 0.422215 
592.713867 297.196259 0.465578 
575.098877 348.674194 0.466972 
557.523926 238.372726 0.838256 
0.000000 0.000000 0.000000 
547.178650 231.085770 0.892842 
0.000000 0.000000 0.000000 
18
558.915771 241.331238 0.866643 
523.735962 244.327805 0.867839 
531.037903 253.121246 0.834592 
530.971252 300.281433 0.805187 
567.722046 300.124451 0.978966 
520.716675 238.437286 0.739044 
542.778442 273.711090 0.622954 
566.311584 285.414734 0.746475 
520.734070 311.962128 0.585903 
592.765808 301.637360 0.843444 
570.709351 357.589447 0.868991 
510.409668 301.698608 0.421359 
592.695984 297.190704 0.468006 
573.656433 348.687378 0.459578 
557.520691 238.381149 0.837655 
0.000000 0.000000 0.000000 
547.193237 231.087860 0.889577 
0.000000 0.000000 0.000000 
18
558.912903 241.324020 0.875491 
525.105469 244.329437 0.861971 
531.035522 253.123169 0.831877 
530.970154 300.276154 0.803990 
567.738342 300.123657 0.993512 
520.738098 238.434250 0.734430 
544.197571 273.728455 0.651294 
569.192017 285.439606 0.769524 
522.146545 311.926819 0.576350 
592.762695 301.652954 0.823659 
570.715515 357.581085 0.851382 
510.442810 301.675568 0.415416 
592.732727 297.206055 0.487623 
573.669067 348.698669 0.476068 
557.513733 238.372635 0.839635 
0.000000 0.000000 0.000000 
547.180969 231.081665 0.889123 
0.000000 0.000000 0.000000 
18
558.927307 239.970184 0.867912 
525.114319 244.330338 0.862236 
532.429199 253.144104 0.824994 
530.971497 301.646606 0.807027 
567.743896 300.143555 0.971944 
520.729492 238.410355 0.726745 
544.237732 273.721649 0.684650 
569.241943 285.481293 0.843902 
520.743164 311.936279 0.582057 
592.745056 301.659027 0.822081 
570.700806 358.931305 0.868435 
510.415619 301.679901 0.422523 
592.728210 297.206116 0.467331 
572.204895 348.711426 0.457149 
557.523315 236.963974 0.818517 
0.000000 0.000000 0.000000 
547.183655 231.081009 0.879385 
0.000000 0.000000 0.000000 
18
558.934448 239.968948 0.876709 
525.110779 244.336411 0.858112 
531.038757 253.145477 0.825495 
530.968933 301.625031 0.807516 
567.738892 300.146454 0.980271 
520.733459 238.427292 0.730216 
544.217468 273.725983 0.673848 
567.781494 285.442139 0.818718 
522.170349 310.515503 0.581303 
592.755920 301.650055 0.832972 
570.703857 357.584229 0.864872 
510.423035 301.658386 0.418737 
592.721069 297.172333 0.450062 
572.209778 348.696350 0.425269 
557.526917 236.960861 0.831258 
0.000000 0.000000 0.000000 
547.165344 231.071304 0.890431 
0.000000 0.000000 0.000000 
18
558.924561 241.313293 0.868139 
525.113403 244.337006 0.860476 
532.424561 253.141266 0.837705 
530.984070 301.629181 0.805278 
567.761963 298.779144 1.003120 
520.736267 238.422928 0.729085 
544.213013 273.718750 0.640842 
567.792175 285.458496 0.761695 
522.162537 310.513000 0.583432 
592.743652 301.646301 0.826670 
570.704102 357.563965 0.863590 
510.427216 301.657013 0.424497 
592.695679 297.180298 0.481052 
573.635681 348.696930 0.461909 
557.521423 236.988129 0.828455 
0.000000 0.000000 0.000000 
547.165894 231.081345 0.884893 
0.000000 0.000000 0.000000 
18
558.940552 241.306976 0.877654 
525.107849 244.332275 0.864383 
532.425842 253.135468 0.836014 
530.981689 301.629547 0.806039 
567.750549 300.125061 1.008216 
520.729797 238.417358 0.734195 
544.223755 273.721344 0.658505 
569.207336 285.457520 0.800841 
522.144165 311.928650 0.588671 
592.754639 301.661560 0.828807 
570.710693 357.566254 0.862001 
510.413330 301.677216 0.426319 
592.713684 297.212067 0.484721 
573.637146 348.692108 0.471430 
557.531860 236.976715 0.830700 
0.000000 0.000000 0.000000 
547.166992 231.081985 0.888795 
0.000000 0.000000 0.000000 
18
558.923645 241.325729 0.881392 
525.120544 244.329987 0.858942 
532.437561 253.138565 0.844553 
530.985229 301.625732 0.806953 
567.737488 298.761932 0.996622 
522.133667 238.420349 0.734790 
542.766846 273.670349 0.595017 
566.278625 283.986572 0.720785 
522.184570 310.491028 0.588735 
592.793091 301.631134 0.866367 
570.710388 357.566925 0.881064 
510.445770 300.231659 0.433603 
591.291931 297.199249 0.454741 
573.670105 348.687683 0.451957 
557.511536 238.380310 0.845392 
0.000000 0.000000 0.000000 
547.155273 231.086670 0.894804 
0.000000 0.000000 0.000000 
18
558.938171 241.354431 0.879705 
525.113342 244.314682 0.864776 
532.432068 253.116379 0.841171 
530.980164 300.260132 0.812668 
567.767944 298.772461 0.970526 
522.132568 238.411926 0.749832 
539.847168 270.776886 0.543056 
561.919922 278.165863 0.738290 
522.166016 310.477203 0.588024 
592.775330 301.644714 0.859847 
570.710510 357.554352 0.861673 
510.439758 300.227081 0.440364 
591.303467 297.186188 0.477653 
573.672668 348.701660 0.457158 
557.519226 238.415604 0.846472 
0.000000 0.000000 0.000000 
547.146423 231.105942 0.897771 
0.000000 0.000000 0.000000 
18
558.955872 241.331665 0.890129 
525.111389 244.325699 0.860056 
532.439514 253.130310 0.824731 
529.548645 300.281525 0.804368 
567.763367 300.129059 0.932782 
520.734314 238.424210 0.756259 
538.349426 269.304626 0.542080 
560.450378 276.703644 0.834363 
522.224854 310.483704 0.572274 
592.772400 301.671173 0.895719 
570.701416 357.586975 0.863168 
510.448486 301.648499 0.440810 
591.294617 297.262115 0.442323 
573.645752 348.717682 0.438100 
558.900696 238.392685 0.855687 
0.000000 0.000000 0.000000 
547.189575 231.102463 0.891895 
0.000000 0.000000 0.000000 
18
558.953308 241.339752 0.891928 
525.105225 244.336411 0.865526 
532.438354 253.129852 0.838848 
530.970703 300.269928 0.802049 
567.779358 300.133545 0.954347 
520.730530 238.438248 0.750036 
539.819275 270.770447 0.526196 
561.919067 278.109833 0.781052 
522.180908 311.911346 0.582736 
592.765259 301.686127 0.890373 
570.675293 358.929382 0.875014 
510.420197 301.691589 0.448731 
591.266663 297.212219 0.414734 
573.629883 348.702759 0.412980 
558.896790 238.389969 0.853715 
0.000000 0.000000 0.000000 
547.180237 231.102783 0.900703 
0.000000 0.000000 0.000000 
18
558.944641 241.348526 0.886229 
525.109436 244.333481 0.867960 
532.451782 253.135498 0.837636 
530.980469 300.275269 0.805132 
569.160950 298.778320 0.959886 
520.725769 238.412994 0.745719 
541.306458 270.752106 0.562276 
563.372925 278.175507 0.750204 
522.170898 310.498779 0.583628 
592.753967 301.667694 0.877955 
570.691833 357.566650 0.877096 
510.397675 301.673859 0.452498 
591.295654 297.223572 0.447786 
573.656860 348.681122 0.443343 
557.535706 238.405029 0.851595 
0.000000 0.000000 0.000000 
547.186646 231.115112 0.894408 
0.000000 0.000000 0.000000 
18
558.915710 241.362152 0.853075 
523.737976 244.337509 0.866433 
532.428711 253.128754 0.838707 
530.976257 300.256256 0.808115 
567.779114 298.771667 0.970124 
520.719482 238.436005 0.740824 
541.307495 270.777771 0.558256 
564.838074 279.600220 0.736742 
520.729126 311.923615 0.585041 
592.760071 301.644501 0.878171 
570.696899 357.568115 0.877429 
508.974731 303.125061 0.442541 
591.277832 297.203796 0.426380 
573.655334 347.301697 0.440061 
557.510986 238.423553 0.832589 
0.000000 0.000000 0.000000 
547.170898 231.131516 0.883079 
0.000000 0.000000 0.000000 
18
558.936218 241.340897 0.865613 
523.741760 244.336334 0.872583 
532.431885 253.141525 0.840452 
530.992859 300.264221 0.812152 
567.777222 300.122986 0.974801 
520.717834 238.426956 0.742343 
542.754944 272.220276 0.570736 
567.732788 281.089966 0.744898 
520.691895 311.932037 0.583402 
592.756531 301.660309 0.854435 
570.694092 357.586456 0.868886 
508.958496 303.124390 0.449953 
592.712524 297.233978 0.448743 
573.635925 348.701477 0.458773 
557.523682 238.397278 0.833651 
0.000000 0.000000 0.000000 
547.175720 231.119049 0.886043 
0.000000 0.000000 0.000000 
18
558.923279 241.344528 0.847087 
523.741028 245.759949 0.867805 
532.433472 253.139526 0.839147 
530.989197 300.265686 0.810033 
567.780640 300.119873 0.974123 
520.711182 238.446243 0.738524 
542.737305 272.233185 0.549737 
566.315125 282.510406 0.720597 
519.263916 311.969238 0.585315 
592.775574 301.632751 0.867972 
570.680786 357.583801 0.870535 
508.939148 303.156219 0.449659 
591.299927 297.211975 0.436069 
572.194580 348.708038 0.455163 
557.516846 238.404648 0.817246 
0.000000 0.000000 0.000000 
547.168152 231.120087 0.882129 
0.000000 0.000000 0.000000 
18
558.931274 241.353806 0.856771 
523.731018 244.328186 0.861405 
531.021667 253.124115 0.834974 
530.969727 301.622192 0.801708 
567.791016 300.123444 0.983192 
520.730591 238.431763 0.730607 
542.741577 272.236542 0.586810 
567.753174 282.536652 0.741139 
522.148438 310.488739 0.579829 
592.753540 301.675781 0.839148 
570.685852 357.588501 0.854666 
510.407776 301.654236 0.433478 
592.725281 297.255219 0.472754 
573.634155 348.715820 0.483182 
557.529236 238.403900 0.826383 
0.000000 0.000000 0.000000 
547.171021 231.098541 0.895591 
0.000000 0.000000 0.000000 
18
558.930176 241.357697 0.861580 
523.733337 244.328278 0.861966 
531.023132 253.130234 0.835721 
530.968872 301.623535 0.802735 
567.788696 300.118683 0.976264 
520.734070 238.425308 0.733049 
541.297485 270.771576 0.586244 
567.745117 282.515381 0.742285 
522.160889 310.470062 0.578440 
592.771179 301.665375 0.846489 
570.682068 357.585785 0.859235 
510.416473 300.218628 0.436048 
592.733887 297.221344 0.463437 
573.662964 348.704468 0.469789 
557.526184 238.408401 0.834741 
0.000000 0.000000 0.000000 
547.172485 231.100723 0.901561 
0.000000 0.000000 0.000000 
18
558.917847 241.359879 0.852960 
523.734802 244.324997 0.862192 
531.020203 253.131546 0.836923 
530.972412 301.622070 0.799049 
567.785034 298.772552 0.982489 
520.736694 238.424240 0.731473 
542.748596 272.215515 0.590481 
567.760315 281.073669 0.755101 
522.186829 310.446503 0.578287 
592.768127 301.663452 0.839718 
570.689697 357.579102 0.855939 
510.432220 300.192627 0.434120 
592.742188 297.215790 0.466946 
573.628845 348.703186 0.474527 
557.520081 238.410812 0.829480 
0.000000 0.000000 0.000000 
547.181396 231.091278 0.903163 
0.000000 0.000000 0.000000 
