32
1
18
488.353241 206.112747 0.884217 
466.307800 239.914627 0.710265 
464.818359 247.245941 0.829073 
466.323730 286.992126 0.858076 
497.198944 275.113739 0.832632 
472.192505 236.953720 0.564742 
485.411163 257.541138 0.419122 
498.667297 263.463959 0.498452 
479.558960 295.783844 0.486232 
526.593018 309.027222 0.720309 
510.417328 354.602661 0.808836 
488.428467 286.907867 0.457969 
532.491394 307.551758 0.710888 
545.767700 354.604218 0.858180 
485.458618 203.162903 0.824368 
0.000000 0.000000 0.000000 
473.680420 206.063248 0.785582 
0.000000 0.000000 0.000000 
18
488.416412 207.526672 0.880778 
466.326691 239.905762 0.716177 
464.847656 247.233521 0.831282 
467.801361 286.965881 0.839774 
497.170654 273.733307 0.813777 
472.167755 236.945969 0.562391 
485.395050 257.528503 0.453623 
498.673157 263.468567 0.627110 
476.602661 297.243317 0.497772 
525.172119 307.516296 0.725874 
510.442780 355.994415 0.836650 
486.852295 286.941895 0.422221 
530.987122 303.144745 0.675570 
545.729309 353.136230 0.853605 
486.884827 204.576981 0.861129 
0.000000 0.000000 0.000000 
475.093201 206.095352 0.811061 
0.000000 0.000000 0.000000 
18
488.426849 207.585632 0.866011 
466.313507 239.932037 0.725052 
464.864685 247.254715 0.847001 
467.782074 288.390961 0.851303 
497.203491 275.112183 0.843643 
470.720734 236.967117 0.568541 
483.983063 257.527527 0.444179 
498.667938 263.463379 0.625777 
476.636261 298.696442 0.499460 
525.157654 307.512939 0.729641 
510.414581 356.026672 0.842582 
486.850739 288.390991 0.403492 
529.563232 303.139374 0.673673 
545.746826 354.565399 0.858212 
486.912872 204.626984 0.875820 
0.000000 0.000000 0.000000 
475.161316 206.129318 0.828001 
0.000000 0.000000 0.000000 
18
488.442230 209.037781 0.846047 
466.315430 239.873566 0.722086 
464.881195 245.800385 0.836042 
469.256104 288.359100 0.838485 
497.202271 275.103516 0.827626 
469.268463 235.467072 0.552834 
483.935669 256.115021 0.450582 
498.653748 263.448486 0.657310 
476.648041 297.248749 0.491602 
525.169312 306.082184 0.723979 
510.423035 356.012665 0.842789 
486.847321 286.924011 0.399511 
529.568481 303.130157 0.668241 
545.739807 354.544312 0.855243 
486.946075 206.022522 0.877218 
0.000000 0.000000 0.000000 
475.203583 206.152039 0.824766 
0.000000 0.000000 0.000000 
18
489.818420 209.015854 0.846191 
466.369476 238.450699 0.719272 
464.876129 244.339920 0.824776 
469.282013 287.011047 0.844518 
498.606323 275.112335 0.818358 
472.196289 234.021530 0.594724 
483.983246 257.526306 0.490080 
498.710175 263.432373 0.662031 
479.535950 297.193512 0.516340 
525.111267 308.995819 0.742371 
510.439117 355.993683 0.836424 
488.380463 285.481567 0.478718 
531.016846 304.612091 0.701133 
545.745789 353.130707 0.859790 
486.958740 204.676834 0.882545 
0.000000 0.000000 0.000000 
475.195099 206.153229 0.835513 
0.000000 0.000000 0.000000 
18
488.465881 209.021088 0.840371 
467.800232 238.419769 0.741246 
464.898560 242.851974 0.834099 
472.199402 286.971375 0.875067 
500.123749 273.720276 0.896157 
473.666443 232.578720 0.636595 
485.450653 257.536835 0.502435 
503.071838 263.423340 0.591138 
482.490967 297.206787 0.539841 
525.174561 309.027802 0.755915 
510.434418 354.593994 0.837537 
491.316528 286.898376 0.507685 
532.479553 307.536865 0.692792 
545.733093 353.130188 0.867318 
486.958435 204.680679 0.876287 
0.000000 0.000000 0.000000 
476.550873 206.142395 0.834109 
0.000000 0.000000 0.000000 
18
488.439087 210.499451 0.857762 
466.306061 239.924530 0.776489 
463.392273 244.327042 0.846676 
476.595306 286.914856 0.958504 
507.488647 270.756439 0.807093 
472.202759 238.396515 0.644603 
486.935577 258.995117 0.675697 
508.961823 263.365601 0.743763 
481.028595 300.179291 0.583318 
526.643372 310.457336 0.776044 
510.464386 356.005371 0.851936 
489.848724 289.937439 0.528507 
533.879822 310.403687 0.665795 
545.747131 354.577728 0.862031 
486.927795 206.054871 0.903806 
0.000000 0.000000 0.000000 
475.135803 207.526291 0.821325 
0.000000 0.000000 0.000000 
18
488.391449 210.504028 0.887811 
467.806519 239.884689 0.803428 
463.413696 244.319199 0.850354 
481.033234 285.483643 0.855781 
511.866669 266.414886 0.792716 
475.126190 235.498718 0.717992 
489.832581 254.645309 0.847333 
511.962646 256.053802 0.832542 
470.742126 298.699799 0.637852 
526.610046 310.418457 0.790837 
510.479645 354.566833 0.845325 
485.395721 288.444672 0.563701 
532.498535 308.947357 0.601450 
545.764648 354.571289 0.850787 
486.865417 206.095215 0.912679 
0.000000 0.000000 0.000000 
475.078552 207.601303 0.786093 
0.000000 0.000000 0.000000 
18
488.363800 209.013367 0.886756 
470.755463 239.835846 0.817556 
464.843781 242.861053 0.867705 
485.407654 282.567200 0.884217 
511.891846 264.913940 0.787363 
476.558624 234.035187 0.756462 
491.343781 253.200134 0.829889 
511.945190 253.072235 0.884941 
473.643036 298.761078 0.697297 
525.181885 309.020477 0.828063 
510.463837 356.019501 0.878548 
485.454712 288.459534 0.598747 
532.448730 307.536438 0.597259 
545.758911 354.559601 0.851801 
486.830688 206.056198 0.897774 
0.000000 0.000000 0.000000 
475.074005 207.558121 0.800184 
0.000000 0.000000 0.000000 
18
488.356171 209.021957 0.891921 
472.188629 238.457977 0.824664 
464.849182 242.875305 0.866489 
486.948456 279.625183 0.930458 
510.457611 263.461823 0.893331 
476.582825 232.564987 0.754680 
492.792114 253.160034 0.817790 
511.895874 253.079239 0.849623 
473.634033 298.765076 0.707368 
525.193115 309.012543 0.800344 
510.456757 356.001373 0.876473 
486.846161 288.477783 0.604085 
532.434509 307.512329 0.646089 
545.759277 354.589569 0.871741 
485.464233 206.063629 0.907906 
0.000000 0.000000 0.000000 
473.673309 207.576431 0.808329 
0.000000 0.000000 0.000000 
18
488.340912 209.032394 0.888113 
472.197937 238.442413 0.816303 
464.852142 242.874130 0.833876 
488.429413 279.601227 0.912713 
513.353516 263.432617 0.763167 
476.604187 231.118240 0.766453 
494.275696 253.146301 0.826522 
513.359009 251.580475 0.863456 
472.196472 298.674164 0.704363 
525.158813 308.997345 0.807469 
510.461609 356.016266 0.879182 
486.849518 288.401520 0.627886 
531.023743 307.522919 0.674246 
545.758545 354.595184 0.874164 
485.466003 206.065979 0.908189 
0.000000 0.000000 0.000000 
473.682983 207.551270 0.819642 
0.000000 0.000000 0.000000 
18
488.320313 209.047134 0.874964 
470.741669 239.831772 0.804352 
463.455658 244.341873 0.826724 
489.890381 278.189911 0.911284 
513.374634 261.916412 0.748313 
476.574097 231.100449 0.733417 
495.716614 250.168350 0.780603 
511.984344 250.134811 0.848222 
473.690826 298.746002 0.706254 
525.179199 309.010132 0.806140 
510.448975 356.004669 0.876188 
486.924866 288.458252 0.620820 
532.445435 307.506470 0.683161 
545.764893 356.007233 0.883446 
485.454987 206.069138 0.921870 
0.000000 0.000000 0.000000 
473.660187 207.533478 0.830355 
0.000000 0.000000 0.000000 
18
486.949005 207.592087 0.889639 
469.281677 238.432602 0.802809 
463.391327 242.895477 0.835403 
489.823792 278.154114 0.912555 
513.427795 260.478516 0.759567 
476.566193 231.078156 0.726093 
498.601471 250.197876 0.815236 
514.861816 247.245697 0.792197 
475.098724 300.136658 0.709232 
525.192688 310.412872 0.807793 
510.434998 356.021759 0.871511 
488.344025 288.450958 0.596647 
532.469971 307.546082 0.680248 
545.743164 354.584351 0.858150 
485.381256 206.028625 0.900642 
0.000000 0.000000 0.000000 
472.183746 207.526352 0.789296 
0.000000 0.000000 0.000000 
18
486.956726 207.600128 0.886607 
467.817261 238.415466 0.811727 
463.369049 242.895996 0.816531 
492.764343 278.138214 0.884310 
519.257202 257.566711 0.811602 
475.163330 231.057663 0.739714 
497.207581 247.251358 0.822861 
513.380920 244.345123 0.738103 
475.101410 300.139160 0.702454 
526.601685 309.031097 0.789856 
510.441345 356.018616 0.870803 
486.924408 288.458099 0.592520 
532.483276 307.541199 0.681727 
545.726624 354.574188 0.844526 
485.382965 206.031326 0.905955 
0.000000 0.000000 0.000000 
470.735779 206.174637 0.779057 
0.000000 0.000000 0.000000 
18
486.932373 207.589233 0.887931 
467.816162 238.451523 0.797809 
463.390106 244.298401 0.828631 
492.772400 278.116089 0.906624 
520.708740 254.663345 0.823856 
475.133636 231.098724 0.679203 
492.792511 242.874329 0.736259 
510.438293 241.436127 0.804487 
475.107880 300.147980 0.699739 
526.633301 309.015350 0.802149 
510.461365 354.603241 0.859530 
486.911377 288.466522 0.575352 
532.447083 307.539063 0.667469 
545.734619 354.575256 0.808955 
483.972534 206.032974 0.895979 
0.000000 0.000000 0.000000 
470.745361 207.567505 0.769063 
0.000000 0.000000 0.000000 
18
486.916504 207.579865 0.912803 
469.252899 238.454971 0.811123 
463.392761 244.312881 0.829738 
494.223328 276.715637 0.931436 
522.250793 258.992798 0.939444 
476.571930 232.525848 0.710010 
495.722107 251.663742 0.652223 
503.077972 241.357620 0.698421 
475.171967 298.740082 0.719941 
526.580383 310.414764 0.770394 
510.447968 356.017792 0.871889 
488.370911 288.450317 0.640766 
532.457947 308.954987 0.725109 
545.746338 354.573395 0.854067 
482.518158 206.040161 0.897484 
486.852356 204.582520 0.199464 
467.834320 207.579422 0.762565 
0.000000 0.000000 0.000000 
18
486.948853 207.588898 0.896589 
469.280548 239.824585 0.828646 
463.378967 244.294556 0.834395 
491.317139 276.701660 0.902146 
523.712646 261.962952 0.962922 
476.609192 232.545914 0.719515 
497.205780 251.695282 0.749661 
507.477295 238.444901 0.779613 
475.175873 298.742981 0.719098 
526.582214 310.443329 0.765099 
510.455292 356.031464 0.863651 
488.378265 288.417694 0.642597 
532.459900 309.008453 0.715705 
545.753418 354.593231 0.849774 
483.968628 206.052139 0.896292 
486.885376 204.601456 0.188735 
470.721100 207.601456 0.742197 
0.000000 0.000000 0.000000 
18
486.934998 207.574585 0.908439 
469.270935 239.835785 0.836050 
463.396545 244.302704 0.819870 
489.854889 276.697693 0.921678 
525.181824 263.498383 0.988078 
476.577545 232.572800 0.731512 
497.189026 253.130310 0.820158 
501.658112 236.960876 0.883289 
475.124756 298.739105 0.713242 
526.587341 309.013428 0.753692 
510.460419 356.019745 0.857122 
486.947021 288.414978 0.620372 
532.474487 308.965698 0.692582 
545.747498 354.583496 0.835452 
483.943268 206.040375 0.909863 
486.906586 204.632385 0.218676 
469.269104 207.603592 0.765288 
0.000000 0.000000 0.000000 
18
486.884979 207.616730 0.902382 
469.272369 239.835358 0.836852 
463.423218 244.316879 0.805013 
488.438019 276.719086 0.908029 
525.172180 264.973755 0.969798 
476.575317 232.569092 0.746941 
498.583160 253.092255 0.908211 
500.157501 229.645447 0.896119 
475.088867 298.669403 0.689552 
525.170532 309.027740 0.742939 
510.419769 356.038971 0.871826 
486.923981 286.990570 0.592305 
532.468750 308.975128 0.683708 
545.747192 354.592590 0.838308 
481.037354 206.072098 0.934268 
486.890594 204.647385 0.324785 
466.384247 209.009048 0.789677 
0.000000 0.000000 0.000000 
18
486.854492 209.004868 0.891175 
469.269531 238.449905 0.814252 
463.430542 242.871552 0.814817 
489.830505 278.162140 0.866290 
528.049927 272.215302 0.901029 
475.177002 232.561417 0.727173 
497.177338 251.676468 0.849549 
500.118896 229.565964 0.908452 
473.671600 298.717285 0.690580 
525.199768 310.416351 0.740184 
510.453400 356.062378 0.883702 
486.898438 288.425964 0.580612 
533.861084 308.999603 0.687678 
545.756042 354.597412 0.825229 
479.592346 206.074417 0.927607 
486.869843 204.637604 0.343570 
466.352905 207.618149 0.798872 
0.000000 0.000000 0.000000 
18
486.840973 210.488190 0.820547 
469.241241 239.822769 0.832617 
463.431641 242.831207 0.839779 
489.832489 278.171631 0.892056 
528.099609 275.187195 1.001901 
475.175323 235.454910 0.752000 
492.803070 251.689331 0.774653 
498.639099 225.198608 0.870843 
473.651154 297.227448 0.683290 
525.152649 307.536438 0.702265 
510.453766 356.054962 0.889139 
486.869019 286.988281 0.606286 
532.433472 307.508820 0.675755 
545.747681 355.991455 0.839461 
481.022003 206.102737 0.892527 
486.933563 206.048904 0.268449 
467.829407 207.609344 0.773705 
0.000000 0.000000 0.000000 
18
486.894745 207.616470 0.825581 
469.261047 238.457031 0.829644 
463.436737 241.446152 0.823141 
488.315948 279.581268 0.920312 
526.643921 276.624817 1.057328 
475.184631 235.453400 0.753574 
492.814423 253.138870 0.739605 
498.721283 217.878540 0.748135 
472.209351 297.237427 0.666309 
526.609619 307.512329 0.715029 
510.435577 356.042877 0.884513 
485.435486 288.389374 0.601881 
532.504272 306.043365 0.662063 
545.743835 354.577911 0.825257 
482.493317 206.053497 0.881606 
0.000000 0.000000 0.000000 
470.752472 207.600830 0.757266 
0.000000 0.000000 0.000000 
18
486.946442 207.546661 0.898345 
467.824646 239.874435 0.814797 
463.427643 242.886108 0.821767 
486.976044 282.542786 0.927718 
526.593445 276.623962 1.025872 
475.163971 236.918335 0.733785 
491.345276 256.074097 0.592721 
508.906616 229.624039 0.585908 
472.199066 298.755280 0.674600 
526.614319 310.438171 0.685904 
510.455078 356.038300 0.869788 
485.426910 288.475983 0.587483 
533.863831 306.043488 0.688994 
545.752258 354.590881 0.842773 
483.966156 204.668808 0.896468 
0.000000 0.000000 0.000000 
470.745392 207.555923 0.785064 
0.000000 0.000000 0.000000 
18
486.902954 207.584229 0.900641 
467.806519 239.891205 0.802134 
463.434631 244.302826 0.811467 
486.938080 282.557251 0.932488 
525.139282 276.586884 1.015933 
475.143646 236.921768 0.703809 
491.342957 260.500092 0.606819 
510.351563 234.013428 0.782952 
473.668732 300.207855 0.661213 
531.025818 310.505219 0.758492 
510.423553 356.060486 0.849061 
485.415741 291.342804 0.536093 
533.959106 309.015167 0.636986 
545.743958 354.564728 0.809094 
481.048859 206.019562 0.871737 
0.000000 0.000000 0.000000 
467.831360 207.597168 0.757576 
0.000000 0.000000 0.000000 
18
486.877655 207.592178 0.855055 
466.359680 239.914459 0.832656 
463.441498 244.331512 0.785016 
486.958527 283.998199 0.933829 
523.701843 275.138519 1.081983 
473.662567 236.920593 0.727518 
491.328705 257.547180 0.668872 
511.859955 242.818893 0.895578 
466.363312 300.235809 0.691688 
528.051453 311.928436 0.726486 
510.412842 356.073975 0.853097 
476.654388 294.289337 0.523406 
533.925415 310.435028 0.709381 
545.752075 354.576935 0.835106 
481.028503 206.047760 0.829495 
0.000000 0.000000 0.000000 
467.815552 207.617050 0.721359 
0.000000 0.000000 0.000000 
18
486.895355 207.547791 0.903840 
467.768250 239.932358 0.834967 
463.408844 245.770935 0.793192 
486.972137 283.988464 0.937797 
522.200806 267.840332 0.952143 
475.099670 235.505127 0.733725 
492.807709 259.027039 0.741504 
514.838135 253.181030 0.766931 
467.809387 300.146667 0.691302 
525.160522 310.522247 0.790974 
510.417664 356.062012 0.874581 
481.017456 289.913055 0.524577 
533.872620 309.025452 0.729373 
545.775696 354.584015 0.857180 
481.050629 204.669907 0.848165 
0.000000 0.000000 0.000000 
467.798157 207.583984 0.746976 
0.000000 0.000000 0.000000 
18
486.905731 209.012558 0.913036 
467.818817 239.940887 0.839219 
463.363739 245.796524 0.832038 
486.912292 284.010986 0.959315 
519.270935 267.826660 0.868314 
476.572449 235.505539 0.749339 
492.812408 257.563568 0.786247 
516.324951 261.925659 0.739637 
472.221649 300.169220 0.692350 
525.164246 310.439545 0.843979 
510.451477 356.020660 0.889580 
486.895752 289.898193 0.580352 
532.482117 308.984283 0.685730 
545.754883 354.606812 0.877682 
482.480560 206.062897 0.873496 
0.000000 0.000000 0.000000 
467.814209 207.620438 0.749004 
0.000000 0.000000 0.000000 
18
486.969666 209.044952 0.826538 
467.807465 239.890610 0.828623 
463.400299 244.330414 0.834035 
486.858490 285.431152 0.948259 
511.910797 269.326843 0.820825 
475.140900 235.467743 0.740892 
489.861176 256.111115 0.837954 
511.871216 258.998718 0.825926 
470.719757 300.163574 0.678122 
525.169128 310.417297 0.811363 
510.438232 356.036774 0.877986 
483.956696 289.880524 0.559042 
532.455444 308.978668 0.694569 
545.771484 355.991394 0.875901 
485.412750 206.084946 0.823224 
0.000000 0.000000 0.000000 
475.099121 209.023041 0.764802 
0.000000 0.000000 0.000000 
18
488.339996 210.512482 0.854148 
466.375000 239.891602 0.818278 
463.397522 245.799896 0.843319 
485.398041 285.488007 0.948764 
510.447113 270.779175 0.829872 
473.699371 234.041595 0.705146 
488.356110 256.092346 0.831349 
510.415985 257.569611 0.858495 
472.216675 298.713715 0.641617 
525.189392 309.009735 0.825443 
510.447113 356.017273 0.870994 
485.424927 288.423981 0.565455 
532.445679 307.528778 0.682374 
545.756470 354.595398 0.878729 
486.842529 206.112213 0.876896 
0.000000 0.000000 0.000000 
475.166656 209.039642 0.814526 
0.000000 0.000000 0.000000 
18
488.350922 210.494751 0.894742 
467.788300 239.920807 0.829081 
463.424316 245.775269 0.848296 
482.485687 286.901733 0.924535 
510.441925 273.713745 0.859145 
475.089325 236.927460 0.729412 
488.361298 259.017822 0.821871 
510.355194 256.062134 0.890666 
473.626282 298.728271 0.622200 
525.188232 309.020294 0.840321 
510.440033 356.016296 0.868691 
485.435516 288.447296 0.557534 
532.474548 308.971436 0.651332 
545.776611 355.995209 0.874902 
485.458771 206.099915 0.885277 
0.000000 0.000000 0.000000 
473.664642 209.038605 0.753798 
0.000000 0.000000 0.000000 
18
488.399414 211.958847 0.876888 
467.817108 239.884552 0.814804 
463.431763 244.321259 0.826198 
478.133118 286.933411 0.940911 
510.387360 275.193909 0.894245 
475.132599 235.504288 0.737867 
488.425629 261.950867 0.836386 
508.987427 261.942902 0.791165 
470.748596 298.671936 0.601112 
525.197754 308.967316 0.831109 
510.423645 356.051453 0.873319 
483.981262 288.432770 0.530613 
532.484924 307.541443 0.637769 
545.752563 354.594696 0.865135 
486.883789 206.115005 0.888886 
0.000000 0.000000 0.000000 
475.135193 209.004501 0.789027 
0.000000 0.000000 0.000000 
18
488.404541 211.951569 0.881141 
467.777222 239.888565 0.801219 
463.428833 244.327377 0.842094 
478.098602 286.946960 0.939219 
508.992920 275.227173 0.886063 
475.093842 236.936218 0.711971 
488.387299 263.366669 0.809545 
508.964966 264.927948 0.701362 
473.635468 298.668732 0.576427 
525.189819 307.545044 0.813467 
510.412750 356.024811 0.865033 
485.399414 288.426117 0.500021 
532.466125 307.508270 0.614876 
545.751587 354.576538 0.850254 
486.888550 206.106339 0.913048 
0.000000 0.000000 0.000000 
475.127472 207.601135 0.812978 
0.000000 0.000000 0.000000 
18
488.409180 210.504974 0.876364 
467.775787 239.887939 0.808323 
463.441071 244.301163 0.859044 
478.086853 286.914978 0.949536 
510.370667 275.208496 0.867128 
475.074097 236.968857 0.711664 
488.387848 263.427399 0.798617 
510.434113 264.929077 0.735553 
473.670471 298.688782 0.592209 
525.187683 308.972351 0.815780 
510.401215 356.026520 0.865752 
485.397247 288.445709 0.493241 
532.457520 307.549469 0.612853 
545.747437 354.565826 0.847497 
486.897308 206.079697 0.913683 
0.000000 0.000000 0.000000 
475.149811 207.581009 0.828109 
0.000000 0.000000 0.000000 
