78
1
18
501.587952 167.881149 0.851580 
517.755310 175.186493 0.840929 
486.930298 178.138611 0.896625 
476.585358 217.914642 0.886878 
486.894836 231.062317 0.818104 
547.140259 173.767105 0.845513 
566.312378 219.298981 0.902009 
547.186768 228.141724 0.854405 
500.164917 264.908783 0.802637 
503.082733 322.287323 0.846708 
507.449738 369.343781 0.844831 
535.497498 264.878265 0.777980 
541.312134 323.676697 0.896790 
547.210388 376.627045 0.857402 
497.178467 160.550919 0.834022 
507.506470 159.037399 0.888978 
488.329956 156.092926 0.050809 
520.727966 145.798340 0.979562 
18
501.614868 169.305069 0.864865 
516.334717 175.191284 0.843425 
486.922974 178.168991 0.900310 
476.595306 217.914124 0.879832 
486.871002 229.696976 0.806305 
547.129639 173.743881 0.850775 
567.722473 217.903641 0.908419 
550.150330 228.111633 0.821491 
500.166626 264.903290 0.799615 
503.090454 322.277466 0.855339 
507.459900 369.332611 0.851598 
535.508728 264.867432 0.776777 
542.775696 323.706390 0.890618 
547.220276 375.188049 0.846632 
497.201874 162.017319 0.819998 
507.516327 159.092621 0.876432 
488.346100 157.479156 0.055206 
520.738220 145.833694 0.986840 
18
501.658936 169.305267 0.851769 
516.339966 175.214767 0.846296 
486.921234 179.566757 0.898086 
476.624603 219.331680 0.874644 
488.339752 234.038956 0.798874 
547.134338 173.748550 0.854202 
567.756592 217.917450 0.920368 
547.219849 228.099701 0.820070 
500.177185 264.870789 0.799562 
503.092224 322.258972 0.852011 
507.457153 369.333618 0.849748 
536.871521 264.853546 0.768707 
542.795776 323.707428 0.888771 
547.230530 375.192719 0.842361 
498.586029 163.438507 0.833447 
508.925781 159.093842 0.885223 
488.350677 157.510574 0.061562 
520.747253 145.814865 0.990389 
18
503.095276 169.312286 0.840410 
517.761047 175.224121 0.846127 
486.923035 179.585297 0.906222 
476.623657 219.344147 0.874020 
488.344055 235.484024 0.805183 
547.138611 173.760864 0.851197 
567.757874 217.898987 0.924581 
547.202820 228.083221 0.815646 
500.170685 264.894592 0.799733 
503.088440 322.272949 0.852713 
507.460785 369.316193 0.846257 
536.868347 264.870789 0.774091 
544.187561 323.725403 0.889807 
547.204834 376.608093 0.851194 
498.609985 163.456528 0.845096 
508.953064 159.101608 0.888123 
488.383881 157.543839 0.078068 
522.105835 145.809799 0.999641 
18
503.107330 169.301147 0.840763 
516.328796 175.209381 0.845200 
486.910309 179.585312 0.902326 
476.612549 219.349640 0.879282 
488.361786 235.495377 0.809257 
547.125732 173.741226 0.857844 
567.734985 217.842941 0.929119 
547.198425 228.083496 0.817090 
500.168457 264.905792 0.799510 
503.079407 322.286926 0.855836 
507.453552 369.321289 0.852589 
536.875549 264.884949 0.770459 
542.768555 323.720734 0.883917 
547.213379 376.636993 0.847205 
498.611145 163.440460 0.848600 
508.961639 159.092255 0.895230 
488.391479 157.568527 0.088840 
522.104614 145.802872 0.998258 
18
503.093201 169.300369 0.848428 
516.316101 175.204285 0.850466 
486.910797 179.600845 0.906877 
476.605804 219.334396 0.881743 
488.328949 235.470901 0.795248 
547.130066 172.325485 0.862784 
567.715881 213.436935 0.842386 
558.950867 223.702393 0.873274 
500.156677 264.906647 0.799638 
503.068573 322.297424 0.856348 
507.457977 369.338562 0.855194 
536.875732 264.879395 0.778899 
542.748413 323.729614 0.876661 
547.210144 376.621216 0.845595 
498.601257 163.435318 0.843615 
508.954163 159.090073 0.897479 
488.350861 157.538116 0.078961 
522.105103 145.793747 1.000184 
18
501.668671 169.280487 0.845677 
516.291077 173.765610 0.847487 
486.907166 179.587692 0.907613 
476.580872 219.301697 0.894191 
488.375824 235.495529 0.795763 
545.770935 172.282181 0.880895 
561.916931 210.503159 0.811768 
557.427856 222.284164 0.693972 
500.158630 263.477112 0.799302 
503.068512 322.287628 0.845289 
507.475403 369.308136 0.845051 
536.876343 263.447418 0.779289 
541.314331 323.705811 0.887377 
547.207336 376.625763 0.852477 
498.593079 163.420624 0.836456 
508.925751 159.078339 0.888785 
488.358246 157.516357 0.064293 
520.743103 145.808228 0.992509 
18
501.653992 169.286987 0.850175 
516.317078 173.768875 0.839844 
486.908020 179.569305 0.907173 
476.548798 219.336929 0.897121 
489.904938 236.972290 0.780700 
547.136719 172.293457 0.877341 
561.920410 213.439789 0.738114 
557.497437 222.284866 0.615610 
500.156647 264.876587 0.793183 
503.058014 322.284393 0.850706 
507.453430 369.313721 0.845659 
536.893738 264.846893 0.769092 
541.331604 323.723206 0.882081 
547.208252 376.609161 0.845477 
498.584961 163.429276 0.831943 
508.916199 159.081375 0.887123 
488.387695 157.544540 0.054859 
520.746582 145.799088 0.992192 
18
501.661682 169.290985 0.859176 
517.758667 173.738510 0.849923 
486.918701 179.568405 0.915193 
475.176636 219.367264 0.904931 
491.311615 236.977509 0.771722 
547.167358 170.882309 0.895998 
563.362915 223.719193 0.767966 
560.423645 210.488953 0.820299 
500.156433 264.851746 0.785913 
501.663300 322.274902 0.861082 
507.472656 369.316772 0.855971 
536.878845 263.463593 0.768572 
541.312500 323.688690 0.883646 
547.205505 376.615692 0.847859 
498.595612 163.432449 0.829950 
508.924164 159.080612 0.894442 
0.000000 0.000000 0.000000 
520.749023 145.778137 0.989843 
18
503.070190 169.280533 0.864365 
516.284119 172.298462 0.862980 
486.901733 179.564804 0.906309 
475.143158 220.763702 0.909942 
492.806671 236.942795 0.759261 
545.732971 170.811432 0.895921 
563.349304 220.813126 0.841371 
557.498718 201.694916 0.873848 
500.145294 263.453278 0.777429 
503.059418 322.253998 0.850531 
507.451904 369.316864 0.848668 
535.478027 263.394531 0.764172 
541.326355 323.709442 0.882795 
547.197937 376.613007 0.847357 
498.612701 163.431900 0.833985 
508.954559 159.075546 0.905048 
0.000000 0.000000 0.000000 
520.746582 145.764587 0.979022 
18
503.099518 169.249619 0.846775 
516.283875 170.883759 0.879751 
486.891113 178.166183 0.888646 
475.133728 219.367752 0.915673 
494.250946 235.486725 0.763463 
545.731140 169.352371 0.889604 
564.841614 217.896317 0.861169 
547.249878 203.099838 0.791541 
500.164917 263.433258 0.774809 
503.051971 322.241058 0.848414 
507.469177 369.311432 0.842592 
535.499817 261.959351 0.751906 
541.324890 323.686432 0.882333 
547.205200 376.613220 0.845366 
498.630554 162.004501 0.832809 
508.972260 159.036179 0.910738 
488.389648 157.544067 0.054971 
520.722778 145.723892 0.966155 
18
503.074738 169.243225 0.845914 
514.845459 172.248093 0.892749 
486.855591 179.562119 0.864912 
475.142670 220.777451 0.905199 
491.322754 231.090378 0.815323 
545.721191 169.354660 0.900914 
566.293396 219.339584 0.863906 
535.380920 204.596252 0.893109 
500.148376 263.419617 0.795655 
503.052155 322.244659 0.848376 
507.480713 369.286652 0.836145 
535.499207 261.953705 0.750005 
541.297913 323.669586 0.877101 
547.205444 375.184052 0.844911 
498.602509 162.001022 0.830860 
508.936615 159.027100 0.896329 
488.377197 157.469711 0.061260 
520.694458 145.720306 0.960378 
18
501.626404 169.259857 0.849053 
514.858398 170.879532 0.883598 
486.866302 178.174744 0.877204 
475.126526 219.347763 0.900256 
489.896637 229.667633 0.830707 
545.734375 169.336563 0.896628 
564.855713 219.291672 0.865819 
529.530396 209.064941 0.799098 
500.170044 263.394226 0.794820 
503.056671 322.220123 0.837776 
507.473938 369.265839 0.834352 
536.894226 261.963898 0.737174 
541.297913 323.664368 0.880033 
547.178345 375.190002 0.849876 
497.221466 162.012939 0.788720 
507.487305 159.052902 0.874707 
0.000000 0.000000 0.000000 
520.660217 145.731827 0.944365 
18
500.183197 169.287018 0.884007 
514.831177 170.873550 0.884875 
486.833069 178.162857 0.874706 
475.142792 219.301788 0.918662 
488.426941 228.172638 0.858552 
545.715210 169.331955 0.900138 
563.379822 217.886292 0.896239 
526.609131 217.846573 0.892681 
500.175110 263.480103 0.809164 
503.056702 322.244934 0.845824 
507.478058 369.274750 0.842113 
536.873535 263.419647 0.767058 
541.302917 323.678253 0.889808 
547.183350 375.189972 0.848299 
497.141266 163.458374 0.747760 
504.552246 159.062393 0.870867 
0.000000 0.000000 0.000000 
517.770081 145.721085 0.910634 
18
500.109283 169.283829 0.904957 
514.828918 170.870712 0.886457 
486.838074 178.145050 0.874622 
475.120148 219.295975 0.920262 
488.450104 228.171143 0.860105 
545.711487 169.324127 0.906080 
561.907349 217.920029 0.892162 
523.714722 220.825012 0.856247 
500.185791 263.459900 0.802320 
503.057312 322.235077 0.855046 
507.461548 369.281128 0.841402 
536.885803 263.395203 0.760319 
541.285950 323.660156 0.895552 
547.195068 375.182770 0.858296 
494.237732 163.461075 0.723490 
501.658783 159.056259 0.892619 
0.000000 0.000000 0.000000 
516.298462 145.732071 0.916639 
18
498.699982 169.324173 0.928588 
514.820984 170.845413 0.898807 
486.824310 176.705017 0.862980 
475.102356 217.901947 0.919571 
488.380157 228.154602 0.869943 
545.724304 169.307922 0.914065 
561.882019 217.913681 0.900353 
523.674438 219.376831 0.879741 
500.154816 263.379974 0.797123 
503.058685 322.193939 0.849683 
507.462494 369.275940 0.838187 
535.490662 261.928436 0.752549 
539.839661 322.282867 0.897616 
547.191406 375.172882 0.858732 
491.315430 163.480087 0.732814 
500.214569 159.088654 0.924720 
0.000000 0.000000 0.000000 
514.819458 145.763489 0.930610 
18
498.659485 169.336929 0.928475 
514.828247 170.839890 0.895973 
486.838348 176.654846 0.858220 
475.103699 217.868637 0.932662 
488.384033 228.124634 0.901650 
545.723938 169.302307 0.906524 
560.437622 217.904938 0.915126 
523.628906 219.337494 0.898238 
500.134003 263.365143 0.799300 
503.058960 322.198456 0.854948 
507.473846 369.274658 0.842641 
535.463501 261.913239 0.764859 
539.838745 322.288025 0.894813 
547.196716 375.183044 0.859732 
489.889221 164.914810 0.723535 
500.161652 159.098389 0.939492 
0.000000 0.000000 0.000000 
513.406128 145.781876 0.929116 
18
498.616364 169.340759 0.911795 
513.420166 170.849472 0.903688 
486.828674 176.666672 0.857129 
475.163239 217.864838 0.929347 
488.383514 228.137344 0.895388 
545.711304 169.313187 0.914130 
560.431274 217.900742 0.916091 
523.599365 219.333466 0.894224 
500.131683 263.361023 0.802432 
501.665619 322.178436 0.853294 
507.467285 369.274170 0.841219 
535.450256 260.505554 0.770140 
539.809875 322.259705 0.900440 
547.190918 375.139618 0.861704 
489.833740 164.897919 0.758195 
500.118011 159.099930 0.939633 
0.000000 0.000000 0.000000 
513.361084 145.779800 0.943377 
18
498.596954 169.349014 0.902929 
513.407227 170.842773 0.909237 
486.833710 176.672424 0.854945 
475.181702 217.892838 0.919366 
488.369293 228.098663 0.891333 
545.688171 169.298187 0.902763 
560.408386 217.912582 0.915522 
523.604309 219.326996 0.893106 
500.140076 263.375397 0.803779 
503.062683 322.169708 0.843605 
507.488373 369.301239 0.851339 
535.457642 261.920563 0.768195 
539.827515 322.268799 0.897254 
547.208801 375.188660 0.860586 
489.817749 164.910583 0.755665 
500.093475 159.109924 0.935119 
0.000000 0.000000 0.000000 
511.981171 145.777252 0.954316 
18
497.221039 169.335968 0.888706 
513.374695 170.831100 0.930461 
486.836670 176.659180 0.858218 
475.185394 217.893616 0.912743 
488.350067 226.701385 0.882799 
545.641846 169.278687 0.890709 
559.026550 217.895798 0.930187 
523.593262 219.306000 0.876719 
500.147766 263.386688 0.811382 
503.052673 322.188416 0.853001 
507.480347 369.259705 0.833857 
535.469482 261.934296 0.775002 
539.830994 322.264404 0.900267 
547.211731 376.605927 0.853747 
488.454193 164.907715 0.739667 
498.733765 159.102921 0.932982 
0.000000 0.000000 0.000000 
511.922638 145.792633 0.975918 
18
497.225037 169.344391 0.889585 
513.365845 170.816605 0.934010 
486.851532 176.652664 0.855332 
475.196411 217.875290 0.909781 
488.356445 226.703766 0.876739 
544.255310 169.262436 0.880866 
558.992615 217.865631 0.946793 
523.597656 219.302979 0.867786 
500.149384 263.392914 0.807040 
503.069519 322.189789 0.842385 
507.485413 369.258972 0.838684 
535.462830 261.932556 0.772508 
539.849670 322.269653 0.896284 
547.201721 375.180084 0.852891 
488.460938 164.938644 0.739367 
498.735107 159.114532 0.929777 
0.000000 0.000000 0.000000 
511.902527 145.812271 0.985550 
18
498.580688 169.351212 0.894863 
513.364136 170.810806 0.931896 
486.855804 175.230362 0.852206 
475.190125 217.861679 0.906653 
488.315277 228.066895 0.864716 
544.250305 169.263412 0.879782 
558.968262 217.860596 0.951158 
522.233704 219.290024 0.869112 
500.159851 263.382111 0.802485 
503.071075 322.173279 0.835804 
507.491119 369.259613 0.835478 
535.470703 261.922150 0.777156 
541.274414 322.277618 0.897038 
547.199402 376.611969 0.858304 
488.456360 166.356415 0.751713 
498.742096 159.116653 0.930452 
0.000000 0.000000 0.000000 
511.904083 145.809982 0.986593 
18
498.587952 169.357788 0.899922 
513.360901 170.806183 0.936852 
486.852875 175.226624 0.853850 
475.188477 217.862152 0.905385 
486.941406 226.693924 0.865178 
544.242554 169.256516 0.876949 
558.956421 217.865540 0.957233 
522.218506 217.926910 0.879588 
500.158752 263.389038 0.802883 
503.078735 322.181519 0.836354 
507.494263 369.266266 0.840237 
535.474121 261.923889 0.772070 
541.293579 322.296356 0.894333 
547.211975 375.179321 0.856136 
489.818604 166.363083 0.745866 
500.070740 159.125809 0.926803 
0.000000 0.000000 0.000000 
511.902527 145.815582 0.985866 
18
498.586029 169.366257 0.900975 
513.367126 170.810593 0.936293 
486.861969 175.237091 0.851606 
476.544708 217.878098 0.902200 
488.343475 228.064713 0.858164 
544.243896 169.262619 0.882023 
558.947266 217.855759 0.956599 
522.255188 217.902420 0.874885 
500.172058 263.378448 0.795090 
503.067627 322.186279 0.834499 
507.491119 369.263031 0.842566 
535.479614 261.929047 0.772958 
541.295837 322.302155 0.889470 
547.192749 375.177887 0.860143 
489.822845 166.382385 0.740068 
498.742035 159.133636 0.924665 
0.000000 0.000000 0.000000 
511.893066 145.820450 0.987896 
18
498.582581 169.375549 0.906592 
513.382996 170.816360 0.931727 
486.871674 176.655365 0.856661 
476.585785 217.880676 0.894442 
488.372345 226.676941 0.836872 
544.256348 169.261215 0.878402 
558.949341 217.864731 0.961133 
522.223022 217.895782 0.874619 
500.148438 263.394104 0.804370 
503.052673 322.187927 0.842832 
507.500885 369.274170 0.855543 
535.468140 261.943146 0.773621 
541.276794 322.285675 0.897850 
547.209473 375.182922 0.859074 
488.461395 166.370499 0.743763 
498.745483 159.134949 0.924150 
0.000000 0.000000 0.000000 
511.907745 145.820892 0.982957 
18
498.599457 169.384506 0.909300 
513.371399 170.819382 0.933934 
486.862457 176.667343 0.857530 
476.579803 217.871017 0.890428 
488.360474 226.658661 0.839219 
544.252380 169.262955 0.877424 
558.946655 217.880966 0.957993 
522.219055 217.885010 0.877947 
500.146729 263.383545 0.800554 
503.066772 322.196045 0.842428 
507.497742 369.292297 0.851015 
535.464417 261.929321 0.771005 
541.278992 322.297943 0.892932 
547.211182 376.625153 0.859756 
489.824280 166.378479 0.757203 
500.094391 160.490128 0.917460 
0.000000 0.000000 0.000000 
511.933258 145.827927 0.979215 
18
498.589935 170.742752 0.904099 
513.379822 170.826263 0.928077 
486.866821 176.675476 0.857708 
476.564789 217.866913 0.899695 
488.361786 226.679367 0.847666 
544.258362 169.263596 0.878796 
558.950684 217.889740 0.959011 
522.225403 217.864883 0.897374 
500.153198 263.400604 0.802606 
503.061462 322.202209 0.845768 
507.485016 369.283112 0.849208 
535.479309 261.940460 0.772194 
541.275085 322.297058 0.891499 
547.221863 375.190704 0.856875 
488.461609 166.377792 0.758307 
500.088654 160.507309 0.910906 
0.000000 0.000000 0.000000 
511.940857 145.849655 0.977695 
18
498.607635 170.746445 0.909523 
513.385925 170.829071 0.921958 
486.865234 176.670532 0.857459 
476.562592 217.881760 0.907227 
488.398499 226.683853 0.844576 
544.258911 169.262161 0.876251 
558.948486 217.867416 0.960395 
522.251221 217.852646 0.900595 
500.161774 263.409546 0.803983 
503.059814 322.207581 0.847645 
507.473755 369.292206 0.854246 
535.483826 261.951141 0.772438 
541.275452 322.302460 0.888419 
547.198425 375.183167 0.860938 
489.827881 166.401169 0.766320 
500.109070 160.506790 0.904190 
0.000000 0.000000 0.000000 
511.950500 145.845413 0.978486 
18
498.634583 170.757614 0.926200 
513.386841 170.835175 0.919703 
486.854828 176.688217 0.858030 
476.546875 217.893661 0.902209 
488.388885 228.065414 0.856791 
544.268127 169.263290 0.874856 
558.958923 217.880203 0.954374 
523.595093 217.882050 0.887294 
500.149780 263.398102 0.803067 
503.061310 322.193024 0.847350 
507.489563 369.281128 0.850809 
535.469482 261.945465 0.771208 
539.843445 322.274597 0.898911 
547.202820 375.174866 0.861515 
489.846985 167.802078 0.773135 
500.141907 160.513855 0.902070 
0.000000 0.000000 0.000000 
511.962769 145.859741 0.974174 
18
498.641968 170.770401 0.926725 
513.402649 170.850296 0.910792 
486.856750 178.120041 0.863967 
475.204407 217.900925 0.903768 
488.381592 228.077576 0.873230 
545.649353 169.282150 0.883053 
558.993713 217.910477 0.948098 
522.222900 217.885941 0.885388 
500.157623 263.370300 0.797035 
503.065369 322.202026 0.847042 
507.490997 369.289215 0.851742 
535.475403 261.919495 0.763356 
539.821838 322.290710 0.900089 
547.203308 376.614838 0.857036 
489.841003 166.416931 0.784163 
500.162079 160.520859 0.889606 
0.000000 0.000000 0.000000 
511.981293 147.220016 0.969026 
18
498.659393 170.782150 0.926727 
513.397339 170.856232 0.903455 
486.851868 178.121750 0.861806 
475.179474 217.893219 0.906186 
488.366760 228.099564 0.887551 
545.636963 169.289780 0.882868 
558.961426 217.921600 0.944850 
523.607788 217.889420 0.893004 
500.123047 263.402802 0.804838 
503.058838 322.185089 0.840825 
507.493134 369.249939 0.836506 
535.430725 261.960205 0.780635 
539.821777 322.265717 0.896970 
547.197021 375.190369 0.854045 
489.856903 167.818619 0.776603 
500.190826 160.531891 0.880687 
0.000000 0.000000 0.000000 
513.347656 147.239471 0.966452 
18
498.684875 170.804626 0.938378 
513.398438 170.872009 0.901495 
486.841064 178.142044 0.864290 
475.182526 217.900040 0.913021 
488.375885 228.101105 0.886965 
545.651062 169.310638 0.895957 
558.944702 217.932556 0.951951 
523.592407 217.894638 0.900760 
500.113556 263.406219 0.811635 
503.058960 322.163727 0.839879 
507.500183 369.250458 0.842410 
535.427856 261.962311 0.782812 
538.398499 322.257019 0.904918 
547.192810 375.161896 0.859072 
489.874084 167.846619 0.782815 
500.214783 160.547592 0.874867 
0.000000 0.000000 0.000000 
513.356873 147.237686 0.967247 
18
498.703278 170.813736 0.945098 
513.396912 172.241684 0.899350 
486.840454 178.156693 0.871939 
475.182068 217.923798 0.910123 
488.398651 228.084030 0.876012 
545.648376 169.320389 0.896761 
558.945557 219.296051 0.947157 
523.601318 217.881577 0.894241 
500.110870 263.411530 0.814729 
501.667389 322.165192 0.839890 
507.490173 369.245026 0.841272 
535.435608 261.958099 0.781027 
538.400024 322.251770 0.903139 
547.189880 375.157837 0.860767 
489.890289 167.861969 0.779657 
501.586914 160.563705 0.864019 
0.000000 0.000000 0.000000 
513.370056 147.248672 0.963661 
18
498.708588 170.832764 0.934531 
513.398071 172.246765 0.896140 
486.832489 178.144531 0.867483 
475.174957 217.925751 0.923647 
488.415253 228.083908 0.880906 
545.656128 169.327576 0.898982 
558.944153 219.327545 0.946580 
522.250305 217.883911 0.905250 
500.090912 263.423462 0.824213 
501.665314 322.181915 0.845951 
507.489868 369.255066 0.840979 
535.414612 261.972198 0.781562 
538.378357 322.253845 0.909855 
547.199341 375.168335 0.862511 
489.904999 167.888916 0.764108 
501.608521 161.968658 0.844661 
0.000000 0.000000 0.000000 
513.378784 147.276306 0.956389 
18
498.710297 170.851624 0.923014 
513.395264 172.253754 0.895497 
486.843140 178.143753 0.868106 
475.132813 217.911728 0.915818 
488.344604 228.080002 0.896917 
545.649170 169.331543 0.896986 
558.928955 219.337585 0.938767 
523.595459 217.882095 0.909132 
500.080811 263.442566 0.829971 
501.658936 322.178223 0.850452 
507.475861 369.263275 0.843447 
535.409607 263.379486 0.797324 
538.396790 322.265350 0.901483 
547.191772 375.148651 0.863247 
491.292419 169.273285 0.753792 
501.599487 161.998825 0.835728 
0.000000 0.000000 0.000000 
513.367065 147.287338 0.968197 
18
498.714355 170.865738 0.916956 
513.393005 172.262741 0.890402 
486.840912 178.143250 0.866138 
475.127045 217.923508 0.921271 
488.378082 228.093521 0.899038 
545.645630 169.348206 0.895405 
558.928772 219.325943 0.942187 
523.601013 217.905701 0.912002 
498.733856 263.438965 0.828629 
501.649048 322.192322 0.855046 
507.485107 369.272064 0.849765 
535.397766 263.377472 0.796110 
538.379456 322.259430 0.908125 
547.189270 373.722260 0.861061 
491.304382 169.292847 0.780191 
501.628906 163.439392 0.825107 
0.000000 0.000000 0.000000 
513.392761 147.321442 0.965971 
18
498.712921 170.872009 0.909142 
513.367249 172.252640 0.904162 
485.466156 178.133820 0.857172 
475.111786 219.290436 0.911307 
488.344208 228.086365 0.899226 
544.267822 169.340973 0.892836 
558.899170 219.324463 0.943374 
523.605347 217.885620 0.926174 
500.079468 263.458405 0.828608 
501.643585 322.200287 0.860372 
507.479553 369.294281 0.855517 
535.371399 263.382538 0.797741 
538.377075 322.267090 0.904836 
547.197510 375.166656 0.858521 
491.300293 169.294037 0.785244 
501.636017 163.451752 0.819140 
0.000000 0.000000 0.000000 
513.398560 147.319077 0.965813 
18
500.081970 170.880096 0.890549 
513.374756 172.262436 0.897975 
485.458862 178.154480 0.861514 
475.094849 219.320709 0.903446 
488.357788 228.073593 0.888072 
545.642212 169.341843 0.897897 
557.547913 219.362900 0.935542 
522.242615 217.856461 0.910215 
498.734711 264.854401 0.831173 
501.630188 322.251038 0.862278 
507.486145 369.315948 0.856892 
535.362000 263.422882 0.811016 
538.363708 322.283661 0.899920 
547.196167 375.164215 0.861616 
491.330994 169.311081 0.781689 
501.669250 163.466827 0.800118 
0.000000 0.000000 0.000000 
513.410706 147.321671 0.959844 
18
500.079681 170.879608 0.894870 
513.345764 172.259186 0.901823 
485.428558 178.155380 0.861412 
475.070496 219.350494 0.900009 
488.387115 228.071350 0.883778 
544.256714 169.344727 0.887877 
558.902588 219.363770 0.934957 
522.248169 217.866623 0.922086 
498.709503 264.861176 0.829649 
501.616791 322.259430 0.870342 
507.491852 369.305389 0.861230 
534.005188 263.437714 0.812659 
538.355347 323.663330 0.900636 
547.197144 375.175140 0.853891 
491.338837 169.301361 0.786905 
503.059143 163.481598 0.797490 
0.000000 0.000000 0.000000 
513.433899 147.320465 0.945945 
18
500.077881 170.870941 0.894416 
511.982758 172.270233 0.903400 
485.412415 178.155518 0.864653 
473.678406 219.337814 0.901589 
488.361542 228.079391 0.884655 
544.248108 169.360168 0.884945 
557.524963 219.362793 0.934092 
522.221619 217.873337 0.913253 
498.695984 264.870636 0.828465 
501.605988 322.278168 0.868510 
507.483704 369.314087 0.857658 
533.981873 263.457397 0.815341 
536.956909 323.662506 0.901992 
547.199341 375.164337 0.852268 
491.337128 169.285126 0.790432 
503.061340 163.469971 0.796479 
0.000000 0.000000 0.000000 
514.816284 147.318085 0.948335 
18
498.728668 170.871704 0.903610 
511.970001 172.274567 0.907544 
485.401184 178.155167 0.862199 
473.632141 219.322739 0.901546 
488.349304 228.102722 0.892186 
544.227234 169.366638 0.878735 
557.495667 219.358276 0.931786 
522.211853 217.842880 0.929470 
498.698029 264.867798 0.827146 
501.591614 322.268463 0.874263 
507.477264 369.323334 0.856768 
533.975037 263.454010 0.814977 
536.928894 323.657043 0.905406 
547.189392 375.158203 0.855719 
491.336548 169.279297 0.794727 
501.670288 163.457352 0.805235 
0.000000 0.000000 0.000000 
514.828430 147.308853 0.953929 
18
500.081421 170.860779 0.916337 
511.962524 172.285248 0.912530 
485.406769 178.161194 0.864831 
473.610992 219.324921 0.895181 
488.339233 228.092773 0.867730 
544.201904 169.379364 0.871237 
557.459839 219.357819 0.924122 
522.171570 217.838516 0.927066 
498.689423 264.860992 0.836316 
501.588165 322.275635 0.874012 
507.482819 369.315216 0.851218 
533.975403 263.445679 0.816822 
536.910278 323.658325 0.910154 
547.189636 375.167572 0.857207 
491.354675 169.273651 0.795221 
503.061920 163.464508 0.809742 
0.000000 0.000000 0.000000 
514.830627 147.301834 0.951406 
18
500.084045 170.854797 0.911763 
511.951782 172.285202 0.914034 
485.390961 178.161469 0.865033 
473.646179 219.343018 0.893498 
488.354919 228.103424 0.871664 
544.194031 169.362381 0.868511 
557.463745 220.776398 0.917763 
522.178040 217.833969 0.927485 
498.668793 264.881256 0.827671 
501.587769 322.262665 0.865106 
507.479279 369.313873 0.847266 
533.948914 263.469147 0.819638 
536.935913 323.649536 0.902475 
547.193665 375.152069 0.857765 
491.357666 169.272003 0.777508 
503.062866 163.463211 0.809369 
0.000000 0.000000 0.000000 
514.822327 147.308517 0.949476 
18
500.090790 170.860245 0.902143 
511.929352 172.261002 0.920840 
485.373108 178.133865 0.857492 
473.617462 219.315903 0.885671 
486.946533 228.092300 0.875857 
542.778320 169.353088 0.863464 
557.442261 219.374069 0.916709 
522.195618 217.852005 0.913643 
498.660126 264.856903 0.828332 
501.582794 322.232300 0.870263 
507.485382 369.279053 0.842402 
533.935913 263.447510 0.819454 
536.885681 322.285553 0.923705 
547.197388 375.179413 0.855198 
492.764526 169.271164 0.784807 
503.084503 163.462372 0.802127 
0.000000 0.000000 0.000000 
514.825684 147.299622 0.953484 
18
498.714081 170.880859 0.888871 
511.899963 172.273758 0.919801 
483.950134 178.131607 0.852868 
472.173370 219.337769 0.878220 
486.907532 228.107666 0.869747 
542.756165 169.366028 0.860551 
557.414307 219.381302 0.906844 
522.179626 217.881851 0.919721 
498.639252 264.848816 0.825276 
500.218597 322.245483 0.875098 
507.480713 369.295074 0.853209 
533.918518 263.453247 0.821383 
536.896362 322.301208 0.914041 
547.196960 375.180511 0.852164 
491.305695 169.284943 0.790331 
501.662018 163.486542 0.803349 
0.000000 0.000000 0.000000 
514.813965 147.320740 0.946298 
18
498.729095 170.884048 0.888648 
511.887695 172.284348 0.926235 
483.926453 178.167282 0.849079 
470.753754 219.335159 0.877623 
488.314545 228.153931 0.861142 
541.332214 169.378952 0.865182 
556.023987 219.380646 0.902145 
522.161133 217.871445 0.915876 
498.637604 263.469391 0.823815 
500.211090 322.231018 0.878659 
507.461609 369.274689 0.835803 
533.916687 263.437408 0.821473 
536.874023 322.274475 0.919040 
547.196167 375.164276 0.852043 
491.312286 169.295242 0.819143 
503.066956 164.906540 0.803994 
0.000000 0.000000 0.000000 
513.393311 147.328873 0.970543 
18
498.721283 170.874374 0.896308 
511.867767 172.290314 0.933388 
482.486481 178.176666 0.851024 
470.734344 220.796753 0.863527 
488.419434 228.198715 0.854238 
541.312744 169.392487 0.862833 
556.006165 220.776062 0.896751 
522.147095 217.890610 0.913461 
498.640533 263.474091 0.826262 
500.207642 322.247070 0.880395 
507.449738 369.288361 0.835446 
533.916260 263.431854 0.821046 
536.875671 322.282532 0.913057 
547.187073 375.155640 0.850699 
491.301147 169.291519 0.827098 
501.654816 163.478851 0.811303 
0.000000 0.000000 0.000000 
513.362366 147.324036 0.974839 
18
498.711456 170.873337 0.897153 
511.831543 172.295929 0.928030 
481.040710 179.573151 0.852405 
470.733124 220.794327 0.862504 
488.423920 229.566299 0.849907 
539.845154 169.391037 0.861553 
556.009949 220.770676 0.893432 
520.750305 217.890793 0.902226 
498.623718 264.846527 0.819740 
500.198944 322.257416 0.879645 
506.046173 369.291077 0.834584 
533.894409 263.435699 0.818129 
535.508972 322.271423 0.922244 
547.194824 375.173981 0.852793 
489.898438 169.293304 0.843391 
501.643341 163.473404 0.813061 
0.000000 0.000000 0.000000 
513.354309 147.329956 0.977346 
18
498.696564 172.241776 0.896522 
510.481323 172.297760 0.923113 
481.005951 179.579498 0.862062 
470.736908 220.769196 0.863794 
488.382599 229.587646 0.868268 
539.830078 169.390533 0.859751 
556.005127 219.371216 0.891673 
522.114746 217.901749 0.897394 
498.605255 264.879456 0.812031 
500.196411 323.643524 0.877770 
507.480438 369.300995 0.844472 
533.875061 263.457367 0.818036 
536.875671 322.296143 0.918587 
547.192139 375.189484 0.853026 
489.887115 169.316132 0.857882 
501.634583 164.909409 0.819736 
0.000000 0.000000 0.000000 
511.995209 147.349030 0.973723 
18
498.659485 170.880966 0.890882 
510.463989 172.299850 0.917585 
481.012146 179.592178 0.870453 
470.717651 220.783051 0.863512 
488.396973 229.603943 0.862517 
538.392151 169.376480 0.865868 
556.005310 219.371323 0.892308 
520.747253 217.912354 0.895003 
498.599945 264.874725 0.811305 
500.187286 322.289825 0.883061 
507.473267 369.318207 0.853390 
533.868408 263.462341 0.816200 
535.497681 322.298340 0.925194 
547.196045 375.161652 0.855732 
489.850098 169.309540 0.859743 
501.581970 164.906586 0.824461 
0.000000 0.000000 0.000000 
511.961609 148.723511 0.994450 
18
498.631897 170.876114 0.886062 
510.447296 172.305832 0.917474 
479.589111 179.617111 0.875375 
469.274628 220.825195 0.860856 
488.423798 229.636978 0.854824 
538.378296 169.379318 0.872384 
556.007874 219.376022 0.891328 
520.740967 217.928650 0.885482 
498.595551 264.882507 0.806621 
500.185120 323.648102 0.885510 
507.466919 369.309052 0.850975 
533.864868 263.464905 0.813727 
535.486572 322.287750 0.934170 
547.209351 375.177032 0.850772 
488.460724 169.310455 0.867033 
500.197052 164.899246 0.839965 
0.000000 0.000000 0.000000 
511.942017 147.359406 1.005195 
18
498.613892 170.873566 0.876826 
510.421295 172.310226 0.910098 
479.547119 179.624969 0.880599 
469.267426 222.246536 0.854524 
488.408691 229.619904 0.862136 
538.349243 169.377975 0.875549 
556.004272 219.377228 0.893157 
520.746277 217.904465 0.892459 
498.583160 264.905396 0.798757 
500.173309 323.671814 0.889627 
507.476715 369.313202 0.853176 
532.499573 264.855194 0.813493 
535.500793 323.654907 0.925085 
547.200928 375.153076 0.853280 
488.449982 169.308716 0.871347 
500.177277 164.910278 0.842411 
0.000000 0.000000 0.000000 
511.934235 147.359482 1.004983 
18
498.589172 170.857132 0.879850 
510.401428 172.322235 0.910084 
478.136566 179.646896 0.891516 
469.265137 222.256241 0.849843 
488.388123 229.595535 0.852919 
536.935791 169.381500 0.883145 
556.013916 219.351532 0.904592 
520.682739 217.882950 0.885659 
497.227386 264.886292 0.800273 
500.172821 323.667908 0.887982 
507.474060 369.323303 0.853649 
532.488342 263.466949 0.810108 
535.481506 322.302979 0.927653 
547.198242 375.148987 0.851623 
488.422333 169.291245 0.879464 
500.137024 163.477142 0.853264 
0.000000 0.000000 0.000000 
511.901733 147.335159 1.012928 
18
497.198639 170.861176 0.871005 
510.381165 172.317947 0.901670 
478.116882 179.646210 0.897730 
467.829468 222.250153 0.852712 
488.347748 229.574646 0.847658 
536.911499 169.373672 0.892101 
555.990906 219.344055 0.900789 
520.665955 217.891190 0.875274 
498.582611 264.903015 0.802666 
500.174500 323.660583 0.886664 
507.479706 369.332825 0.854807 
532.488159 264.851868 0.810213 
535.479370 323.646515 0.933584 
547.196411 375.152618 0.853310 
488.399170 169.298981 0.872107 
500.100311 164.905563 0.855305 
0.000000 0.000000 0.000000 
511.874817 147.340607 1.017709 
18
497.186279 170.865158 0.864605 
510.378204 172.296082 0.905398 
478.103424 179.630051 0.889534 
467.823334 222.244766 0.851601 
488.329773 229.619690 0.840237 
536.909058 169.364990 0.896101 
555.992004 219.293594 0.906842 
520.684814 217.865067 0.896185 
497.218048 264.898590 0.797852 
500.179932 323.674103 0.877381 
507.458405 369.313538 0.839161 
532.475647 264.848358 0.807570 
535.496826 323.644501 0.931091 
547.187378 375.178619 0.854410 
488.393738 169.311401 0.863979 
500.082275 164.917603 0.848863 
0.000000 0.000000 0.000000 
511.861359 147.333984 1.022062 
18
497.191742 170.845078 0.878623 
510.365936 172.289795 0.908997 
478.088928 179.628540 0.896407 
467.796509 222.251770 0.850950 
486.956818 229.563919 0.861811 
536.895691 169.358200 0.892673 
555.988892 217.935272 0.905906 
520.684448 217.879135 0.876209 
498.581573 264.915985 0.795581 
500.192505 323.649048 0.874572 
507.463196 369.310333 0.845618 
532.485596 264.849701 0.806535 
535.492126 322.295715 0.927088 
547.204407 375.154083 0.856929 
488.400635 169.296158 0.863786 
500.080078 164.894791 0.855705 
0.000000 0.000000 0.000000 
511.850494 147.316650 1.023088 
18
497.146973 170.864380 0.848844 
510.350830 172.270508 0.913954 
478.090302 179.601440 0.889681 
467.776550 222.250000 0.859230 
488.360077 229.571091 0.865714 
536.870728 169.349915 0.903328 
555.993103 217.915497 0.915475 
520.723022 217.878250 0.871482 
498.590118 264.889313 0.797617 
500.181396 323.649658 0.877386 
507.476135 369.304932 0.843607 
532.490479 263.450714 0.797540 
535.487671 322.275848 0.931927 
547.190369 375.150513 0.854466 
488.374634 169.315216 0.847710 
498.713959 164.940933 0.852619 
0.000000 0.000000 0.000000 
511.837097 147.328461 1.017001 
18
495.712830 170.853821 0.849920 
510.366211 172.261887 0.916872 
478.118317 179.584091 0.872749 
467.766571 220.812485 0.867383 
488.355927 229.600830 0.852633 
536.876160 169.335068 0.892491 
555.995117 217.923157 0.917549 
522.127502 217.904999 0.878013 
498.591919 264.898254 0.801914 
500.180603 322.301971 0.883498 
507.455017 369.311005 0.845342 
532.492981 263.456604 0.801249 
535.485901 322.268372 0.929307 
547.201904 375.159088 0.851708 
488.337097 169.299545 0.840993 
498.668427 164.921875 0.862308 
0.000000 0.000000 0.000000 
510.469513 147.338287 1.009226 
18
494.247864 170.851563 0.843984 
510.368958 172.258209 0.920396 
478.107635 179.587616 0.879713 
466.383759 220.805542 0.867675 
486.950439 229.554184 0.852917 
536.875549 169.321289 0.890911 
556.017578 217.922958 0.921367 
522.192871 217.879486 0.909103 
498.597382 264.884521 0.807333 
500.173126 322.296387 0.884789 
507.460541 369.302094 0.841106 
532.504883 263.458801 0.806405 
535.479797 322.275665 0.929106 
547.202332 375.156586 0.853764 
486.970825 169.290970 0.798119 
498.628387 164.926117 0.856958 
0.000000 0.000000 0.000000 
510.437836 147.316803 1.001191 
18
494.248535 170.836624 0.850153 
510.357483 172.261780 0.916011 
478.098389 179.590897 0.879191 
467.768585 220.810699 0.861541 
486.956238 228.197052 0.856509 
536.871155 169.315140 0.888730 
556.003540 217.911255 0.920982 
522.252075 217.862579 0.904833 
498.599701 264.898834 0.805708 
500.163452 323.665802 0.886877 
507.467499 369.315094 0.848713 
532.511536 263.446564 0.804221 
535.471741 322.272339 0.935068 
547.197144 375.152039 0.856572 
486.962738 169.285919 0.811253 
498.620087 164.896332 0.858268 
0.000000 0.000000 0.000000 
510.416382 147.295166 0.996380 
18
494.240265 170.809113 0.851956 
508.991272 172.269394 0.911868 
478.074097 179.602585 0.889391 
466.379242 222.232315 0.855615 
486.897308 228.197128 0.854322 
535.506165 169.317749 0.890742 
556.016541 219.293503 0.914003 
522.185547 217.911240 0.886139 
498.588013 264.940094 0.797687 
500.163574 323.667480 0.880955 
507.474640 369.283264 0.830883 
532.486328 264.858429 0.808275 
535.462891 322.263855 0.939532 
547.206421 375.173279 0.853912 
486.952850 169.249557 0.810289 
498.612213 163.443298 0.869303 
0.000000 0.000000 0.000000 
510.411682 147.263809 1.002401 
18
494.235748 170.807541 0.853831 
508.990936 172.272079 0.913247 
478.066010 179.609268 0.892753 
466.364258 222.247772 0.856516 
486.935486 229.554245 0.840231 
536.873718 169.318451 0.889039 
555.978699 219.294922 0.898096 
520.748596 217.908478 0.862603 
498.586517 264.914856 0.795711 
500.158722 323.669067 0.883216 
507.465698 369.306427 0.834392 
532.480591 263.470306 0.800219 
535.493408 322.283386 0.921934 
547.202393 375.175842 0.861422 
486.951813 167.889771 0.806219 
498.603821 163.441040 0.871234 
0.000000 0.000000 0.000000 
510.400543 147.249451 1.005711 
18
492.815338 170.803970 0.859999 
510.347198 172.268951 0.915915 
478.065491 179.597397 0.887634 
466.351868 222.278687 0.859333 
488.317169 228.205734 0.854740 
536.888367 169.333954 0.889236 
554.559814 219.312653 0.886027 
520.752441 219.312012 0.858226 
498.590302 264.904877 0.804914 
500.152771 323.682922 0.888794 
507.459320 369.303833 0.835514 
532.485596 263.457550 0.802663 
535.480652 322.279663 0.925424 
547.199585 375.169739 0.853931 
486.945801 167.887680 0.810515 
498.597076 163.440063 0.873431 
0.000000 0.000000 0.000000 
510.395599 147.257645 1.002920 
18
492.801147 170.805344 0.868195 
510.347351 172.264236 0.912788 
476.700439 179.591599 0.881869 
466.332306 220.815063 0.866415 
486.949677 229.554474 0.864528 
536.893066 169.339371 0.887998 
554.529053 219.315094 0.886131 
520.695801 219.344528 0.856820 
497.219482 264.893372 0.797929 
500.156281 323.669617 0.891940 
507.470947 369.304596 0.837264 
532.470337 263.443542 0.800751 
535.486755 322.254944 0.923654 
547.193665 375.154175 0.851189 
486.934265 167.888657 0.806243 
498.587708 163.434631 0.872165 
0.000000 0.000000 0.000000 
510.397034 147.258469 1.001667 
18
494.232666 170.805908 0.865866 
508.989990 172.258636 0.912743 
476.694244 179.580856 0.880290 
466.320587 220.767258 0.877477 
486.913544 229.556686 0.857601 
536.885376 169.345032 0.893230 
554.518921 219.318649 0.881756 
520.692261 219.344406 0.858202 
497.213593 264.885986 0.796369 
500.154266 323.655579 0.894133 
507.469299 369.318024 0.840238 
532.461426 263.449036 0.798582 
535.478943 322.264160 0.928577 
547.188843 375.146759 0.852947 
486.946930 167.891388 0.817060 
498.599060 163.434692 0.872771 
0.000000 0.000000 0.000000 
510.396667 147.256516 1.006433 
18
494.242188 170.802505 0.866494 
508.982727 172.266602 0.909517 
476.687408 179.596298 0.886544 
466.304138 220.788086 0.873231 
486.879089 228.192078 0.849593 
536.882996 169.341919 0.890586 
554.515625 219.320633 0.880957 
520.675964 219.347580 0.853348 
497.198761 264.895111 0.798800 
500.149963 323.647522 0.897561 
507.470703 369.305969 0.838119 
532.452271 263.454010 0.800657 
535.465820 322.255005 0.930510 
547.192627 373.719055 0.856534 
486.955322 167.887466 0.820019 
498.606995 163.428833 0.877427 
0.000000 0.000000 0.000000 
510.396149 147.252701 1.003953 
18
494.277374 170.808487 0.865499 
510.348450 172.268860 0.915081 
476.700531 179.583115 0.880544 
466.320496 220.806625 0.864695 
486.921082 228.196701 0.836738 
536.885010 169.347015 0.892659 
554.501038 219.333679 0.874504 
519.272522 219.315506 0.864793 
497.177826 263.461334 0.799635 
500.137482 322.285156 0.896472 
507.475189 369.298767 0.836300 
532.431763 263.386536 0.785597 
535.444641 322.246033 0.934462 
547.190735 375.179932 0.846261 
488.315613 169.254150 0.815198 
498.628540 163.437820 0.876137 
0.000000 0.000000 0.000000 
510.410614 147.253265 1.009786 
18
495.716827 170.800308 0.867877 
510.360229 172.264679 0.920437 
478.069824 179.570282 0.873731 
466.310303 220.813675 0.863978 
486.906586 228.171951 0.849009 
536.888916 169.348007 0.896626 
553.091675 219.331421 0.873659 
520.693420 219.320221 0.866182 
497.171234 264.853088 0.796697 
500.132080 322.303284 0.895158 
507.463318 369.312805 0.841190 
532.433289 263.426025 0.793847 
535.455566 322.273224 0.935337 
547.192627 375.169220 0.854604 
488.333740 169.251556 0.831908 
498.650543 163.422806 0.874404 
0.000000 0.000000 0.000000 
510.426514 147.259430 1.013763 
18
495.740143 170.797470 0.873406 
510.352173 172.270218 0.916661 
478.058228 179.571548 0.877587 
466.306488 220.781052 0.865312 
486.881195 228.153488 0.851818 
536.875977 169.350220 0.896299 
553.091675 219.336777 0.874858 
520.676453 219.290253 0.869776 
497.158875 264.849487 0.792383 
500.131195 322.290833 0.887312 
507.460083 369.315063 0.836963 
532.429016 263.421814 0.793622 
535.474487 322.283112 0.930590 
547.195740 375.172974 0.854126 
488.345764 169.255859 0.849341 
498.656982 162.013824 0.871139 
0.000000 0.000000 0.000000 
510.439301 147.257721 1.023733 
18
495.730133 170.795944 0.870968 
510.359741 172.265808 0.922949 
478.071930 179.557053 0.874377 
466.311340 220.770782 0.871179 
486.926483 228.170914 0.849312 
536.875916 169.351196 0.896924 
553.087219 219.340485 0.872086 
520.669678 217.914978 0.881445 
497.151917 264.848877 0.786049 
500.128448 322.294769 0.890809 
506.044739 369.305298 0.833463 
532.420288 263.419128 0.789104 
535.462219 322.265503 0.929799 
547.193909 375.168060 0.856708 
488.343079 169.250626 0.842954 
498.651276 162.014374 0.869164 
0.000000 0.000000 0.000000 
510.440063 147.258087 1.025394 
18
497.136414 170.783615 0.876256 
510.354248 172.267914 0.919169 
478.071472 179.562225 0.873205 
466.321930 220.784454 0.864900 
486.945618 228.157593 0.858368 
536.870117 169.350021 0.895534 
553.090271 219.346237 0.875179 
520.713135 217.918503 0.886996 
497.142914 264.847443 0.789438 
500.124146 322.295410 0.891222 
507.472260 369.302429 0.837994 
531.033447 263.411499 0.790145 
535.447998 322.263702 0.934782 
547.201782 375.156891 0.850279 
488.351685 167.882126 0.860440 
498.668793 161.992783 0.877476 
0.000000 0.000000 0.000000 
510.447388 147.246155 1.032697 
18
497.155273 170.779785 0.877066 
510.351166 172.265411 0.919953 
476.702484 179.574875 0.878064 
466.317627 220.802979 0.862408 
486.893219 228.148331 0.855202 
536.874146 169.347961 0.896976 
553.092468 219.346390 0.874518 
520.686462 217.902084 0.888081 
495.751984 263.472870 0.788832 
500.129395 322.279327 0.885341 
507.476410 369.301636 0.841343 
531.032654 263.398315 0.786737 
535.458801 322.261444 0.926513 
547.192993 375.144867 0.853660 
488.367920 167.873947 0.852923 
498.682129 161.992477 0.876426 
0.000000 0.000000 0.000000 
510.447083 147.251740 1.027995 
18
497.199097 170.793625 0.883996 
510.357727 172.266602 0.921321 
478.060577 179.582825 0.884884 
466.322296 220.786926 0.861891 
486.876129 228.144241 0.867866 
536.889648 169.350220 0.895895 
554.497864 219.337921 0.874278 
520.746582 219.286667 0.865648 
497.153870 263.469666 0.795033 
500.134247 322.296753 0.884795 
507.477112 369.282227 0.835413 
532.427795 263.397949 0.794655 
535.440796 322.253448 0.940804 
547.187195 375.168518 0.847895 
488.399780 169.249451 0.859201 
498.719513 161.995285 0.867018 
0.000000 0.000000 0.000000 
510.470367 147.243393 1.030064 
18
497.207947 170.783813 0.888813 
510.350922 172.271530 0.921337 
476.694763 179.594330 0.892036 
466.312012 220.772995 0.867352 
486.894440 228.145172 0.866333 
536.881348 169.352829 0.895733 
553.085693 219.346619 0.871408 
522.116943 219.306442 0.865180 
497.154114 263.478973 0.793114 
500.131195 322.301819 0.882831 
507.459167 369.299103 0.830657 
532.432556 263.407166 0.792785 
535.431946 322.251373 0.935322 
547.194153 375.176239 0.847702 
488.407104 167.886414 0.866424 
498.725372 161.979477 0.874616 
0.000000 0.000000 0.000000 
510.463501 147.237366 1.032095 
18
497.190552 170.784256 0.882778 
510.357758 172.273438 0.919370 
476.701385 179.590836 0.888004 
466.309052 220.766678 0.868593 
486.878418 228.151520 0.865344 
536.890503 169.361038 0.893574 
553.083130 219.349548 0.869246 
522.118896 219.309082 0.867885 
497.156708 263.479553 0.793271 
500.135956 322.285980 0.889426 
507.461823 369.299835 0.835361 
532.425842 263.407532 0.790545 
535.446228 322.233459 0.930592 
547.190063 375.150787 0.851139 
488.394714 167.879898 0.865159 
498.712555 161.983719 0.877057 
0.000000 0.000000 0.000000 
510.467316 147.236176 1.032373 
18
497.209991 170.776276 0.889760 
510.356232 172.269196 0.921819 
476.695587 179.592743 0.889464 
466.293915 220.778229 0.867393 
486.836823 228.137009 0.844170 
536.895142 169.357025 0.893356 
553.090576 219.342819 0.870236 
520.702820 219.291077 0.866282 
497.149353 263.456268 0.792509 
500.129150 322.283447 0.892707 
507.476532 369.295715 0.832964 
532.427673 263.385498 0.785437 
535.434753 322.220032 0.930053 
547.199829 373.726715 0.848500 
488.404144 167.862900 0.866197 
498.728729 161.960205 0.884522 
0.000000 0.000000 0.000000 
510.477600 147.224121 1.032959 
18
497.212616 170.768707 0.891195 
510.356018 172.265152 0.922753 
476.695435 179.579849 0.887523 
466.293091 220.775589 0.870853 
486.856781 228.145172 0.861374 
536.894897 169.353638 0.894317 
554.500916 219.327698 0.874719 
520.747009 219.296310 0.867374 
497.149384 263.465485 0.796246 
500.126953 322.268982 0.889032 
507.464447 369.300873 0.834640 
532.432190 263.394684 0.789614 
535.428162 322.222534 0.931335 
547.193665 375.146790 0.847219 
488.402832 167.850586 0.861993 
498.728241 160.569351 0.888681 
0.000000 0.000000 0.000000 
510.482025 147.213882 1.029728 
18
497.213196 170.766891 0.889527 
510.352264 172.264603 0.921380 
476.698181 179.570267 0.883496 
466.300995 220.778534 0.868954 
486.924133 228.146515 0.868855 
536.885193 169.354324 0.898097 
553.084656 219.331329 0.873202 
522.143250 217.922119 0.886813 
497.146545 263.473389 0.794876 
500.118683 322.292114 0.888141 
507.468628 369.295471 0.835717 
532.424927 263.404907 0.793582 
535.442444 322.240875 0.934641 
547.197937 375.150757 0.848830 
488.406982 167.845871 0.855935 
498.729980 160.571701 0.886268 
0.000000 0.000000 0.000000 
510.490448 147.213669 1.028636 
18
497.204071 170.753326 0.884608 
510.352173 172.270157 0.918527 
478.062103 179.577011 0.883341 
464.936707 220.796783 0.862796 
486.888306 228.123016 0.877004 
536.884216 169.353546 0.899683 
554.497498 219.348770 0.870554 
522.122131 217.922607 0.866239 
497.151062 263.476776 0.794455 
500.136383 322.282501 0.880615 
507.461426 369.278809 0.826171 
532.423584 263.398010 0.786655 
535.463257 322.272797 0.936363 
547.206360 375.169250 0.849465 
488.392609 167.835327 0.851892 
498.719147 160.548798 0.894213 
0.000000 0.000000 0.000000 
510.498566 145.846268 1.025468 
