40
1
18
510.402344 203.121277 0.899452 
510.464691 216.387833 0.930311 
486.902710 216.336792 0.906795 
466.383911 248.740250 0.872648 
475.190399 270.749023 0.918156 
535.370056 217.790802 0.907848 
556.010803 251.611847 0.924819 
545.673401 275.237213 0.947709 
494.268738 275.202362 0.862249 
481.028381 314.873627 0.817710 
486.925842 357.484680 0.908934 
525.152954 276.605804 0.837994 
536.887451 311.995850 0.926497 
526.586121 356.012909 0.880238 
504.526825 195.783295 0.853159 
513.347839 195.763611 0.889951 
498.633911 194.347183 0.854208 
522.145569 194.264420 0.798935 
18
510.390869 203.148849 0.908027 
510.456696 216.371414 0.921612 
486.901062 216.326996 0.900720 
466.341797 250.150146 0.885739 
475.210968 270.801788 0.913075 
534.022827 216.442535 0.907581 
556.009399 251.580856 0.906112 
545.711914 275.213226 0.957067 
494.247101 275.191589 0.861918 
481.041229 313.422058 0.829629 
486.927368 357.485229 0.912845 
525.126404 275.238770 0.851505 
538.360229 312.020081 0.894773 
526.610046 354.597748 0.888518 
503.112091 195.807205 0.852196 
513.339172 195.788986 0.888944 
498.628571 194.351883 0.853645 
522.138489 194.276413 0.802927 
18
510.398468 203.153427 0.911597 
510.443176 216.364182 0.914775 
486.887848 216.324295 0.892551 
466.324646 250.162659 0.890733 
476.565247 272.238129 0.912229 
534.006836 216.438309 0.906847 
555.995605 251.575119 0.901371 
545.713318 275.220886 0.950167 
494.240967 275.201172 0.861294 
482.481262 313.437164 0.830082 
486.929535 357.490906 0.916771 
525.118896 275.225311 0.851699 
538.350342 311.980988 0.911975 
526.608337 354.602173 0.885974 
503.117371 195.814087 0.848688 
513.346069 195.789719 0.889098 
498.621765 194.364441 0.860455 
522.140930 194.276337 0.806364 
18
510.399323 203.163498 0.914523 
510.428925 216.361237 0.913392 
486.878693 216.319946 0.889322 
466.330841 250.170990 0.894312 
476.574219 272.237183 0.909310 
533.994019 216.435440 0.905760 
555.983459 250.198730 0.890381 
545.715576 275.223846 0.945859 
494.243134 275.207336 0.859423 
482.475708 313.433746 0.830824 
486.934021 357.483093 0.914039 
525.122437 275.234985 0.847707 
538.381653 311.971283 0.898869 
526.603394 354.599670 0.880918 
504.525879 195.821136 0.845126 
513.349426 195.805161 0.886344 
498.617401 194.360275 0.869361 
522.136230 194.295197 0.780749 
18
510.408630 203.162277 0.918868 
510.435364 216.363724 0.913407 
486.883026 216.320206 0.891167 
466.332977 250.173767 0.892736 
476.579712 272.243713 0.908571 
533.999207 216.438889 0.905666 
555.978882 250.176422 0.881386 
545.718994 275.211670 0.944299 
494.248840 275.209656 0.861526 
482.502625 313.464111 0.819687 
486.927368 357.456909 0.909556 
525.118713 275.236267 0.849661 
538.383484 311.958893 0.902067 
526.591553 354.590668 0.883636 
504.532928 195.821701 0.846566 
513.359192 195.797958 0.888732 
498.617889 194.371246 0.865791 
522.142334 194.283127 0.777916 
18
510.405029 203.164719 0.919859 
510.428680 216.362701 0.912597 
486.876251 216.327469 0.891984 
466.332672 250.179611 0.899240 
476.598541 272.243378 0.899748 
533.992432 216.434036 0.904938 
555.968140 250.171005 0.875947 
545.728577 275.204956 0.940672 
494.257294 275.206451 0.859448 
482.489899 313.446930 0.823566 
486.922302 357.477295 0.912546 
525.114136 275.233948 0.846729 
538.378967 311.943787 0.904352 
526.590393 354.601044 0.894915 
503.120087 195.820374 0.848716 
513.358704 195.796692 0.889863 
498.607758 194.371307 0.869216 
522.144226 194.279266 0.783268 
18
510.397766 203.136261 0.911198 
510.435852 216.369858 0.917922 
486.887268 216.331360 0.897145 
466.328857 250.164383 0.894242 
476.561768 272.221771 0.916727 
533.991028 216.435928 0.909444 
555.986206 250.176559 0.875816 
545.727112 275.190063 0.933073 
494.247864 275.224030 0.858323 
482.501404 314.895569 0.805037 
486.933472 357.471375 0.906687 
525.124451 275.242645 0.845371 
538.390564 311.982788 0.893537 
526.624084 354.563446 0.875162 
503.102844 195.795593 0.860465 
513.348999 194.406647 0.901744 
498.604797 194.364014 0.863051 
522.141846 192.902679 0.811588 
18
510.384766 203.105667 0.898058 
510.441498 216.401871 0.925862 
486.887756 216.368805 0.906188 
464.930695 250.149597 0.920553 
475.175385 267.858887 0.928765 
534.003967 217.796295 0.910179 
556.027100 250.168152 0.877892 
547.118835 272.244476 0.883476 
494.268829 275.209137 0.867938 
482.499115 313.465485 0.816666 
486.938171 357.486450 0.908906 
525.150696 276.615601 0.836079 
538.380737 313.399902 0.876216 
526.620117 354.564880 0.881143 
503.076935 195.773117 0.868785 
511.981110 194.378525 0.915185 
498.609070 194.361252 0.835073 
522.139221 192.866959 0.836521 
18
508.976807 203.105743 0.885952 
510.438141 216.430832 0.930597 
486.875183 216.402679 0.909891 
464.895203 248.709747 0.897396 
475.065033 261.967896 0.894026 
534.010803 217.816879 0.923118 
557.497314 248.745972 0.877075 
545.750977 263.398438 0.883800 
494.245636 275.199585 0.865504 
482.488586 313.437653 0.822954 
486.935486 357.477661 0.904489 
523.740906 275.231659 0.845064 
538.397278 311.993713 0.891522 
526.603088 354.569824 0.877894 
501.640472 195.778259 0.887101 
511.944946 194.384277 0.932942 
498.581573 194.390030 0.786528 
522.138123 192.912033 0.877093 
18
508.973969 204.542236 0.913932 
510.396576 216.419312 0.921939 
486.841614 216.405930 0.913714 
464.852844 250.178970 0.923711 
476.662415 251.625641 0.882565 
533.992065 217.799438 0.924949 
557.454346 244.350708 0.804011 
555.960144 247.269104 0.581648 
492.807556 275.115479 0.862355 
481.051331 311.991516 0.861881 
486.910522 357.484070 0.892467 
523.716064 275.160583 0.847656 
538.392639 312.005463 0.895803 
526.600586 354.544098 0.862875 
501.621460 195.856628 0.877567 
511.940186 195.818985 0.902257 
497.207886 194.383438 0.806783 
522.138428 194.297745 0.837304 
18
508.952454 204.621384 0.923200 
510.435730 216.369156 0.914375 
486.898315 216.331467 0.882647 
464.857513 250.170822 0.853653 
475.163696 236.971558 0.767227 
534.010010 216.424149 0.918014 
556.032532 242.879730 0.729429 
561.904846 251.613373 0.547179 
492.796204 273.723053 0.853330 
482.472290 311.970306 0.860797 
486.916656 357.490570 0.890353 
523.702942 273.734802 0.859335 
538.389771 311.936218 0.919910 
526.587219 354.564697 0.867001 
501.604614 198.747528 0.872565 
511.904022 198.709946 0.888320 
497.206848 194.406738 0.720439 
522.111816 194.369141 0.782257 
18
507.487610 204.668884 0.900196 
510.445679 216.401123 0.924662 
488.363586 217.798370 0.789331 
464.833191 247.271332 0.878499 
476.694641 217.843842 0.793425 
533.936096 216.350784 0.891720 
556.016846 242.868561 0.720478 
547.182373 228.090103 0.753200 
494.270477 273.724945 0.840185 
481.051392 311.984863 0.847339 
486.913361 357.490723 0.889337 
523.706848 273.702820 0.852225 
538.370056 311.928741 0.935228 
526.584229 354.566895 0.861661 
500.184631 201.663376 0.912283 
510.497406 200.183807 0.879767 
497.135162 197.287567 0.466711 
520.738464 195.810532 0.760642 
18
506.014282 206.052490 0.871760 
510.447083 216.430267 0.956868 
488.420105 216.375534 0.803741 
464.869293 242.814743 0.933801 
476.584259 214.882294 0.855540 
532.496948 217.797867 0.866484 
557.394104 244.313339 0.842914 
545.665710 216.386688 0.866268 
495.693085 273.715576 0.823104 
482.468109 311.990601 0.841054 
486.926270 357.491150 0.887578 
523.692627 273.737946 0.847507 
538.348206 311.914276 0.944811 
525.179871 356.006714 0.870998 
500.180450 203.108810 0.928346 
510.456299 203.111359 0.894134 
498.577393 197.280380 0.317375 
520.745422 200.207520 0.758279 
18
503.104553 206.099915 0.851369 
510.461151 216.343689 0.935137 
488.401947 216.317535 0.767054 
464.794128 241.328629 0.964544 
478.094391 209.015289 0.799088 
533.898193 216.380753 0.844507 
557.519043 242.842377 0.850715 
542.767273 213.457001 0.807304 
492.811615 273.697510 0.806716 
481.040375 311.972321 0.842238 
486.919434 357.483795 0.885172 
523.690979 273.702606 0.838327 
538.340393 311.903076 0.948072 
525.183044 355.998108 0.870806 
500.108124 203.138412 0.920745 
510.421326 203.168655 0.888233 
495.694916 195.769272 0.197176 
522.133484 200.215485 0.726200 
18
503.099670 206.092865 0.837407 
510.444489 216.366531 0.948042 
488.410645 216.366348 0.772069 
463.434418 239.843872 0.923477 
483.977875 206.081223 0.883146 
532.496643 216.370224 0.831389 
557.497620 241.384583 0.874577 
539.814087 211.964310 0.841163 
494.255005 273.712036 0.807114 
481.034271 311.974792 0.840855 
486.918488 357.498993 0.879858 
523.678345 273.705841 0.833651 
536.944153 311.887726 0.953828 
525.192261 355.999573 0.862658 
500.134827 203.164993 0.863611 
510.428833 203.166962 0.859830 
497.200195 200.172546 0.177527 
522.114380 203.102539 0.708573 
18
501.608032 206.104874 0.813365 
510.471405 216.338943 0.937884 
489.821106 216.328140 0.766278 
463.411316 239.820007 0.903246 
482.499847 206.032349 0.886207 
533.887390 216.343307 0.828972 
558.910034 241.424255 0.873620 
538.383911 210.503555 0.839822 
494.247406 273.689789 0.795906 
482.466003 311.962677 0.839904 
486.921906 357.489471 0.882326 
523.682922 273.691071 0.824276 
536.928589 311.911957 0.949849 
526.582275 354.576111 0.866280 
500.095734 204.548569 0.758773 
508.964172 204.564468 0.813066 
0.000000 0.000000 0.000000 
519.251770 203.115692 0.699782 
18
501.613464 206.160706 0.748117 
510.466125 216.330368 0.929087 
488.413788 214.928711 0.765830 
463.367340 239.820435 0.895702 
481.018890 206.049667 0.869394 
533.895569 216.347366 0.830753 
558.941345 241.439026 0.865601 
538.393921 211.982498 0.832991 
494.239502 273.697662 0.793638 
481.030365 311.981995 0.836555 
486.937042 357.477692 0.885542 
523.689819 273.697357 0.823010 
536.935852 311.937683 0.943162 
526.582031 354.572510 0.864179 
500.111237 204.606171 0.709627 
508.945618 204.615356 0.772937 
498.583191 200.182724 0.083231 
519.223145 203.154770 0.699405 
18
500.154938 206.100021 0.743220 
510.452026 216.378784 0.941123 
488.398987 216.334946 0.790956 
463.363953 239.824539 0.893702 
479.572540 206.039642 0.874837 
533.877991 216.395386 0.839890 
558.968018 242.836823 0.849905 
539.832031 213.444641 0.830494 
494.257446 273.704773 0.794760 
481.023468 311.983734 0.836752 
486.937622 357.493713 0.886429 
523.686401 273.714844 0.825041 
538.344849 311.944641 0.934828 
526.592590 354.591888 0.864125 
498.707428 204.541428 0.605923 
506.020386 204.573639 0.719795 
0.000000 0.000000 0.000000 
514.863281 203.152786 0.727076 
18
500.138641 207.579712 0.721572 
510.451721 216.322067 0.929166 
488.376282 214.899475 0.780093 
463.376282 239.836502 0.910251 
479.526947 206.054779 0.844154 
533.894775 216.357239 0.822974 
558.991943 242.891205 0.846139 
541.279907 214.853745 0.829584 
494.239258 273.694794 0.795231 
481.015076 311.945435 0.850010 
486.936432 357.507019 0.887259 
523.698120 273.708160 0.822190 
536.918457 311.904694 0.948922 
525.197205 354.575348 0.864513 
498.670624 204.638184 0.599755 
504.557831 204.671448 0.729026 
0.000000 0.000000 0.000000 
514.854492 204.541855 0.728935 
18
504.536926 207.529816 0.318974 
510.425018 216.336563 0.917356 
488.327393 214.914551 0.796711 
463.372498 239.815628 0.901888 
478.102386 204.682846 0.885721 
532.504639 216.365051 0.808763 
558.986145 244.294266 0.844826 
538.358765 213.451874 0.854059 
494.250000 273.715881 0.792000 
479.593567 311.956238 0.847595 
486.921326 357.487610 0.884131 
523.711182 273.722229 0.817873 
536.930969 311.930420 0.939370 
525.186096 354.587982 0.869367 
501.581970 204.631943 0.323739 
510.402710 204.612381 0.382929 
500.198364 203.089035 0.327157 
513.383911 203.084717 0.512590 
18
508.963837 209.019836 0.211042 
510.418457 216.342804 0.909675 
486.937866 214.913635 0.784028 
463.390472 238.424866 0.897360 
478.076691 206.073074 0.862416 
532.506592 216.379166 0.803642 
558.987671 242.891495 0.844225 
538.363281 213.449020 0.838096 
494.234711 273.716217 0.790989 
481.014954 311.964874 0.842687 
486.917664 357.494507 0.878573 
523.721436 273.724701 0.821741 
536.924072 311.921844 0.942701 
525.179016 354.596252 0.871944 
501.655151 206.079056 0.216676 
511.852570 206.043854 0.266086 
500.195221 204.554138 0.379419 
511.931671 203.134277 0.405656 
18
498.693237 207.545593 0.340884 
510.414154 214.910141 0.917083 
486.946960 213.406830 0.809696 
463.356873 236.951111 0.862654 
476.607269 204.595230 0.853335 
532.512634 214.925674 0.803179 
558.988892 242.877197 0.835572 
538.378418 213.406021 0.832015 
494.244934 273.698456 0.789767 
479.591461 311.978943 0.838701 
486.911041 357.487549 0.877457 
523.703979 273.715576 0.824487 
536.930420 311.903290 0.940136 
525.177795 354.595337 0.869746 
498.684845 204.667297 0.205314 
501.605042 204.678146 0.361242 
0.000000 0.000000 0.000000 
510.447784 203.170242 0.578461 
18
503.104034 213.428558 0.240444 
510.401093 213.426437 0.884529 
486.907898 211.942429 0.778790 
463.304291 234.034027 0.852743 
475.166809 203.177032 0.824659 
532.510437 213.426910 0.777393 
558.945313 241.428818 0.848917 
536.908264 209.067612 0.842120 
494.251709 273.698975 0.785727 
481.001648 311.988770 0.830952 
486.903137 357.482697 0.871319 
523.711975 273.712128 0.819810 
536.923279 311.896301 0.941820 
525.165649 355.994507 0.867052 
500.120148 207.557999 0.212289 
508.948578 206.159683 0.248923 
498.582275 204.568344 0.313439 
510.446777 203.122849 0.398560 
18
500.191864 209.060593 0.383344 
510.425751 213.417953 0.901942 
486.945007 210.474091 0.813078 
461.919312 231.138275 0.864667 
475.159790 200.187180 0.824142 
533.886414 213.447968 0.789241 
558.969299 241.376648 0.854645 
538.350403 209.027832 0.834852 
494.264008 273.700195 0.793040 
481.004028 312.004761 0.825237 
486.916229 357.498322 0.871158 
523.713684 273.722870 0.820804 
536.921997 311.893219 0.947607 
525.179871 354.598785 0.861664 
498.728851 206.099899 0.306508 
504.571503 206.077423 0.373032 
498.665375 204.566452 0.167811 
513.358582 203.148880 0.522547 
18
500.103851 207.574356 0.368532 
510.450897 213.411728 0.909057 
488.328308 209.035065 0.846879 
461.903839 231.076920 0.902983 
475.084778 200.190948 0.868826 
533.897095 213.436142 0.804469 
558.899475 239.832550 0.816294 
536.902954 207.580948 0.834322 
494.274811 273.667999 0.791725 
482.468872 311.943420 0.832283 
486.910370 357.479309 0.869743 
523.719421 273.711273 0.820262 
536.919861 311.923645 0.927705 
525.183594 355.993164 0.862947 
498.678589 206.065750 0.228199 
503.081177 204.682419 0.338974 
498.716431 204.575180 0.097298 
511.923370 204.530975 0.496470 
18
500.182129 209.062042 0.355214 
510.489960 213.450119 0.921676 
488.354950 209.012604 0.866003 
461.895111 229.649170 0.920624 
475.123688 198.721939 0.878146 
533.950928 214.911667 0.829018 
560.398865 239.922073 0.815277 
536.905273 209.010864 0.815178 
494.276917 273.685120 0.795846 
481.032410 313.388245 0.813845 
486.920593 357.468781 0.868968 
523.724487 273.740295 0.819366 
536.936768 311.910583 0.926660 
525.166931 355.992584 0.865972 
498.709717 206.134689 0.242642 
506.023621 206.116898 0.327761 
0.000000 0.000000 0.000000 
517.783752 204.599411 0.481983 
18
500.225281 211.947067 0.238420 
511.843903 214.900192 0.934578 
488.375427 209.047668 0.871940 
461.903931 229.630447 0.897172 
475.138885 200.199661 0.865917 
533.975037 216.335617 0.836709 
560.463928 239.905304 0.834857 
538.344116 211.973206 0.788201 
495.688751 273.691742 0.802876 
481.016327 312.001404 0.824544 
486.908966 357.495636 0.874263 
523.726990 273.745422 0.823790 
536.933289 311.922974 0.934092 
525.181519 355.996002 0.863537 
500.091003 207.563171 0.147416 
506.047821 206.139633 0.214383 
501.630585 204.569824 0.113933 
517.745728 204.602356 0.411408 
18
506.014984 216.419601 0.130591 
510.492615 213.396515 0.876503 
488.352295 207.611404 0.806064 
463.335754 229.660080 0.912804 
475.149719 204.570770 0.874849 
533.951965 214.888351 0.813198 
559.012512 238.430222 0.784710 
541.283569 216.371750 0.798527 
494.278900 272.269073 0.777782 
481.005646 312.002472 0.830096 
486.917664 357.522156 0.880452 
523.742981 273.678375 0.812989 
536.934509 311.935608 0.928146 
525.187866 356.013794 0.862156 
500.174133 213.453674 0.089067 
510.465546 213.443130 0.114409 
498.627411 206.091827 0.172317 
519.253235 204.594620 0.241785 
18
507.485779 217.871201 0.342736 
510.422363 213.418701 0.866446 
486.915710 211.974106 0.773569 
463.409393 232.557465 0.885689 
475.156006 204.678391 0.886942 
533.938782 214.877731 0.805391 
560.393677 241.371384 0.677056 
544.272461 222.258057 0.669932 
494.243347 272.250214 0.772417 
481.018494 311.990814 0.829518 
486.913422 357.527863 0.872879 
523.745056 272.258636 0.807020 
536.924744 311.924927 0.933970 
525.169983 356.003784 0.865579 
503.079315 216.331894 0.264158 
511.872070 214.930435 0.312974 
491.342712 206.159393 0.284254 
520.657593 206.089203 0.334696 
18
0.000000 0.000000 0.000000 
510.489380 207.612396 0.828069 
488.396515 207.565781 0.726492 
464.796692 235.461853 0.875837 
476.598083 214.875702 0.816112 
534.012573 210.506638 0.766716 
560.394104 241.394012 0.699483 
545.703796 229.556534 0.722071 
492.788025 270.784973 0.756617 
481.006226 311.998840 0.828624 
486.914185 357.514252 0.874117 
525.108826 270.793152 0.799848 
536.936401 311.910828 0.931797 
525.161865 355.998566 0.864770 
0.000000 0.000000 0.000000 
0.000000 0.000000 0.000000 
0.000000 0.000000 0.000000 
501.668365 203.150818 0.100669 
18
516.306580 203.169434 0.359765 
511.843536 214.916122 0.881882 
489.828064 213.419037 0.752685 
463.368500 239.854248 0.866170 
475.194489 223.737427 0.872670 
533.992310 216.355881 0.866164 
558.998901 241.365005 0.725320 
536.922058 232.560715 0.700586 
494.228760 272.209839 0.778172 
481.023987 311.952454 0.847379 
486.913086 357.491364 0.882264 
523.746887 272.263885 0.817816 
536.925415 311.957367 0.932681 
525.183838 354.587952 0.866174 
511.923065 195.821640 0.358051 
520.729431 195.822983 0.365395 
506.028168 194.394897 0.437976 
522.254272 198.704910 0.371607 
18
507.490509 207.586761 0.852440 
511.847748 214.907928 0.881382 
486.958069 210.508102 0.829257 
463.363037 241.388565 0.876773 
475.181488 228.185913 0.921657 
535.407837 216.386353 0.889567 
561.889343 244.322021 0.865820 
535.474060 241.419693 0.959363 
494.234222 272.261963 0.816995 
480.999573 311.947601 0.865470 
486.919922 357.491302 0.893164 
523.752869 273.707520 0.832304 
536.934937 311.956818 0.920326 
525.187988 354.581879 0.867029 
501.594147 204.620392 0.943957 
511.896057 204.617676 0.912850 
498.631683 197.257462 0.296023 
522.206543 198.730347 0.801402 
18
508.972412 206.117905 0.918593 
511.842316 216.332901 0.916062 
486.944855 214.882568 0.882415 
464.869904 241.410400 0.857346 
476.665039 238.395096 0.822162 
535.396973 216.422318 0.922927 
560.444214 247.226807 0.886748 
538.357117 251.615738 0.915915 
494.234894 273.708557 0.841940 
479.588257 311.969025 0.877050 
486.932312 357.468658 0.887218 
525.141907 273.728760 0.826877 
536.941162 311.966766 0.928833 
525.189636 354.587036 0.876145 
501.658478 203.156906 0.939085 
511.950012 203.151184 0.908572 
498.669312 194.400040 0.498030 
522.244385 195.821228 0.854910 
18
508.965698 206.060837 0.922227 
511.860382 216.418579 0.936764 
486.927246 216.327805 0.915041 
464.832520 242.873047 0.894872 
476.640411 248.739349 0.941775 
535.445740 217.834732 0.917741 
560.472229 242.893036 0.914781 
544.195190 257.527039 0.876222 
495.704926 275.183228 0.871439 
479.557190 311.952606 0.901888 
486.938812 357.481354 0.897887 
525.178406 276.603851 0.809794 
538.341064 312.005829 0.905924 
525.178772 355.996490 0.887063 
501.668579 203.099747 0.916889 
511.941284 203.110153 0.907756 
498.705444 194.330017 0.521658 
522.244019 195.805328 0.863564 
18
508.979462 206.027847 0.929808 
511.862946 216.420074 0.943264 
486.926422 216.301651 0.906660 
464.879242 247.230988 0.948798 
482.490967 256.067047 0.812041 
535.471008 217.872253 0.912841 
560.427307 244.318481 0.894571 
545.689087 263.400879 0.941463 
492.806763 275.224457 0.859995 
479.592987 311.925323 0.893242 
486.934753 357.485718 0.897750 
525.182739 276.656586 0.814701 
536.942871 311.996765 0.913062 
525.186462 356.009064 0.887708 
503.084290 201.638199 0.883341 
511.968323 201.691147 0.885938 
498.697632 194.274490 0.621592 
523.597900 195.793533 0.842791 
18
510.405853 204.633652 0.952773 
511.842194 216.440598 0.937176 
486.916229 216.356491 0.915435 
464.861572 248.717514 0.929589 
476.659515 263.402924 0.903506 
535.463928 217.880112 0.902258 
559.034729 248.708481 0.899371 
545.652771 266.402252 0.865896 
494.232117 275.182495 0.852155 
481.030304 311.989380 0.838886 
486.934662 357.488953 0.897711 
526.594604 276.613342 0.798060 
538.345337 311.938080 0.921425 
525.185791 356.016144 0.887869 
504.580963 198.730011 0.840373 
513.393494 200.189514 0.846437 
498.734650 194.295578 0.802383 
523.602417 194.395325 0.847824 
18
510.451782 204.627716 0.957386 
511.859039 216.414047 0.926536 
486.925232 216.333328 0.898298 
464.941956 248.691406 0.881667 
475.117981 264.940857 0.907685 
535.466553 217.841339 0.906492 
558.999390 248.690186 0.898558 
545.734314 272.252075 0.873598 
494.226013 273.697845 0.803751 
481.034760 311.971924 0.852087 
486.906006 357.482697 0.885695 
525.178711 275.140076 0.795316 
536.938232 311.899963 0.943486 
526.605042 354.586487 0.872331 
506.034180 198.729294 0.839421 
514.828186 198.746140 0.834659 
500.076172 194.318909 0.818082 
523.619751 194.359161 0.852467 
18
510.470551 204.623001 0.959978 
511.866669 216.402740 0.924364 
486.931183 216.303482 0.900072 
466.364563 247.265213 0.853110 
473.661011 264.913452 0.900932 
535.473755 217.845428 0.900157 
558.962402 248.721893 0.907255 
545.733643 273.688477 0.887140 
494.247009 273.722931 0.814179 
481.045441 311.962738 0.852285 
486.906403 357.457825 0.878843 
525.181580 275.169525 0.801656 
536.950745 311.895660 0.932789 
525.177673 356.008240 0.886382 
507.478516 197.301498 0.843759 
514.858704 198.758865 0.831358 
500.095612 194.291107 0.853112 
523.641602 194.376419 0.833721 
18
511.870270 204.620636 0.956372 
511.875061 216.392044 0.921780 
486.943054 216.311066 0.904248 
466.364227 247.228958 0.852211 
473.647491 264.872192 0.907770 
535.475159 217.828094 0.901536 
557.531799 250.174271 0.928991 
545.661255 273.696136 0.859000 
494.266632 275.131866 0.830843 
481.017944 311.976654 0.847587 
486.905548 357.467682 0.882375 
526.606384 275.201874 0.794911 
536.953552 310.536926 0.934664 
525.190552 355.994080 0.877501 
508.928131 198.713669 0.853113 
516.327942 198.746902 0.828598 
500.123077 194.298035 0.874156 
523.663879 194.324615 0.801199 
18
511.876038 204.601456 0.957338 
511.872864 216.384277 0.919581 
486.941437 216.319656 0.906586 
466.369965 247.242950 0.872604 
473.676270 264.935455 0.919938 
535.463623 217.806412 0.903099 
557.454224 250.219528 0.942127 
545.661560 273.684418 0.850861 
494.230713 275.160583 0.823655 
481.013336 311.979187 0.850784 
486.914368 357.456329 0.878983 
526.597656 275.213806 0.796413 
536.948853 310.498260 0.941634 
525.193726 356.003296 0.879721 
508.937439 197.288406 0.859508 
516.317627 198.715195 0.831630 
500.131714 194.299240 0.867133 
523.652832 194.311234 0.808953 
