32
1
18
523.716553 219.345337 0.841053 
498.630188 244.344727 0.856170 
489.868774 253.178635 0.842119 
514.876770 300.136108 0.897387 
558.953918 300.194275 0.811267 
506.017883 239.834778 0.713794 
519.253418 254.632324 0.765410 
548.642334 264.961517 0.946560 
513.373962 307.526917 0.648612 
592.760376 311.969513 0.873029 
566.276184 360.504608 0.741839 
529.572021 288.435303 0.696416 
582.424438 285.439545 0.756669 
0.000000 0.000000 0.000000 
522.188477 216.414169 0.912291 
0.000000 0.000000 0.000000 
508.939484 217.847595 0.908739 
0.000000 0.000000 0.000000 
18
523.736084 219.345337 0.855348 
498.621704 245.763840 0.843732 
489.887787 253.181442 0.837270 
516.292847 300.123627 0.885210 
557.518005 300.192688 0.794077 
506.002136 239.833939 0.699398 
519.254883 254.630768 0.776587 
548.644165 266.343323 0.926809 
513.380493 306.075806 0.652713 
592.754028 311.992523 0.878089 
564.845215 360.486450 0.745106 
529.564880 288.408905 0.685094 
582.434265 285.432404 0.785424 
570.708618 356.013519 0.385132 
522.202271 216.412796 0.930270 
0.000000 0.000000 0.000000 
508.899017 217.832520 0.893368 
0.000000 0.000000 0.000000 
18
523.716736 219.334656 0.854969 
498.611359 245.761673 0.837011 
491.299164 253.164276 0.838942 
516.331604 300.138824 0.877265 
558.934387 300.187653 0.777280 
504.554352 239.855164 0.697637 
519.267151 254.652695 0.785387 
548.662781 264.980865 0.926739 
513.412781 306.043243 0.635778 
592.754395 311.979706 0.874024 
564.811096 360.476257 0.748470 
529.562378 288.405365 0.674752 
581.035950 285.443268 0.784438 
570.669861 356.017090 0.373206 
522.193787 216.396484 0.923874 
0.000000 0.000000 0.000000 
508.906097 217.815155 0.895338 
0.000000 0.000000 0.000000 
18
523.715515 217.932617 0.859282 
498.613708 245.788544 0.835713 
489.905090 253.185074 0.830951 
517.759338 300.125916 0.873528 
558.955139 300.177185 0.815550 
504.564423 239.856308 0.698534 
519.271667 254.649689 0.781722 
548.663818 264.968384 0.931429 
514.850281 306.045319 0.631351 
592.748108 311.962799 0.870203 
564.831909 360.483887 0.728056 
531.009399 288.408661 0.674256 
581.041626 284.021851 0.751442 
0.000000 0.000000 0.000000 
522.180908 216.357910 0.915827 
0.000000 0.000000 0.000000 
507.509735 217.816116 0.903651 
0.000000 0.000000 0.000000 
18
523.706482 217.920914 0.865895 
498.617218 245.768127 0.833045 
491.314240 253.168579 0.832328 
516.322693 300.122345 0.878387 
558.911682 300.191040 0.837021 
504.556305 239.859665 0.696951 
519.267517 256.053009 0.767510 
548.645325 264.953217 0.938170 
514.852234 306.047028 0.626958 
592.741333 311.976227 0.860598 
564.831909 360.511566 0.727518 
530.999512 288.406219 0.669505 
581.026611 284.016327 0.757684 
0.000000 0.000000 0.000000 
522.178711 216.345932 0.915782 
0.000000 0.000000 0.000000 
508.901978 217.805664 0.902478 
0.000000 0.000000 0.000000 
18
523.723511 217.909576 0.865683 
498.630554 244.345169 0.833587 
491.357452 253.152161 0.822703 
516.339905 300.119232 0.877759 
558.904053 300.195831 0.856421 
504.541504 239.851669 0.692393 
520.672424 256.069763 0.775648 
548.672607 264.970917 0.935895 
516.296997 304.597107 0.616668 
592.750916 311.968445 0.862987 
566.261169 360.481171 0.735058 
531.007446 288.399658 0.661375 
581.035461 284.020355 0.742957 
0.000000 0.000000 0.000000 
522.187134 216.338379 0.915087 
0.000000 0.000000 0.000000 
507.512482 217.808945 0.908905 
0.000000 0.000000 0.000000 
18
523.707703 217.918625 0.865882 
498.626373 245.771835 0.827845 
492.786804 253.195999 0.817512 
517.797668 300.138062 0.869871 
558.936401 300.205902 0.808799 
504.531036 239.854721 0.681981 
520.667114 256.051086 0.774578 
548.661804 264.958038 0.917142 
514.860535 306.053497 0.622542 
592.774536 311.961731 0.888903 
566.285522 360.470612 0.739931 
531.000244 288.400757 0.661040 
581.027954 284.027496 0.792528 
0.000000 0.000000 0.000000 
522.164246 216.349579 0.911684 
0.000000 0.000000 0.000000 
507.466522 217.833572 0.905087 
0.000000 0.000000 0.000000 
18
523.705322 217.936234 0.868076 
498.635101 245.760147 0.841969 
492.779663 253.123505 0.841006 
519.275574 298.710083 0.916753 
558.986633 300.171753 0.883759 
504.526093 239.887085 0.699985 
519.259644 256.098694 0.758613 
548.664124 264.971832 0.903329 
514.847473 308.989319 0.635448 
592.762756 311.954651 0.866332 
564.840454 360.488464 0.721244 
531.009583 289.884918 0.623354 
581.060425 285.434967 0.744713 
0.000000 0.000000 0.000000 
522.169373 216.359497 0.920457 
0.000000 0.000000 0.000000 
507.474182 217.811157 0.906476 
0.000000 0.000000 0.000000 
18
523.702087 217.911911 0.867326 
498.614258 244.327774 0.847084 
491.347931 253.089371 0.831247 
522.265259 297.266052 0.946202 
564.852661 300.149658 0.812899 
503.067932 239.873505 0.703254 
520.677124 257.563995 0.801284 
548.674561 266.372864 0.904349 
514.844543 309.018341 0.652517 
592.770569 311.930603 0.905265 
566.258423 360.463135 0.755364 
531.015564 289.907837 0.599540 
581.011658 285.455078 0.748222 
570.732239 311.969849 0.050268 
522.172668 216.340179 0.915632 
0.000000 0.000000 0.000000 
507.508881 217.802933 0.901806 
0.000000 0.000000 0.000000 
18
523.697388 217.927048 0.873953 
498.641144 244.322754 0.874298 
491.293274 251.691010 0.841961 
525.123169 291.346405 0.858104 
570.732727 298.696686 0.748196 
504.555084 239.861862 0.711023 
520.747925 256.057983 0.844608 
548.678101 267.820282 0.922895 
510.460876 311.908325 0.773088 
592.709900 311.986053 0.893929 
564.844055 360.501617 0.794963 
523.714844 295.774933 0.570380 
581.034424 285.496216 0.837432 
569.200684 354.571991 0.357846 
522.172180 216.353439 0.919817 
0.000000 0.000000 0.000000 
508.899567 217.815552 0.908573 
0.000000 0.000000 0.000000 
18
523.728577 217.895935 0.848746 
498.679993 242.861740 0.885856 
492.766327 251.645767 0.821977 
532.471558 288.445190 0.909035 
575.108459 289.944153 0.813087 
504.563202 239.843170 0.719881 
522.188782 254.625061 0.877617 
548.695557 266.346619 0.940081 
510.450897 311.952515 0.789424 
592.761230 311.964478 0.799407 
564.835876 361.918304 0.729034 
523.696228 298.678375 0.594628 
582.514282 288.456482 0.449701 
0.000000 0.000000 0.000000 
522.194580 216.331268 0.909513 
0.000000 0.000000 0.000000 
508.915771 217.815826 0.919867 
0.000000 0.000000 0.000000 
18
526.618408 217.885559 0.828975 
500.080261 242.820816 0.895144 
492.809357 251.602173 0.828374 
533.937866 286.918091 0.863884 
578.047302 288.479889 0.830071 
506.027039 239.823181 0.730364 
523.674683 254.631439 0.860509 
550.108337 264.960144 0.899065 
511.849396 311.956055 0.793509 
592.760376 313.402679 0.765790 
564.823669 360.486145 0.734950 
523.698547 298.697296 0.611973 
592.673889 310.433777 0.613359 
569.227783 357.548401 0.519178 
523.633911 216.312424 0.916893 
0.000000 0.000000 0.000000 
508.982361 217.806671 0.954847 
0.000000 0.000000 0.000000 
18
528.094055 217.884827 0.826660 
500.088043 241.435562 0.888184 
491.349548 250.215576 0.841144 
525.161926 273.742249 0.722104 
569.237305 282.510620 0.589531 
508.925079 239.824951 0.716506 
531.008972 261.931183 0.765933 
550.153259 266.378021 0.605739 
510.467560 310.428650 0.773739 
592.723206 312.010925 0.819705 
566.280823 360.465912 0.723995 
525.129211 294.304199 0.687947 
592.685974 310.438873 0.541785 
569.198120 357.542511 0.501804 
523.656067 216.298416 0.908348 
0.000000 0.000000 0.000000 
508.984070 217.800201 0.956122 
0.000000 0.000000 0.000000 
18
529.525024 217.864655 0.844336 
498.723053 241.434326 0.847218 
494.236664 251.592438 0.820382 
544.260559 275.124573 0.825012 
580.939758 275.114899 0.837086 
507.472626 239.841736 0.616960 
539.841431 264.903778 0.409786 
579.514282 273.713898 0.426940 
511.949036 310.451752 0.727072 
592.707947 312.020630 0.845513 
566.264954 359.068115 0.761476 
526.598511 294.286957 0.637354 
591.255005 310.448456 0.445908 
570.708496 357.476868 0.433632 
523.655212 214.929581 0.914009 
0.000000 0.000000 0.000000 
508.977905 217.804245 0.967414 
0.000000 0.000000 0.000000 
18
529.521912 217.853088 0.861476 
500.091309 241.444870 0.848188 
495.691132 250.212982 0.822211 
541.318176 266.417480 0.787501 
578.048340 266.394257 0.898471 
507.481934 239.875717 0.627011 
541.302979 261.971924 0.392225 
576.587280 264.864136 0.469913 
513.373047 310.500275 0.710342 
592.703003 312.018616 0.801841 
564.833435 360.478546 0.731077 
528.074585 294.293304 0.639658 
591.302795 310.442139 0.521566 
570.688965 357.488190 0.524565 
523.644348 214.915726 0.934353 
0.000000 0.000000 0.000000 
508.980530 217.795746 0.983483 
0.000000 0.000000 0.000000 
18
528.055054 217.898590 0.871001 
498.688324 241.426163 0.819103 
495.730377 250.144287 0.809075 
542.755615 263.369843 0.827305 
579.514099 254.580154 0.914597 
503.075745 239.861145 0.565280 
536.901978 260.476440 0.289555 
576.583801 251.695572 0.392901 
519.229492 308.991425 0.668733 
592.718933 313.399109 0.844264 
564.852661 360.491394 0.755666 
532.497375 289.880951 0.672084 
582.429321 285.466522 0.714813 
570.695557 356.035736 0.457124 
523.601501 214.931534 0.931060 
0.000000 0.000000 0.000000 
508.944092 217.804962 0.955491 
0.000000 0.000000 0.000000 
18
525.169312 217.887909 0.866574 
498.654816 241.400070 0.790950 
494.244293 247.250137 0.801008 
544.221680 257.544952 0.735247 
570.681641 247.248444 0.782294 
501.613159 239.832809 0.553255 
541.282349 250.186462 0.282994 
567.767578 241.358688 0.380588 
516.311157 310.422699 0.684237 
592.718872 313.411377 0.813145 
564.835999 360.502991 0.752427 
532.491455 289.897797 0.693158 
582.474487 286.909760 0.678911 
0.000000 0.000000 0.000000 
522.215393 214.920105 0.902613 
0.000000 0.000000 0.000000 
507.483276 217.806458 0.937427 
0.000000 0.000000 0.000000 
18
523.729797 217.808594 0.909932 
497.215118 241.420670 0.782993 
494.246582 247.246567 0.787271 
541.305725 254.636734 0.733913 
567.767517 239.939316 0.846233 
498.692078 239.889450 0.570356 
536.878540 253.191010 0.329012 
553.076477 264.918213 0.539170 
519.246216 307.528809 0.674971 
592.739563 313.398865 0.834819 
564.829590 360.480072 0.776330 
532.442993 289.871155 0.678074 
582.517029 285.471466 0.726458 
570.721436 356.026855 0.436281 
522.152588 214.850754 0.900703 
0.000000 0.000000 0.000000 
506.019409 217.780243 0.908105 
0.000000 0.000000 0.000000 
18
523.673767 216.362427 0.931423 
497.211609 241.386566 0.788617 
494.281128 245.766373 0.783776 
536.886475 251.698593 0.824086 
567.728027 234.031845 0.834850 
498.664520 239.848419 0.561466 
533.931702 253.121384 0.398654 
550.167969 266.410156 0.762056 
520.704041 304.602814 0.689746 
592.733948 313.398193 0.856287 
564.828369 360.463348 0.776982 
532.464417 288.431580 0.646933 
582.489868 285.468201 0.781969 
570.699341 356.053497 0.435183 
520.735168 211.952698 0.894255 
0.000000 0.000000 0.000000 
503.103485 216.417221 0.913848 
0.000000 0.000000 0.000000 
18
523.651123 216.290756 0.950959 
497.153687 241.366669 0.793918 
495.713684 245.775787 0.783590 
533.946777 251.625534 0.806120 
558.929626 229.649765 0.875941 
497.172760 238.460739 0.553614 
530.976990 253.092606 0.394335 
548.720032 266.362518 0.805385 
519.266785 304.612366 0.675350 
592.743530 312.016907 0.861534 
564.823425 360.471405 0.777899 
530.987305 288.426849 0.626451 
582.501038 285.452240 0.780689 
570.664001 356.022400 0.407707 
520.671692 210.475159 0.884490 
0.000000 0.000000 0.000000 
501.609863 216.384933 0.928686 
0.000000 0.000000 0.000000 
18
523.596436 214.892639 0.921276 
497.148010 241.401459 0.782946 
492.768341 244.336578 0.787510 
533.970581 248.700272 0.775759 
558.903442 225.184067 0.846236 
498.659180 239.876083 0.550560 
528.042786 253.158905 0.417636 
548.669250 264.959503 0.870508 
517.799561 306.081573 0.664824 
592.733398 313.399689 0.866581 
564.812805 360.489990 0.772503 
529.539612 288.473602 0.615089 
582.497009 285.470764 0.761399 
569.270813 356.031464 0.401104 
517.804749 209.010956 0.848855 
0.000000 0.000000 0.000000 
500.223907 216.359406 0.950760 
0.000000 0.000000 0.000000 
18
522.181519 214.874023 0.921356 
495.699890 241.415161 0.763252 
491.326263 245.763290 0.782158 
536.886719 244.294754 0.804044 
557.419250 220.827179 0.792822 
498.654144 239.886017 0.560997 
530.978088 251.688385 0.375116 
548.660217 264.927429 0.814687 
519.237549 306.053345 0.661586 
592.734863 312.020752 0.873575 
564.800720 360.467468 0.781105 
529.549561 288.458923 0.616063 
582.474609 285.465637 0.776533 
570.666992 356.020905 0.384981 
514.875183 207.593063 0.862857 
0.000000 0.000000 0.000000 
500.152832 216.328186 0.948186 
0.000000 0.000000 0.000000 
18
520.735229 213.440399 0.859796 
494.276337 241.429749 0.741268 
489.899414 244.351852 0.792570 
535.446899 242.884796 0.778570 
554.510620 220.807358 0.711869 
498.683533 239.909439 0.555610 
528.043152 253.166031 0.352535 
548.650696 264.913483 0.790255 
517.779663 306.067810 0.664188 
592.738586 312.013458 0.869632 
564.800415 360.450592 0.785050 
529.541992 288.452820 0.636831 
582.463928 285.462067 0.772831 
570.684082 356.005096 0.381881 
513.395935 207.559982 0.892760 
0.000000 0.000000 0.000000 
500.090790 216.319351 0.941663 
0.000000 0.000000 0.000000 
18
520.674561 210.495605 0.810656 
494.242004 241.418777 0.741883 
489.886780 245.774658 0.788641 
536.891846 241.425949 0.776622 
547.234741 219.307526 0.647672 
498.662628 239.871796 0.567872 
523.684265 254.586853 0.365180 
548.667175 264.879547 0.808771 
517.785828 306.076782 0.664089 
592.737427 312.018433 0.870327 
564.824768 360.457458 0.788507 
529.559448 288.463409 0.629342 
582.466248 285.452087 0.782539 
570.707642 356.010101 0.363215 
511.957031 206.126755 0.904177 
0.000000 0.000000 0.000000 
498.692657 216.333176 0.954113 
0.000000 0.000000 0.000000 
18
517.799927 210.471146 0.801986 
494.238953 241.428513 0.734445 
489.865051 245.773987 0.798254 
535.445801 241.410355 0.744306 
547.185059 225.162888 0.651419 
498.676910 239.888977 0.558233 
523.695190 254.589767 0.402202 
548.694519 264.857544 0.859808 
516.329468 307.519348 0.666798 
592.748291 313.394867 0.889888 
564.807373 360.464600 0.783966 
530.985291 288.469116 0.629766 
582.463379 285.465240 0.779951 
570.694580 356.009308 0.388518 
511.893188 206.110428 0.922877 
0.000000 0.000000 0.000000 
498.657013 216.326813 0.936051 
0.000000 0.000000 0.000000 
18
516.285767 210.475662 0.816940 
494.256592 241.447922 0.733600 
489.884460 245.782883 0.796977 
535.416016 241.400757 0.721471 
547.160706 228.062592 0.685280 
498.692108 239.916855 0.562878 
525.108337 254.605362 0.436650 
548.685608 264.860870 0.877030 
514.845764 308.989197 0.675836 
592.744873 312.009064 0.879817 
564.797485 360.476501 0.778216 
529.548401 289.910217 0.632440 
582.462891 285.449036 0.749220 
570.674438 356.031708 0.422741 
510.497284 206.127213 0.930353 
0.000000 0.000000 0.000000 
498.595703 216.367752 0.918688 
0.000000 0.000000 0.000000 
18
514.859741 210.510864 0.826212 
494.259491 241.449310 0.723402 
489.895844 245.766815 0.800021 
533.941528 241.428040 0.718202 
545.714233 228.090103 0.706689 
498.695435 239.915176 0.547447 
525.109375 254.613312 0.436765 
548.671387 264.878906 0.889064 
516.318665 307.534454 0.661367 
592.760132 312.021118 0.886498 
563.378967 360.466919 0.784952 
529.553711 289.896667 0.627868 
582.458862 285.450073 0.767631 
570.667419 356.015442 0.394728 
510.478302 206.138290 0.936530 
0.000000 0.000000 0.000000 
497.213593 216.361847 0.900710 
0.000000 0.000000 0.000000 
18
514.873108 210.502121 0.844010 
492.803650 242.816940 0.724565 
491.316162 245.801758 0.788698 
533.916443 242.875977 0.678987 
545.753784 229.564865 0.655449 
497.213196 239.919434 0.544848 
523.658630 254.626953 0.379322 
548.670044 264.876465 0.862745 
516.309082 308.959503 0.673967 
592.758850 312.009857 0.883079 
564.814636 360.478607 0.777900 
529.524292 289.916199 0.605611 
582.459534 285.447388 0.749255 
570.701721 356.025330 0.415490 
510.480194 206.142960 0.944999 
0.000000 0.000000 0.000000 
497.193909 216.381897 0.892817 
0.000000 0.000000 0.000000 
18
514.869324 210.477081 0.841565 
494.239624 241.419403 0.735901 
491.311768 247.229706 0.791068 
528.079895 247.243988 0.662021 
545.746216 229.683380 0.701110 
498.633209 239.863922 0.549851 
523.707581 253.156998 0.408323 
548.667175 264.858765 0.851585 
517.775696 307.514709 0.666063 
592.760803 311.995544 0.880566 
564.832947 360.476929 0.763028 
529.552979 289.869598 0.620723 
582.472717 285.442108 0.746341 
0.000000 0.000000 0.000000 
510.483826 206.139679 0.941129 
0.000000 0.000000 0.000000 
497.219116 216.391876 0.904518 
0.000000 0.000000 0.000000 
18
516.299072 210.519287 0.805184 
491.346100 241.446304 0.731283 
489.900787 245.814178 0.786626 
526.617371 248.694687 0.657523 
545.759216 229.685196 0.692803 
495.740204 239.900406 0.538693 
523.655151 253.171844 0.404820 
548.652283 264.868042 0.849259 
517.782898 307.518860 0.675501 
592.760010 312.002106 0.882340 
564.832397 360.482513 0.772173 
529.539185 289.886749 0.593305 
582.462585 285.444031 0.766121 
570.757019 356.036102 0.451127 
511.858917 206.147141 0.922481 
0.000000 0.000000 0.000000 
498.628906 216.355820 0.918471 
0.000000 0.000000 0.000000 
18
517.803406 211.992722 0.798757 
491.333221 242.830704 0.726920 
489.875244 245.817688 0.791327 
526.602356 248.723175 0.638477 
545.719299 231.066147 0.714243 
497.158142 239.922562 0.534996 
523.648438 254.581116 0.401595 
548.643188 264.868256 0.852396 
517.804199 307.512238 0.677658 
592.742920 312.013306 0.891821 
564.839600 360.440430 0.804461 
529.524292 289.896606 0.579157 
582.461731 285.465851 0.783672 
570.732605 355.994324 0.380407 
511.939575 206.160141 0.907208 
0.000000 0.000000 0.000000 
498.700073 216.307266 0.912713 
0.000000 0.000000 0.000000 
18
519.255676 213.439255 0.789866 
491.318176 242.846832 0.726362 
489.862823 247.231903 0.797946 
526.591797 248.704025 0.632477 
545.727356 229.663483 0.710170 
497.155151 239.949036 0.529798 
523.642883 253.196762 0.409093 
548.647095 264.860443 0.848356 
519.265808 306.069977 0.677202 
592.753418 312.006439 0.900996 
564.832275 360.449005 0.809440 
529.550293 289.888153 0.583002 
582.463501 285.457153 0.772723 
570.715881 354.585693 0.358535 
511.973663 206.172974 0.880910 
0.000000 0.000000 0.000000 
498.714844 216.294037 0.913766 
0.000000 0.000000 0.000000 
18
520.677979 214.894135 0.831757 
491.341309 242.847809 0.721929 
489.861359 245.803223 0.801104 
525.149292 248.723846 0.626400 
545.749451 229.679031 0.707015 
497.187347 239.950378 0.525854 
523.665771 253.194763 0.419001 
548.647095 264.859375 0.841798 
519.244507 307.499268 0.679988 
592.747375 312.008484 0.893151 
564.838013 360.454498 0.818781 
529.543152 289.872742 0.586580 
582.455505 285.464417 0.777110 
570.751953 354.564270 0.337783 
513.380005 207.579422 0.870558 
0.000000 0.000000 0.000000 
500.084045 214.923080 0.905491 
0.000000 0.000000 0.000000 
