41
1
18
533.899963 147.251175 0.960491 
531.012207 172.267838 0.867449 
498.725769 170.876678 0.939175 
489.830536 220.800735 0.878462 
488.434387 266.351868 0.922648 
559.009216 172.273148 0.897491 
569.217834 223.750153 0.887916 
570.699463 270.790710 0.873915 
511.878052 263.410797 0.822482 
511.923615 317.836121 0.861813 
511.981964 366.314819 0.850245 
547.234375 263.425537 0.827135 
544.209106 313.471283 0.864331 
545.673828 367.768921 0.855725 
525.106506 139.922470 0.871653 
536.902222 139.949875 0.851287 
514.849609 135.564713 0.942427 
547.149353 135.584534 0.865156 
18
533.904785 147.235977 0.960350 
531.015564 172.260391 0.872422 
500.073761 170.867218 0.946936 
489.830017 222.242004 0.873822 
488.452667 264.957184 0.925829 
559.004822 172.267075 0.895903 
569.214294 223.726898 0.887407 
570.683594 270.769928 0.874713 
511.901489 263.447479 0.818825 
511.901123 319.288422 0.867893 
511.978729 366.321533 0.852172 
547.250305 263.453735 0.822420 
542.799316 314.907166 0.842854 
545.670898 367.777191 0.854688 
525.116089 139.907272 0.866985 
536.902222 139.935684 0.847082 
514.856140 135.561813 0.942735 
547.148254 135.583908 0.866345 
18
533.916138 147.231903 0.963910 
531.014282 172.250854 0.875828 
500.075470 170.860931 0.946097 
489.831573 220.808365 0.872488 
488.451202 264.940796 0.933048 
559.001404 172.258331 0.900297 
569.211792 222.278687 0.889802 
570.670715 269.332336 0.871297 
511.909088 263.425446 0.818083 
511.910309 319.282135 0.864047 
511.978241 364.896515 0.851360 
547.257690 263.435760 0.820181 
544.190735 314.890533 0.848451 
545.669128 367.757416 0.848149 
525.131409 139.912064 0.860397 
536.915649 139.936478 0.842645 
514.862793 135.574677 0.943650 
547.154541 136.960785 0.868323 
18
533.924988 147.232437 0.967368 
531.014893 172.242020 0.881270 
500.076050 170.857452 0.950223 
489.846863 222.266037 0.865187 
488.462433 264.947296 0.922123 
558.999573 172.252045 0.902753 
569.206055 222.276154 0.887608 
570.657410 269.289917 0.865785 
511.914703 263.433380 0.823095 
511.916534 319.308350 0.869669 
511.982086 366.324677 0.854475 
547.256653 263.437134 0.824159 
544.192627 314.914398 0.843761 
545.670288 367.779175 0.851757 
525.142090 139.910553 0.860520 
536.931580 139.934036 0.840674 
514.872620 135.556061 0.941480 
547.162659 135.589172 0.858230 
18
533.934998 147.226257 0.970605 
531.022827 170.884766 0.883751 
500.085297 170.850204 0.950228 
489.847473 222.271118 0.864140 
489.822754 264.962402 0.918073 
559.000244 172.246521 0.902617 
569.208313 222.264801 0.884025 
570.649719 269.313232 0.865835 
511.925079 263.431427 0.817063 
511.921661 319.306305 0.863210 
511.974274 366.348450 0.857898 
547.261780 263.430084 0.819484 
544.190979 314.925568 0.837533 
545.660217 367.761566 0.849095 
525.156921 139.910507 0.854593 
536.945313 139.932098 0.835967 
516.302612 135.567261 0.930201 
547.163452 136.958893 0.851626 
18
533.959473 147.222763 0.975890 
531.028564 172.241776 0.881114 
500.085785 170.850693 0.949960 
489.855103 222.249039 0.862336 
489.825684 264.948730 0.925452 
559.007019 172.258499 0.897706 
569.209778 222.280457 0.885069 
570.647095 269.307190 0.867164 
511.930023 263.442413 0.820350 
511.920990 320.713013 0.868003 
511.978851 366.350250 0.853694 
547.265869 263.443420 0.822513 
544.183289 314.921783 0.835866 
545.661865 367.771301 0.849764 
525.184448 139.915009 0.847225 
538.351807 139.930084 0.833186 
516.304382 135.578339 0.930150 
547.164917 136.961258 0.820427 
18
533.991211 147.207962 0.981919 
532.435486 170.884781 0.886104 
500.100800 170.833725 0.952003 
489.856384 219.299911 0.903035 
489.837555 264.882050 0.952683 
559.025696 172.269455 0.886278 
569.219421 222.251892 0.887150 
569.304993 269.308563 0.865535 
511.937134 263.406921 0.817040 
511.932220 319.271606 0.849960 
513.342590 366.310455 0.838159 
547.262451 263.416718 0.822573 
544.183044 314.897705 0.839624 
545.654663 367.784088 0.852471 
526.601685 139.909653 0.837234 
538.385620 139.918350 0.830098 
516.312866 135.594406 0.922933 
547.167236 135.593765 0.771068 
18
533.987122 145.874695 0.978405 
532.441650 170.884811 0.885285 
500.098816 170.822998 0.954014 
488.449402 219.303146 0.931170 
489.850769 263.493378 0.963538 
560.393799 172.278061 0.880479 
569.245850 223.718781 0.885791 
570.659424 272.220428 0.882610 
511.944946 263.436859 0.824664 
511.925812 319.309296 0.867442 
513.344788 364.888000 0.840013 
547.262329 263.438202 0.829088 
542.787048 316.332001 0.834245 
545.659729 367.779327 0.852072 
526.588257 138.495056 0.838577 
538.379700 139.902512 0.827404 
516.322083 135.585190 0.924969 
547.192261 135.571671 0.821184 
18
534.013367 145.866287 0.983179 
532.434204 170.868225 0.891191 
500.093842 170.810745 0.961242 
488.445618 217.884995 0.948801 
494.265198 264.845612 0.911299 
559.031128 172.264816 0.889884 
569.266418 222.267166 0.887126 
570.673340 272.252533 0.893716 
511.980621 264.841095 0.797206 
511.912750 320.720673 0.879434 
511.975189 366.316284 0.842915 
548.626648 264.843628 0.827724 
542.795898 316.356720 0.828222 
545.647705 367.802155 0.857776 
526.617188 138.482193 0.837577 
539.816895 138.476654 0.832336 
516.328491 135.574463 0.930468 
547.200928 135.546417 0.809992 
18
534.012695 145.837540 0.988091 
532.465332 170.854721 0.906182 
500.110291 170.811279 0.956559 
488.419159 217.894470 0.931269 
498.717712 263.417297 0.930403 
560.409058 170.883957 0.889397 
569.266296 223.723770 0.880480 
569.269104 270.802490 0.863998 
513.418884 263.431030 0.760417 
511.939209 319.315186 0.860382 
511.967896 364.898193 0.845782 
548.633911 263.440186 0.819430 
544.193237 316.336517 0.820806 
545.648865 367.802673 0.855892 
526.624634 138.439835 0.845471 
539.817322 138.443024 0.841960 
516.336609 135.571075 0.926466 
547.192261 135.555038 0.804533 
18
534.021545 145.821320 0.986261 
532.488953 170.821579 0.923787 
500.144073 170.782608 0.956495 
488.446747 217.896973 0.930051 
506.014130 256.084045 0.787663 
560.405334 170.860107 0.897596 
569.232605 220.794907 0.895386 
566.272217 266.366821 0.836815 
511.961365 261.971436 0.751601 
511.968384 319.299438 0.867419 
511.973114 364.899323 0.844386 
547.237732 263.362976 0.819339 
544.208130 314.911316 0.835399 
545.645386 367.791199 0.852558 
526.634766 137.037155 0.847035 
539.836487 137.034561 0.846156 
517.771484 135.574265 0.929217 
547.215027 135.553787 0.833050 
18
534.010925 145.820129 0.986217 
532.490479 170.783585 0.932043 
500.161499 170.735748 0.935878 
489.908600 217.884201 0.912238 
513.369751 242.857101 0.820280 
560.401733 170.834991 0.898274 
569.154358 219.329086 0.896333 
557.487122 256.062958 0.879088 
511.913177 261.981903 0.805242 
511.955322 319.263336 0.862367 
511.965210 366.323517 0.854342 
547.140991 261.948059 0.783381 
544.198975 313.468567 0.850331 
545.657654 367.775055 0.847411 
526.624084 137.016998 0.856703 
539.846680 137.028870 0.846543 
517.781311 135.534698 0.929960 
547.243652 135.551041 0.842269 
18
534.008301 145.811172 0.989113 
532.492554 170.755692 0.943065 
500.155334 169.391418 0.935551 
494.270111 219.327637 0.855875 
523.664063 234.025620 0.855075 
560.421204 170.788025 0.902175 
567.787598 217.865738 0.920789 
547.224487 242.857346 0.836587 
511.959534 261.935242 0.806586 
511.954285 319.269531 0.859678 
511.968933 366.341644 0.849222 
547.268311 261.956909 0.806835 
544.200745 313.456848 0.863508 
545.650879 367.769806 0.840244 
526.620972 137.009064 0.866491 
539.834229 137.012283 0.856925 
517.778259 135.517548 0.927614 
547.234619 135.530487 0.864819 
18
533.988892 145.783279 0.979257 
532.492371 169.397064 0.933060 
500.153107 169.353699 0.928405 
497.185608 217.900223 0.901337 
523.656982 223.744858 0.833994 
560.431152 170.742447 0.900445 
567.752930 219.345383 0.899297 
544.241211 229.650650 0.737312 
511.962097 260.490112 0.797143 
511.943726 317.833221 0.855768 
511.972931 366.321289 0.840844 
547.257080 260.453674 0.787232 
544.218445 313.467407 0.870943 
545.645630 367.778076 0.843291 
526.605225 136.976700 0.877956 
539.812073 136.988419 0.862002 
517.793213 135.509521 0.925854 
547.222046 135.551147 0.881971 
18
534.000549 145.761246 0.968097 
532.488831 169.355484 0.944294 
500.160706 169.345337 0.932738 
497.213654 217.843338 0.907333 
522.127014 217.840317 0.782920 
559.029236 169.340469 0.909413 
569.297302 219.303619 0.934425 
538.344482 217.925812 0.699685 
511.967712 260.467957 0.789477 
511.955688 317.820923 0.848656 
511.976532 366.320313 0.840618 
547.234924 260.454773 0.774486 
544.227600 313.444275 0.873049 
545.642517 367.769043 0.836983 
526.622009 135.598679 0.874446 
539.832581 136.964279 0.868706 
517.801819 135.485611 0.928407 
547.234741 135.533417 0.876587 
18
534.010925 145.756760 0.962953 
533.878296 169.363022 0.967949 
500.165009 169.332336 0.943226 
497.138702 216.420227 0.899040 
513.414368 213.423035 0.724049 
560.432983 169.361908 0.890228 
572.176392 217.907578 0.910329 
535.490356 211.992401 0.781997 
511.960266 257.539490 0.780867 
511.949768 317.813141 0.847146 
513.341187 366.317871 0.838428 
547.252808 259.028168 0.781618 
544.221558 313.464783 0.863858 
545.646790 367.782867 0.844703 
526.646240 135.592072 0.871428 
539.849060 136.972702 0.867222 
519.220886 135.472198 0.935711 
547.231750 135.534698 0.855839 
18
534.022766 145.743881 0.952511 
533.887451 169.309891 0.963556 
500.185944 169.244965 0.908457 
495.712036 216.331619 0.889438 
517.801697 204.610321 0.764440 
560.422302 169.346573 0.892534 
572.242798 217.820450 0.923413 
542.752258 207.536301 0.784485 
511.971283 256.101440 0.773903 
511.961792 317.812195 0.842150 
511.984528 366.324249 0.838764 
547.277832 259.036407 0.774222 
544.227112 313.432129 0.872611 
545.656494 367.761261 0.840901 
528.066528 135.587646 0.874955 
539.848877 136.965897 0.871236 
519.222290 135.450394 0.931420 
547.218567 135.508804 0.861795 
18
535.361633 145.730087 0.957978 
532.513672 169.270889 0.935182 
500.190887 167.830521 0.889739 
492.771667 214.894669 0.867215 
523.708923 203.117538 0.828699 
558.995300 169.301025 0.903478 
570.755981 216.334930 0.931542 
548.688660 206.067795 0.902502 
511.953430 257.549927 0.775295 
511.967407 317.832275 0.842909 
511.971039 366.341644 0.846912 
548.642517 260.469727 0.783791 
544.225098 313.472809 0.855176 
545.658386 367.789490 0.844246 
528.087646 135.571915 0.879212 
539.864868 135.599182 0.875037 
519.243286 135.452576 0.928786 
547.223755 135.507309 0.841434 
18
535.356812 144.349472 0.957374 
532.486267 169.247162 0.932591 
500.177734 167.818634 0.897288 
491.333984 214.856247 0.877390 
526.635620 197.301788 0.822981 
558.978760 169.290710 0.902224 
570.674438 214.907562 0.940095 
550.102295 203.158661 0.825694 
511.954956 256.100830 0.775632 
511.969635 317.834076 0.838016 
511.971588 364.873077 0.841986 
548.641174 257.540955 0.763656 
544.246582 313.427887 0.873164 
545.650024 367.760559 0.840795 
528.093994 135.540131 0.885864 
541.286560 135.581909 0.878146 
519.250854 134.089767 0.934538 
547.242798 135.527603 0.835781 
18
535.360046 144.307800 0.942517 
533.883179 169.248825 0.949079 
500.210266 167.807266 0.882495 
489.903870 213.448685 0.885036 
528.099731 197.278244 0.790469 
559.023865 169.302475 0.885926 
570.783325 214.935425 0.914676 
547.222656 200.229797 0.760916 
511.932098 256.088379 0.773913 
511.958923 317.834991 0.831520 
511.974213 364.900757 0.832810 
547.273560 257.570984 0.760415 
544.227478 313.451447 0.861934 
545.661621 367.757416 0.839695 
528.100098 135.506500 0.889696 
539.868591 135.558167 0.884910 
519.252869 134.069717 0.953984 
547.243591 135.531631 0.862475 
18
535.358398 142.859085 0.921379 
533.889404 167.885269 0.964074 
501.578918 167.825073 0.891072 
491.305908 209.026321 0.867380 
522.151978 194.383347 0.857534 
560.396301 169.272888 0.879081 
573.631470 216.303741 0.895068 
539.861389 198.718811 0.718839 
511.918976 254.653549 0.772150 
511.960938 317.813263 0.833116 
511.958069 366.313507 0.842005 
547.232422 257.546143 0.771759 
544.205383 313.424561 0.863409 
545.655090 367.763855 0.839198 
528.085510 135.474319 0.897239 
539.851196 135.506119 0.901738 
519.243530 134.086166 0.954896 
547.219666 135.517578 0.889692 
18
533.996277 141.392151 0.913765 
533.917664 167.882553 0.972058 
501.607178 166.409470 0.886071 
489.871399 207.546326 0.902063 
513.393982 192.890335 0.861231 
560.422180 169.310898 0.886178 
573.669006 216.314255 0.889106 
536.876526 197.262619 0.830185 
511.945129 254.625488 0.777124 
511.975250 317.823608 0.828594 
511.983185 366.318665 0.834194 
547.254089 257.565247 0.763217 
544.212891 313.406738 0.871618 
545.649780 367.770569 0.842573 
526.633484 134.108963 0.909774 
538.397644 135.461166 0.900505 
519.239624 134.083084 0.959946 
547.205688 135.482864 0.929526 
18
533.998779 139.924805 0.910721 
533.892578 167.870651 0.960154 
501.592896 166.365234 0.878584 
489.831238 206.083359 0.949320 
517.768982 192.794800 0.815936 
559.029663 169.311752 0.890798 
570.751953 214.889282 0.920865 
538.390442 194.354919 0.849447 
511.942566 256.083740 0.774877 
511.963989 317.827362 0.828013 
511.973907 364.895172 0.835608 
547.260376 259.027832 0.763801 
544.237854 313.451416 0.865177 
545.654785 367.766571 0.847979 
526.636047 134.075363 0.907058 
538.394531 134.096741 0.900800 
519.256714 134.074097 0.957630 
547.211365 135.466644 0.942634 
18
533.997253 139.923767 0.913813 
533.879272 167.861572 0.935747 
500.218475 166.364395 0.872246 
488.457123 206.051254 0.964816 
525.153503 191.402313 0.834067 
558.995605 169.294815 0.895120 
569.230957 213.429428 0.912066 
547.202087 192.830948 0.843198 
511.948669 256.064270 0.772807 
511.969757 317.849548 0.830938 
511.972992 366.321320 0.839633 
547.269897 259.019165 0.761535 
544.229431 313.473358 0.851627 
545.652344 367.778534 0.845826 
526.628540 134.076431 0.913066 
538.379089 134.090607 0.896391 
519.271179 134.079529 0.971438 
547.206604 135.461075 0.946498 
18
533.982178 141.399780 0.916283 
532.485596 167.833740 0.910611 
500.219604 166.365738 0.867882 
488.451019 206.039169 0.954720 
529.542725 188.463974 0.795361 
558.983154 167.888962 0.913153 
567.782654 209.035034 0.906752 
550.107727 185.491150 0.776425 
511.955811 254.651093 0.771072 
511.966370 317.840881 0.833148 
513.341370 366.318481 0.841551 
547.233948 257.557465 0.770193 
544.205688 313.455963 0.853719 
545.643433 366.365509 0.846595 
526.598145 135.447769 0.904699 
538.355835 135.461990 0.890380 
519.259033 134.099472 0.960748 
547.195068 135.463806 0.956468 
18
533.965271 141.401169 0.932075 
533.933411 167.797180 0.920201 
503.082397 166.360535 0.845438 
489.818848 201.681168 0.878846 
526.640076 181.123901 0.874846 
560.421448 167.850693 0.877820 
569.188965 207.567261 0.911387 
547.223755 181.023331 0.803182 
511.968018 256.098846 0.753068 
511.953979 317.833740 0.837403 
511.980621 366.313171 0.837749 
547.246704 259.024384 0.767476 
544.201721 313.475800 0.844668 
545.648865 367.765839 0.843225 
525.172302 135.447784 0.933805 
538.347107 134.089554 0.899535 
519.247559 135.472839 0.932461 
547.234558 134.065659 0.963677 
18
533.990173 142.867874 0.935526 
533.935181 167.819611 0.921328 
503.062225 164.919479 0.844344 
489.857727 195.811371 0.869202 
519.226868 175.188370 0.790960 
560.413086 169.258911 0.901010 
569.211426 206.122833 0.916424 
541.282654 175.198166 0.701242 
513.342712 256.091492 0.732689 
511.968933 317.842468 0.828822 
511.974701 366.329163 0.842301 
547.240662 259.034363 0.749905 
544.197083 313.465149 0.843712 
545.645996 366.361908 0.836851 
525.184082 135.476135 0.925891 
538.359253 135.458099 0.901748 
519.226074 135.456573 0.954456 
547.249573 134.027008 0.936426 
18
533.979736 141.382095 0.895596 
533.927551 167.803574 0.945188 
503.088715 163.445892 0.819414 
489.847260 192.916473 0.886285 
513.399963 164.916260 0.791547 
559.025330 167.870758 0.920508 
569.264893 206.130737 0.945747 
535.468506 170.783707 0.820218 
513.361267 254.623276 0.747324 
511.965759 317.818604 0.834402 
513.343384 366.314209 0.833707 
547.225769 256.100128 0.759898 
544.194397 313.465942 0.843013 
545.639404 366.356384 0.828655 
526.580017 134.113632 0.920964 
536.955688 134.108063 0.912154 
519.243713 134.038101 0.922180 
547.233276 134.040344 0.937004 
18
534.010498 144.269608 0.887504 
533.953857 166.385834 0.945518 
506.022003 162.011520 0.800086 
489.854767 192.807251 0.882084 
511.955078 166.368668 0.794975 
559.027100 167.816528 0.922714 
569.211670 204.571503 0.942355 
541.295532 169.355408 0.845175 
513.388000 256.060791 0.731834 
511.975189 319.264313 0.838345 
511.971832 366.330200 0.848794 
547.229614 257.534454 0.751932 
544.207214 313.455994 0.848080 
545.641357 366.355896 0.835360 
526.602112 135.525101 0.885883 
538.357788 135.506638 0.885363 
519.245850 135.459457 0.913801 
547.250610 134.059799 0.919297 
18
533.901855 141.405716 0.836295 
533.916016 166.376755 0.913151 
501.637665 161.967316 0.867762 
492.791656 192.842865 0.872691 
520.692810 169.297012 0.830719 
560.461365 166.401184 0.882680 
569.175293 201.654572 0.892331 
547.191040 167.850021 0.756561 
513.370728 257.545715 0.741430 
511.977753 319.279755 0.841266 
511.978241 366.339233 0.849361 
547.250122 259.030121 0.760492 
544.218140 314.869446 0.842468 
545.636719 366.368896 0.833482 
523.731689 134.104706 0.941964 
536.910156 134.093842 0.872850 
516.322632 134.057739 0.910107 
547.209473 133.998230 0.903208 
18
533.958496 144.303329 0.918839 
533.914368 164.912384 0.890736 
504.536835 161.994766 0.831584 
491.306946 194.319260 0.904814 
525.102173 170.796341 0.778192 
559.013184 166.358170 0.805116 
569.173889 201.685959 0.860205 
556.004272 157.605103 0.805445 
513.366028 256.103882 0.744702 
511.983795 319.261505 0.828219 
511.980499 366.333740 0.844835 
547.243347 257.569946 0.763403 
544.222717 313.463562 0.842836 
545.647034 366.352783 0.829166 
525.168396 135.496124 0.935083 
538.352356 135.518539 0.900883 
517.776062 134.079956 0.916412 
548.678101 134.024323 0.832901 
18
533.955444 142.883911 0.924336 
533.919861 166.376038 0.904472 
504.522766 164.902115 0.831809 
489.867401 194.392593 0.884594 
522.225098 172.280960 0.793119 
560.390625 166.406967 0.834868 
569.215759 204.554657 0.907316 
553.067932 159.040527 0.793354 
513.344482 256.086884 0.750908 
511.985016 319.262054 0.829049 
511.975311 366.323883 0.840379 
547.216614 257.561066 0.768316 
544.220764 313.448212 0.850706 
545.648010 366.348846 0.830660 
525.144409 135.457123 0.963148 
538.346008 135.462570 0.908113 
516.338074 134.059296 0.907672 
548.655273 133.979843 0.818360 
18
533.962219 139.919891 0.894406 
533.893005 166.382629 0.915301 
501.650055 163.431931 0.863610 
489.905182 195.768478 0.885687 
522.117126 169.269257 0.820673 
559.022522 167.808304 0.911827 
569.166260 206.041748 0.928904 
544.209961 169.381851 0.722929 
513.351074 254.629059 0.732132 
511.975739 319.265350 0.827039 
511.975739 366.341644 0.838448 
547.231995 256.089844 0.741990 
544.213562 313.446167 0.848615 
545.650452 367.763916 0.829472 
525.135193 134.070755 0.935696 
536.954041 134.045364 0.914096 
516.336609 134.084274 0.963639 
547.204651 134.022125 0.938628 
18
533.932495 138.433868 0.911310 
533.888977 166.403366 0.932183 
503.072784 163.430008 0.827986 
488.440033 195.807526 0.900299 
511.904083 169.276505 0.844207 
558.978760 167.877975 0.910163 
569.275696 213.445969 0.928739 
536.900146 179.583908 0.777451 
511.970551 254.633102 0.748134 
511.976471 317.846130 0.830533 
511.975494 366.342102 0.837687 
547.220947 256.088074 0.746738 
544.214294 313.440521 0.847524 
545.643799 367.760712 0.828990 
525.146729 134.016357 0.937019 
536.935242 134.016357 0.922432 
517.768677 134.006760 0.930457 
547.206665 134.046127 0.956591 
18
533.943970 139.917694 0.924992 
533.921021 166.394684 0.931813 
503.090759 163.457901 0.817540 
488.375122 197.299072 0.883269 
511.841217 175.183533 0.861070 
558.986694 167.877548 0.890928 
569.290710 214.918747 0.945258 
535.502930 182.586197 0.890177 
513.360718 254.596863 0.742094 
513.347778 319.263855 0.826453 
511.982025 366.341705 0.837678 
547.240234 256.078522 0.736913 
544.241211 313.424469 0.854888 
545.640503 366.351044 0.826480 
525.154846 134.059708 0.938353 
536.946716 134.047211 0.920327 
517.770447 134.074173 0.947560 
547.206116 134.045959 0.973401 
18
533.982544 139.924591 0.930903 
533.929260 166.353470 0.905214 
503.094330 163.430084 0.853401 
486.973724 204.534241 0.936792 
519.264404 181.118484 0.887274 
559.012329 167.870255 0.891019 
569.172363 214.880493 0.906897 
542.744934 181.105545 0.844940 
513.353760 254.630478 0.731164 
513.343567 319.262238 0.826794 
511.980988 366.322296 0.832540 
547.240784 256.088074 0.740810 
544.233215 313.433228 0.850148 
545.646118 367.769897 0.835758 
525.193604 134.064377 0.918656 
538.349426 134.043274 0.900169 
519.255493 134.063995 0.948966 
547.219666 133.999329 0.969410 
18
534.008789 141.397202 0.916326 
533.909851 166.390244 0.930189 
501.618042 164.893433 0.862031 
488.456390 206.166885 0.929730 
526.608337 192.804062 0.885010 
559.026672 167.822083 0.888649 
569.264709 214.897675 0.953559 
547.278137 181.137299 0.844444 
511.968567 254.619385 0.750053 
511.960571 316.383850 0.829752 
511.982758 366.336731 0.841363 
547.258606 254.648407 0.750829 
544.225403 313.418854 0.858051 
545.647888 366.361938 0.831727 
526.622803 134.108856 0.893264 
538.382385 135.448685 0.886533 
519.260498 134.075729 0.952166 
547.214539 135.451477 0.937383 
18
534.008057 141.394684 0.914694 
533.896729 166.416748 0.933087 
501.590851 166.355881 0.866150 
488.419647 210.521652 0.895778 
523.712219 192.887268 0.894412 
558.998535 167.823624 0.880322 
572.222107 216.338028 0.915401 
545.745544 185.535660 0.807209 
511.948303 256.074127 0.755854 
511.948181 317.807526 0.842495 
511.976898 366.336060 0.842366 
547.249023 256.103790 0.754040 
544.223694 313.411072 0.862744 
545.645203 366.356018 0.835817 
528.051208 134.103378 0.897643 
539.810425 135.462677 0.887276 
519.264038 134.071259 0.961352 
547.216980 135.509766 0.922032 
18
534.025330 142.891632 0.932386 
533.913513 166.392776 0.929688 
501.595215 164.928467 0.883671 
491.325195 211.980911 0.856314 
514.872986 191.367065 0.817199 
560.430115 167.810989 0.838085 
576.578796 216.385681 0.904692 
535.456909 192.791611 0.874643 
511.939331 254.594894 0.777463 
511.969604 317.804626 0.831163 
513.344727 366.332062 0.837114 
547.265198 254.638885 0.755089 
544.223938 313.391724 0.869966 
545.643982 366.359009 0.830593 
528.062866 135.487640 0.895618 
539.850281 135.516403 0.894544 
519.240112 134.090942 0.953155 
547.223877 135.497406 0.896662 
18
535.366638 144.355148 0.958114 
533.944641 167.849625 0.957611 
501.643219 164.902100 0.866028 
495.716644 210.521103 0.865273 
513.359375 192.868805 0.868688 
561.864136 169.319229 0.871774 
575.111023 217.835678 0.901970 
535.462341 201.652283 0.841760 
511.934479 254.585861 0.779040 
511.970184 316.384216 0.838811 
513.353455 366.316925 0.835063 
547.257385 256.088837 0.752165 
544.226929 313.407257 0.869387 
545.646484 366.356873 0.833373 
528.087036 135.538620 0.881848 
541.297424 135.565598 0.882931 
519.221924 134.098831 0.935523 
547.261536 135.470230 0.861341 
18
535.373962 144.356049 0.954494 
533.939636 169.253571 0.961059 
501.600891 166.359344 0.861598 
491.326080 216.326706 0.891239 
513.388000 195.806290 0.798401 
561.895020 169.362274 0.868273 
573.684082 217.933563 0.876633 
536.938049 206.038757 0.821388 
511.950806 254.610397 0.773866 
511.970978 317.811493 0.838837 
511.984283 366.326874 0.842147 
547.278748 257.544525 0.747704 
544.236084 313.404205 0.873019 
545.650879 366.360809 0.832237 
528.095337 135.543884 0.887075 
541.320068 135.576462 0.883219 
519.229492 135.449036 0.929842 
547.261353 135.488144 0.833013 
18
535.377502 144.359314 0.958759 
533.946228 169.277100 0.969279 
501.585968 166.393875 0.875026 
488.428406 214.907623 0.928747 
522.229675 204.599564 0.767925 
561.908142 169.362076 0.877512 
572.224304 219.301346 0.893034 
541.306213 206.042465 0.763117 
511.941528 256.103821 0.762798 
511.962097 317.823914 0.839826 
513.340942 366.315033 0.842134 
548.630371 259.014984 0.762588 
544.229980 313.440552 0.867446 
545.644409 366.367615 0.833886 
529.526428 135.547165 0.888925 
541.321472 135.580246 0.885264 
519.277161 134.103714 0.933850 
547.273010 135.505783 0.847820 
