40
1
18
510.383850 201.666428 0.920776 
504.547180 226.613739 0.831284 
481.020569 228.072006 0.828477 
486.959595 264.887817 0.893109 
500.138916 294.291016 0.903581 
525.194580 225.198334 0.819586 
529.542847 261.925873 0.827872 
523.746887 289.883026 0.974814 
491.325500 281.071808 0.768959 
498.608032 314.908630 0.704410 
504.542328 345.772949 0.717855 
520.746765 281.076508 0.786858 
519.234070 322.265076 0.706825 
520.675781 372.253937 0.729324 
503.077209 194.348999 0.911049 
511.975006 194.381470 0.941537 
495.743927 195.774979 0.831106 
519.275085 197.261658 0.452147 
18
510.362610 203.099991 0.929877 
505.988007 226.645935 0.838734 
481.026123 228.087311 0.842316 
486.943115 264.871460 0.898912 
500.091125 295.743256 0.909859 
526.618286 226.628769 0.827910 
528.074951 261.975922 0.830802 
523.682678 289.931427 0.968454 
489.869141 282.516724 0.776668 
498.632050 316.370514 0.652562 
503.070221 345.764740 0.694140 
520.688293 283.976959 0.779947 
516.290100 323.691650 0.761617 
519.254578 373.690674 0.757527 
503.054504 194.379471 0.907731 
511.969238 195.772766 0.925262 
497.145294 195.776169 0.839648 
520.696899 197.287292 0.580160 
18
508.981384 203.139893 0.931635 
506.009430 226.642883 0.845030 
481.039734 228.060593 0.843918 
486.901947 264.843262 0.887638 
498.676544 295.775177 0.906205 
526.636597 226.653152 0.830649 
528.090759 261.952057 0.830831 
523.666199 289.913666 0.984689 
488.442902 282.519440 0.786745 
492.802765 316.380646 0.669680 
503.089417 345.771851 0.763811 
519.222595 284.002441 0.770703 
513.408936 323.712891 0.810641 
519.261169 375.164215 0.751012 
501.644012 194.409927 0.907594 
511.938171 195.812347 0.921171 
497.154144 195.785828 0.836203 
520.690186 198.721619 0.638020 
18
508.953979 203.154068 0.926819 
507.458160 226.641693 0.849340 
482.518890 226.669159 0.846059 
486.862549 263.478729 0.896175 
498.634918 294.309570 0.909253 
528.061462 226.681564 0.836782 
529.513367 263.382416 0.849781 
523.656677 289.912964 0.988027 
489.842773 281.060486 0.787842 
491.312286 314.905975 0.713030 
503.089905 345.728333 0.789873 
519.254517 283.978210 0.763367 
513.383057 323.671173 0.823913 
519.237549 373.716827 0.747448 
501.622589 195.774551 0.909842 
511.917206 195.826492 0.916521 
497.169434 195.804474 0.828306 
520.694275 198.728012 0.710676 
18
508.925934 204.548660 0.930161 
507.486694 226.619675 0.851113 
483.951935 226.626144 0.849055 
486.822479 263.464905 0.885756 
497.203796 294.295898 0.887502 
528.089539 226.660721 0.834779 
529.511536 263.397644 0.860851 
523.619751 289.952179 0.970815 
488.408539 282.516388 0.805661 
491.299133 314.920624 0.690534 
503.056976 345.792725 0.794251 
517.789124 285.425873 0.769567 
511.949646 322.264130 0.835933 
517.798706 373.683655 0.750306 
501.598755 195.829605 0.902632 
511.886047 197.256363 0.904138 
497.173340 195.814102 0.832393 
520.684937 197.307220 0.740095 
18
507.505920 204.560837 0.924874 
507.475128 226.633881 0.860970 
483.954712 226.618683 0.854477 
485.406097 263.438477 0.861333 
495.753296 291.384064 0.883302 
528.075439 228.058411 0.848074 
529.552490 263.363159 0.868507 
523.608337 288.441284 0.989308 
488.342438 283.994324 0.816743 
491.300568 319.297546 0.688099 
503.057312 345.794556 0.778116 
514.860718 285.483124 0.812170 
511.897522 322.234131 0.842034 
517.770935 372.269318 0.746900 
500.209473 195.837906 0.914428 
511.860199 197.276199 0.902451 
497.153381 195.817139 0.799096 
519.276428 198.749557 0.744808 
18
503.093231 204.545959 0.910713 
507.453918 226.653061 0.863622 
483.937805 226.639694 0.865150 
481.025085 263.432617 0.849452 
495.696564 288.478455 0.900383 
528.051514 228.057709 0.845193 
528.086182 257.566101 0.813563 
523.717346 281.098450 0.831264 
486.947144 282.548615 0.788137 
489.888306 319.291016 0.710820 
503.064117 344.312317 0.761946 
513.403687 284.002563 0.797241 
510.461334 320.756470 0.846424 
519.232117 372.241058 0.744679 
500.089478 195.827744 0.958186 
510.416931 197.288895 0.894565 
494.266968 195.834061 0.640446 
517.787781 200.200302 0.785270 
18
500.208282 204.565689 0.961009 
504.561249 225.184357 0.847028 
482.468597 223.754303 0.850836 
476.646667 260.497467 0.881392 
494.237335 285.457397 0.842244 
525.185547 226.629929 0.857482 
528.106018 253.200424 0.813193 
526.605774 273.732391 0.766111 
488.358734 279.599426 0.811571 
488.454254 320.792725 0.791784 
501.642212 345.714233 0.771472 
513.404541 279.616089 0.792780 
510.491882 322.194641 0.899995 
519.242126 372.215210 0.764099 
498.645111 195.839432 0.943587 
508.953735 197.293793 0.870587 
489.891998 195.768982 0.379591 
517.781128 198.751465 0.773685 
18
500.108032 204.564041 0.956309 
504.530182 225.180405 0.839236 
481.027283 223.699402 0.854431 
475.174713 256.097900 0.887910 
495.688446 273.714966 0.849993 
526.584656 228.063400 0.844032 
528.075073 254.648285 0.679286 
530.993103 263.384308 0.533042 
488.419617 278.161072 0.842057 
488.386932 319.279053 0.790190 
501.611847 344.259796 0.799431 
517.796265 279.607025 0.781327 
510.448151 320.769379 0.874304 
519.218750 372.239166 0.735211 
497.227509 195.851868 0.915478 
506.046173 198.749130 0.838140 
489.861359 194.365036 0.208253 
514.849915 201.691330 0.783551 
18
498.667877 204.642319 0.959104 
503.077362 225.182098 0.875313 
481.038971 222.276611 0.842661 
475.100800 257.548553 0.832603 
494.266724 264.883759 0.746515 
525.141174 228.075745 0.833588 
534.001099 260.486053 0.885467 
535.494568 231.068069 0.871134 
488.432953 281.044006 0.826405 
488.447357 320.757263 0.815596 
501.629333 344.312500 0.809735 
517.793091 281.074341 0.764554 
510.422638 322.186523 0.884377 
519.217651 373.681335 0.742391 
495.724670 198.756378 0.882278 
503.111938 201.691132 0.856429 
0.000000 0.000000 0.000000 
513.401978 204.547714 0.835478 
18
497.196777 206.020432 0.949573 
501.656403 225.195724 0.885945 
481.035339 223.703873 0.837114 
475.090210 259.010376 0.855170 
497.158691 253.143829 0.839403 
523.728333 226.670715 0.828984 
535.497986 253.210510 0.903443 
535.376526 226.657867 0.888421 
488.429138 279.609650 0.839490 
489.835297 320.779755 0.789028 
501.586456 344.311462 0.780273 
516.312134 281.048309 0.781419 
510.441925 322.196381 0.876728 
519.222900 372.246796 0.759550 
492.788727 200.219543 0.909338 
501.614899 203.128601 0.893034 
0.000000 0.000000 0.000000 
513.377319 204.594193 0.846060 
18
497.148163 206.049728 0.943471 
501.622528 223.715942 0.902184 
479.569214 223.721436 0.861604 
475.176819 261.892212 0.877569 
494.259033 242.858398 0.827428 
523.740662 225.166733 0.803133 
536.886230 253.075623 0.929847 
533.903198 219.344299 0.840767 
488.420380 278.178345 0.824285 
489.838684 320.786743 0.796758 
501.607574 344.290314 0.785880 
516.309021 279.577087 0.772797 
510.442596 320.781067 0.878208 
519.222229 372.254883 0.745002 
491.322540 201.674820 0.919560 
500.166351 203.156342 0.906888 
0.000000 0.000000 0.000000 
511.907928 204.600830 0.847864 
18
491.346802 204.673401 0.922267 
501.667145 219.363892 0.910593 
481.032959 222.286072 0.848855 
476.588837 259.003113 0.867315 
495.728302 235.499588 0.810185 
523.691956 219.321976 0.802853 
536.939941 253.096832 0.930416 
528.070679 219.351761 0.740025 
489.833923 278.139191 0.771269 
489.835815 320.750946 0.794647 
501.644562 344.285980 0.764160 
517.785461 278.115936 0.767555 
510.473175 320.770325 0.875730 
519.235596 372.230255 0.765372 
489.820068 200.227692 0.872684 
498.665833 203.109161 0.913647 
0.000000 0.000000 0.000000 
510.439972 203.166351 0.794834 
18
491.315308 204.679977 0.953806 
501.638855 220.821106 0.909199 
481.037140 222.284286 0.875078 
478.073761 254.659531 0.847942 
497.160706 231.064758 0.827053 
523.683411 220.799164 0.821473 
538.343933 254.590424 0.904247 
532.455444 229.615189 0.817411 
489.822327 276.723328 0.801234 
489.847473 320.742035 0.802533 
501.619446 344.281158 0.776930 
517.765137 276.727661 0.805290 
510.476929 320.737000 0.893211 
519.242493 372.239258 0.762311 
488.435455 201.654572 0.932683 
498.638947 203.123703 0.938114 
0.000000 0.000000 0.000000 
510.412079 203.174576 0.847160 
18
489.888367 204.669525 0.957766 
501.584473 220.803131 0.900259 
479.568634 222.254272 0.873626 
481.035919 253.141296 0.796989 
498.695709 228.132523 0.753137 
523.670044 220.783875 0.805878 
538.361328 254.646637 0.884126 
529.545532 229.674515 0.886115 
488.460754 276.731415 0.802308 
489.883057 320.764099 0.799909 
501.659698 344.256622 0.769259 
517.755798 278.104462 0.788832 
510.476227 320.756165 0.899600 
519.240295 370.798645 0.770031 
488.359436 201.645325 0.951989 
498.606140 203.081665 0.916831 
0.000000 0.000000 0.000000 
510.380707 203.093704 0.831772 
18
489.855286 204.620499 0.961944 
500.224792 220.783966 0.899664 
479.564362 220.765396 0.880804 
482.490570 251.711441 0.824705 
500.175201 225.211395 0.722742 
523.644531 220.813766 0.809539 
541.311890 254.657791 0.863806 
528.093628 229.654999 0.867677 
488.434509 278.117554 0.809911 
489.897217 320.788483 0.800171 
503.078491 344.256042 0.736683 
516.335876 278.125916 0.786869 
510.479736 320.769318 0.891342 
519.227417 372.222961 0.757695 
488.333740 200.182343 0.930756 
497.203278 200.216049 0.884649 
0.000000 0.000000 0.000000 
510.354706 200.216187 0.821519 
18
489.815979 204.579788 0.988451 
501.652954 219.345535 0.898721 
481.038025 219.362000 0.893576 
483.982361 251.691376 0.846301 
500.167206 226.674835 0.784154 
523.721619 220.763840 0.831866 
544.234070 254.640503 0.887960 
525.187012 232.567520 0.861085 
488.428192 276.703003 0.836890 
489.892456 320.781342 0.819133 
503.070099 342.838928 0.745379 
517.754517 276.720093 0.802201 
510.482178 320.783905 0.899074 
519.226257 372.209808 0.757894 
488.316162 198.716644 0.917503 
497.145264 198.743515 0.874168 
0.000000 0.000000 0.000000 
510.352631 198.748398 0.850683 
18
488.432312 204.575912 1.014642 
501.622009 219.359955 0.902147 
481.022766 220.775711 0.892386 
483.974365 251.705078 0.828780 
500.140198 228.093842 0.797459 
523.688904 220.773712 0.838611 
545.686707 253.181076 0.910036 
525.106323 239.929077 0.949718 
488.442108 276.693512 0.822633 
489.877106 320.748596 0.808348 
503.075134 342.825470 0.741852 
516.329407 276.717987 0.803640 
510.475555 320.748016 0.886786 
519.236755 372.218109 0.754510 
486.928040 197.304276 0.919465 
495.724030 197.300705 0.873544 
0.000000 0.000000 0.000000 
508.956024 198.715317 0.822326 
18
488.440521 204.580078 1.007285 
501.604889 220.784897 0.905162 
479.555511 222.274155 0.884366 
483.939972 253.152771 0.783598 
498.691406 228.114212 0.807061 
523.726440 220.766083 0.846300 
545.730469 253.117279 0.916522 
523.642151 242.817764 0.901875 
489.856232 278.120880 0.794457 
488.446747 320.730621 0.814686 
501.635468 344.267456 0.776476 
519.260193 276.718872 0.817191 
510.485596 320.736542 0.900246 
519.242249 372.228149 0.767418 
486.908325 198.737244 0.934429 
495.722107 197.260971 0.882149 
0.000000 0.000000 0.000000 
508.923096 195.856369 0.797755 
18
488.456390 203.158524 0.981259 
501.596649 220.818893 0.897590 
481.000153 223.744080 0.875511 
483.950500 254.593842 0.788001 
500.100983 228.094330 0.801292 
523.691284 220.776611 0.845600 
547.156494 253.077652 0.914125 
528.059265 250.221954 0.887441 
489.885498 278.142639 0.811973 
488.450104 319.313995 0.817081 
501.663788 342.837372 0.772663 
519.272278 276.717407 0.811079 
510.474854 319.285095 0.896002 
519.237061 372.224792 0.756231 
486.924652 197.259232 0.938544 
495.724792 195.791367 0.902317 
0.000000 0.000000 0.000000 
508.899414 195.786926 0.815570 
18
489.824371 201.689392 0.955344 
501.610046 220.812546 0.891619 
481.008911 223.741241 0.853487 
482.491150 256.107819 0.778170 
500.112976 228.180191 0.806974 
523.723511 219.368912 0.829170 
547.157654 253.086792 0.861779 
532.490356 250.151367 0.862483 
489.892151 278.131042 0.797993 
489.825317 319.283234 0.808663 
503.076843 344.251495 0.755710 
519.263000 276.711914 0.817546 
510.469543 317.829315 0.880189 
519.246155 372.218475 0.739214 
486.952423 195.782700 0.954190 
497.153961 194.389359 0.917726 
0.000000 0.000000 0.000000 
508.951263 195.816925 0.819191 
18
489.837341 201.637680 0.941332 
500.190735 220.810303 0.897205 
479.560638 223.710556 0.853027 
483.954590 257.527039 0.819308 
500.162689 232.522430 0.723960 
523.623962 220.785812 0.828039 
544.260925 253.125931 0.789938 
534.007385 242.836700 0.737762 
489.854431 278.137390 0.799922 
489.835449 319.310577 0.796549 
503.060760 344.284119 0.776978 
519.227173 276.697632 0.828753 
510.481842 319.303009 0.871533 
519.228760 372.238068 0.743009 
488.321045 194.388260 0.961610 
497.189240 194.363129 0.922208 
0.000000 0.000000 0.000000 
510.347839 195.852631 0.811091 
18
489.846802 203.112396 0.946171 
501.626099 219.353317 0.900764 
479.562561 220.817490 0.844424 
481.023712 260.469238 0.826271 
500.201813 238.388657 0.729359 
523.736267 219.336075 0.797141 
542.746826 253.139267 0.862988 
533.877563 228.113663 0.938471 
488.462067 278.131744 0.793020 
489.862396 320.723907 0.775897 
501.624207 344.314240 0.787409 
519.237061 276.712158 0.805832 
510.498047 319.294250 0.863190 
519.240479 372.241913 0.744055 
488.334808 195.804367 0.941967 
497.199310 195.800720 0.890740 
0.000000 0.000000 0.000000 
510.402466 197.262024 0.826105 
18
489.863892 203.085129 0.944837 
501.638977 222.239395 0.887134 
481.036865 222.255768 0.837349 
478.124512 260.462097 0.836280 
500.218597 241.356369 0.833194 
523.695557 222.265747 0.779745 
544.237122 251.716599 0.880797 
532.494080 222.254623 0.883742 
488.458923 278.167542 0.804740 
489.877502 320.744415 0.783715 
501.642761 344.311340 0.791317 
516.322510 278.138428 0.785681 
510.500061 320.735321 0.875860 
519.265686 372.237579 0.748242 
488.405029 195.783020 0.906275 
498.588501 195.809341 0.908509 
0.000000 0.000000 0.000000 
510.445648 198.762268 0.803806 
18
489.898743 201.688004 0.913148 
501.602997 219.344193 0.911783 
479.578491 222.239380 0.838362 
476.565430 260.483185 0.860333 
500.204773 244.317108 0.826643 
523.641602 219.357697 0.799008 
545.657959 251.607376 0.880210 
532.450989 226.644821 0.870626 
488.408813 278.145142 0.844791 
489.880585 320.724609 0.778985 
501.632477 344.273682 0.793366 
514.875671 278.102112 0.797552 
511.844208 320.735748 0.908025 
519.234009 372.229584 0.750298 
488.423370 194.397034 0.943226 
498.646790 195.791168 0.923477 
0.000000 0.000000 0.000000 
510.489319 198.714050 0.815071 
18
491.353241 200.202454 0.876429 
501.608246 220.789703 0.869914 
479.585754 222.280060 0.820221 
475.081299 261.893829 0.846734 
498.680878 251.646561 0.872113 
523.642822 220.784546 0.828012 
545.681335 251.690323 0.908767 
532.435486 229.629929 0.759971 
488.458374 279.595978 0.838246 
489.876099 320.742798 0.788103 
501.654572 344.288177 0.779935 
517.762695 278.157623 0.792337 
511.837097 320.743103 0.888189 
519.221313 372.230652 0.731678 
488.459991 194.338272 0.975107 
498.705658 194.358170 0.957165 
0.000000 0.000000 0.000000 
511.869659 195.818466 0.838050 
18
495.744812 198.740158 0.879630 
501.661011 219.376846 0.859912 
478.130249 223.704254 0.820184 
467.825989 259.029938 0.803098 
495.714905 253.163422 0.851593 
525.158264 219.343048 0.829349 
545.724243 251.722534 0.938368 
529.537170 235.473785 0.810704 
488.438660 279.604034 0.841199 
489.883148 320.721039 0.793963 
501.635284 344.285736 0.783624 
517.804138 279.577179 0.782854 
511.846832 320.763519 0.884965 
519.236145 372.248108 0.733721 
489.889069 194.299759 0.988221 
500.149963 194.318680 0.966957 
0.000000 0.000000 0.000000 
511.912628 195.777618 0.847306 
18
497.214630 198.716049 0.895381 
503.055328 220.777237 0.853292 
479.543610 223.718048 0.827562 
464.902161 257.518097 0.857587 
489.867401 256.069977 0.844556 
525.150146 219.371826 0.829722 
547.138306 251.693573 0.907515 
526.601379 239.948807 0.819328 
489.826324 278.167023 0.851354 
491.302979 320.734161 0.790870 
501.655823 344.273163 0.763788 
519.260803 278.174652 0.806831 
511.856903 320.753296 0.902695 
519.238586 372.239929 0.740993 
491.331116 194.284500 0.975705 
500.204407 194.291138 0.950714 
489.834595 194.316422 0.137894 
511.934357 194.380585 0.846047 
18
500.078064 197.243011 0.937108 
503.065735 220.785034 0.862160 
478.129608 225.164474 0.835764 
466.348816 254.622162 0.855822 
486.945587 260.494904 0.859011 
526.577820 220.774109 0.832646 
547.245789 253.069046 0.896661 
525.151611 242.829117 0.922393 
489.865967 278.167175 0.836265 
489.903870 320.750153 0.787227 
501.657440 344.284607 0.766043 
520.683472 278.151428 0.819344 
511.858429 320.745056 0.903491 
519.233276 372.212677 0.752491 
495.735138 194.263702 0.970244 
503.106659 192.909653 0.911905 
488.418396 194.378952 0.566891 
511.956177 194.334000 0.903828 
18
501.592316 195.850128 0.911576 
501.641296 222.240067 0.867706 
478.095337 225.201477 0.851874 
467.771057 253.197189 0.839692 
482.507294 260.497345 0.796139 
525.163208 222.237961 0.840610 
548.692444 251.665024 0.891531 
528.060486 248.704437 0.836438 
489.888733 279.587585 0.823574 
491.292389 320.762756 0.800820 
501.657806 344.273804 0.740455 
520.671692 278.176666 0.818124 
511.886719 320.752563 0.908589 
519.217285 370.767334 0.762895 
498.608093 194.265945 0.967523 
508.915588 192.896973 0.924251 
489.817383 195.814133 0.852587 
513.353088 194.336456 0.832166 
18
507.497528 197.258133 0.867635 
501.612976 222.269516 0.869676 
478.059540 226.626190 0.871886 
466.335358 253.198135 0.815270 
476.692078 260.473114 0.843434 
525.128601 220.797852 0.860575 
548.708801 250.190308 0.896588 
525.176880 251.715622 0.923756 
489.858978 284.012177 0.826981 
489.878204 320.792297 0.787388 
501.649353 345.728546 0.773193 
520.713684 282.560059 0.791440 
511.925262 322.212189 0.881259 
519.265137 373.719574 0.757660 
500.146729 194.291580 0.959824 
510.453278 192.921509 0.985864 
489.870453 195.853851 0.838705 
513.348999 194.342285 0.320149 
18
510.484772 197.263123 0.925174 
501.599518 220.801407 0.877755 
478.060120 225.213318 0.860877 
464.850647 254.580002 0.796753 
475.147339 259.008270 0.787094 
525.126404 220.761032 0.843379 
547.241943 250.214630 0.902159 
523.647217 242.824936 0.965181 
489.833191 282.550751 0.809973 
489.897400 320.776550 0.769532 
503.074219 345.711945 0.778463 
520.682556 279.614014 0.805758 
511.872681 320.752838 0.877599 
519.270020 373.673279 0.747143 
504.534790 194.254089 0.913682 
513.343933 192.904053 0.947011 
491.351654 195.833588 0.804613 
0.000000 0.000000 0.000000 
18
513.354370 198.737503 0.872238 
501.609558 219.356857 0.886259 
478.092316 225.172424 0.838517 
464.798553 254.585480 0.758369 
475.153748 257.567749 0.769183 
525.112793 217.922440 0.870197 
545.636292 250.179169 0.916853 
520.687317 233.998993 0.823751 
488.448364 282.561462 0.820091 
491.335144 320.790527 0.757031 
501.668823 345.710907 0.772155 
519.251709 279.636871 0.780481 
511.916473 320.755615 0.873897 
519.251953 372.254028 0.756737 
510.356537 194.330261 0.942852 
516.309937 194.303513 0.854192 
495.699860 195.853867 0.795685 
0.000000 0.000000 0.000000 
18
514.820129 197.287521 0.850912 
500.222748 219.346390 0.913112 
476.694641 226.621689 0.879830 
461.907104 254.613968 0.802204 
475.159576 257.547638 0.711258 
523.731995 217.836670 0.921008 
535.450256 242.847015 0.925557 
513.364502 226.656464 0.795290 
488.426514 281.057617 0.811292 
492.773071 320.782043 0.736974 
503.064575 344.304016 0.735167 
517.771912 278.132263 0.778481 
511.925079 320.725555 0.866412 
519.239441 372.255737 0.746235 
510.405518 194.310120 0.983485 
517.776123 194.269531 0.840604 
494.259399 197.302170 0.782927 
0.000000 0.000000 0.000000 
18
514.836487 197.257889 0.848796 
501.585480 219.298828 0.917110 
476.694244 225.216507 0.872837 
463.352722 256.096069 0.772116 
476.629761 256.050903 0.748857 
523.721741 216.416092 0.907302 
533.952148 241.357025 0.952653 
510.443542 222.229706 0.776880 
488.434845 281.049591 0.811233 
491.332703 319.312195 0.742706 
501.667969 344.285004 0.761199 
517.776062 278.118805 0.785243 
511.905121 319.277039 0.866531 
519.253418 372.214966 0.727105 
510.397491 194.303680 0.996659 
517.792114 192.916611 0.865068 
494.282593 198.719147 0.782878 
0.000000 0.000000 0.000000 
18
513.430725 197.281097 0.849783 
500.215363 219.303253 0.926327 
476.688080 225.215088 0.884026 
464.823975 261.929779 0.789095 
476.646149 251.657227 0.881597 
523.705933 216.426270 0.916626 
533.996948 241.414047 0.947017 
510.479340 223.709106 0.777900 
488.413971 281.092102 0.826426 
489.903107 320.713623 0.765939 
503.067535 344.272064 0.769135 
517.762024 278.147491 0.777041 
511.909943 320.721832 0.873362 
519.272217 373.698578 0.729113 
510.396393 194.312881 0.984444 
517.760193 194.273773 0.834023 
494.282135 198.721954 0.794955 
0.000000 0.000000 0.000000 
18
513.401001 197.246750 0.875677 
501.586609 219.330948 0.914617 
476.689697 223.732468 0.858725 
466.367493 261.919739 0.831012 
481.001007 242.876770 0.861365 
523.732178 217.867111 0.913008 
538.347412 244.325989 0.840842 
514.820923 229.576508 0.826414 
488.450439 281.060730 0.820875 
489.907745 322.172424 0.776034 
503.066589 344.256317 0.730415 
519.265259 278.131287 0.785114 
511.881836 320.726257 0.883307 
519.246216 372.228485 0.735935 
510.360779 194.269501 0.966889 
516.316101 192.904083 0.846778 
494.274994 197.248795 0.805408 
0.000000 0.000000 0.000000 
18
511.966309 195.846115 0.902954 
501.582336 219.321564 0.908336 
476.666412 222.231079 0.855669 
466.334076 257.559387 0.798048 
479.566895 238.387589 0.822764 
523.702393 217.908539 0.896272 
542.795715 247.273514 0.833290 
514.827942 231.080597 0.832220 
488.407318 281.048981 0.829681 
489.875519 322.171722 0.804773 
503.074951 345.708130 0.736676 
517.788818 278.155609 0.783661 
511.860565 320.756104 0.877208 
519.256592 372.230133 0.736310 
508.931396 192.922989 0.931860 
514.839355 192.884857 0.878590 
494.242676 195.822693 0.817695 
0.000000 0.000000 0.000000 
18
511.942810 195.844681 0.923102 
500.228058 217.904404 0.924305 
476.656677 219.310318 0.885595 
464.862579 254.654648 0.831530 
482.515472 229.667633 0.942055 
523.685791 217.892181 0.881911 
545.740723 250.165970 0.916022 
520.683960 236.986237 0.839615 
488.386902 281.073364 0.811888 
489.876282 320.771332 0.787505 
501.666626 344.305695 0.750824 
517.796204 278.151093 0.784997 
511.845612 320.733063 0.849078 
519.255615 372.257385 0.736187 
508.920410 192.903259 0.931705 
514.840515 192.877945 0.893283 
492.817902 194.408844 0.827003 
0.000000 0.000000 0.000000 
18
511.961060 195.791977 0.932946 
503.073547 217.906204 0.884248 
481.009308 219.320511 0.806989 
464.915100 253.093109 0.857678 
481.017944 228.186432 0.872676 
523.726868 217.878098 0.869513 
547.131226 250.152695 0.914788 
522.144653 238.435013 0.936820 
488.405640 279.593414 0.823669 
489.867340 320.769470 0.822631 
503.062866 345.713165 0.761380 
516.332397 278.143616 0.784290 
511.881775 320.740997 0.872942 
519.268494 370.780304 0.744184 
508.912781 192.886230 0.931142 
514.833374 192.840347 0.893141 
494.269958 195.803345 0.806203 
0.000000 0.000000 0.000000 
