30
1
18
531.000732 156.072922 0.882755 
504.556732 189.885147 0.744795 
511.877136 192.842651 0.840401 
513.406006 238.442108 0.860294 
526.630615 266.384064 0.887789 
498.638489 184.068359 0.668310 
469.262848 211.951950 0.537391 
475.180145 200.207169 0.468756 
511.951050 261.953857 0.772008 
523.728394 304.607544 0.843583 
510.376770 350.184174 0.822911 
501.617676 259.011383 0.664461 
508.971985 303.137238 0.818159 
503.084595 347.252197 0.652473 
525.133545 147.341904 0.901205 
0.000000 0.000000 0.000000 
511.925934 151.663132 0.777413 
0.000000 0.000000 0.000000 
18
531.015442 156.038864 0.876696 
504.573822 191.331314 0.773088 
511.910980 192.880508 0.844723 
513.423706 238.425430 0.859551 
528.102783 266.348602 0.899730 
498.638763 186.946838 0.689350 
469.290070 211.968552 0.506339 
475.183105 201.692429 0.463591 
511.963928 261.933655 0.766775 
525.167542 303.143127 0.861468 
510.401520 348.744659 0.847630 
501.597595 257.566559 0.682578 
508.940582 301.680695 0.841688 
501.663513 345.760529 0.668689 
525.125366 147.323151 0.906106 
0.000000 0.000000 0.000000 
511.928375 151.701950 0.780031 
0.000000 0.000000 0.000000 
18
531.017822 154.652603 0.873549 
505.999908 191.346680 0.780476 
511.913544 192.882065 0.849826 
513.407043 238.395340 0.868905 
529.527649 266.338196 0.902284 
498.659882 186.966721 0.700716 
469.276825 211.981262 0.525300 
475.151733 201.693481 0.474210 
513.355713 261.921448 0.761081 
526.625549 301.690765 0.856800 
510.388611 348.715393 0.835076 
501.588074 257.563751 0.706998 
508.917969 301.645538 0.861542 
503.067139 345.772858 0.670614 
525.117004 147.322098 0.906441 
0.000000 0.000000 0.000000 
511.923737 153.142090 0.778316 
0.000000 0.000000 0.000000 
18
531.025635 156.081070 0.872256 
504.574493 191.395081 0.802657 
511.932709 192.892059 0.845230 
513.431274 238.388428 0.863083 
529.530579 266.344849 0.903176 
498.629059 188.437363 0.716700 
469.262299 211.990021 0.550379 
475.123016 201.641159 0.485221 
513.350098 261.939758 0.769769 
526.598572 303.130859 0.860789 
510.346710 348.718506 0.824483 
500.196289 259.005737 0.724391 
507.508606 303.111572 0.833494 
501.645050 347.224670 0.693383 
525.151550 147.350922 0.881538 
0.000000 0.000000 0.000000 
511.964966 153.136642 0.766608 
0.000000 0.000000 0.000000 
18
532.443298 156.061615 0.898176 
506.034821 191.383118 0.801630 
511.978973 194.308777 0.825700 
516.301941 238.423737 0.850116 
529.537476 266.349213 0.907150 
498.639130 186.982773 0.704610 
469.274933 211.990112 0.510608 
475.126709 201.651871 0.482584 
513.349487 261.948334 0.766384 
523.709534 304.597137 0.869658 
508.950775 348.734100 0.822381 
501.596466 258.993744 0.705986 
508.938110 303.106567 0.822427 
501.624756 345.802856 0.688853 
525.169983 147.342636 0.890461 
0.000000 0.000000 0.000000 
511.962402 153.132767 0.774773 
0.000000 0.000000 0.000000 
18
532.450562 154.648727 0.894619 
507.453979 189.918152 0.772634 
511.956543 192.885605 0.830664 
516.319275 238.404526 0.842834 
529.558044 266.397156 0.883464 
498.667084 185.483963 0.697739 
469.260956 211.992157 0.472146 
475.125000 201.702347 0.458877 
511.942566 261.945465 0.772020 
522.183044 306.082825 0.869617 
508.923553 351.635834 0.806631 
500.184814 257.565613 0.696279 
507.502869 303.158630 0.765381 
501.651825 345.772552 0.649024 
525.168396 147.323166 0.897759 
0.000000 0.000000 0.000000 
511.958435 151.698166 0.782866 
0.000000 0.000000 0.000000 
18
532.435791 154.634201 0.896474 
508.939850 189.918869 0.774446 
511.961243 192.879547 0.828517 
516.303467 236.951416 0.834359 
529.539124 266.372284 0.876652 
501.586456 185.503616 0.661744 
467.794708 214.851532 0.423734 
475.087524 203.100204 0.414526 
511.928680 261.944153 0.790256 
520.730225 306.061523 0.833350 
508.949524 351.659576 0.800966 
500.189026 257.535767 0.669288 
507.507172 303.138458 0.747775 
503.079590 345.738129 0.600809 
525.150208 147.332092 0.902863 
0.000000 0.000000 0.000000 
511.955444 154.592148 0.771432 
0.000000 0.000000 0.000000 
18
532.450378 154.625549 0.888509 
508.960449 189.895203 0.805162 
511.924469 192.892975 0.833505 
516.330444 234.020828 0.779551 
528.081421 266.380005 0.870475 
501.645447 185.502274 0.674392 
522.132446 228.063705 0.444011 
535.513367 231.075531 0.838772 
511.874451 261.979675 0.801763 
516.314758 310.400421 0.835181 
508.953033 351.668427 0.777564 
500.159241 257.552032 0.659532 
504.576385 307.498901 0.697480 
504.567017 347.220184 0.628516 
525.168335 147.318558 0.894836 
0.000000 0.000000 0.000000 
511.962952 153.139862 0.768005 
0.000000 0.000000 0.000000 
18
532.449707 156.052216 0.912910 
508.926392 189.897583 0.792589 
511.912140 194.282059 0.843994 
514.848389 238.424255 0.842774 
528.066528 269.318848 0.875193 
501.634583 184.067551 0.689799 
523.631470 211.962433 0.349004 
544.261780 216.400253 0.725863 
511.899963 263.382996 0.796896 
513.425171 310.447510 0.858388 
508.943726 351.664703 0.790502 
501.638031 259.036865 0.639336 
506.038147 307.511871 0.664298 
504.579132 345.800781 0.631640 
525.188171 147.336121 0.889577 
0.000000 0.000000 0.000000 
511.971283 153.129349 0.783641 
0.000000 0.000000 0.000000 
18
531.017944 153.158600 0.843899 
507.470612 189.890610 0.793372 
511.875610 194.325974 0.854909 
514.864868 238.385147 0.861567 
526.598511 269.306274 0.900494 
501.629730 185.477234 0.698835 
526.623169 200.213806 0.568652 
545.755310 191.328583 0.860840 
511.881531 261.977814 0.799368 
511.987946 310.453430 0.851174 
507.489777 351.629272 0.760021 
501.591034 259.007355 0.656316 
504.574799 307.514343 0.646721 
504.572083 347.211426 0.627352 
525.151733 147.303955 0.893614 
0.000000 0.000000 0.000000 
513.360046 151.680038 0.778391 
0.000000 0.000000 0.000000 
18
529.552917 154.593719 0.772001 
507.505707 185.522156 0.777236 
510.408051 192.816925 0.793409 
513.398071 236.941757 0.853650 
526.586975 270.764679 0.864740 
506.030243 182.560120 0.700366 
530.994263 201.697250 0.741512 
544.229431 181.039993 0.943318 
511.843292 261.942993 0.796560 
511.951416 310.476288 0.858614 
507.485870 351.639893 0.762099 
500.193848 257.559082 0.640166 
504.552704 307.523529 0.642845 
504.574402 347.205109 0.611070 
525.162720 147.332092 0.847442 
0.000000 0.000000 0.000000 
513.411926 151.663483 0.757887 
0.000000 0.000000 0.000000 
18
529.541626 157.519333 0.555772 
510.467987 186.980881 0.797055 
510.434113 194.300476 0.820189 
513.410217 238.408127 0.862206 
526.597534 272.259705 0.863161 
511.885010 181.120270 0.717426 
535.381042 198.727966 0.927385 
539.839600 172.280655 0.960732 
511.849152 261.937195 0.784181 
511.915436 310.503571 0.846559 
507.506195 351.639832 0.765636 
506.023132 259.000641 0.577455 
504.569977 308.957397 0.625062 
504.558441 345.789307 0.584409 
523.753479 153.144989 0.664435 
0.000000 0.000000 0.000000 
514.855957 157.515945 0.714143 
0.000000 0.000000 0.000000 
18
530.987244 148.743286 0.558167 
511.873108 182.593826 0.859496 
510.409973 192.835754 0.774234 
513.377075 239.813309 0.842415 
526.609680 270.803833 0.843304 
516.285645 179.605728 0.724863 
536.888672 195.849945 0.924342 
536.957458 169.345840 1.038737 
510.477936 261.927307 0.765466 
511.960022 310.437073 0.837528 
507.500244 351.626190 0.760067 
508.924408 257.565247 0.557294 
508.903595 306.067017 0.611537 
504.550690 345.785400 0.612429 
523.733765 147.257416 0.685170 
0.000000 0.000000 0.000000 
514.825989 154.601471 0.681524 
0.000000 0.000000 0.000000 
18
528.096619 150.253433 0.547165 
511.920990 184.037140 0.847408 
510.432587 194.284317 0.804649 
513.381042 239.861526 0.861812 
526.598267 272.227234 0.853170 
517.771057 181.071274 0.744641 
538.361145 195.849701 0.912653 
536.942200 169.316544 1.049922 
510.486572 261.935364 0.762603 
511.958313 310.456787 0.844020 
507.502289 351.638458 0.765166 
507.495178 259.000549 0.562024 
507.481415 307.502930 0.608684 
504.556244 345.796600 0.592850 
523.706665 147.355789 0.678434 
0.000000 0.000000 0.000000 
513.406738 156.080887 0.714672 
0.000000 0.000000 0.000000 
18
528.075867 150.243195 0.570043 
511.888550 184.052887 0.831609 
510.419678 192.880737 0.792628 
513.355347 239.846832 0.869119 
525.182800 272.213287 0.858140 
516.316223 181.089386 0.735608 
539.818298 197.291885 0.867177 
536.904358 170.740341 1.053824 
511.846893 261.959564 0.771807 
511.953857 310.470673 0.847690 
507.507660 351.662354 0.760408 
507.486938 259.025208 0.564030 
507.465881 307.546478 0.619575 
504.576599 347.194702 0.589671 
523.686218 147.339386 0.710171 
0.000000 0.000000 0.000000 
513.348511 156.065781 0.712561 
0.000000 0.000000 0.000000 
18
526.608887 148.771561 0.541732 
511.895386 185.531799 0.813372 
510.434601 194.302368 0.815913 
513.362244 239.897964 0.867581 
525.187744 273.684113 0.852590 
516.322021 182.527008 0.717380 
538.400024 198.756424 0.872746 
536.885254 170.753052 1.050376 
511.846344 261.966461 0.778419 
511.968994 310.469421 0.838576 
507.490723 351.635376 0.753916 
507.458069 260.463959 0.571349 
507.458771 307.534027 0.615994 
504.565918 345.796906 0.602662 
523.650635 147.300980 0.647378 
0.000000 0.000000 0.000000 
513.359009 156.105042 0.695292 
0.000000 0.000000 0.000000 
18
525.152954 154.603226 0.470459 
511.878662 186.986267 0.809517 
510.430145 194.322388 0.830300 
513.357117 239.902924 0.872208 
525.188538 273.700226 0.864362 
516.295898 182.563858 0.720628 
538.385620 200.226288 0.887879 
536.890991 170.839142 1.044806 
510.485413 261.958527 0.781193 
511.985931 310.479340 0.842136 
507.485291 351.642303 0.758743 
507.497345 260.463623 0.573013 
508.915588 307.542419 0.608689 
505.995087 345.790070 0.598954 
523.610229 150.211716 0.560229 
0.000000 0.000000 0.000000 
513.355591 157.592194 0.706642 
0.000000 0.000000 0.000000 
18
525.195496 157.541443 0.498533 
511.859344 186.985489 0.815184 
510.425201 194.276382 0.843463 
511.990387 239.886993 0.884927 
525.167664 273.685211 0.860974 
514.851013 182.586670 0.713792 
536.953003 203.094666 0.927241 
536.900391 170.871384 1.051857 
511.846283 261.960358 0.779831 
511.967834 310.469696 0.836392 
507.504791 350.210632 0.760218 
507.485962 260.466187 0.577557 
508.907043 307.534027 0.627216 
506.015808 345.784790 0.615021 
523.635620 154.613541 0.595225 
0.000000 0.000000 0.000000 
513.365051 159.012207 0.732962 
0.000000 0.000000 0.000000 
18
530.984741 151.697937 0.554278 
511.908966 182.589462 0.842843 
510.436676 189.907349 0.778763 
513.356323 239.886703 0.818619 
525.181213 273.707031 0.860587 
517.778198 181.045822 0.690280 
535.494568 203.141083 0.936825 
536.911377 172.297501 1.038773 
510.449677 260.465118 0.749629 
511.916901 310.434906 0.805032 
507.498322 353.101471 0.741172 
510.392853 257.519745 0.537049 
510.492615 306.077179 0.616657 
508.952209 345.804565 0.638397 
525.125183 148.730881 0.664158 
0.000000 0.000000 0.000000 
513.429993 154.619141 0.671433 
0.000000 0.000000 0.000000 
18
533.903687 153.164520 0.736738 
510.484375 182.593765 0.789531 
510.475067 191.355530 0.774502 
513.353027 239.829239 0.830740 
525.182129 273.722046 0.867017 
511.897217 179.606598 0.677910 
535.393311 203.172806 0.950723 
538.386658 178.137115 0.997776 
510.462585 260.495697 0.765462 
511.923309 310.491577 0.816522 
507.468231 353.091187 0.733229 
507.460449 257.543365 0.547112 
510.380554 308.959473 0.609781 
507.517334 347.187592 0.608442 
528.079956 148.722824 0.770576 
0.000000 0.000000 0.000000 
516.303406 154.601273 0.696147 
0.000000 0.000000 0.000000 
18
533.885742 147.335922 0.878023 
511.849701 181.143356 0.808981 
510.465881 188.448654 0.811353 
513.353577 236.980423 0.795681 
525.192322 273.687347 0.857081 
511.913055 178.130798 0.634777 
533.892395 204.634750 0.797016 
541.323792 182.539261 0.967265 
510.458679 260.477936 0.767164 
511.917267 310.439453 0.805833 
507.493561 353.105591 0.739253 
507.492615 256.090759 0.554158 
510.434448 306.079315 0.608221 
508.924347 347.190704 0.624050 
528.051819 145.835510 0.841518 
0.000000 0.000000 0.000000 
516.317017 150.192032 0.749795 
0.000000 0.000000 0.000000 
18
532.474243 147.311584 0.915233 
510.480774 184.055069 0.784641 
511.911713 192.832764 0.873199 
514.844727 236.925140 0.827718 
526.630127 273.664398 0.866300 
510.400085 181.083817 0.668736 
532.485413 204.575790 0.666473 
544.248657 184.086258 0.885987 
511.888245 261.939178 0.793082 
511.948669 310.489349 0.827520 
507.453064 351.672882 0.749459 
503.076019 257.558197 0.600963 
508.951630 307.551788 0.621633 
507.486908 345.804596 0.604352 
525.147217 145.806595 0.894975 
0.000000 0.000000 0.000000 
513.371887 151.667191 0.812429 
0.000000 0.000000 0.000000 
18
530.989685 145.817093 0.929083 
510.491302 182.541580 0.818499 
511.888000 191.371368 0.833259 
514.853760 235.473175 0.806362 
528.059753 272.247131 0.856903 
510.400818 178.165894 0.672612 
526.627747 204.604370 0.491688 
542.762878 194.324905 0.804342 
511.918304 261.911682 0.785618 
511.904449 310.474548 0.819223 
507.470154 353.093079 0.747563 
506.010864 256.083466 0.578634 
510.360016 307.551697 0.611793 
507.485596 347.194519 0.591566 
523.690918 144.307770 0.886698 
0.000000 0.000000 0.000000 
513.371216 150.202240 0.803340 
0.000000 0.000000 0.000000 
18
530.981995 145.802170 0.913396 
510.454498 185.526611 0.798266 
511.945618 192.904846 0.879177 
514.882385 236.974701 0.822692 
529.541870 270.765259 0.866331 
508.932068 181.113220 0.690317 
523.635437 204.632324 0.392219 
539.820007 204.649017 0.818612 
511.922882 263.372253 0.795949 
511.871643 310.484375 0.842983 
506.037109 353.092834 0.740757 
504.565552 259.016846 0.591295 
510.384674 308.990143 0.655359 
508.909485 347.207489 0.621981 
523.665588 144.296570 0.877339 
0.000000 0.000000 0.000000 
511.973358 153.126480 0.805618 
0.000000 0.000000 0.000000 
18
531.020203 147.217178 0.932420 
511.844879 186.952179 0.758454 
511.951599 194.293625 0.893682 
514.844849 239.880249 0.898353 
532.431091 270.779785 0.908027 
510.426788 182.528702 0.623885 
523.662842 211.988831 0.186707 
544.237427 214.874832 0.465988 
511.888916 261.945770 0.778496 
511.886169 307.527985 0.782621 
506.017487 350.170166 0.768682 
510.376007 257.550568 0.570566 
511.863556 303.119019 0.657943 
506.021790 345.712799 0.626936 
523.696167 145.741486 0.904879 
0.000000 0.000000 0.000000 
513.350952 153.137146 0.796346 
0.000000 0.000000 0.000000 
18
532.425232 147.235153 0.964664 
511.895447 186.953369 0.788035 
511.884338 194.295776 0.861100 
511.933075 238.455826 0.901293 
532.453125 264.971893 0.913400 
511.886841 184.006561 0.660062 
520.748291 228.102036 0.520213 
541.289368 226.693405 0.886722 
511.941467 263.395172 0.792179 
510.466736 310.431366 0.813272 
504.564880 351.632080 0.734919 
510.464569 261.915680 0.582181 
510.479065 307.539063 0.701098 
507.512421 347.190308 0.689877 
523.689636 145.753815 0.934735 
0.000000 0.000000 0.000000 
511.943909 154.599777 0.816696 
0.000000 0.000000 0.000000 
18
532.457520 147.277756 0.976668 
511.953064 188.451462 0.778205 
511.889221 194.296173 0.866865 
511.834656 239.845795 0.945005 
533.931091 263.431274 0.904481 
514.832703 184.057281 0.644059 
522.103821 231.061310 0.518740 
538.393982 231.066635 0.896182 
511.900208 261.948181 0.793366 
510.428894 309.012146 0.810954 
504.538727 350.210022 0.736059 
513.366882 259.022369 0.576522 
511.845062 307.504639 0.731317 
507.498810 345.770325 0.698706 
523.707336 145.794479 0.953397 
0.000000 0.000000 0.000000 
511.941223 156.049942 0.832501 
0.000000 0.000000 0.000000 
18
533.866699 147.320908 0.966102 
511.971832 189.882645 0.783433 
510.489868 192.901291 0.859622 
510.398529 238.454987 0.918814 
535.384338 254.585449 0.866118 
517.786743 185.501053 0.674658 
522.245361 228.163696 0.533047 
541.316040 232.585602 0.824796 
511.867523 261.932831 0.790432 
510.451874 307.553070 0.822081 
504.538208 350.172028 0.740617 
516.289795 260.450134 0.599437 
511.898438 304.614716 0.733844 
508.913055 345.743958 0.706365 
525.112976 145.810165 0.936345 
0.000000 0.000000 0.000000 
511.958557 154.634109 0.823349 
0.000000 0.000000 0.000000 
18
533.899475 148.768036 0.952328 
513.400024 188.453369 0.785678 
511.846039 192.866241 0.870144 
507.511536 236.977051 0.854546 
535.457275 251.634521 0.827340 
520.700073 185.494110 0.712352 
522.210815 228.154083 0.570402 
539.825378 234.041794 0.798675 
510.436310 261.964966 0.785135 
510.401215 308.995911 0.834480 
503.106934 350.185272 0.746820 
516.288025 260.494202 0.655314 
511.906158 306.088684 0.742242 
508.916809 345.736511 0.706592 
525.145081 147.220474 0.932625 
530.989685 145.767242 0.159162 
511.960388 156.065002 0.822043 
0.000000 0.000000 0.000000 
18
533.898071 148.789154 0.943222 
513.387268 188.459946 0.794694 
510.472778 192.857101 0.879924 
506.016052 238.407669 0.851689 
535.449036 247.239594 0.811763 
520.699890 185.502411 0.709527 
523.623047 226.682510 0.464301 
541.278748 234.005020 0.732882 
510.390137 263.368561 0.776821 
508.977570 310.401581 0.823329 
503.086792 350.191376 0.739117 
514.871887 261.925079 0.696845 
511.883118 308.956512 0.756389 
508.918396 345.762115 0.712276 
525.137085 147.238785 0.936031 
531.004395 145.783279 0.206136 
511.950745 156.097244 0.832176 
0.000000 0.000000 0.000000 
