60
1
18
651.571716 135.477722 0.832821 
614.795593 160.496689 0.909709 
626.554016 169.335815 0.849815 
628.000977 225.207520 0.874830 
654.491150 222.284576 0.831682 
601.583557 156.088913 0.836063 
616.282532 195.795166 0.191394 
0.000000 0.000000 0.000000 
614.781189 248.707001 0.732653 
605.959045 309.013763 0.846068 
603.034607 359.021332 0.771463 
594.288208 241.364258 0.775464 
594.216553 301.697876 0.789065 
598.629639 357.465912 0.637455 
651.492920 131.077774 0.840223 
0.000000 0.000000 0.000000 
639.755676 132.525162 0.905222 
0.000000 0.000000 0.000000 
18
651.536804 135.562683 0.823993 
614.783691 160.500443 0.902136 
626.532837 169.357590 0.853747 
628.000732 225.200577 0.886436 
653.114929 220.823517 0.841714 
601.575439 156.076355 0.828886 
616.293335 195.791031 0.196745 
0.000000 0.000000 0.000000 
614.782776 248.707932 0.730411 
605.962646 309.027344 0.851611 
603.016479 359.018433 0.757972 
594.293335 241.355942 0.777645 
594.205322 303.105743 0.809196 
597.161011 357.479401 0.682956 
650.118042 132.553818 0.853046 
0.000000 0.000000 0.000000 
639.739258 132.523483 0.893526 
0.000000 0.000000 0.000000 
18
651.511597 135.525650 0.799070 
613.369812 160.494553 0.890179 
623.654419 169.320084 0.835625 
628.011963 225.175613 0.882558 
653.075989 220.806641 0.834837 
601.584290 156.089783 0.832440 
625.081421 198.721176 0.251568 
0.000000 0.000000 0.000000 
614.770325 248.734207 0.729748 
605.957275 309.017059 0.851742 
603.032654 359.019135 0.772159 
594.289795 241.362534 0.768158 
594.178345 301.661713 0.822278 
595.733276 356.050049 0.686811 
650.082764 132.525925 0.826595 
0.000000 0.000000 0.000000 
638.345520 132.535049 0.890431 
0.000000 0.000000 0.000000 
18
651.503052 135.588608 0.793811 
613.335449 160.486023 0.884990 
622.195007 169.300217 0.844771 
627.997681 223.750412 0.884552 
653.089172 219.345383 0.883433 
601.561218 156.089050 0.827404 
617.759338 200.188477 0.203086 
0.000000 0.000000 0.000000 
614.788086 248.700424 0.736073 
605.950317 308.980225 0.841797 
603.022095 359.000336 0.763771 
594.301514 241.341965 0.771623 
594.185120 300.220398 0.835530 
595.724854 356.023193 0.682628 
650.073486 132.589615 0.844186 
0.000000 0.000000 0.000000 
638.298462 132.558716 0.878900 
0.000000 0.000000 0.000000 
18
651.496460 136.978745 0.783558 
613.329834 160.508942 0.875390 
622.155762 169.330856 0.855931 
627.991943 225.184570 0.895535 
653.087585 219.312485 0.900300 
601.568115 156.098282 0.829228 
617.760132 198.730957 0.195628 
0.000000 0.000000 0.000000 
614.778015 250.175415 0.743327 
605.953491 309.000488 0.848817 
603.033081 359.013580 0.773827 
594.282837 241.390320 0.760421 
594.197266 301.628418 0.827222 
595.699890 354.604645 0.678619 
650.074707 133.979630 0.855307 
0.000000 0.000000 0.000000 
638.297180 132.562805 0.879937 
0.000000 0.000000 0.000000 
18
651.479004 137.010178 0.770675 
611.887817 160.503479 0.875078 
620.712341 169.346588 0.859404 
627.963745 225.198715 0.881885 
653.075195 219.348907 0.899319 
600.114319 156.079147 0.824872 
616.294983 195.793106 0.196018 
0.000000 0.000000 0.000000 
613.340210 250.168610 0.732725 
605.950378 308.991119 0.852236 
603.045776 359.031586 0.786457 
594.270020 241.396942 0.753585 
594.206909 300.240265 0.822980 
594.298645 354.577637 0.675966 
650.064514 134.007935 0.858928 
0.000000 0.000000 0.000000 
638.290833 132.574066 0.879780 
0.000000 0.000000 0.000000 
18
650.097229 137.009399 0.748447 
611.867493 160.505905 0.878492 
620.700134 169.341431 0.844404 
625.120789 225.168884 0.827125 
653.039734 225.217560 0.890853 
600.097290 156.090790 0.838506 
617.756775 194.339386 0.251803 
639.814453 201.693008 0.785845 
613.339600 251.635452 0.752984 
604.586121 310.408386 0.864970 
603.011414 359.026733 0.759212 
594.222839 242.857437 0.751311 
594.177490 301.698151 0.801575 
595.742065 356.044464 0.669941 
648.657288 133.999771 0.833818 
0.000000 0.000000 0.000000 
638.292297 132.559158 0.871382 
0.000000 0.000000 0.000000 
18
650.084778 136.983963 0.776267 
611.860840 160.503326 0.879562 
620.684998 169.333908 0.853576 
623.665161 225.198792 0.827083 
653.108154 228.185959 0.901377 
600.113159 156.088196 0.838737 
614.804016 197.274155 0.218992 
0.000000 0.000000 0.000000 
613.347168 251.644043 0.757364 
604.568909 310.415863 0.885469 
601.580566 359.044769 0.775832 
594.209412 242.850342 0.753330 
592.787231 301.635284 0.819604 
595.701050 354.595367 0.640848 
648.650940 133.969193 0.847536 
0.000000 0.000000 0.000000 
638.297668 132.519241 0.867201 
0.000000 0.000000 0.000000 
18
650.072327 135.595581 0.749234 
610.437927 160.504944 0.878752 
620.691772 169.336639 0.865388 
620.727539 226.629791 0.832824 
651.638062 235.490662 0.883794 
600.096558 156.107239 0.840109 
605.985107 209.008698 0.225152 
0.000000 0.000000 0.000000 
613.333862 251.627060 0.742650 
604.574219 310.403717 0.881938 
601.583069 359.026611 0.781993 
594.241150 242.866974 0.738214 
592.771912 300.232178 0.827056 
594.297424 353.106628 0.644495 
648.643555 132.585419 0.817293 
0.000000 0.000000 0.000000 
638.319336 131.112015 0.868879 
0.000000 0.000000 0.000000 
18
650.054993 135.573975 0.713716 
610.430786 160.490891 0.877832 
620.700439 169.306442 0.847458 
619.289978 225.211349 0.800496 
650.109436 241.385132 0.906940 
598.677307 156.099701 0.835297 
607.469604 204.605469 0.197712 
0.000000 0.000000 0.000000 
613.361816 250.177368 0.726626 
604.585144 308.990784 0.869247 
601.570068 359.037964 0.777393 
594.292969 241.414490 0.735552 
592.784546 300.178131 0.844628 
594.268127 353.090607 0.638379 
648.634216 132.562668 0.782618 
0.000000 0.000000 0.000000 
638.336365 131.080078 0.870324 
0.000000 0.000000 0.000000 
18
650.052368 135.547928 0.734112 
611.869263 160.488235 0.888059 
620.724304 169.292603 0.851373 
619.206421 223.708206 0.838617 
648.656067 250.208542 0.854097 
600.119812 156.095230 0.826182 
614.833618 198.745804 0.203677 
639.785889 203.165588 0.842264 
613.315186 250.151367 0.715473 
604.579956 308.986908 0.861732 
601.570313 359.023590 0.762636 
594.286865 241.404404 0.730008 
592.776672 300.177368 0.835724 
595.695801 354.549316 0.633475 
648.629028 132.538040 0.785834 
0.000000 0.000000 0.000000 
638.327637 131.070816 0.862902 
0.000000 0.000000 0.000000 
18
650.059265 135.521210 0.746382 
611.867981 159.117493 0.891969 
620.738525 169.287994 0.849770 
617.835266 223.746201 0.830935 
641.341858 253.088272 0.897037 
600.106567 156.076675 0.820733 
614.834290 201.673447 0.213833 
639.815552 204.549698 0.834040 
610.412170 248.690292 0.698830 
604.569153 308.996704 0.860096 
601.576782 359.035126 0.775797 
594.243958 241.378952 0.744330 
592.790833 300.181793 0.842389 
595.689331 353.127380 0.643331 
648.632507 131.127182 0.778603 
0.000000 0.000000 0.000000 
638.319153 129.651627 0.859772 
0.000000 0.000000 0.000000 
18
650.047668 135.551315 0.710194 
611.864136 160.490814 0.889107 
620.722351 169.315323 0.859654 
617.776123 226.611664 0.869777 
639.780151 257.546997 0.875454 
600.107483 156.070374 0.816050 
616.291992 200.201080 0.212489 
639.843506 203.165100 0.808966 
610.429382 250.185547 0.690689 
604.568542 310.417877 0.860231 
601.583191 359.035095 0.759463 
594.228455 242.832260 0.728842 
592.818054 301.656036 0.819037 
595.737427 356.018768 0.653115 
648.619690 132.549591 0.772264 
0.000000 0.000000 0.000000 
638.328003 131.084793 0.867853 
0.000000 0.000000 0.000000 
18
650.064331 135.599548 0.732528 
611.863220 159.116364 0.883501 
622.154297 169.295822 0.846125 
617.770264 226.629318 0.886801 
632.485291 261.978271 0.877205 
598.674011 156.055634 0.812193 
607.476746 206.102402 0.185790 
0.000000 0.000000 0.000000 
608.918030 251.641617 0.715801 
604.576294 310.455872 0.892522 
601.598450 359.056763 0.792532 
592.810425 244.299362 0.721981 
592.726013 301.697144 0.798705 
594.280945 354.599792 0.653833 
648.656250 132.583679 0.792928 
0.000000 0.000000 0.000000 
638.363037 131.093201 0.876689 
0.000000 0.000000 0.000000 
18
650.080811 135.598984 0.687406 
611.874939 159.111603 0.885112 
622.191345 169.291733 0.844106 
617.778564 225.218109 0.870252 
629.569153 264.876648 0.912570 
598.666260 156.055252 0.816822 
606.018188 206.102448 0.180746 
0.000000 0.000000 0.000000 
607.459106 251.655853 0.729298 
604.569092 310.418396 0.878386 
601.603821 359.044403 0.787692 
592.761902 242.880341 0.713179 
592.718689 301.664734 0.786324 
595.681274 354.595215 0.641085 
650.064941 132.576981 0.753312 
0.000000 0.000000 0.000000 
639.787109 131.066330 0.890863 
0.000000 0.000000 0.000000 
18
650.097473 136.996048 0.718581 
613.312561 159.109695 0.893955 
623.625244 169.296432 0.849187 
617.756897 223.741989 0.859212 
628.104553 264.948700 0.921601 
600.111694 156.055557 0.819504 
620.681580 198.743134 0.170640 
639.810791 204.604797 0.844115 
606.069702 251.651840 0.730518 
604.565186 309.026489 0.876333 
601.597229 359.038727 0.789944 
592.760376 242.870193 0.715665 
592.716003 301.676208 0.784210 
595.686646 354.551697 0.627077 
650.079895 133.971283 0.787114 
0.000000 0.000000 0.000000 
639.785217 131.097015 0.897401 
0.000000 0.000000 0.000000 
18
650.120361 137.015137 0.720619 
613.317322 159.118423 0.892283 
623.620911 169.322144 0.855010 
617.738953 225.176529 0.864776 
627.997192 266.377533 0.914751 
600.111084 156.052475 0.821643 
622.171936 191.385071 0.171419 
639.785950 204.567078 0.825074 
607.445984 251.668076 0.720336 
604.543701 310.433350 0.870308 
601.598145 359.068665 0.782411 
592.786926 242.881744 0.706233 
591.300781 301.672241 0.766905 
594.295471 354.552979 0.617316 
650.102661 133.984924 0.793680 
0.000000 0.000000 0.000000 
639.810303 131.107574 0.905662 
0.000000 0.000000 0.000000 
18
651.507935 137.017929 0.729379 
613.325256 160.479233 0.893340 
622.180359 169.297409 0.839325 
616.301514 223.750259 0.872213 
628.071350 264.903442 0.943266 
601.573059 156.060043 0.824389 
613.342163 204.625031 0.185457 
0.000000 0.000000 0.000000 
607.466614 251.706970 0.720584 
604.544861 310.435883 0.878418 
601.551208 359.057251 0.778879 
592.826111 245.800247 0.699067 
592.707825 303.123779 0.772295 
595.694458 354.580017 0.627048 
651.499084 133.990723 0.793284 
0.000000 0.000000 0.000000 
639.850891 131.115021 0.910488 
0.000000 0.000000 0.000000 
18
651.529968 137.001938 0.724513 
613.361084 160.509171 0.897820 
622.187378 169.318817 0.835774 
614.811157 223.735367 0.858390 
630.963074 261.904175 0.891964 
603.014709 156.085495 0.832819 
623.618591 194.308685 0.236170 
639.771423 204.608978 0.857191 
607.511414 251.649643 0.727006 
604.538879 310.422394 0.876769 
601.562134 359.032532 0.787963 
594.221985 245.777603 0.687034 
592.718506 301.641632 0.812304 
594.273926 353.115997 0.623489 
651.514343 133.985474 0.782833 
0.000000 0.000000 0.000000 
639.852356 132.521652 0.916041 
0.000000 0.000000 0.000000 
18
651.551819 137.007736 0.742317 
614.758545 160.522949 0.901788 
622.162354 169.347382 0.828975 
611.862671 223.704895 0.800872 
638.285828 250.159409 0.832258 
603.052795 156.086838 0.844634 
614.834167 204.617691 0.276646 
0.000000 0.000000 0.000000 
610.405090 251.619217 0.742412 
604.526123 309.001190 0.872844 
601.558533 359.037231 0.791145 
594.271240 244.321762 0.696806 
591.320313 300.181519 0.807741 
594.243164 351.651947 0.637368 
651.528015 133.985443 0.790480 
0.000000 0.000000 0.000000 
639.867126 132.515839 0.910188 
0.000000 0.000000 0.000000 
18
651.566956 137.009216 0.769691 
614.766357 160.534378 0.895675 
620.715332 170.757080 0.827766 
613.327820 225.185242 0.787251 
641.304260 232.594147 0.857641 
603.082581 156.090576 0.850739 
616.258057 197.269348 0.287087 
638.352539 203.127472 0.783072 
608.969849 251.662689 0.749453 
604.522522 309.014526 0.904158 
601.551758 359.025421 0.799099 
594.283813 247.228943 0.678171 
591.322021 300.244934 0.804215 
594.229614 350.189880 0.641164 
651.534668 133.980286 0.804322 
0.000000 0.000000 0.000000 
639.863708 132.509293 0.898966 
0.000000 0.000000 0.000000 
18
651.529175 137.003952 0.752115 
613.362305 160.517609 0.889266 
619.263733 170.779068 0.846149 
614.846741 223.701370 0.810613 
645.669983 226.686569 0.850474 
604.471436 156.075150 0.846134 
625.079529 184.064148 0.258463 
639.780579 195.852280 0.867299 
611.871765 251.660934 0.749337 
604.512756 309.012054 0.908723 
601.556274 359.037354 0.795605 
594.302979 245.767624 0.684120 
591.303894 300.229523 0.809724 
594.232300 351.629211 0.638895 
651.505127 133.994781 0.804577 
0.000000 0.000000 0.000000 
639.846741 132.534821 0.897242 
0.000000 0.000000 0.000000 
18
650.131226 136.993546 0.737334 
613.326904 160.523163 0.866566 
619.229126 170.779694 0.875781 
617.689392 223.701126 0.864560 
650.116516 217.889465 0.934139 
603.073669 156.073868 0.835400 
626.524780 184.018600 0.255812 
641.265869 197.263062 0.735411 
611.901184 251.626236 0.730143 
604.525696 309.007965 0.903650 
601.578064 359.039642 0.804191 
595.688171 244.309875 0.707871 
592.695374 300.215820 0.826647 
594.198853 350.181183 0.640452 
650.104980 133.990707 0.807936 
0.000000 0.000000 0.000000 
639.805847 132.534378 0.889110 
0.000000 0.000000 0.000000 
18
650.092041 135.531403 0.742832 
611.884705 160.497223 0.855369 
619.217957 170.750610 0.901625 
617.745483 225.171494 0.880853 
651.517761 217.786789 0.963903 
603.021606 156.050140 0.814392 
625.018311 182.580856 0.139167 
0.000000 0.000000 0.000000 
611.897949 251.643143 0.743019 
604.526672 309.007050 0.901674 
601.585571 359.034149 0.813765 
594.277832 244.312698 0.712515 
591.326233 300.217926 0.822691 
594.211792 350.171082 0.630999 
648.657349 132.553711 0.804882 
0.000000 0.000000 0.000000 
638.359619 132.529648 0.876927 
0.000000 0.000000 0.000000 
18
650.091309 135.468399 0.726831 
611.871582 160.486023 0.868840 
619.212524 169.385025 0.900591 
617.774231 225.171310 0.890431 
652.983765 214.867554 0.939792 
601.591919 154.636108 0.805134 
623.595642 182.593094 0.170065 
0.000000 0.000000 0.000000 
613.335449 251.622726 0.739357 
604.520569 309.001495 0.902464 
600.113220 359.056610 0.807172 
594.272156 242.886719 0.717053 
592.716736 300.239929 0.821289 
594.272644 350.167450 0.614123 
648.651917 131.112137 0.779827 
0.000000 0.000000 0.000000 
638.357361 132.526398 0.873955 
0.000000 0.000000 0.000000 
18
650.117737 134.101074 0.730964 
611.862671 160.483154 0.872142 
619.205078 169.384995 0.893524 
617.772827 225.188766 0.876194 
651.554016 213.413147 0.941699 
601.586609 154.630203 0.802145 
625.059753 181.117538 0.200402 
641.278870 189.925827 0.506058 
613.344543 250.209549 0.728042 
604.532471 308.975708 0.895260 
601.570496 359.046051 0.805605 
594.272339 242.838684 0.739220 
592.739929 300.186798 0.843640 
594.227722 351.618988 0.636393 
650.059387 129.646500 0.781746 
0.000000 0.000000 0.000000 
639.731628 131.122421 0.874296 
0.000000 0.000000 0.000000 
18
650.100220 134.081635 0.650502 
610.433594 160.481232 0.865022 
619.198730 169.385559 0.897266 
617.779785 223.742081 0.867911 
651.520691 206.161758 0.996499 
601.568787 154.640259 0.802895 
623.639832 181.093887 0.193016 
642.755127 188.452148 0.360558 
613.341431 250.203018 0.722953 
604.535339 308.969666 0.884765 
601.577576 359.054108 0.795935 
594.259766 241.430603 0.753118 
592.738403 300.151367 0.853885 
594.237915 351.623016 0.641370 
650.056274 129.638245 0.723533 
0.000000 0.000000 0.000000 
639.775513 131.123383 0.887889 
0.000000 0.000000 0.000000 
18
650.133545 134.056946 0.436930 
610.433228 159.105362 0.862790 
617.837036 169.351410 0.875885 
619.243286 220.820541 0.864609 
650.092285 204.622955 0.898114 
603.013062 156.053833 0.815762 
620.710632 181.092712 0.222341 
644.205383 191.392334 0.369649 
613.316833 250.213989 0.731372 
604.543457 308.968872 0.881855 
601.594604 359.042175 0.804998 
594.247620 241.418854 0.732441 
592.703064 300.153137 0.847858 
594.201660 350.195221 0.649437 
650.121460 129.630096 0.564234 
0.000000 0.000000 0.000000 
641.224731 132.516983 0.941990 
616.291565 123.714264 0.164525 
18
651.520630 134.057114 0.276595 
611.864075 159.097015 0.868970 
617.844299 169.365036 0.842337 
625.102966 217.917831 0.882835 
648.653992 194.323486 0.909837 
603.023499 154.649750 0.822641 
625.053162 181.036240 0.230222 
0.000000 0.000000 0.000000 
613.320374 250.150269 0.737534 
604.550354 307.533752 0.861472 
601.587463 359.048706 0.798095 
594.225952 241.359512 0.738026 
592.719238 298.753387 0.858132 
594.201904 350.184509 0.645651 
651.500671 129.656998 0.412240 
0.000000 0.000000 0.000000 
641.271484 132.578430 0.964763 
617.680786 123.729393 0.252854 
18
0.000000 0.000000 0.000000 
610.437256 159.046677 0.873172 
617.809326 169.280319 0.838763 
628.025391 217.839966 0.958568 
651.534851 184.020386 0.905166 
603.036194 154.616608 0.829581 
619.226318 182.543076 0.169865 
0.000000 0.000000 0.000000 
613.341858 250.166107 0.754922 
604.555847 308.956787 0.869263 
601.587341 359.046234 0.804820 
594.231384 241.393097 0.712781 
592.729675 300.141235 0.852300 
594.195984 350.169800 0.639146 
0.000000 0.000000 0.000000 
0.000000 0.000000 0.000000 
641.342041 133.988312 0.961726 
616.355408 122.330147 0.461595 
18
0.000000 0.000000 0.000000 
610.429504 159.033401 0.877159 
617.775940 169.273224 0.842675 
629.569214 216.386215 0.924544 
650.063477 181.064835 0.927451 
603.041382 154.618393 0.825561 
626.447754 172.302567 0.161428 
0.000000 0.000000 0.000000 
611.886475 250.149414 0.760182 
604.575439 307.542023 0.850730 
601.602417 359.044189 0.766010 
594.236267 241.396072 0.700868 
592.782654 298.761963 0.838418 
595.727966 354.579132 0.608597 
0.000000 0.000000 0.000000 
0.000000 0.000000 0.000000 
642.726196 134.035583 0.982918 
617.716980 123.698120 0.409851 
18
0.000000 0.000000 0.000000 
610.436096 159.026978 0.866064 
617.755554 169.263504 0.836257 
632.501587 214.924545 0.864644 
648.608154 178.127075 0.910466 
603.064697 154.599335 0.813897 
626.452209 170.916214 0.145670 
0.000000 0.000000 0.000000 
610.422852 248.722580 0.763463 
604.568115 307.546631 0.842792 
603.011230 359.034210 0.776090 
594.240479 241.390656 0.695393 
592.776794 300.141785 0.827518 
595.698608 354.560303 0.628257 
0.000000 0.000000 0.000000 
0.000000 0.000000 0.000000 
641.333679 133.995544 0.986635 
617.759338 123.689125 0.313614 
18
0.000000 0.000000 0.000000 
610.433777 159.030167 0.859822 
617.712341 167.887634 0.840144 
636.894714 214.927124 0.890198 
645.702148 173.747986 0.918807 
604.476685 154.606079 0.798270 
626.520508 170.888138 0.138150 
0.000000 0.000000 0.000000 
608.973267 248.720703 0.768407 
604.571289 307.526489 0.839915 
603.010864 359.046753 0.798332 
594.248596 241.402512 0.684901 
592.761475 298.747040 0.835881 
594.225586 351.628967 0.609086 
0.000000 0.000000 0.000000 
0.000000 0.000000 0.000000 
642.728394 134.005585 0.965663 
617.788574 123.689087 0.221948 
18
0.000000 0.000000 0.000000 
611.867554 159.039902 0.854534 
617.718994 167.887955 0.861041 
639.730225 214.893448 0.944766 
645.686523 172.284058 0.921714 
604.503113 154.609558 0.797183 
626.534607 170.874542 0.126267 
0.000000 0.000000 0.000000 
610.394592 248.730438 0.775377 
604.570679 307.532104 0.842689 
603.018616 359.037781 0.787278 
594.243164 241.405777 0.678713 
592.766663 298.757324 0.836629 
594.282593 353.097076 0.613712 
0.000000 0.000000 0.000000 
0.000000 0.000000 0.000000 
642.747192 132.588882 0.943607 
617.752930 123.682114 0.251541 
18
0.000000 0.000000 0.000000 
611.894775 159.027359 0.854043 
617.734985 167.861542 0.852694 
639.779175 214.859650 0.957385 
645.709473 170.852325 0.956188 
604.524963 154.592621 0.800335 
626.504517 170.814087 0.133546 
0.000000 0.000000 0.000000 
610.384216 248.745377 0.770181 
604.568604 307.549774 0.844785 
603.022705 359.031372 0.787401 
594.254211 242.823898 0.662593 
592.778870 300.163940 0.835050 
594.292236 353.114563 0.624593 
0.000000 0.000000 0.000000 
0.000000 0.000000 0.000000 
642.795410 132.564926 0.911074 
617.731323 122.311333 0.401807 
18
0.000000 0.000000 0.000000 
611.894836 159.021790 0.852285 
617.734009 167.851013 0.852183 
639.804749 213.437119 0.948129 
647.185913 170.826309 0.968659 
604.529907 154.593384 0.799929 
626.545898 170.833435 0.132962 
0.000000 0.000000 0.000000 
610.412170 248.739822 0.766342 
604.559631 308.959442 0.844652 
603.016052 359.036713 0.792745 
594.278442 241.427811 0.660964 
592.774841 300.170288 0.836432 
594.245911 351.636963 0.637886 
0.000000 0.000000 0.000000 
0.000000 0.000000 0.000000 
644.204407 131.114426 0.874009 
617.728149 122.337669 0.329677 
18
0.000000 0.000000 0.000000 
611.879456 159.001541 0.855423 
617.725403 167.845352 0.844585 
639.824890 211.990814 0.937867 
648.623230 170.819000 0.972890 
604.524780 153.164398 0.800809 
626.554138 170.790634 0.151757 
0.000000 0.000000 0.000000 
610.409058 250.159866 0.771018 
604.560791 308.969330 0.852154 
603.032532 359.050934 0.806548 
594.250000 242.842178 0.671131 
592.775696 300.178802 0.833054 
594.246033 353.091339 0.658210 
0.000000 0.000000 0.000000 
0.000000 0.000000 0.000000 
644.213440 131.112762 0.868824 
616.366211 122.313499 0.414915 
18
0.000000 0.000000 0.000000 
611.866821 159.007217 0.854189 
617.713745 167.853867 0.848694 
639.848938 211.957031 0.933249 
648.654480 170.796158 0.975940 
604.520569 153.173431 0.798695 
627.895447 170.798462 0.150844 
0.000000 0.000000 0.000000 
610.403503 248.743347 0.764089 
604.565125 308.970245 0.846785 
603.036499 359.038025 0.792498 
594.280090 242.834015 0.662666 
592.806824 300.205322 0.824885 
594.292725 354.561005 0.659393 
0.000000 0.000000 0.000000 
0.000000 0.000000 0.000000 
642.770020 132.576294 0.877134 
617.695007 122.317924 0.423303 
18
653.050598 134.037231 0.258893 
611.871521 159.010971 0.855492 
617.710510 167.847275 0.844667 
639.856567 211.979370 0.934545 
650.052002 170.835190 0.959518 
604.531128 154.593048 0.795489 
627.918274 170.825241 0.154638 
0.000000 0.000000 0.000000 
610.408569 248.742493 0.765079 
604.558594 308.960052 0.850642 
603.022095 359.042572 0.808463 
594.286560 242.832657 0.659676 
592.787292 300.178192 0.836639 
594.229980 351.656189 0.660160 
653.008728 128.160751 0.371670 
0.000000 0.000000 0.000000 
642.746338 132.563690 0.885528 
617.726257 122.349709 0.276992 
18
653.087646 134.028580 0.368074 
611.873291 159.018906 0.856864 
617.714600 167.846405 0.841553 
639.882568 211.955078 0.924879 
648.641663 170.840424 0.941911 
604.529663 154.603912 0.795344 
627.919189 170.847885 0.148074 
0.000000 0.000000 0.000000 
610.407349 248.744446 0.767798 
604.562073 308.980347 0.853963 
603.014343 359.041626 0.810034 
594.280518 242.838013 0.657454 
592.789124 300.185272 0.823569 
594.237915 351.648346 0.658971 
653.046387 128.136673 0.489481 
0.000000 0.000000 0.000000 
642.745300 132.552628 0.883144 
617.683411 122.359047 0.203364 
18
0.000000 0.000000 0.000000 
611.863037 159.017197 0.861843 
617.726135 167.871841 0.844382 
641.216980 211.953247 0.929697 
648.619202 170.799805 0.963555 
604.505188 153.181870 0.801394 
627.920532 170.785492 0.164159 
0.000000 0.000000 0.000000 
610.400330 248.724792 0.769162 
604.560669 308.962311 0.854971 
603.020569 359.050140 0.805554 
594.249878 241.421860 0.677191 
592.760010 300.143524 0.843502 
594.219360 351.635803 0.648578 
0.000000 0.000000 0.000000 
0.000000 0.000000 0.000000 
641.349792 134.027481 0.917785 
617.734497 123.727058 0.315613 
18
0.000000 0.000000 0.000000 
611.849731 159.019455 0.860201 
617.717712 167.869980 0.840266 
641.213562 211.954697 0.928504 
648.629150 170.793518 0.971750 
604.491882 154.591858 0.800646 
627.919861 170.794174 0.158621 
0.000000 0.000000 0.000000 
608.974548 248.742996 0.767789 
604.551819 308.986877 0.859961 
603.022644 359.063232 0.809141 
594.235046 242.826492 0.680409 
592.747681 300.151978 0.835320 
594.215881 351.620422 0.649542 
0.000000 0.000000 0.000000 
0.000000 0.000000 0.000000 
641.338806 134.025085 0.917648 
617.721924 123.714508 0.316552 
18
653.051941 134.064011 0.301742 
610.436279 159.017136 0.861673 
617.704834 167.871872 0.841532 
639.867188 211.988876 0.939166 
647.180481 170.829941 0.950600 
604.497864 154.597702 0.795840 
627.916626 170.825577 0.162877 
0.000000 0.000000 0.000000 
608.964600 250.157104 0.780219 
604.551880 308.978943 0.854533 
601.591309 359.011139 0.780391 
594.210449 242.832062 0.674211 
592.737915 300.174316 0.826988 
595.710022 353.104889 0.614454 
652.994690 129.618164 0.414620 
0.000000 0.000000 0.000000 
641.328125 134.016968 0.906226 
617.700989 123.731728 0.196905 
18
0.000000 0.000000 0.000000 
610.425171 159.016815 0.862852 
617.701477 167.878174 0.843369 
639.868469 211.977112 0.942601 
648.600830 170.788116 0.969865 
604.479614 154.599197 0.789838 
627.915710 170.812637 0.146830 
0.000000 0.000000 0.000000 
608.957764 248.727692 0.772839 
604.550415 308.962463 0.856292 
603.005676 359.019440 0.789731 
594.236023 241.419586 0.667740 
592.716431 300.201080 0.824136 
594.282410 353.113983 0.615231 
0.000000 0.000000 0.000000 
0.000000 0.000000 0.000000 
641.320618 134.046631 0.930998 
617.718689 123.731232 0.270665 
18
653.039856 134.089127 0.297392 
611.852783 159.005569 0.861806 
617.714722 167.860428 0.838268 
639.873901 211.947342 0.935220 
647.170288 170.775818 0.960464 
604.499756 153.180511 0.807864 
627.917236 170.775589 0.159932 
0.000000 0.000000 0.000000 
608.919312 248.735718 0.778045 
604.539612 308.973969 0.859340 
602.998474 359.033508 0.793385 
594.196106 241.415482 0.672644 
591.306946 300.172791 0.814842 
594.227966 351.651764 0.629519 
652.985352 129.643799 0.403506 
0.000000 0.000000 0.000000 
641.327515 134.013657 0.905538 
617.709534 123.714386 0.239972 
18
653.052673 134.036957 0.381064 
610.438843 158.996033 0.865478 
617.710327 167.854736 0.840111 
639.872742 210.522614 0.935853 
647.143311 170.770935 0.955368 
604.499634 153.175095 0.806909 
627.918884 170.785507 0.168862 
0.000000 0.000000 0.000000 
607.519165 248.717087 0.781808 
604.532959 308.977417 0.869186 
601.592407 359.037476 0.817921 
594.201599 241.408173 0.675395 
591.297180 300.173004 0.816308 
592.771423 348.743103 0.622569 
652.994141 128.168167 0.487799 
0.000000 0.000000 0.000000 
641.319763 134.000809 0.882074 
616.353516 123.723434 0.178761 
18
653.011597 134.022369 0.368888 
610.419983 159.003632 0.869661 
617.703918 167.857544 0.841137 
639.849182 210.526291 0.943852 
647.164551 170.773285 0.952821 
604.486023 154.595993 0.803978 
627.920898 170.818420 0.155500 
0.000000 0.000000 0.000000 
608.915161 248.699142 0.778621 
604.532959 308.969421 0.864200 
601.588074 359.049133 0.810871 
594.212891 241.391724 0.679634 
591.294128 300.154785 0.813519 
592.809998 350.172760 0.610165 
651.607605 128.160919 0.475695 
0.000000 0.000000 0.000000 
641.274841 133.990265 0.877347 
616.309998 123.741982 0.175554 
18
653.005920 134.005615 0.401804 
610.426636 159.006378 0.861027 
616.344116 167.837479 0.831457 
639.840820 210.514359 0.942007 
645.721741 170.786163 0.943593 
604.507385 154.601227 0.797437 
626.574341 170.838821 0.153141 
0.000000 0.000000 0.000000 
607.516907 248.707077 0.779890 
604.524353 308.959717 0.858119 
601.598022 359.049316 0.817650 
594.212280 241.403610 0.672578 
591.318787 300.138794 0.818506 
592.792908 348.695313 0.618989 
651.612732 126.730064 0.504872 
0.000000 0.000000 0.000000 
641.284119 132.588058 0.859109 
0.000000 0.000000 0.000000 
18
651.649414 134.032074 0.324749 
610.423401 159.005280 0.855984 
616.333557 167.828201 0.820327 
639.826050 211.958145 0.948684 
645.702393 170.800903 0.947515 
604.514160 154.598831 0.795899 
626.539734 170.806671 0.170245 
0.000000 0.000000 0.000000 
607.478760 248.721008 0.787671 
604.526001 307.525238 0.843861 
601.584351 359.028320 0.776325 
594.179077 241.411880 0.670400 
592.702698 300.142029 0.807265 
594.285645 350.168579 0.613558 
651.574890 128.164825 0.429793 
0.000000 0.000000 0.000000 
641.274109 133.977783 0.844558 
616.329041 123.700478 0.220735 
18
651.628174 134.023575 0.366506 
610.416565 159.006653 0.854663 
616.331604 167.835190 0.828503 
639.822144 211.975540 0.951908 
645.688293 170.781876 0.948888 
604.509521 154.591248 0.792663 
626.551514 170.813934 0.149085 
0.000000 0.000000 0.000000 
607.481567 248.708908 0.789455 
604.535889 307.542480 0.852857 
601.558105 359.035187 0.779631 
594.196106 241.411575 0.673488 
592.687866 300.152039 0.807907 
594.279907 350.179382 0.616563 
651.552551 128.156616 0.460608 
0.000000 0.000000 0.000000 
641.252869 132.577103 0.842333 
616.302979 123.703835 0.199793 
18
651.613037 134.048080 0.415140 
610.407593 159.003723 0.851610 
616.323853 167.826294 0.826653 
639.812866 211.984680 0.946193 
645.671997 170.763580 0.947745 
604.508301 154.588150 0.790424 
626.566345 170.835983 0.144991 
0.000000 0.000000 0.000000 
607.488586 248.713196 0.790234 
604.535583 307.539795 0.851260 
601.578979 359.024628 0.801518 
594.212708 241.418732 0.674384 
592.709534 300.141357 0.823254 
592.799988 348.697418 0.637828 
651.544739 128.194138 0.501249 
0.000000 0.000000 0.000000 
641.240784 132.577408 0.860394 
616.280273 123.703537 0.180100 
18
651.613586 134.100784 0.447038 
610.413757 159.012726 0.844223 
616.316956 167.830353 0.829869 
639.818542 211.992706 0.947583 
645.681030 170.818588 0.934211 
604.521912 154.601791 0.782805 
626.566223 170.863358 0.147341 
0.000000 0.000000 0.000000 
607.479370 248.728531 0.792759 
604.528748 308.983521 0.865981 
601.580566 359.050720 0.788981 
594.236267 242.824173 0.657299 
592.720459 300.218994 0.808723 
594.259644 351.638428 0.606926 
651.554138 131.078934 0.533037 
0.000000 0.000000 0.000000 
641.262024 133.970932 0.863822 
0.000000 0.000000 0.000000 
18
651.623169 134.095261 0.444606 
610.410217 159.014465 0.845584 
616.321167 167.832672 0.830948 
639.813293 211.995331 0.949168 
645.692261 170.810959 0.935209 
604.520386 154.597748 0.784258 
626.563477 170.854614 0.145090 
0.000000 0.000000 0.000000 
607.485596 248.742233 0.796737 
604.527649 308.971436 0.857834 
601.565063 359.031860 0.794105 
594.216736 242.833038 0.665346 
592.735901 300.158997 0.819055 
594.220764 348.725372 0.619178 
651.562988 131.066483 0.530347 
0.000000 0.000000 0.000000 
641.266785 133.966324 0.865770 
0.000000 0.000000 0.000000 
18
651.631348 134.110306 0.425562 
610.418457 159.014282 0.856031 
616.339844 167.852936 0.838399 
639.830933 213.403549 0.951783 
645.684326 170.801895 0.939282 
604.505249 153.181778 0.786605 
626.590088 170.832870 0.151374 
0.000000 0.000000 0.000000 
607.480347 248.727722 0.795798 
604.521912 308.960022 0.853150 
601.557983 359.039581 0.821215 
594.201416 241.423309 0.671686 
591.297424 298.760773 0.819842 
591.279480 347.250153 0.644863 
651.567871 131.087646 0.517251 
0.000000 0.000000 0.000000 
641.272278 133.975540 0.874607 
0.000000 0.000000 0.000000 
18
652.998169 134.052612 0.286237 
610.416748 159.006821 0.870577 
617.711853 169.260208 0.841015 
639.844177 211.989990 0.951322 
645.707458 170.763077 0.960368 
604.480896 153.153961 0.803411 
626.589111 170.776428 0.177268 
0.000000 0.000000 0.000000 
607.473572 248.714005 0.793289 
604.522095 307.533203 0.852927 
600.135254 359.021515 0.818862 
592.808044 241.412384 0.684621 
592.686584 300.128204 0.832405 
591.279175 347.265137 0.661091 
651.592468 129.619675 0.388370 
0.000000 0.000000 0.000000 
641.292603 133.977844 0.881654 
616.330322 123.683945 0.364666 
18
652.997742 134.034302 0.262032 
610.419128 159.009567 0.868240 
617.716248 167.886246 0.839032 
639.862183 211.987915 0.943779 
645.729553 170.779266 0.957376 
604.472839 153.156769 0.799966 
626.588684 170.772827 0.176385 
0.000000 0.000000 0.000000 
607.470520 248.698807 0.789015 
604.527344 307.528870 0.841014 
601.583130 359.045868 0.822500 
592.808105 241.402756 0.687859 
592.714417 298.753296 0.840945 
591.281738 347.270111 0.668438 
651.592102 128.189148 0.366379 
0.000000 0.000000 0.000000 
641.300354 133.975739 0.884605 
616.317566 123.684532 0.360158 
18
653.030151 134.022629 0.356866 
610.420532 159.001205 0.865841 
616.347595 167.865829 0.843932 
639.858643 211.962860 0.946839 
647.168396 170.795792 0.943234 
604.499634 153.154785 0.794919 
627.905151 170.812042 0.165567 
0.000000 0.000000 0.000000 
607.463623 248.693497 0.788092 
604.521729 307.543976 0.842822 
601.565735 359.048706 0.823490 
592.804871 241.394608 0.687783 
591.317566 298.756927 0.828255 
591.260193 347.248962 0.658650 
651.617004 128.155823 0.465938 
0.000000 0.000000 0.000000 
641.280396 133.984283 0.883294 
616.320862 123.724808 0.218157 
18
653.043091 134.049683 0.502521 
610.430054 159.009949 0.862332 
617.695251 167.863983 0.843216 
639.872986 211.958145 0.935927 
648.649902 170.827301 0.928675 
604.510193 153.168091 0.794132 
627.943420 170.839767 0.162526 
0.000000 0.000000 0.000000 
607.481445 248.715118 0.787241 
604.534607 308.964935 0.841938 
600.138000 359.045624 0.814068 
592.777344 241.404892 0.691472 
592.710327 298.760742 0.823653 
591.314209 347.251587 0.646240 
651.629517 128.180115 0.582935 
0.000000 0.000000 0.000000 
641.282532 132.596603 0.869043 
0.000000 0.000000 0.000000 
18
653.050110 134.058716 0.496060 
610.423828 159.020142 0.864513 
617.701782 167.876114 0.847900 
641.218018 210.530045 0.924779 
650.056519 170.821243 0.938560 
604.495361 153.177200 0.794968 
627.948792 170.859634 0.161601 
0.000000 0.000000 0.000000 
607.465576 248.700089 0.783483 
604.540771 307.551788 0.839469 
601.570007 359.050201 0.826235 
592.772949 241.395264 0.702016 
591.317017 298.738251 0.826843 
591.276367 347.233734 0.665525 
651.630005 129.611313 0.581416 
0.000000 0.000000 0.000000 
641.285156 133.983780 0.891505 
616.272949 123.738411 0.161482 
18
653.056335 134.062622 0.423299 
610.428162 159.033615 0.864433 
617.733887 169.271774 0.864254 
641.238342 211.953705 0.925762 
648.647705 170.810989 0.954307 
604.480835 153.166306 0.794251 
627.952881 170.841766 0.159828 
0.000000 0.000000 0.000000 
607.476257 248.727341 0.786893 
604.535156 308.991577 0.853515 
601.580750 359.067322 0.804700 
592.791199 241.413345 0.690014 
591.300537 300.156708 0.814031 
592.755371 348.726135 0.633350 
651.634338 129.623566 0.524286 
0.000000 0.000000 0.000000 
641.291260 134.002258 0.898515 
616.292297 123.741386 0.187009 
18
653.011353 134.105423 0.403777 
611.854248 159.065979 0.855968 
617.746399 169.278183 0.858372 
641.256348 213.399582 0.930212 
648.614197 170.822098 0.966741 
604.488464 154.615509 0.808874 
627.957581 170.824417 0.159340 
0.000000 0.000000 0.000000 
607.501526 248.734161 0.780454 
604.535034 309.003723 0.861333 
601.562683 359.066254 0.818341 
594.200928 242.830658 0.674578 
592.715027 300.187103 0.827656 
592.722107 348.684326 0.649993 
651.579041 131.102646 0.504088 
0.000000 0.000000 0.000000 
641.253235 134.043365 0.891670 
616.280579 123.779556 0.180587 
