32
1
18
513.355652 135.568954 0.973111 
510.467499 170.836884 0.964270 
478.062622 170.839539 0.916339 
470.715424 222.239349 0.829596 
466.294220 264.864807 0.937666 
542.759766 170.845078 0.883995 
548.650696 222.255096 0.873854 
555.950806 269.301849 0.847832 
492.817719 257.543793 0.724472 
492.811340 317.818359 0.827898 
491.312622 366.332855 0.816036 
529.562805 256.083862 0.727946 
525.149658 314.884460 0.851352 
528.073364 366.335785 0.818017 
508.923248 132.567856 0.913637 
520.727478 132.600220 0.944260 
497.153198 135.459030 0.945387 
525.161133 135.504562 0.577146 
18
513.358032 135.564697 0.972080 
510.488586 170.839630 0.969108 
478.086121 170.840454 0.915113 
470.732544 222.248077 0.833344 
464.922089 264.892181 0.948131 
542.791809 170.866165 0.883357 
548.652466 223.751740 0.878545 
554.559631 269.334900 0.838361 
492.812195 259.002014 0.727826 
494.256683 317.824127 0.828815 
491.311707 366.367767 0.829971 
529.556458 257.543182 0.727694 
525.128418 314.893402 0.854579 
528.061462 364.891144 0.815198 
508.939453 132.549759 0.911899 
520.743164 132.599777 0.942497 
497.186218 134.106796 0.963976 
526.586060 135.514633 0.702657 
18
513.366882 135.555222 0.964784 
510.501984 170.835388 0.970600 
478.109344 170.823242 0.914141 
472.164032 222.272369 0.842115 
466.321930 264.834808 0.932063 
544.188721 170.871811 0.885570 
548.630188 223.750534 0.887184 
554.541382 269.314392 0.851724 
494.232208 257.555908 0.732795 
494.261627 317.828735 0.825756 
491.305237 366.334412 0.826566 
530.978088 256.093445 0.733563 
525.131958 314.906738 0.851209 
528.067383 364.886932 0.812204 
508.963928 132.544998 0.911234 
520.750000 132.599747 0.936541 
497.226624 135.446915 0.985822 
526.600891 135.532394 0.772922 
18
513.388672 135.589645 0.937983 
511.843719 170.827789 0.968484 
478.135986 170.814026 0.905984 
472.188538 222.278702 0.852644 
467.779602 264.896729 0.912130 
544.205688 170.863907 0.889620 
548.628601 225.185287 0.885951 
553.070313 269.320923 0.842136 
494.239258 256.056396 0.733413 
494.247711 317.816376 0.822288 
491.314575 366.365479 0.824671 
531.020020 254.628952 0.746090 
525.164368 314.875092 0.845033 
528.077209 364.868103 0.808160 
508.990356 132.574661 0.918400 
522.122986 133.967651 0.951104 
498.619720 134.097076 1.006431 
528.074768 135.477005 0.812836 
18
513.406738 136.958969 0.928365 
511.841339 170.821564 0.969377 
479.528595 170.816513 0.900433 
470.730133 223.721298 0.849622 
467.809296 264.942352 0.903577 
544.194519 170.848816 0.889671 
548.639282 223.729080 0.876546 
551.612000 269.325562 0.839534 
494.243103 256.074188 0.727423 
494.277557 317.829620 0.820241 
491.317596 366.368866 0.824645 
531.017639 254.629105 0.744170 
525.142761 314.868256 0.848694 
528.070129 364.887512 0.811448 
510.351410 132.599014 0.930423 
522.136353 133.991119 0.963258 
498.635712 134.097702 1.011697 
528.061646 135.483017 0.776918 
18
513.428284 136.984375 0.917258 
511.846283 170.797409 0.972229 
479.573303 170.802048 0.899874 
466.374146 217.921967 0.876418 
463.439545 263.447968 0.956669 
542.777954 170.815933 0.891962 
551.575989 219.305710 0.867487 
557.539185 266.362671 0.908293 
492.781097 256.087982 0.731885 
494.265320 317.806122 0.813316 
491.318481 367.760773 0.828193 
531.008484 254.632141 0.743350 
525.128052 313.419983 0.875481 
528.077942 364.892731 0.813978 
510.373718 133.963623 0.947438 
522.157715 134.006104 0.973389 
498.648621 134.073120 1.004120 
528.081909 135.461273 0.726229 
18
513.429321 136.996170 0.910587 
511.865814 170.748077 0.968822 
481.031128 170.756989 0.896779 
463.384338 217.819733 0.919068 
453.108612 254.648804 0.825294 
542.756653 170.762451 0.895103 
557.511841 217.849548 0.917239 
570.709229 263.383057 0.867766 
494.259613 254.583954 0.765686 
494.272217 316.379150 0.802583 
491.317566 366.335785 0.835922 
531.016785 253.181488 0.758879 
523.748718 311.999390 0.894284 
528.071167 364.851624 0.816678 
510.368561 133.981033 0.950168 
522.147522 134.001526 0.962000 
498.645477 134.090576 0.999924 
528.079529 134.093887 0.727907 
18
513.380493 137.029343 0.910879 
511.862396 169.338181 0.966132 
479.575195 169.348740 0.889951 
454.569305 214.905121 0.860141 
431.072205 253.181442 0.840689 
542.758240 169.319412 0.879698 
566.312317 209.007034 0.842964 
588.373474 251.596375 0.806653 
495.721008 254.601700 0.768205 
494.273071 317.817291 0.802095 
491.327850 366.353210 0.823866 
532.436462 253.180542 0.774894 
523.732483 313.401581 0.877480 
528.076599 363.412720 0.816121 
508.982422 134.006104 0.934696 
520.749451 134.025330 0.952124 
498.632568 134.086533 0.994364 
528.057617 134.097580 0.797933 
18
511.986847 137.031631 0.908090 
510.492645 169.262329 0.955874 
478.143494 169.285400 0.880960 
451.652893 204.591721 0.901503 
414.890076 236.963928 0.813128 
541.306519 167.878098 0.843951 
576.573303 203.150070 0.854516 
605.961975 228.153687 0.910451 
497.140350 254.580536 0.796166 
494.276611 316.369873 0.803143 
491.330231 366.332764 0.821563 
531.000427 253.161285 0.763055 
523.738464 313.419434 0.873732 
528.086060 363.419189 0.808141 
508.923737 134.010834 0.902042 
520.702820 134.021225 0.937528 
497.226166 134.080292 0.970584 
526.622803 134.065475 0.822050 
18
511.967041 136.996567 0.922900 
511.840973 166.403061 0.920907 
481.046844 167.826172 0.832397 
450.154633 192.811813 0.873546 
410.448486 213.417374 0.745865 
541.291870 164.925034 0.829682 
579.489502 191.347244 0.833671 
617.761841 207.566971 0.842017 
495.719238 253.197495 0.769086 
495.695587 316.367401 0.801766 
491.335876 366.333130 0.815117 
529.565918 253.119537 0.761286 
525.108459 313.401550 0.877008 
528.074768 364.847260 0.809609 
507.513763 133.993973 0.886393 
520.666992 133.981842 0.910803 
497.219177 134.088882 0.973908 
526.589478 134.004913 0.854015 
18
511.935699 135.585831 0.950829 
511.870911 162.009323 0.934992 
485.379822 164.901611 0.834553 
453.054993 176.688568 0.872141 
416.277313 181.039642 0.835901 
541.304077 160.555344 0.858248 
578.055298 173.725525 0.791112 
623.644470 181.013260 0.651515 
495.732208 253.201721 0.781457 
495.704285 316.369995 0.805801 
491.345337 366.338959 0.815399 
529.515442 253.129974 0.766097 
525.107239 313.390198 0.875893 
528.065979 364.848938 0.807259 
507.455994 133.950226 0.868867 
519.271179 132.575012 0.888220 
497.194031 134.100266 0.995743 
525.181213 133.962997 0.864561 
18
511.935883 135.548492 0.979099 
511.922760 160.516953 0.941720 
486.833832 161.966583 0.866003 
456.012909 164.916748 0.845184 
420.757324 150.215683 0.838391 
541.283325 160.478577 0.867350 
570.717163 162.009338 0.823024 
604.524963 154.627701 0.816449 
497.142395 253.194763 0.779667 
495.734314 316.372650 0.801637 
491.332642 366.317688 0.808116 
529.532471 253.160034 0.758558 
525.116760 313.393005 0.866696 
528.079224 364.851105 0.813454 
506.045959 132.570633 0.862802 
519.258423 132.517197 0.874283 
497.167267 134.080048 0.981980 
525.133484 132.563782 0.810568 
18
511.897888 135.497620 0.987961 
511.923615 159.042847 0.981761 
486.855194 159.048294 0.934530 
457.514771 150.219238 0.814207 
432.529114 128.152054 0.838800 
538.393188 159.035507 0.846075 
567.715332 147.345932 0.863037 
598.637085 123.784477 0.932289 
495.735718 254.604080 0.766621 
495.743286 317.805908 0.808862 
491.336426 366.365326 0.815148 
529.532349 253.190613 0.750243 
525.147400 313.450043 0.852263 
528.076538 364.865204 0.809049 
506.005707 132.519119 0.844334 
519.227478 131.100174 0.864903 
497.155304 134.068695 0.977120 
523.741638 134.006241 0.851842 
18
511.857574 134.056702 0.988042 
510.498077 159.013809 0.964144 
485.436920 159.072540 0.907383 
466.377289 138.471085 0.753889 
451.674042 112.024162 0.891042 
536.874390 159.014465 0.932610 
560.392578 138.467316 0.858714 
582.474060 110.496269 1.029514 
497.142303 254.622513 0.762423 
497.139832 317.796539 0.808695 
491.333893 367.761353 0.816736 
529.541809 254.588989 0.745886 
525.123962 313.451019 0.851584 
528.076233 364.876373 0.814183 
504.542816 128.172958 0.828524 
517.780701 128.158234 0.874142 
494.269440 134.052521 0.931324 
523.695190 134.018341 0.915981 
18
511.850739 134.024933 0.994943 
510.488190 157.617630 0.940686 
486.843140 159.066391 0.897191 
475.153259 132.591003 0.822233 
464.919312 101.671455 0.868092 
535.477356 157.575562 0.948534 
557.525574 131.068451 0.897861 
569.203064 98.694748 0.961188 
497.163818 253.199356 0.772665 
497.136017 316.369324 0.810989 
491.335999 367.762512 0.814624 
529.568420 253.150955 0.758396 
525.117615 313.428223 0.852732 
528.066589 364.869934 0.812180 
504.547302 128.140259 0.863376 
517.773010 126.702927 0.875916 
495.716797 134.029984 0.925239 
523.656555 133.976425 0.898627 
18
511.901062 134.017975 0.986334 
510.485321 158.980804 0.936383 
486.895569 159.096481 0.906868 
478.097229 131.074402 0.755705 
476.618561 91.436638 0.956110 
535.437073 157.593094 0.948384 
548.690857 125.257973 0.838517 
558.910400 88.475166 0.990908 
497.174500 254.612167 0.776061 
495.746521 316.375763 0.807876 
491.334473 367.764191 0.815082 
530.979675 253.175278 0.758328 
525.118408 313.446930 0.845422 
528.077576 364.879028 0.808324 
506.016846 126.710732 0.861221 
520.665833 126.677223 0.910949 
497.152405 133.969894 0.903022 
523.739502 132.599060 0.819894 
18
511.969757 134.054993 0.976524 
511.837769 158.991257 0.931666 
486.913177 159.105911 0.898124 
483.974091 123.807861 0.758165 
486.930939 86.970238 1.004503 
535.457947 157.570770 0.939637 
547.242798 112.002174 0.749512 
554.535400 85.471809 0.805290 
497.142883 254.613892 0.766198 
495.727997 317.816956 0.805364 
491.336945 367.760834 0.813210 
529.547791 253.181824 0.752969 
525.109192 313.469543 0.846541 
528.076965 364.884277 0.809950 
507.500305 128.160583 0.883005 
520.732239 128.147400 0.939505 
497.189697 133.972748 0.857821 
526.580811 133.968079 0.672585 
18
513.384277 134.055847 0.970701 
510.483734 159.034256 0.930928 
486.932678 159.084579 0.904550 
483.959930 123.780052 0.739841 
486.902130 82.569870 0.917126 
535.420837 159.045486 0.935199 
545.664795 123.772324 0.743829 
548.710571 84.036163 0.850788 
495.733521 256.066895 0.746923 
495.723999 319.270538 0.816468 
491.334808 366.369965 0.811133 
529.522522 254.629013 0.735978 
525.106812 314.899872 0.846210 
528.088074 364.888031 0.806169 
508.966888 128.178604 0.913276 
522.141907 128.180435 0.984736 
497.227142 133.989197 0.887309 
526.616211 134.027100 0.611920 
18
513.360107 134.068909 0.977852 
510.480469 159.055450 0.922255 
486.905060 160.509415 0.882304 
482.468964 122.302383 0.782317 
485.402374 76.729904 0.953363 
535.443542 159.043915 0.934462 
545.722412 123.809860 0.771544 
555.955322 85.487595 0.834261 
495.730286 254.628082 0.753458 
494.265961 317.830658 0.795433 
491.327667 366.325287 0.807388 
529.537903 254.598740 0.738689 
523.750732 314.872101 0.847230 
528.082703 363.429932 0.807172 
508.954010 128.158661 0.902973 
522.150635 129.598984 0.988158 
498.582520 132.571960 0.851034 
528.057739 133.990662 0.637135 
18
513.426392 134.072861 0.945832 
510.447632 159.069809 0.917948 
486.870026 160.516449 0.874432 
481.031342 123.696243 0.779178 
478.130920 78.185966 0.891093 
535.415405 159.052994 0.939844 
547.137085 123.704971 0.846638 
560.440125 78.198257 0.896550 
495.730225 254.630722 0.748483 
494.270172 317.836334 0.803268 
491.333466 366.341675 0.817893 
529.520142 254.589478 0.736753 
523.745361 314.894775 0.852627 
528.080933 364.875763 0.804960 
510.352814 128.163071 0.929878 
522.187805 129.615021 0.995331 
498.585571 133.955017 0.862733 
529.546326 134.045654 0.469908 
18
514.864929 134.081589 0.929640 
510.440216 159.058334 0.918356 
486.828857 159.089325 0.885205 
479.550995 122.299904 0.839761 
476.570862 81.092133 0.953718 
535.412354 159.074356 0.956580 
553.059021 123.708267 0.871001 
569.261414 78.148819 0.937984 
495.711121 254.619583 0.745510 
494.269592 317.833649 0.807774 
491.319305 366.343964 0.820534 
528.087402 254.595993 0.736934 
525.107727 314.905548 0.846031 
528.074402 364.884064 0.810610 
510.402740 128.173309 0.949033 
522.203857 129.609619 0.982474 
498.586975 132.586700 0.843103 
529.534302 134.062195 0.272278 
18
519.242004 134.096252 0.952087 
510.457458 159.034500 0.916460 
485.449890 159.042603 0.893524 
476.661133 122.297638 0.882448 
473.634186 78.169075 0.909975 
535.472290 159.040009 0.950809 
557.467468 123.712051 0.890371 
576.602844 79.625053 0.893719 
494.275208 254.637115 0.732178 
494.283691 319.260620 0.808345 
491.325317 366.355530 0.821584 
528.086426 254.615021 0.730114 
525.106750 314.911530 0.843770 
528.069763 364.893097 0.814363 
510.460297 128.181931 0.952536 
522.245239 128.179062 0.970218 
497.217621 132.594345 0.874597 
523.690369 131.124329 0.099276 
18
519.276611 134.067276 0.955669 
510.460022 159.037598 0.921702 
485.445709 159.042862 0.912854 
475.178009 123.822258 0.896092 
469.289764 84.048180 0.847782 
535.463623 159.055557 0.953294 
557.494812 123.777565 0.882714 
583.942444 78.218422 0.949543 
495.700745 254.638931 0.732942 
494.263672 317.845428 0.806066 
491.323425 366.352478 0.820713 
528.084656 254.627716 0.725129 
523.747498 314.916504 0.850460 
528.077026 366.315826 0.815257 
510.463837 128.173981 0.948523 
522.232849 126.717628 0.946654 
497.222473 133.968430 0.911604 
0.000000 0.000000 0.000000 
18
517.807556 134.048538 0.932046 
510.460846 159.028946 0.929786 
485.444183 159.093552 0.907606 
475.203735 126.724930 0.860270 
470.732452 86.920433 0.904038 
535.481140 159.001999 0.984188 
558.976624 123.741776 0.900380 
591.258667 84.067589 0.910809 
495.704346 254.636902 0.732802 
494.265350 317.841248 0.800442 
491.325287 366.345184 0.817062 
528.075317 254.607407 0.721805 
523.738647 314.910126 0.851667 
528.077271 364.883545 0.808343 
510.429474 128.155563 0.938781 
522.193420 126.690964 0.940427 
497.203491 133.961655 0.893206 
0.000000 0.000000 0.000000 
18
517.770325 134.040939 0.938193 
510.443970 159.031570 0.924602 
485.425232 159.082794 0.894800 
475.154999 123.802383 0.875901 
470.718262 84.050270 0.844532 
535.446350 159.001755 0.964869 
561.870178 123.793518 0.817820 
592.832642 86.960785 0.973555 
495.733948 254.611176 0.740865 
494.259674 317.823547 0.801169 
491.353394 366.328766 0.815562 
528.091370 253.184250 0.731228 
523.736450 314.889862 0.852003 
528.068909 364.865601 0.800322 
510.413025 128.161560 0.940107 
522.161865 126.675461 0.929612 
497.169373 132.595322 0.879847 
0.000000 0.000000 0.000000 
18
517.787537 134.016586 0.934225 
510.422852 159.057236 0.922669 
485.396393 159.085571 0.894823 
475.111786 123.810387 0.911073 
473.670898 86.935478 0.930404 
535.432617 159.045868 0.955219 
561.923828 125.206406 0.811574 
595.757935 86.990265 0.965086 
495.706238 254.650757 0.726514 
494.265900 317.850128 0.802987 
491.340637 366.338623 0.817113 
528.068909 254.604019 0.725405 
523.743713 314.893433 0.853788 
528.070068 363.428192 0.806597 
510.401672 126.727760 0.930869 
522.152832 125.257660 0.928384 
495.738190 133.962540 0.858568 
0.000000 0.000000 0.000000 
18
517.765198 133.973297 0.908504 
510.423309 159.016083 0.933878 
485.388367 159.105530 0.884919 
476.574310 125.261238 0.823311 
476.589905 86.981445 0.981128 
535.443481 157.632507 0.971519 
564.810669 125.206665 0.801806 
598.645386 88.463867 0.962144 
495.730042 254.627686 0.739733 
494.280212 317.830719 0.801079 
491.342377 366.335175 0.813105 
528.079102 253.183075 0.734929 
523.748840 314.884857 0.847679 
528.087524 363.417297 0.803313 
510.394196 125.286385 0.931892 
522.128540 125.204369 0.942607 
494.277191 132.599213 0.846552 
0.000000 0.000000 0.000000 
18
516.286804 132.601929 0.917331 
510.420166 159.000793 0.937641 
485.383301 159.104141 0.881048 
476.666809 125.268135 0.800559 
478.057343 86.999832 0.978525 
535.443604 157.610916 0.970491 
564.848877 123.822006 0.812128 
600.131104 88.411209 0.973143 
495.737549 254.594513 0.742005 
494.279022 317.814941 0.799815 
491.343445 366.329071 0.814684 
528.078186 253.159622 0.736812 
525.104919 313.456696 0.849893 
528.081360 363.394714 0.805975 
510.348511 125.268036 0.923870 
522.102417 123.837227 0.943566 
494.257507 133.953217 0.819925 
0.000000 0.000000 0.000000 
18
514.862122 133.962311 0.922538 
510.415955 158.973785 0.922185 
485.385376 159.066620 0.874303 
476.674377 123.811455 0.807738 
476.650208 85.537430 0.938361 
535.444641 157.591003 0.968570 
561.919739 123.778946 0.832510 
597.191284 87.033096 0.952950 
497.143860 254.590408 0.751891 
495.699402 317.825012 0.803922 
492.763184 366.335052 0.811835 
529.516785 253.159363 0.742010 
525.119446 313.451508 0.845687 
528.093811 363.394653 0.799667 
510.344696 126.667953 0.911327 
520.725708 125.206215 0.928898 
494.238464 132.602051 0.806883 
0.000000 0.000000 0.000000 
18
514.875793 133.996567 0.928339 
510.425079 158.977798 0.934870 
485.396301 159.086929 0.874189 
476.669434 123.793091 0.838002 
478.056152 85.547607 0.942973 
535.450623 157.564911 0.960715 
560.443604 123.753708 0.828188 
592.826904 87.040451 0.984565 
497.145447 254.602325 0.751602 
495.691132 317.825073 0.806492 
492.765930 366.340759 0.815094 
529.516418 253.165100 0.740197 
525.120789 313.434937 0.844513 
528.099731 363.384186 0.798046 
510.360229 126.724365 0.914311 
520.745911 125.233238 0.925392 
495.688660 133.970245 0.818636 
0.000000 0.000000 0.000000 
18
513.414673 134.053207 0.954172 
510.437378 157.617416 0.935003 
485.448547 159.059204 0.887235 
479.544373 126.724953 0.709621 
478.136261 88.416359 0.946911 
535.436523 157.560394 0.985104 
557.545898 123.810219 0.878201 
589.803223 86.961739 0.959501 
497.178741 253.185989 0.762381 
495.689209 317.802582 0.803993 
492.771271 366.311096 0.805035 
529.525635 253.147293 0.735554 
525.104065 313.457703 0.853451 
529.536194 361.967682 0.803699 
508.962769 129.624039 0.904479 
520.708008 126.670448 0.921143 
495.708038 133.981369 0.851275 
0.000000 0.000000 0.000000 
18
513.372864 134.100952 0.976071 
510.458679 157.603912 0.919876 
486.869843 159.097763 0.879969 
482.514526 125.253365 0.741671 
479.572205 88.444786 0.923635 
535.419128 156.117477 0.952975 
557.403503 126.677887 0.859516 
576.597900 88.472168 0.921575 
497.196167 253.177887 0.772816 
495.703308 317.806244 0.802963 
491.348694 366.330566 0.799492 
529.555359 253.139832 0.745179 
525.126038 313.456940 0.844462 
529.536377 363.396515 0.800305 
508.926819 131.083267 0.911910 
520.701355 126.728836 0.929768 
495.718536 134.008713 0.799480 
522.202087 126.705650 0.171879 
18
513.403687 134.098083 0.960684 
510.463074 158.982285 0.920118 
486.901581 160.493484 0.890733 
482.516327 125.255028 0.723971 
479.590698 88.489426 0.912467 
535.413635 157.535461 0.974334 
555.952942 123.762627 0.869468 
569.259155 87.012222 0.905342 
497.191498 254.585678 0.765947 
495.700653 317.818878 0.809747 
491.350311 366.342651 0.799023 
529.556213 253.166748 0.741352 
525.135925 314.895111 0.834283 
529.531677 363.405670 0.792029 
508.945404 131.085266 0.918615 
520.737549 126.726624 0.947950 
495.725830 134.012939 0.842437 
523.628784 125.298416 0.227532 
