24
1
18
542.737366 159.045288 0.916987 
513.377991 198.724991 0.748417 
522.139404 204.544998 0.866657 
523.685364 248.740707 0.887967 
535.444763 278.180206 0.910083 
510.398102 194.345612 0.625589 
0.000000 0.000000 0.000000 
0.000000 0.000000 0.000000 
514.834656 270.767883 0.729882 
514.817566 316.345367 0.741245 
510.493683 360.447815 0.810332 
508.947021 264.944489 0.619105 
514.853088 313.416870 0.656321 
511.899719 354.564972 0.640180 
535.400879 156.075882 0.907284 
0.000000 0.000000 0.000000 
520.718689 159.072891 0.799814 
0.000000 0.000000 0.000000 
18
541.308167 159.000092 0.927577 
511.979889 197.248276 0.783791 
522.142944 203.170227 0.870283 
523.692200 248.714844 0.873832 
535.447571 278.167786 0.910009 
508.958008 194.281982 0.634745 
0.000000 0.000000 0.000000 
0.000000 0.000000 0.000000 
514.836243 269.318085 0.720300 
514.836609 316.331299 0.727320 
510.491608 359.049164 0.825470 
507.470703 264.905609 0.625929 
513.395874 313.391785 0.652779 
511.860382 353.124664 0.621214 
535.370056 154.651901 0.907630 
0.000000 0.000000 0.000000 
520.684998 159.059753 0.809372 
0.000000 0.000000 0.000000 
18
541.328369 159.001968 0.926782 
513.355652 197.244629 0.770302 
522.132874 203.174026 0.870089 
523.706482 248.717255 0.882453 
535.473389 279.578827 0.912883 
510.383240 194.278976 0.628254 
0.000000 0.000000 0.000000 
0.000000 0.000000 0.000000 
514.833862 269.320435 0.718235 
514.825378 316.360291 0.735474 
511.841827 360.441193 0.832417 
508.907593 264.905151 0.621867 
513.420898 313.417938 0.642231 
511.888855 354.563934 0.617939 
535.382324 156.039764 0.905111 
0.000000 0.000000 0.000000 
520.688782 159.057999 0.811002 
0.000000 0.000000 0.000000 
18
541.313049 158.986145 0.926765 
513.355042 197.251587 0.776085 
522.144958 204.547440 0.872463 
523.686523 248.731445 0.889995 
535.459778 278.160065 0.930604 
510.370392 194.282837 0.633389 
0.000000 0.000000 0.000000 
0.000000 0.000000 0.000000 
516.287170 270.771027 0.716927 
513.408691 319.268311 0.738335 
511.836975 360.459076 0.814598 
508.908264 264.933685 0.631690 
513.388550 314.868195 0.652399 
511.869965 354.580078 0.615867 
535.369446 154.642975 0.904418 
0.000000 0.000000 0.000000 
520.690125 159.067032 0.802735 
0.000000 0.000000 0.000000 
18
541.310181 158.972412 0.929836 
513.365356 197.296921 0.764357 
522.138550 204.549957 0.868843 
523.669006 248.746094 0.899108 
535.462524 278.172760 0.929854 
510.388702 194.321396 0.641982 
0.000000 0.000000 0.000000 
0.000000 0.000000 0.000000 
516.290222 270.791199 0.717166 
513.385315 319.288635 0.744716 
511.841217 360.464539 0.821345 
508.909302 264.949280 0.624031 
513.385681 314.892181 0.654436 
511.895081 354.570801 0.618349 
535.366577 154.628510 0.902262 
0.000000 0.000000 0.000000 
520.699890 159.082077 0.799876 
0.000000 0.000000 0.000000 
18
541.320862 158.983643 0.931176 
513.368469 197.297928 0.762581 
522.147644 204.553833 0.871370 
523.680359 250.141739 0.895479 
535.452148 279.584839 0.919707 
510.383759 194.325394 0.642919 
0.000000 0.000000 0.000000 
0.000000 0.000000 0.000000 
516.296021 270.798279 0.717666 
513.399414 319.272644 0.737103 
511.836365 360.459290 0.829550 
507.488251 264.955902 0.626070 
513.395386 314.872009 0.652559 
511.891296 353.130188 0.617165 
535.366516 154.643890 0.906229 
0.000000 0.000000 0.000000 
520.691956 159.090393 0.798203 
0.000000 0.000000 0.000000 
18
541.327881 158.992477 0.932559 
513.402527 200.180710 0.768992 
522.198364 204.594818 0.883982 
523.689758 250.161453 0.898304 
535.440247 279.607086 0.914991 
510.393433 194.373672 0.646109 
0.000000 0.000000 0.000000 
0.000000 0.000000 0.000000 
514.858765 270.795502 0.721961 
513.418701 319.278992 0.740780 
510.490082 360.465454 0.825880 
506.031921 264.959778 0.620923 
513.353271 314.877777 0.660471 
511.927948 354.552521 0.627666 
535.365540 154.635986 0.907493 
0.000000 0.000000 0.000000 
520.667114 159.075592 0.793195 
0.000000 0.000000 0.000000 
18
541.276917 157.591003 0.933422 
513.396301 200.185989 0.769488 
522.172974 204.629456 0.882356 
523.671997 250.159729 0.904328 
535.437439 279.634247 0.919446 
510.390625 194.340530 0.637233 
0.000000 0.000000 0.000000 
0.000000 0.000000 0.000000 
516.289917 270.790009 0.725580 
513.391785 319.300446 0.755138 
510.487701 360.467926 0.830103 
508.933655 264.950409 0.616722 
513.392090 314.907379 0.663703 
511.928802 354.566315 0.643095 
533.993835 153.152283 0.903552 
538.409180 148.755844 0.122256 
519.265991 159.096207 0.798100 
0.000000 0.000000 0.000000 
18
538.397583 157.601654 0.945212 
513.405701 198.718414 0.795077 
522.183350 204.597473 0.884127 
523.664612 248.705231 0.868018 
535.448425 279.591400 0.914083 
510.391632 194.312973 0.670258 
531.026978 236.947647 0.122120 
545.662598 239.848465 0.394874 
514.859375 269.314606 0.716230 
514.863647 314.892242 0.712144 
510.470093 359.063293 0.841275 
506.028778 264.891968 0.625173 
514.816284 311.978149 0.655444 
511.921051 351.659698 0.639955 
533.947205 154.588440 0.905978 
536.970947 148.799881 0.199304 
517.778748 159.112640 0.784910 
0.000000 0.000000 0.000000 
18
536.945251 157.619629 0.932358 
513.346130 195.789505 0.835708 
522.139343 204.589630 0.850540 
523.700806 250.188370 0.884176 
535.458496 281.053955 0.938371 
510.377747 192.796249 0.671946 
532.488770 209.031265 0.341626 
557.441650 214.870972 0.711690 
513.419739 267.815460 0.718738 
514.873535 314.891052 0.710970 
510.471649 359.064026 0.843072 
504.550903 263.450378 0.637141 
514.831360 311.960999 0.643200 
511.922882 351.650085 0.633052 
533.946228 154.626831 0.900464 
0.000000 0.000000 0.000000 
519.224976 159.097610 0.794199 
0.000000 0.000000 0.000000 
18
536.931213 158.992813 0.942998 
516.333618 194.388748 0.741356 
519.213562 204.568924 0.799587 
523.659241 250.165237 0.900239 
535.466614 279.621979 0.910063 
520.706116 191.406662 0.601018 
531.046021 207.538727 0.114524 
0.000000 0.000000 0.000000 
513.415100 266.356750 0.715147 
514.851440 314.876801 0.701515 
510.489990 359.064728 0.848478 
510.463837 263.425690 0.605235 
519.220154 311.903442 0.639538 
511.960510 351.622894 0.645660 
533.942932 156.070175 0.926489 
0.000000 0.000000 0.000000 
519.222351 159.102386 0.804397 
0.000000 0.000000 0.000000 
18
535.508667 158.984344 0.924940 
516.292114 194.388367 0.774705 
520.708008 204.644608 0.844793 
523.706543 251.576492 0.901837 
535.479675 281.096252 0.897185 
513.397217 191.327057 0.614383 
542.762268 176.699478 0.567966 
558.998657 160.549561 0.776630 
513.426453 267.816589 0.712519 
514.835205 316.354675 0.715466 
510.490356 360.475098 0.835351 
510.394623 263.463684 0.619084 
517.753906 311.970032 0.651855 
511.928070 351.658051 0.636264 
533.914429 156.060257 0.935977 
0.000000 0.000000 0.000000 
519.272461 160.521347 0.763258 
0.000000 0.000000 0.000000 
18
536.880127 157.579254 0.909966 
513.431763 194.358643 0.762548 
522.169006 204.645294 0.880159 
523.707581 251.604294 0.907783 
535.482483 281.063110 0.907230 
510.434326 189.905838 0.577339 
541.312683 160.492981 0.519201 
558.970032 145.760757 0.798097 
516.294678 269.289886 0.705551 
513.418762 319.285675 0.721331 
511.842560 360.501221 0.806907 
508.912231 264.874023 0.637452 
514.835938 313.453644 0.648317 
511.946350 354.593140 0.641824 
533.903564 154.617599 0.848685 
0.000000 0.000000 0.000000 
522.167969 160.529953 0.704715 
0.000000 0.000000 0.000000 
18
538.380859 157.613098 0.876868 
513.349792 195.831253 0.773049 
522.146423 206.041870 0.856559 
523.652039 251.632584 0.919078 
535.492676 282.520233 0.919025 
508.941864 191.388214 0.589187 
542.747314 148.783279 0.282919 
550.117493 138.446381 0.589451 
516.313599 270.795959 0.700450 
513.359985 320.736847 0.744302 
511.842682 360.501373 0.816465 
508.938232 264.925751 0.618001 
513.405884 316.341278 0.633431 
511.943237 354.563934 0.624784 
534.014465 156.051132 0.855547 
0.000000 0.000000 0.000000 
522.202026 160.482376 0.716940 
0.000000 0.000000 0.000000 
18
542.751770 159.036423 0.915404 
513.344543 200.185532 0.762460 
522.156677 206.089081 0.856684 
523.648132 251.642258 0.923547 
535.452148 282.522339 0.919323 
508.934448 192.886734 0.592509 
0.000000 0.000000 0.000000 
0.000000 0.000000 0.000000 
516.326416 272.245758 0.715081 
513.408020 320.713074 0.738619 
510.494995 360.498108 0.812585 
508.973022 266.353638 0.623179 
514.848328 314.905823 0.640462 
511.915375 354.587463 0.635522 
535.423767 156.077835 0.903974 
0.000000 0.000000 0.000000 
522.120728 159.085892 0.792396 
0.000000 0.000000 0.000000 
18
539.858704 159.030396 0.917381 
513.425964 200.221863 0.750724 
522.171814 206.093460 0.861789 
523.647522 251.668106 0.942001 
535.448608 282.524811 0.925471 
510.420837 194.318863 0.597090 
0.000000 0.000000 0.000000 
0.000000 0.000000 0.000000 
517.764099 270.798492 0.711185 
513.415466 319.313934 0.726747 
511.846100 360.504120 0.821713 
510.388611 264.941467 0.636677 
514.839294 314.893005 0.632527 
511.920135 354.587372 0.624012 
535.376221 156.059280 0.905423 
0.000000 0.000000 0.000000 
520.726074 159.036957 0.803131 
0.000000 0.000000 0.000000 
18
541.317322 159.095749 0.902075 
514.854370 201.692490 0.762233 
522.242676 206.128967 0.873728 
523.660645 251.663071 0.935269 
535.442139 282.535614 0.932480 
510.416534 195.778030 0.598320 
0.000000 0.000000 0.000000 
0.000000 0.000000 0.000000 
517.770386 270.766205 0.702125 
513.389099 319.310089 0.729374 
511.845917 360.496552 0.814848 
510.399811 264.927765 0.631602 
514.855103 314.882294 0.649378 
511.932098 354.574402 0.645914 
535.405151 157.489502 0.932577 
0.000000 0.000000 0.000000 
520.718018 159.079254 0.796674 
0.000000 0.000000 0.000000 
18
542.760620 159.108505 0.896805 
516.298462 203.101456 0.745985 
522.224365 206.135864 0.868924 
523.678284 251.669601 0.934983 
535.469543 282.562012 0.930282 
511.858917 195.793365 0.585050 
532.482483 236.975891 0.053796 
539.818970 239.955017 0.136939 
516.319580 270.762238 0.688806 
513.412170 319.282898 0.710955 
511.848114 360.511230 0.823072 
510.453949 264.934998 0.607585 
517.765747 313.412354 0.635766 
511.925385 353.103058 0.619140 
535.409180 157.499603 0.942046 
0.000000 0.000000 0.000000 
520.686890 159.106949 0.794834 
0.000000 0.000000 0.000000 
18
542.779358 160.486893 0.881355 
516.319031 203.120056 0.765422 
523.659119 206.141312 0.879808 
523.713440 251.672440 0.925342 
535.492249 283.978271 0.934048 
510.423584 197.244003 0.608026 
0.000000 0.000000 0.000000 
0.000000 0.000000 0.000000 
517.752625 270.751617 0.694298 
514.821777 316.358368 0.699434 
510.480408 359.050385 0.814246 
510.382935 264.909088 0.620288 
517.761475 311.976837 0.639861 
511.941223 353.129120 0.683714 
535.432251 157.520874 0.938452 
0.000000 0.000000 0.000000 
520.718567 159.110703 0.779226 
0.000000 0.000000 0.000000 
18
542.801025 160.526886 0.874956 
516.302551 201.652954 0.734369 
523.606750 206.077179 0.871144 
523.691589 251.638474 0.928058 
535.497986 282.546326 0.926235 
510.435181 194.354065 0.597163 
0.000000 0.000000 0.000000 
0.000000 0.000000 0.000000 
516.339172 269.319000 0.689486 
513.392639 319.263153 0.720877 
511.840302 359.067780 0.825180 
510.428589 264.911926 0.611279 
516.322021 313.426727 0.644094 
511.935272 353.119843 0.642538 
535.436646 157.548782 0.945648 
544.215149 157.514145 0.246800 
520.716919 160.478745 0.785884 
0.000000 0.000000 0.000000 
18
542.787476 161.956955 0.857380 
516.309021 201.659622 0.739343 
522.236755 206.085541 0.869872 
523.665405 251.637207 0.935123 
535.500916 282.542542 0.923339 
510.457794 194.362061 0.592682 
0.000000 0.000000 0.000000 
0.000000 0.000000 0.000000 
517.752747 270.755707 0.691201 
513.410828 319.283325 0.714008 
511.834656 359.063690 0.832844 
510.438232 264.925720 0.604912 
516.305725 313.447266 0.636885 
511.928314 353.106445 0.628149 
535.438354 157.583832 0.950608 
544.208008 157.530441 0.258389 
520.746155 160.485580 0.787106 
0.000000 0.000000 0.000000 
18
544.192871 161.963181 0.865404 
517.774841 201.685318 0.717491 
522.171692 206.103058 0.837992 
523.656006 251.671448 0.931275 
535.481934 282.547729 0.930078 
513.381470 195.771469 0.564594 
532.473938 239.826279 0.074395 
0.000000 0.000000 0.000000 
516.298584 270.763611 0.682605 
513.396118 319.280609 0.708312 
510.495972 360.459778 0.826671 
511.900696 264.951904 0.586477 
516.321655 313.440430 0.643470 
511.924591 353.119324 0.624653 
535.456482 157.580902 0.947931 
544.226868 157.544800 0.264094 
522.132202 160.487534 0.797489 
0.000000 0.000000 0.000000 
18
544.233032 163.447601 0.861766 
519.229919 201.674530 0.719499 
522.201965 206.092178 0.841591 
523.626648 251.650574 0.929463 
535.437866 282.515198 0.945928 
514.833618 194.365875 0.558432 
532.490906 239.820129 0.061518 
0.000000 0.000000 0.000000 
516.300598 270.754669 0.689998 
513.397400 319.305206 0.719908 
510.496185 360.469208 0.842538 
511.911835 264.947937 0.591774 
516.323792 313.462402 0.639974 
511.897705 353.095795 0.605422 
535.507690 157.621750 0.917261 
0.000000 0.000000 0.000000 
522.187744 160.515732 0.795929 
0.000000 0.000000 0.000000 
18
544.216125 163.425476 0.864887 
519.239624 201.654327 0.716686 
522.168640 206.081406 0.845154 
523.604675 251.656982 0.932741 
535.415833 284.004028 0.940372 
516.318970 194.345901 0.555822 
533.900696 239.840744 0.075634 
541.297913 241.410645 0.135309 
516.309814 270.759064 0.682817 
513.399780 319.291351 0.725001 
511.833740 360.469116 0.839634 
511.922516 266.346008 0.590605 
516.289368 314.872437 0.640253 
511.908051 353.113647 0.617620 
535.496338 157.602936 0.931815 
0.000000 0.000000 0.000000 
522.178650 159.118866 0.809884 
0.000000 0.000000 0.000000 
