28
1
18
525.117554 157.509521 0.925951 
522.172974 179.582535 0.919149 
488.419342 175.229111 0.894924 
482.476379 228.119080 0.840989 
479.591003 269.291290 0.816126 
553.050537 181.032242 0.864898 
557.503479 229.658051 0.939674 
557.536865 276.642181 0.951049 
500.223511 267.815491 0.761122 
503.115997 322.248810 0.854987 
504.552887 363.411285 0.783152 
536.884583 267.847260 0.790664 
532.426758 320.744324 0.843242 
532.468628 363.416138 0.799047 
520.716980 147.316055 0.938997 
533.893127 147.365860 0.987040 
508.928864 144.361237 0.890884 
538.376465 145.742203 0.550385 
18
525.108521 157.522888 0.934035 
522.173950 179.586975 0.921323 
488.412506 175.241364 0.892576 
482.475739 228.091751 0.835872 
479.576599 269.328796 0.820612 
553.063293 181.042557 0.866450 
557.520447 229.633118 0.944083 
558.880554 276.652527 0.938167 
501.596252 266.404755 0.767044 
504.535736 322.250427 0.859839 
504.531250 363.416168 0.793691 
536.894409 267.832642 0.789986 
531.040161 320.753448 0.853869 
532.459045 363.412048 0.798915 
520.707458 147.331390 0.929396 
533.885254 148.727371 0.977412 
508.934052 145.734833 0.891369 
538.367615 145.752701 0.565062 
18
525.109558 157.528488 0.931604 
522.173950 179.585785 0.920736 
488.415283 176.654480 0.890165 
482.494263 228.081161 0.836054 
479.568909 269.326141 0.825081 
553.060181 181.040482 0.866042 
558.885193 229.658234 0.943319 
558.920349 276.690796 0.965185 
501.612213 267.814270 0.761534 
504.525421 322.278992 0.857303 
504.534271 363.411743 0.790711 
536.913818 267.853943 0.785361 
531.038757 322.169250 0.870906 
532.466431 363.423065 0.804476 
520.709778 147.331024 0.929913 
533.891846 148.733307 0.976780 
508.921570 145.728455 0.891027 
538.368591 145.757751 0.528427 
18
525.111328 157.529739 0.931890 
522.170227 179.584763 0.920192 
488.415466 176.658386 0.890615 
482.492645 228.098618 0.839141 
479.568329 269.291351 0.823942 
553.051331 181.031769 0.862277 
558.901794 229.671112 0.944923 
558.985901 276.698883 0.958421 
501.610321 266.413879 0.760586 
504.533905 322.268280 0.856734 
504.522827 363.414001 0.789407 
536.907776 267.855469 0.784256 
531.026184 322.186798 0.872609 
532.476563 363.430084 0.799560 
520.718445 147.334473 0.930869 
533.889282 148.744034 0.974002 
508.925018 145.729309 0.895532 
538.342529 145.764923 0.493274 
18
525.112671 157.536942 0.932632 
522.172974 179.581253 0.917329 
488.416962 175.242004 0.889852 
482.500824 228.103104 0.839939 
481.046936 270.759064 0.809742 
553.051331 181.028854 0.860065 
558.922974 229.638916 0.958334 
559.015015 276.686218 0.954433 
501.601685 267.821808 0.759970 
504.533234 322.276947 0.859600 
503.108826 363.422302 0.789021 
536.895874 267.852570 0.787720 
531.016968 322.166718 0.864655 
532.455139 363.419739 0.796548 
520.715698 147.337891 0.927504 
533.894592 148.748459 0.973115 
508.916626 145.739471 0.899332 
538.357788 145.767014 0.487325 
18
525.129150 157.546631 0.930409 
522.173645 179.591324 0.921967 
488.417053 176.671509 0.890089 
482.501038 228.131866 0.850774 
481.041992 272.214874 0.820045 
553.050842 181.028595 0.860427 
558.936768 229.688385 0.927887 
559.036865 276.684296 0.943528 
501.602356 267.846588 0.756189 
504.526520 322.293121 0.865199 
504.529053 364.855988 0.784862 
536.893372 269.288361 0.785103 
531.023804 322.182892 0.869583 
532.461670 364.851318 0.795440 
520.727173 147.355286 0.924717 
533.898926 148.752457 0.974374 
508.919403 145.759720 0.905672 
538.339478 145.750687 0.463190 
18
525.131897 157.562744 0.928701 
522.188843 179.583984 0.922123 
488.433136 176.666122 0.887605 
482.509857 228.121765 0.848858 
483.942444 273.671539 0.840801 
553.065796 181.024887 0.861757 
558.927429 229.674469 0.934687 
559.036560 276.730743 0.939110 
501.633057 267.862091 0.745236 
503.118469 323.651703 0.861181 
504.563293 363.430725 0.777689 
536.910400 269.301117 0.782439 
532.446655 322.182343 0.881007 
532.467590 363.399780 0.795540 
520.725586 148.723373 0.914411 
533.899109 148.768173 0.964874 
508.923859 145.773575 0.906736 
538.362610 145.744553 0.500397 
18
525.109741 157.592194 0.934883 
522.191284 179.594101 0.921714 
488.430786 176.684723 0.885241 
482.508148 228.156631 0.855087 
483.973083 273.692657 0.846431 
553.071838 181.041092 0.868670 
558.945251 229.687378 0.946351 
558.998718 276.709686 0.952674 
501.656921 267.817047 0.748186 
503.114838 322.286194 0.865994 
504.551392 363.424408 0.778268 
536.916931 267.855957 0.785698 
532.430176 322.161346 0.870967 
532.481689 364.852264 0.800819 
520.713074 148.759995 0.899590 
533.880981 148.808121 0.936970 
508.939911 145.806976 0.916645 
538.360413 145.780807 0.546159 
18
525.146362 158.981445 0.922166 
522.187622 179.619919 0.927635 
488.429413 178.126129 0.885722 
482.503876 229.548965 0.849682 
483.985870 273.696991 0.848996 
553.070007 181.057938 0.873605 
558.914124 229.684784 0.945067 
558.982788 276.714081 0.952812 
501.625671 267.833038 0.748997 
503.098328 322.296326 0.876363 
504.522949 363.430298 0.780197 
536.910217 267.859070 0.778230 
532.460327 322.193787 0.888252 
532.460876 363.426880 0.791209 
520.725586 148.810226 0.887782 
533.916992 150.229187 0.939771 
508.941162 145.834106 0.913805 
538.396423 145.760422 0.513918 
18
525.162781 159.022217 0.919026 
522.217712 181.022156 0.944311 
488.452637 179.598557 0.894797 
482.487518 229.660004 0.852206 
483.981903 275.111603 0.874000 
554.513855 181.097672 0.886463 
558.911194 229.681976 0.952130 
558.945923 276.679138 0.950896 
501.631531 269.286407 0.745171 
501.651733 323.716919 0.877482 
504.537781 363.432526 0.783149 
536.919067 270.756104 0.778256 
532.469360 322.261383 0.888112 
532.462036 364.870056 0.785688 
520.750183 150.234253 0.888188 
533.942627 151.698669 0.927480 
508.966064 145.867157 0.927472 
539.870850 145.834473 0.541607 
18
526.599304 159.100052 0.890645 
523.593750 181.054199 0.949122 
489.852966 179.632401 0.899824 
482.494843 229.656998 0.862178 
483.962097 273.702423 0.854860 
555.964905 181.134964 0.895892 
558.954407 231.117584 0.914410 
558.944275 276.701080 0.941981 
501.624786 270.753296 0.748330 
501.602753 323.681152 0.893604 
504.572510 363.415527 0.778932 
536.946594 272.240692 0.779980 
532.484009 323.661987 0.879670 
532.453552 364.867249 0.757653 
522.153076 153.177444 0.893956 
533.977356 154.643066 0.942469 
510.373993 147.260315 0.937300 
541.297913 147.280807 0.476963 
18
526.636414 160.543716 0.875914 
523.645020 181.125717 0.956039 
489.896362 181.035904 0.901808 
483.946014 231.091888 0.864416 
481.011841 275.156738 0.865472 
556.031250 182.557816 0.897736 
558.999634 232.527100 0.900929 
558.940430 278.177216 0.928201 
500.214325 270.755249 0.764355 
501.585846 323.691986 0.896079 
503.107513 366.324341 0.781519 
536.912537 273.675262 0.793251 
532.503418 323.739899 0.878295 
532.449585 366.318329 0.747346 
522.196289 156.084045 0.931156 
534.009888 157.485504 0.977087 
510.375244 147.333420 0.933208 
542.798340 150.209320 0.397519 
18
531.009583 164.913132 0.864179 
523.732910 182.632767 0.906322 
492.813507 182.529800 0.886751 
485.415710 234.025909 0.857488 
479.558441 276.693970 0.880725 
557.497681 185.496201 0.838842 
561.901367 236.949692 0.836108 
558.969849 281.045868 0.903226 
501.596710 270.764862 0.751503 
498.737854 325.213074 0.870144 
504.544434 366.358765 0.774789 
536.922119 273.703583 0.786846 
531.036926 325.222076 0.842537 
532.486328 367.823456 0.765478 
523.632874 157.561279 0.992494 
535.421692 157.624115 0.978682 
510.423187 150.212982 0.916298 
545.644104 156.101105 0.243221 
18
532.460449 169.396042 0.940415 
525.160339 189.934326 0.863920 
495.745483 185.530212 0.862422 
485.428162 239.944687 0.937602 
479.549622 279.588470 0.841443 
558.915955 192.772049 0.852770 
567.770203 239.911957 0.896343 
561.873474 285.500031 0.838644 
501.636780 275.144806 0.769169 
497.210938 328.137878 0.856095 
506.007446 366.316620 0.801521 
538.379700 276.674896 0.779467 
528.086121 332.503265 0.834450 
533.912048 367.804657 0.763258 
523.684570 160.509506 0.965009 
535.507080 163.444931 0.896353 
511.838165 156.094696 0.936858 
545.704651 159.035751 0.244681 
18
533.930664 179.557739 0.913946 
526.635925 194.399170 0.860896 
497.222839 194.337646 0.909766 
485.402466 244.342346 0.873074 
478.069153 288.368103 0.913005 
558.950745 195.844543 0.840927 
570.666016 247.272202 0.869512 
567.712219 291.355682 0.829347 
503.113617 278.171570 0.743888 
489.859955 333.932281 0.911250 
508.957214 364.844513 0.840062 
541.294739 283.992767 0.722320 
525.164795 336.965729 0.852204 
535.440918 369.273804 0.763206 
525.153442 169.361237 0.942307 
538.376465 170.803284 0.911664 
511.877747 160.522507 0.943208 
545.777039 169.312683 0.245053 
18
535.441040 189.906784 0.922233 
530.979675 206.024872 0.894182 
498.735474 204.599808 0.943120 
486.839325 253.085999 0.928034 
476.598755 298.660980 0.916585 
558.967102 206.130203 0.861462 
572.184570 254.618637 0.858910 
570.692078 300.211304 0.897583 
503.102356 285.490417 0.751319 
485.444092 335.476715 0.946822 
510.401245 366.318542 0.802662 
541.293396 288.453156 0.755008 
523.745911 345.760101 0.888569 
535.431091 369.340393 0.712142 
531.026001 181.114624 0.911012 
544.186218 182.541077 0.917796 
513.401184 173.738312 0.880179 
547.286865 179.599060 0.059209 
18
535.501404 204.561996 0.935535 
532.434692 217.853806 0.893806 
500.195709 216.412750 0.915980 
485.426086 263.418884 0.866406 
476.593628 308.971191 0.889187 
558.962097 219.335632 0.863677 
576.594604 266.413696 0.828991 
579.530090 319.266968 0.822874 
504.536133 294.276154 0.756082 
482.507660 339.868774 0.860035 
510.481232 372.253754 0.802070 
541.317932 300.188782 0.783912 
526.623657 350.179443 0.737519 
535.395996 369.289368 0.697098 
532.496033 194.353989 0.916328 
545.636169 195.794006 0.945503 
517.758911 188.415726 0.824403 
548.666931 192.850250 0.091225 
18
542.739014 219.293289 0.856919 
533.903564 232.575790 0.862787 
501.593231 229.669312 0.873413 
485.428802 276.599365 0.889440 
476.599121 322.244995 0.899710 
560.418884 236.983948 0.825348 
580.984924 286.972778 0.911776 
586.896851 335.511414 0.852405 
504.555023 303.138397 0.758655 
483.934357 345.778381 0.874169 
511.962769 378.072815 0.714306 
542.769714 311.957825 0.776253 
526.578735 360.512726 0.718059 
533.942993 370.746338 0.477447 
535.371765 213.427277 0.898504 
547.160400 214.873444 0.882596 
522.134766 206.043777 0.917861 
0.000000 0.000000 0.000000 
18
544.275513 239.891113 0.942244 
535.420715 250.159363 0.871033 
508.975403 245.761551 0.811385 
486.838257 289.876160 0.865867 
476.682770 336.921478 0.836700 
563.345276 253.109100 0.820621 
582.533020 304.611237 0.845424 
597.204773 356.033722 0.806837 
507.463989 311.917847 0.795865 
483.934845 354.556732 0.758013 
513.405640 381.008118 0.514002 
541.303101 322.246033 0.759076 
525.167480 369.334106 0.671092 
529.541443 373.679962 0.431754 
535.511902 231.071045 0.918274 
548.635620 231.103210 0.883937 
523.674683 228.065567 0.896849 
557.408264 226.670761 0.144546 
18
545.734619 257.566254 0.893975 
536.908447 264.904785 0.878058 
510.475647 263.349365 0.884211 
485.466705 307.550415 0.860510 
482.494049 353.112823 0.802483 
566.294434 269.327362 0.778764 
589.837036 323.672852 0.861255 
608.911865 370.710388 0.881411 
508.922638 320.762268 0.804404 
485.429474 361.962738 0.602822 
0.000000 0.000000 0.000000 
542.757263 332.479187 0.758834 
523.714783 382.493256 0.847452 
520.707703 379.588318 0.251400 
538.380310 251.647232 0.903067 
551.573730 251.698044 0.875719 
526.580139 242.888779 0.828236 
558.898926 245.766983 0.172112 
18
547.133667 276.629395 0.972321 
544.236084 282.525299 0.823326 
513.405762 275.207184 0.867172 
485.449127 320.714813 0.849634 
485.457275 361.935791 0.798096 
570.662170 288.462982 0.847451 
594.304260 342.830444 0.856986 
619.206909 382.565979 0.878902 
511.869781 325.159332 0.783266 
483.951294 367.808807 0.452759 
0.000000 0.000000 0.000000 
545.666748 339.860657 0.767350 
523.630005 392.789368 0.887210 
520.690186 382.565216 0.179233 
542.769348 269.304474 0.834449 
554.532043 273.660553 0.863132 
533.940247 263.407471 0.872516 
560.434692 266.391998 0.598087 
18
550.151611 292.838196 0.851628 
547.241943 295.792694 0.846373 
522.216431 287.014008 0.840975 
486.916077 331.035431 0.848752 
486.929810 370.780487 0.827730 
572.221741 301.702423 0.784470 
600.121094 357.461243 0.830201 
628.065063 394.333710 0.891019 
514.824768 333.970032 0.746598 
486.922302 369.322449 0.300933 
488.335571 373.695190 0.432829 
547.126648 347.297058 0.791883 
523.674316 400.139038 0.802693 
0.000000 0.000000 0.000000 
547.127563 286.969971 0.940044 
557.510498 288.362396 0.936306 
536.881470 279.582184 0.750006 
567.774292 284.002838 0.622866 
18
0.000000 0.000000 0.000000 
557.403687 308.976044 0.837341 
530.974365 298.623962 0.821793 
489.821655 335.408844 0.927573 
489.879974 376.631531 0.795766 
581.068726 320.764679 0.816327 
605.934509 369.297485 0.932179 
632.443970 406.067993 0.897793 
520.721497 339.903992 0.748230 
495.712708 369.280487 0.198869 
491.325775 381.004059 0.402516 
548.664978 359.022705 0.791798 
529.512695 408.987122 0.742206 
0.000000 0.000000 0.000000 
0.000000 0.000000 0.000000 
0.000000 0.000000 0.000000 
545.681274 291.380890 0.703371 
570.716858 300.123688 0.794072 
18
559.007996 319.322845 0.898381 
564.842163 316.346130 0.794050 
539.834412 301.704651 0.798028 
497.140717 336.966766 0.841591 
497.171326 375.152802 0.722582 
591.295349 332.491028 0.769712 
607.437256 379.571136 0.872728 
630.981201 416.273438 0.936013 
528.100952 347.216980 0.732920 
511.866791 354.558228 0.501686 
498.620728 381.035675 0.509870 
557.431763 367.802551 0.796449 
535.437378 416.298645 0.798097 
0.000000 0.000000 0.000000 
558.894104 311.893066 0.951922 
569.184326 313.470764 0.896734 
555.971558 300.212250 0.593342 
579.540894 311.927643 0.871960 
18
569.257935 328.118469 0.884951 
576.569702 322.172546 0.865030 
550.115479 310.396729 0.884208 
501.664948 336.967194 0.849760 
501.611542 375.189056 0.805331 
603.012085 335.435852 0.793546 
616.249512 379.546387 0.886828 
632.453979 416.374756 0.940124 
539.833069 347.264679 0.720653 
519.230774 357.531158 0.440663 
503.067261 381.043915 0.359317 
569.203125 369.293274 0.766753 
545.759644 419.268433 0.766529 
0.000000 0.000000 0.000000 
569.172913 322.198059 0.846297 
576.571472 323.765747 0.834806 
564.843201 309.032837 0.470901 
589.809875 322.262268 0.780624 
18
579.511780 335.454071 0.865945 
585.428040 325.190063 0.849302 
558.913086 311.984436 0.930011 
511.896851 338.433868 0.873567 
510.434143 379.578796 0.781611 
614.806030 342.790833 0.791370 
626.519714 382.515778 0.879621 
638.285034 417.776886 0.974076 
548.672974 354.576172 0.679584 
522.204468 367.813080 0.292983 
510.434784 382.569153 0.503840 
578.063660 375.175323 0.683460 
550.106506 425.144775 0.739309 
0.000000 0.000000 0.000000 
576.600830 326.664520 0.710537 
583.963013 333.933746 0.831583 
572.188965 312.011292 0.512299 
597.182739 326.659851 0.698855 
18
585.393860 342.838379 0.791949 
595.695923 331.033600 0.829895 
569.184875 316.385803 0.865440 
522.159546 345.779938 0.924174 
517.769531 381.070343 0.678261 
625.071594 345.694275 0.776617 
629.531311 382.456970 0.937428 
636.876404 417.777252 0.975372 
560.406799 357.554382 0.727266 
544.223755 357.572235 0.445070 
513.415527 386.915436 0.601787 
588.380249 379.602112 0.705238 
550.131348 426.615173 0.772464 
0.000000 0.000000 0.000000 
582.554138 334.022644 0.816238 
594.175415 337.000763 0.822717 
581.034790 320.780151 0.479878 
606.026306 334.003204 0.751421 
18
592.780273 345.735260 0.876324 
604.561279 333.958801 0.885883 
576.607727 320.746826 0.861989 
531.038696 351.654266 0.836509 
529.514954 386.932831 0.727695 
631.024231 347.209839 0.810280 
636.893738 382.579468 0.866255 
638.349609 417.806366 0.981649 
570.716614 359.021973 0.692156 
545.686768 367.811432 0.289605 
525.171448 391.348175 0.431724 
598.623230 382.482513 0.677088 
554.512146 425.175018 0.722659 
548.654358 416.255829 0.111327 
592.700256 335.518494 0.713125 
600.134338 344.233917 0.737552 
591.249817 322.250153 0.331719 
614.823181 336.931610 0.705625 
18
600.103760 348.733185 0.782408 
611.882263 335.496216 0.867775 
582.474915 323.658630 0.940184 
538.402954 356.033478 0.839490 
538.336487 392.784241 0.843420 
639.855896 350.174500 0.830350 
639.880737 385.488708 0.852207 
639.758850 417.831757 0.976304 
570.682068 366.361633 0.734181 
523.668152 382.508392 0.506525 
516.341187 383.980469 0.415623 
603.030579 391.301239 0.756583 
554.528076 428.088440 0.765529 
555.945557 417.837311 0.159900 
595.754517 342.843933 0.743655 
606.045898 347.215179 0.836697 
594.214844 326.638947 0.446930 
619.298340 342.829041 0.631163 
