64
1
18
645.681641 125.244545 0.814970 
608.938416 157.589050 0.871308 
617.744568 166.373169 0.868797 
616.262146 217.922073 0.913770 
626.585144 263.400879 0.882711 
600.123413 153.132507 0.730168 
0.000000 0.000000 0.000000 
0.000000 0.000000 0.000000 
605.949585 247.255676 0.738972 
598.671509 301.647003 0.801983 
591.261292 357.507660 0.811575 
592.809814 241.342865 0.695916 
592.758972 300.136932 0.809293 
594.177734 350.172150 0.654998 
641.319519 122.269562 0.903793 
0.000000 0.000000 0.000000 
629.477478 123.804642 0.946771 
0.000000 0.000000 0.000000 
18
645.711182 125.245346 0.812138 
608.941650 157.600769 0.872375 
617.741943 166.364212 0.863880 
616.287048 217.899078 0.907314 
626.587158 263.372894 0.886073 
601.559998 153.166855 0.732641 
0.000000 0.000000 0.000000 
0.000000 0.000000 0.000000 
605.957947 248.736099 0.757920 
598.664856 303.101227 0.803658 
591.312805 357.489288 0.819800 
592.773132 241.403473 0.712077 
589.825928 298.722534 0.790215 
589.815735 348.731812 0.597742 
641.347961 122.267242 0.903729 
0.000000 0.000000 0.000000 
629.503296 123.798645 0.943021 
0.000000 0.000000 0.000000 
18
647.148376 125.236855 0.808300 
608.948792 157.603668 0.874637 
617.764648 166.371841 0.864771 
616.290588 217.893448 0.904945 
627.983154 261.973663 0.897634 
601.554688 153.155655 0.739246 
0.000000 0.000000 0.000000 
0.000000 0.000000 0.000000 
605.965271 248.715485 0.757953 
600.129883 301.683807 0.814748 
591.282410 357.473022 0.817301 
592.765625 241.385910 0.717599 
589.796509 298.675781 0.801599 
585.437378 347.239105 0.605288 
642.737061 122.266655 0.899567 
0.000000 0.000000 0.000000 
629.541138 123.797722 0.932608 
0.000000 0.000000 0.000000 
18
647.153748 125.226608 0.814291 
608.943787 157.600967 0.873558 
617.773254 166.362671 0.861835 
616.308472 217.901901 0.905929 
628.028748 261.955200 0.899405 
600.127380 153.143692 0.743751 
0.000000 0.000000 0.000000 
0.000000 0.000000 0.000000 
605.971252 248.716690 0.761225 
600.097595 301.689941 0.805072 
591.287842 357.481781 0.819226 
592.745667 241.385223 0.716788 
591.235291 298.717743 0.797417 
588.353577 348.692749 0.598647 
642.741333 122.257683 0.896891 
0.000000 0.000000 0.000000 
629.553101 123.789139 0.926224 
0.000000 0.000000 0.000000 
18
647.156128 125.228577 0.810723 
608.945984 157.602081 0.874081 
617.775513 166.372147 0.862565 
616.326965 217.844803 0.913934 
628.026489 261.935852 0.898426 
600.136414 153.147461 0.745272 
0.000000 0.000000 0.000000 
0.000000 0.000000 0.000000 
605.987488 248.708511 0.765631 
600.101624 301.661835 0.817645 
591.309326 357.454834 0.823133 
592.760376 241.385239 0.718902 
591.227966 298.693176 0.802365 
585.417419 347.229492 0.611581 
642.746704 122.257294 0.891295 
0.000000 0.000000 0.000000 
629.557678 123.784782 0.927871 
0.000000 0.000000 0.000000 
18
647.177246 125.227341 0.810392 
608.944153 157.600739 0.873311 
617.778259 166.363190 0.862342 
616.329895 217.851501 0.911887 
628.039856 261.941986 0.896623 
600.139771 153.140015 0.747886 
0.000000 0.000000 0.000000 
0.000000 0.000000 0.000000 
606.004761 248.728989 0.767092 
598.666016 301.681549 0.808463 
591.292969 357.473938 0.829309 
592.781555 241.403900 0.710511 
591.270447 298.710724 0.796040 
585.442444 347.263062 0.597785 
642.763977 122.254425 0.886705 
0.000000 0.000000 0.000000 
629.572754 123.783310 0.927498 
0.000000 0.000000 0.000000 
18
647.156372 125.258232 0.781735 
608.962952 157.617386 0.873807 
617.808960 166.374344 0.855075 
616.346558 217.875870 0.923871 
628.045471 261.956543 0.910030 
600.139954 153.147202 0.754369 
0.000000 0.000000 0.000000 
0.000000 0.000000 0.000000 
606.004150 250.144714 0.774597 
598.662415 301.700195 0.808175 
591.248657 357.480652 0.815279 
592.794067 241.409409 0.694852 
591.294922 298.749390 0.783640 
589.838745 348.720276 0.588337 
642.744995 122.285057 0.880961 
0.000000 0.000000 0.000000 
629.562378 123.807640 0.933935 
0.000000 0.000000 0.000000 
18
648.627502 125.274788 0.777051 
608.969360 157.633560 0.873664 
617.827271 166.389084 0.856066 
617.706238 217.865845 0.919079 
628.047974 261.946808 0.916886 
601.549866 153.170822 0.760362 
0.000000 0.000000 0.000000 
0.000000 0.000000 0.000000 
605.971802 248.690598 0.774035 
601.598267 301.654968 0.838019 
591.291931 357.468811 0.815461 
592.704285 241.364258 0.735231 
586.890503 297.216705 0.794778 
583.941406 347.221710 0.638401 
644.198608 122.301208 0.869289 
0.000000 0.000000 0.000000 
630.966309 123.798767 0.925681 
0.000000 0.000000 0.000000 
18
650.045593 125.217995 0.802441 
610.404175 158.996567 0.881042 
619.223511 166.411163 0.848771 
617.728088 217.916458 0.913141 
628.030212 261.961761 0.930307 
600.128601 154.593048 0.773453 
0.000000 0.000000 0.000000 
0.000000 0.000000 0.000000 
605.981445 248.716446 0.769520 
603.054810 301.641663 0.869797 
591.305298 357.477234 0.846288 
592.707520 241.394012 0.734094 
586.903503 297.239166 0.806262 
582.432068 344.312073 0.686762 
644.223389 122.261742 0.867891 
0.000000 0.000000 0.000000 
630.978149 123.799202 0.923419 
0.000000 0.000000 0.000000 
18
650.098145 125.199036 0.816058 
611.861206 159.015747 0.887165 
619.287476 167.844589 0.842320 
617.720276 217.902161 0.915290 
628.041870 263.365692 0.926608 
600.128052 153.166901 0.785134 
0.000000 0.000000 0.000000 
0.000000 0.000000 0.000000 
606.016479 248.699768 0.736765 
604.546143 300.231537 0.892746 
591.314026 357.453217 0.847403 
592.732117 241.381226 0.733621 
586.910767 295.780914 0.800903 
580.996399 342.803223 0.711418 
645.690491 122.250992 0.862154 
0.000000 0.000000 0.000000 
631.034485 123.793449 0.913633 
0.000000 0.000000 0.000000 
18
650.127014 125.255074 0.804920 
613.310547 159.047760 0.880855 
622.154480 167.875168 0.829703 
617.805115 219.373871 0.888272 
628.064636 263.412903 0.935650 
600.142700 154.612198 0.788951 
0.000000 0.000000 0.000000 
0.000000 0.000000 0.000000 
607.458618 248.725418 0.715611 
606.051331 300.235382 0.882916 
592.699280 356.064087 0.884302 
592.795349 241.380539 0.734504 
591.244202 292.843109 0.784292 
580.995422 339.873108 0.748063 
647.145325 122.288094 0.862841 
0.000000 0.000000 0.000000 
632.460022 123.832420 0.894278 
0.000000 0.000000 0.000000 
18
651.497375 125.226875 0.765804 
614.762512 159.079300 0.887536 
625.117981 169.266357 0.837276 
619.237244 219.347244 0.874203 
629.457275 263.420654 0.928816 
601.585999 154.637527 0.801817 
0.000000 0.000000 0.000000 
0.000000 0.000000 0.000000 
610.417542 248.731995 0.666382 
610.421448 304.577148 0.789444 
592.728760 357.483826 0.885755 
594.217041 241.386139 0.769085 
592.695190 289.925690 0.819761 
581.018921 339.871582 0.787660 
647.170532 122.294441 0.836166 
0.000000 0.000000 0.000000 
633.940247 125.238953 0.879788 
0.000000 0.000000 0.000000 
18
651.565247 129.653595 0.861161 
616.214417 160.519775 0.910096 
628.000244 169.324768 0.893139 
620.722351 222.243927 0.824439 
629.602478 263.403015 0.894247 
603.052551 157.502838 0.846269 
616.304626 182.558319 0.062528 
0.000000 0.000000 0.000000 
614.782349 248.738297 0.659903 
617.710999 306.067413 0.856803 
592.743591 357.494110 0.870019 
594.274963 241.399704 0.776258 
592.720459 291.376343 0.837088 
581.042786 338.441559 0.781433 
648.659424 123.760605 0.920229 
0.000000 0.000000 0.000000 
635.392822 128.142517 0.853113 
0.000000 0.000000 0.000000 
18
652.978638 131.126144 0.872771 
616.322021 161.993164 0.904549 
628.111145 169.334747 0.930745 
626.554382 223.744308 0.834631 
632.446045 264.838989 0.856514 
604.520264 157.618576 0.862322 
598.656555 206.112549 0.172198 
0.000000 0.000000 0.000000 
617.718994 251.641953 0.719893 
626.529480 303.159546 0.839385 
594.176208 357.448914 0.883802 
598.621948 242.876938 0.719124 
592.732239 295.758026 0.841111 
580.995239 344.262360 0.794319 
651.488281 123.798599 0.933743 
0.000000 0.000000 0.000000 
638.317505 129.625412 0.876654 
0.000000 0.000000 0.000000 
18
654.565979 131.103180 0.801789 
619.233032 161.993011 0.861282 
630.972229 169.348602 0.902838 
628.076721 223.714752 0.863914 
638.317810 264.925995 0.902569 
606.038086 157.591629 0.867392 
603.041504 207.553833 0.131181 
0.000000 0.000000 0.000000 
619.282288 253.100876 0.700576 
633.943542 307.537231 0.838829 
597.170044 357.446075 0.877522 
603.016602 245.788239 0.728494 
594.189209 297.219971 0.888778 
580.991089 345.743164 0.825419 
653.051453 123.769279 0.938161 
0.000000 0.000000 0.000000 
641.265747 129.601227 0.925076 
0.000000 0.000000 0.000000 
18
663.287476 131.095505 0.856520 
626.555969 163.473419 0.878846 
639.770630 169.377655 0.927144 
631.021729 225.196915 0.841378 
641.335388 264.907013 0.908418 
610.423218 159.014709 0.818349 
601.578796 206.106491 0.539240 
604.593384 239.897949 0.141791 
626.573486 253.125137 0.690821 
642.789795 310.393555 0.894866 
610.387939 360.440796 0.833741 
604.543762 247.237274 0.775019 
594.313354 298.686584 0.910721 
582.474304 344.256866 0.889953 
660.367859 123.767685 0.910977 
0.000000 0.000000 0.000000 
644.254578 126.731712 0.872843 
0.000000 0.000000 0.000000 
18
664.887207 132.543091 0.822041 
629.546265 166.410950 0.918675 
641.370361 170.804337 0.926500 
639.826660 226.626007 0.902611 
650.100525 267.849579 0.875489 
616.342957 159.097107 0.864778 
604.454651 204.550858 0.653879 
613.334778 234.011673 0.109002 
629.476563 254.602783 0.740554 
650.047974 311.910248 0.921493 
629.464050 370.815002 0.924945 
607.448181 250.180664 0.753109 
601.588318 298.684143 0.845735 
582.513611 345.686737 0.878679 
663.396362 123.806290 0.931130 
0.000000 0.000000 0.000000 
651.624695 129.654617 0.928908 
0.000000 0.000000 0.000000 
18
673.610107 133.994705 0.806169 
636.834229 169.393860 0.901587 
650.113770 173.744797 0.831202 
645.708923 229.590393 0.876546 
654.510132 273.727478 0.839631 
619.262573 167.855591 0.806630 
606.018494 206.096588 0.599092 
616.256470 239.882828 0.158541 
635.423096 263.364685 0.675558 
651.598694 319.295013 0.896620 
629.596680 378.107178 0.879915 
616.300293 254.596146 0.760043 
607.485657 300.220612 0.851705 
582.531860 345.704895 0.834531 
669.204529 125.278549 0.812765 
0.000000 0.000000 0.000000 
654.575500 132.591751 0.894729 
0.000000 0.000000 0.000000 
18
676.584229 135.526978 0.847987 
641.240295 170.844604 0.913599 
653.060852 179.571777 0.884920 
653.020752 232.579727 0.881429 
663.297180 276.689362 0.893997 
628.023621 169.276062 0.829384 
610.402466 209.022171 0.152933 
0.000000 0.000000 0.000000 
641.256592 263.385498 0.734667 
654.507568 322.178009 0.889500 
630.987610 379.519104 0.864277 
622.146545 254.617386 0.710571 
619.283264 300.255981 0.846741 
589.789856 344.243011 0.805139 
675.075317 132.526871 0.873952 
0.000000 0.000000 0.000000 
663.317444 135.471924 0.941724 
0.000000 0.000000 0.000000 
18
685.339905 135.559067 0.825557 
644.223938 170.844315 0.852332 
655.960815 178.132858 0.812967 
658.915283 235.479065 0.815140 
672.149841 279.623871 0.791952 
631.043396 169.299561 0.795363 
0.000000 0.000000 0.000000 
0.000000 0.000000 0.000000 
642.745178 260.499603 0.693597 
654.530945 320.768951 0.838499 
629.602478 379.542755 0.855351 
627.986633 254.594788 0.714345 
629.601624 301.671753 0.847851 
598.670715 345.758911 0.850456 
679.520203 132.536743 0.831500 
0.000000 0.000000 0.000000 
666.269348 134.067719 0.914037 
0.000000 0.000000 0.000000 
18
686.879089 135.483307 0.892034 
650.113464 169.381424 0.900925 
663.261475 173.769638 0.834226 
663.394043 232.568329 0.886857 
676.576050 281.054382 0.783043 
636.900146 166.364716 0.756752 
626.570557 213.459427 0.083043 
0.000000 0.000000 0.000000 
645.721191 256.082245 0.691881 
653.109558 319.288879 0.843806 
629.577271 378.115417 0.841975 
628.062561 253.087891 0.763884 
639.830444 306.060974 0.765724 
616.258545 351.634918 0.808608 
685.366516 129.657867 0.849266 
0.000000 0.000000 0.000000 
673.575989 134.013474 0.894981 
0.000000 0.000000 0.000000 
18
688.355896 134.023148 0.791329 
651.593872 169.266754 0.922135 
664.839844 172.264587 0.871740 
667.747192 229.675018 0.884222 
679.540039 278.125549 0.786806 
638.312988 160.546738 0.801713 
629.541321 210.512726 0.085374 
0.000000 0.000000 0.000000 
651.556641 253.162750 0.750930 
651.621887 313.466797 0.801144 
629.526550 376.653595 0.835466 
629.541016 251.631851 0.724512 
648.651184 311.925018 0.658136 
639.759705 369.279846 0.705840 
686.895020 125.284286 0.837906 
0.000000 0.000000 0.000000 
675.163696 132.538422 0.933638 
0.000000 0.000000 0.000000 
18
689.826477 132.599121 0.740855 
653.036682 167.867874 0.917942 
666.278687 172.255478 0.846835 
673.583252 229.604248 0.898347 
686.825256 276.723999 0.819286 
639.796570 159.081543 0.854839 
628.080872 209.013626 0.133538 
0.000000 0.000000 0.000000 
653.034302 253.185104 0.772466 
652.981628 316.362061 0.816929 
629.528442 376.656891 0.859513 
632.474609 251.640869 0.673994 
653.025146 313.446625 0.735884 
651.557068 364.897736 0.797022 
688.336121 125.237144 0.843184 
0.000000 0.000000 0.000000 
676.624146 132.540253 0.917445 
0.000000 0.000000 0.000000 
18
692.748169 134.019531 0.716992 
653.069214 169.254318 0.929441 
664.894470 172.307541 0.839233 
675.071533 229.665894 0.931898 
688.339844 276.720184 0.820769 
641.247192 160.492981 0.859037 
625.119019 204.626526 0.189937 
0.000000 0.000000 0.000000 
653.075073 254.598602 0.771208 
653.120056 317.837738 0.826715 
629.547485 378.077179 0.857762 
636.846069 251.655411 0.675883 
654.543396 314.875946 0.715976 
651.604797 367.771118 0.799139 
689.795959 126.705139 0.787511 
0.000000 0.000000 0.000000 
678.027405 133.958679 0.916553 
0.000000 0.000000 0.000000 
18
692.751221 134.098053 0.727288 
653.055725 169.299469 0.937080 
664.823914 175.210205 0.850174 
675.089111 232.552155 0.902141 
689.820313 278.170074 0.798340 
641.277710 160.540176 0.843431 
623.660828 201.660034 0.268806 
0.000000 0.000000 0.000000 
653.091003 256.064056 0.762670 
655.970459 319.270477 0.786851 
629.551819 376.645081 0.843518 
638.293335 251.703979 0.682634 
654.555725 313.448608 0.709250 
651.548645 367.778290 0.788987 
689.802368 129.619171 0.779021 
0.000000 0.000000 0.000000 
678.033508 133.995071 0.930933 
0.000000 0.000000 0.000000 
18
692.726074 134.080826 0.763444 
653.061096 169.306412 0.917279 
664.759521 176.682816 0.857170 
673.653015 231.122543 0.872800 
689.790588 275.235321 0.865555 
641.328247 160.530334 0.814273 
623.644409 201.656281 0.115104 
0.000000 0.000000 0.000000 
652.991089 253.153397 0.772967 
658.899475 314.899658 0.746813 
628.106079 372.200256 0.886841 
636.843018 250.201050 0.654727 
657.437561 311.989380 0.727153 
650.135010 367.783997 0.785160 
688.411682 128.180466 0.806082 
0.000000 0.000000 0.000000 
676.623108 134.026230 0.952097 
0.000000 0.000000 0.000000 
18
689.809265 134.041840 0.774560 
653.006653 169.289642 0.919475 
663.384399 178.121872 0.846268 
670.668945 231.103973 0.842435 
688.328735 273.744507 0.906538 
641.257202 159.100235 0.841607 
622.183777 201.655640 0.116579 
0.000000 0.000000 0.000000 
651.551636 251.701904 0.757595 
661.830139 311.959839 0.843338 
623.644958 363.387939 0.780137 
632.449463 248.695053 0.662795 
653.009277 310.459564 0.778117 
651.504883 359.061340 0.814466 
688.291077 126.734245 0.823834 
0.000000 0.000000 0.000000 
676.530273 134.069870 0.978913 
0.000000 0.000000 0.000000 
18
688.274231 134.021957 0.832079 
651.538940 169.282120 0.920823 
663.274597 179.591568 0.831781 
664.877991 231.115326 0.883675 
686.770264 270.760956 0.853476 
638.354858 159.052521 0.840425 
651.550049 189.917236 0.053445 
0.000000 0.000000 0.000000 
648.634094 251.666321 0.697847 
654.520325 310.509399 0.853984 
614.801819 353.100464 0.823654 
629.490784 245.788376 0.692713 
651.591553 309.023407 0.749424 
650.076538 361.953888 0.781979 
686.779846 128.158539 0.820114 
0.000000 0.000000 0.000000 
675.036377 134.089844 0.938083 
0.000000 0.000000 0.000000 
18
686.790894 134.030029 0.811970 
647.139893 169.288605 0.876161 
654.552307 181.024490 0.858058 
663.327698 231.081192 0.907798 
678.014587 270.756622 0.810632 
633.971191 159.056183 0.807365 
654.532104 172.308609 0.098658 
0.000000 0.000000 0.000000 
642.761353 250.185745 0.713450 
650.128357 306.077087 0.770111 
606.018677 345.744598 0.890412 
628.083984 244.327866 0.671041 
651.554443 306.041992 0.696201 
650.063660 363.402649 0.800098 
682.453918 129.622391 0.798716 
0.000000 0.000000 0.000000 
670.705872 135.485229 0.902453 
0.000000 0.000000 0.000000 
18
679.514648 134.102890 0.813256 
641.359009 169.317078 0.887320 
651.613464 181.076157 0.882674 
658.911133 231.109787 0.830878 
675.058411 266.414185 0.861407 
631.039124 159.051666 0.814032 
653.039063 170.941849 0.090201 
0.000000 0.000000 0.000000 
639.849121 251.673340 0.742872 
639.855286 304.618683 0.810735 
603.014832 345.796021 0.866059 
628.038696 248.698502 0.654545 
648.612061 307.499481 0.722867 
648.609131 359.052643 0.839535 
676.551270 131.102066 0.848391 
0.000000 0.000000 0.000000 
664.798828 136.955093 0.935616 
0.000000 0.000000 0.000000 
18
675.163574 134.100006 0.855649 
639.835510 169.311874 0.924063 
645.719299 181.088104 0.829046 
653.057312 231.126587 0.861863 
666.253601 270.783295 0.791281 
629.530579 159.061249 0.824760 
653.093384 178.157516 0.158577 
0.000000 0.000000 0.000000 
631.011230 251.675430 0.701603 
631.019531 303.100586 0.794815 
601.589172 345.806152 0.856889 
628.037781 248.697815 0.547803 
651.494568 300.133118 0.854031 
641.365479 347.293427 0.867112 
673.608093 131.128418 0.843361 
0.000000 0.000000 0.000000 
663.271179 136.978226 0.917181 
0.000000 0.000000 0.000000 
18
675.038086 133.993729 0.800733 
636.851501 169.269791 0.875853 
641.319031 181.039780 0.873567 
648.607422 229.625992 0.855434 
661.856995 266.350586 0.856790 
628.065247 159.040558 0.806441 
650.051941 181.056335 0.232756 
0.000000 0.000000 0.000000 
629.484009 248.741898 0.735247 
630.994141 300.229919 0.851465 
603.045044 345.785889 0.852611 
623.626282 242.855621 0.561119 
647.145996 297.226440 0.758122 
638.294556 335.536316 0.836332 
670.684875 129.628510 0.801764 
0.000000 0.000000 0.000000 
660.369507 135.567368 0.907236 
0.000000 0.000000 0.000000 
18
672.173645 129.662445 0.681376 
631.047607 164.887253 0.840032 
639.864502 175.204590 0.843786 
641.248047 228.105972 0.869037 
653.023560 264.852661 0.853581 
623.633545 156.090622 0.770757 
603.022827 194.314514 0.302494 
0.000000 0.000000 0.000000 
629.488220 245.792297 0.701691 
629.475708 298.693695 0.845570 
603.004761 345.809021 0.864263 
616.329529 239.904541 0.650217 
631.040771 295.739349 0.703002 
625.082275 333.941681 0.739433 
667.739807 125.196465 0.782691 
0.000000 0.000000 0.000000 
655.999878 133.976685 0.903512 
0.000000 0.000000 0.000000 
18
672.152344 123.841629 0.780129 
631.037415 160.479904 0.834043 
638.363708 170.787338 0.864945 
633.928345 225.214584 0.826940 
642.786987 263.366089 0.811109 
625.114014 153.168564 0.689325 
641.282837 181.053101 0.196551 
0.000000 0.000000 0.000000 
622.165466 242.843048 0.665249 
625.128235 297.218994 0.771104 
601.566895 347.180603 0.802555 
616.316223 239.894699 0.599603 
626.561890 292.847870 0.680687 
607.476257 344.256561 0.659341 
666.284058 122.304291 0.862672 
0.000000 0.000000 0.000000 
654.498535 129.617691 0.876841 
0.000000 0.000000 0.000000 
18
670.679688 123.840576 0.794384 
631.005432 159.023392 0.840532 
636.852661 169.313004 0.812835 
628.093933 217.919479 0.916935 
633.919739 261.900085 0.870532 
625.122375 151.702225 0.619933 
641.342957 179.607925 0.076845 
0.000000 0.000000 0.000000 
625.080566 242.871902 0.664964 
626.532166 297.191772 0.770036 
603.005676 345.777313 0.778100 
616.279541 241.340012 0.605095 
617.741760 292.835632 0.678457 
605.944275 344.252350 0.630477 
664.874084 122.278130 0.876003 
0.000000 0.000000 0.000000 
653.076416 126.711113 0.903197 
0.000000 0.000000 0.000000 
18
664.872009 129.623688 0.815359 
629.575439 159.066422 0.874415 
633.927124 169.337891 0.852823 
620.727661 217.910767 0.853802 
623.646118 263.400970 0.900201 
623.636475 154.594238 0.662863 
641.301025 175.251114 0.080682 
0.000000 0.000000 0.000000 
628.057068 241.367874 0.735408 
629.474121 297.228699 0.838815 
603.005920 345.767487 0.786226 
620.698059 238.444565 0.503268 
622.151855 291.343964 0.563155 
606.031616 344.249969 0.574679 
663.368225 123.773094 0.936669 
0.000000 0.000000 0.000000 
651.615051 131.118378 0.932300 
0.000000 0.000000 0.000000 
18
664.843750 131.065796 0.827295 
629.574768 159.086105 0.881522 
630.996155 169.383682 0.853344 
619.235046 220.798996 0.844399 
617.789124 263.375793 0.969286 
628.022766 154.601059 0.654114 
632.451538 204.599548 0.259502 
642.737000 225.206772 0.674065 
627.998352 239.881363 0.718295 
632.492554 288.467224 0.865930 
604.465027 341.364868 0.828903 
626.546265 235.491058 0.523714 
623.618225 281.092529 0.563430 
604.455200 310.431335 0.495508 
663.337830 123.815292 0.922393 
0.000000 0.000000 0.000000 
651.568909 132.559525 0.938571 
0.000000 0.000000 0.000000 
18
664.799011 129.606506 0.834040 
629.476318 157.620804 0.902473 
630.975281 167.827087 0.838092 
620.685730 217.878967 0.809182 
616.270874 257.529907 0.903450 
622.173096 151.688095 0.675904 
629.509216 207.559830 0.294355 
641.326111 222.243027 0.662780 
626.603210 238.446289 0.735169 
635.374573 286.902496 0.875543 
604.558655 335.542511 0.871418 
616.301575 234.023972 0.565610 
619.236572 276.664673 0.588219 
604.495117 307.554047 0.589546 
663.308960 123.752419 0.922130 
0.000000 0.000000 0.000000 
651.556335 128.178696 0.898464 
0.000000 0.000000 0.000000 
18
664.832336 125.265038 0.840888 
628.048157 154.609909 0.854477 
631.039673 161.973694 0.851885 
619.286499 214.895996 0.836647 
616.260620 253.135696 0.959217 
619.228333 147.243988 0.745486 
639.737183 169.296661 0.078031 
0.000000 0.000000 0.000000 
626.528259 229.660797 0.696756 
638.286255 279.601685 0.874122 
605.974060 332.534943 0.876745 
608.952148 228.135147 0.635994 
617.722717 273.695038 0.671550 
601.607300 311.938171 0.651373 
663.320251 122.287308 0.899192 
0.000000 0.000000 0.000000 
651.530029 123.791565 0.945945 
0.000000 0.000000 0.000000 
18
664.883728 123.811478 0.867171 
628.043762 148.791428 0.873574 
632.495667 159.037201 0.863947 
620.710449 207.579712 0.793118 
617.754822 250.206238 0.882491 
617.825439 145.736282 0.782002 
636.881042 169.347717 0.080718 
0.000000 0.000000 0.000000 
625.122253 228.090607 0.685534 
638.334473 276.694397 0.932581 
605.998901 326.631714 0.829697 
606.019531 223.729385 0.691087 
613.345459 267.838623 0.651285 
601.581726 310.478699 0.697896 
663.385193 120.810768 0.879896 
0.000000 0.000000 0.000000 
651.594727 122.302628 0.959107 
0.000000 0.000000 0.000000 
18
666.257324 123.687820 0.864072 
628.101563 148.761887 0.865754 
633.922241 157.619263 0.856939 
625.078857 206.028946 0.836890 
625.105042 247.236893 0.807996 
619.259277 144.349411 0.751897 
639.782227 169.362900 0.081329 
0.000000 0.000000 0.000000 
626.584595 228.161560 0.719875 
635.422729 276.622528 0.862915 
610.424438 323.702728 0.872886 
606.061279 226.649307 0.754339 
606.083374 272.251160 0.800974 
603.027893 311.934021 0.783620 
664.760437 117.863701 0.871474 
0.000000 0.000000 0.000000 
652.986816 122.204140 0.952844 
0.000000 0.000000 0.000000 
18
666.308228 123.762695 0.870723 
628.092102 150.200409 0.857673 
635.386658 157.600082 0.859377 
628.004456 204.679718 0.918729 
631.035950 241.390274 0.869546 
619.228760 145.797455 0.779527 
639.720520 170.748642 0.076112 
0.000000 0.000000 0.000000 
617.806152 229.582092 0.734608 
629.460754 275.227417 0.878165 
614.794495 323.693481 0.891812 
604.574707 225.208847 0.753894 
606.035767 266.341034 0.902284 
603.011658 308.992065 0.815059 
664.814026 119.346703 0.875939 
0.000000 0.000000 0.000000 
653.022644 122.233017 0.950120 
0.000000 0.000000 0.000000 
18
667.717896 123.798836 0.824538 
628.104980 150.210297 0.868712 
639.755432 157.599274 0.864535 
630.984924 206.145615 0.867467 
642.810059 242.821274 0.845863 
617.767883 145.796417 0.832260 
598.638489 185.512527 0.214151 
0.000000 0.000000 0.000000 
617.785828 229.574615 0.747647 
627.977112 276.619080 0.893394 
613.370605 323.746460 0.878359 
603.051453 225.214172 0.751193 
605.952881 267.827850 0.849264 
603.062744 308.993103 0.781117 
664.862671 120.773216 0.850746 
0.000000 0.000000 0.000000 
653.098999 122.222618 0.939336 
0.000000 0.000000 0.000000 
18
669.208069 125.198997 0.790164 
629.479309 148.792892 0.892246 
639.848083 157.590912 0.916213 
639.761841 206.155243 0.904163 
651.630981 241.334671 0.898084 
617.734741 145.791229 0.854935 
595.742920 182.569305 0.510167 
610.411804 209.023087 0.107392 
619.271729 228.176376 0.752209 
626.554199 276.733307 0.863195 
614.770569 323.779449 0.890701 
604.443848 225.204620 0.784017 
606.060364 269.322174 0.803204 
603.042419 310.489105 0.780886 
666.310364 120.833397 0.840937 
0.000000 0.000000 0.000000 
654.522888 122.227875 0.917833 
0.000000 0.000000 0.000000 
18
667.727539 126.682198 0.732918 
629.493286 148.750336 0.903889 
641.239136 157.554291 0.915909 
644.235107 206.142883 0.869483 
660.404663 241.393661 0.878338 
617.724792 145.749054 0.861579 
595.729980 182.590027 0.498529 
607.473816 207.617477 0.115613 
623.608215 228.129166 0.764289 
623.633057 278.143188 0.842418 
613.368958 325.150085 0.892773 
604.447083 223.704971 0.803837 
606.036072 272.252594 0.854139 
598.663208 312.014587 0.786364 
666.290100 122.268738 0.836558 
0.000000 0.000000 0.000000 
654.551086 122.232727 0.920354 
0.000000 0.000000 0.000000 
18
666.318665 125.264610 0.730157 
629.516479 147.334671 0.914019 
641.236389 157.503464 0.901101 
651.559021 206.061447 0.941941 
664.852539 241.440170 0.934544 
617.770447 144.337158 0.844711 
597.205261 184.041809 0.253956 
0.000000 0.000000 0.000000 
619.244751 228.145615 0.798175 
619.234924 278.144012 0.858123 
613.314819 325.204193 0.866247 
601.607788 222.272614 0.769704 
604.587524 273.668304 0.853163 
594.244873 317.800110 0.835890 
664.892700 122.242493 0.825852 
0.000000 0.000000 0.000000 
654.505554 122.214630 0.940267 
0.000000 0.000000 0.000000 
18
666.272583 125.206886 0.766902 
629.479309 147.332199 0.912956 
641.236816 157.501114 0.892898 
652.977173 206.078796 0.946242 
672.166992 242.835922 0.900338 
617.730164 144.325623 0.852332 
595.772644 184.056458 0.235666 
0.000000 0.000000 0.000000 
617.805420 229.583374 0.813854 
617.760742 281.059723 0.871060 
613.321899 326.634827 0.829985 
600.113403 223.738907 0.754701 
603.002441 275.244049 0.844577 
592.792786 323.695496 0.912080 
664.847351 120.825287 0.833992 
0.000000 0.000000 0.000000 
653.113953 120.835709 0.950773 
0.000000 0.000000 0.000000 
18
664.755615 125.209122 0.675371 
628.038513 148.767487 0.891011 
639.866089 157.505463 0.890506 
653.037659 206.171112 0.933087 
675.062988 248.742920 0.912619 
616.258911 145.790054 0.857607 
595.767395 189.919861 0.283970 
0.000000 0.000000 0.000000 
617.770264 231.114578 0.797698 
616.326660 285.495575 0.885107 
613.373901 328.148651 0.820961 
595.750183 228.088760 0.794238 
595.753967 279.614838 0.865618 
592.717407 329.615356 0.880595 
663.379517 122.209755 0.770101 
0.000000 0.000000 0.000000 
653.043457 122.204300 0.984398 
0.000000 0.000000 0.000000 
18
663.327271 125.225060 0.819103 
626.602295 153.131790 0.872655 
639.821045 158.979767 0.915123 
651.613892 207.554077 0.930987 
673.564575 248.743851 0.877350 
613.330933 147.233170 0.834486 
595.770752 189.885193 0.293131 
0.000000 0.000000 0.000000 
617.755676 232.572708 0.783805 
616.328003 286.973236 0.919992 
613.373047 332.475800 0.812538 
595.723633 228.172165 0.789604 
595.696899 284.034088 0.871550 
591.320557 333.933044 0.892929 
661.887756 122.208214 0.857588 
0.000000 0.000000 0.000000 
651.532410 122.233643 0.943804 
0.000000 0.000000 0.000000 
18
663.255371 126.710686 0.768602 
625.133484 154.594299 0.857469 
639.762390 158.982727 0.915959 
650.104614 207.584869 0.891456 
664.858643 248.729019 0.892680 
608.974243 147.325272 0.827855 
595.746033 192.879364 0.195177 
0.000000 0.000000 0.000000 
616.331421 235.488968 0.779420 
617.730469 288.366821 0.911660 
616.208923 332.548615 0.862884 
594.265930 229.650208 0.806601 
595.732239 285.459381 0.860121 
592.710266 332.546509 0.886542 
661.823303 122.296158 0.853543 
0.000000 0.000000 0.000000 
650.112244 122.304054 0.937396 
0.000000 0.000000 0.000000 
18
656.022827 132.520477 0.672342 
623.646484 156.077148 0.860138 
639.748779 159.013565 0.917215 
648.614746 207.608505 0.850252 
661.877136 245.801346 0.868476 
607.471558 150.199493 0.834560 
595.728271 195.823639 0.183059 
0.000000 0.000000 0.000000 
616.342163 238.408951 0.760455 
619.255920 288.404816 0.883700 
616.312805 333.993439 0.931236 
594.200562 231.108246 0.818066 
594.287048 285.474792 0.872749 
591.317688 333.939941 0.861386 
655.991821 123.763153 0.793713 
0.000000 0.000000 0.000000 
645.720520 123.726997 0.924061 
0.000000 0.000000 0.000000 
18
654.517883 132.526382 0.659904 
623.616089 157.524933 0.890611 
639.780823 159.078537 0.906461 
647.186768 209.054947 0.824157 
660.357788 250.188873 0.841898 
606.048706 153.132660 0.856896 
595.752014 197.282150 0.172437 
0.000000 0.000000 0.000000 
617.757690 239.871033 0.789226 
629.546143 286.993744 0.915206 
617.764282 335.529816 0.918941 
594.182617 232.570190 0.805778 
594.306702 285.466156 0.884375 
591.299622 332.548431 0.840275 
654.494568 123.773720 0.788871 
0.000000 0.000000 0.000000 
644.242981 123.740570 0.926510 
0.000000 0.000000 0.000000 
18
653.099792 131.126709 0.541175 
622.162842 157.602005 0.897931 
639.807068 159.109421 0.895549 
650.102173 214.869354 0.864634 
660.363037 251.723648 0.881704 
605.957458 156.057678 0.879804 
595.760071 201.668472 0.192330 
0.000000 0.000000 0.000000 
619.255798 241.395798 0.777189 
635.416687 294.304321 0.832571 
616.317261 347.171570 0.939055 
594.251221 238.414551 0.815427 
594.311218 286.963745 0.903689 
591.285461 333.930328 0.869445 
653.089050 123.766144 0.694383 
0.000000 0.000000 0.000000 
644.234680 123.751266 0.932969 
0.000000 0.000000 0.000000 
18
653.114929 131.085464 0.368520 
623.625793 159.059158 0.896874 
641.249390 163.473953 0.877199 
651.575623 216.362579 0.937634 
663.271179 253.166962 0.913498 
604.571777 157.550201 0.917143 
598.636597 203.108673 0.186243 
0.000000 0.000000 0.000000 
625.121643 245.767624 0.729086 
635.415649 300.213623 0.854071 
619.255737 358.960297 0.883150 
595.700195 239.929047 0.817002 
595.711792 288.435913 0.897251 
591.322876 334.012299 0.896247 
653.109985 123.766136 0.549727 
0.000000 0.000000 0.000000 
645.711670 123.797737 0.923191 
625.094482 123.826530 0.142881 
18
655.994324 132.559479 0.289556 
626.609436 164.922363 0.872348 
644.223083 169.359589 0.894052 
654.524597 219.325180 0.895890 
664.860168 256.094238 0.899365 
605.988464 159.096100 0.893499 
601.601868 204.642944 0.266114 
0.000000 0.000000 0.000000 
629.557495 253.100220 0.757929 
629.578003 311.939972 0.880120 
628.025696 372.242737 0.929909 
601.594116 244.305267 0.767787 
600.095459 288.496277 0.807780 
592.732300 332.548096 0.835828 
655.986145 125.256783 0.445775 
0.000000 0.000000 0.000000 
650.062622 128.154724 0.907737 
626.540588 128.178650 0.166702 
18
660.383118 133.983490 0.380555 
628.055969 169.343369 0.959382 
650.063782 170.880096 0.859944 
663.267578 226.628372 0.903372 
672.124817 263.348663 0.875699 
606.026001 166.362869 0.858669 
595.715332 207.570297 0.634672 
604.508301 239.826569 0.188536 
630.970520 254.582108 0.757799 
638.351379 313.391022 0.825058 
628.034729 372.252014 0.900459 
603.050842 248.699280 0.779433 
604.522217 288.367615 0.866108 
592.821411 332.506683 0.834169 
658.905212 126.721581 0.504766 
0.000000 0.000000 0.000000 
651.545593 132.530045 0.942055 
628.010742 132.550598 0.133408 
18
661.854797 134.061066 0.262240 
628.094421 169.374619 0.955273 
651.503845 172.275085 0.872170 
663.374268 226.681549 0.928241 
675.084106 263.363708 0.960852 
606.041565 167.810287 0.856228 
598.681885 207.569153 0.461015 
0.000000 0.000000 0.000000 
630.971863 253.187897 0.764390 
639.754211 313.430420 0.840456 
628.034424 372.275787 0.872733 
604.456543 248.713562 0.802013 
608.924438 288.405182 0.877207 
595.695618 332.530396 0.840515 
661.846619 131.062210 0.404258 
0.000000 0.000000 0.000000 
653.009949 133.965027 0.995415 
629.445129 133.972778 0.153902 
18
663.270752 134.001404 0.192979 
628.101868 169.316727 0.957223 
651.530762 170.822098 0.896845 
664.756958 225.180862 0.905897 
676.601929 261.926117 0.934947 
606.045593 166.379913 0.843915 
597.217529 209.045639 0.598829 
598.671021 245.764557 0.376188 
630.992188 253.148392 0.792843 
638.326294 312.002228 0.793095 
627.988892 372.258942 0.859590 
604.586975 250.175034 0.788719 
610.383728 294.285004 0.785269 
597.210571 336.921234 0.819758 
663.274414 129.626511 0.330198 
0.000000 0.000000 0.000000 
653.081299 132.536514 0.973524 
629.563110 131.101898 0.181776 
18
0.000000 0.000000 0.000000 
629.466309 169.287109 0.942515 
651.569336 170.770370 0.906229 
663.404785 226.612778 0.911866 
678.019653 263.403809 0.950256 
606.076477 164.938293 0.825439 
597.199341 207.591248 0.755060 
594.271912 245.767136 0.759829 
631.043091 256.088104 0.723506 
636.834656 316.336304 0.756661 
628.004456 372.260223 0.874316 
605.990662 253.093628 0.786323 
611.858215 298.741577 0.829087 
600.130432 345.822418 0.850058 
0.000000 0.000000 0.000000 
0.000000 0.000000 0.000000 
653.129700 132.547089 0.958184 
629.582581 128.191437 0.242505 
18
663.303345 134.024796 0.167353 
628.038452 169.306671 0.950736 
648.648132 170.817078 0.859543 
663.329773 228.122147 0.934624 
676.651367 264.892426 0.948245 
606.012573 166.369110 0.848900 
595.735596 209.024841 0.771521 
594.271912 248.689972 0.784147 
631.027344 257.562988 0.725084 
631.022034 316.381287 0.808607 
628.011841 373.677185 0.897007 
605.987061 253.168793 0.775940 
608.922913 303.141327 0.838615 
594.238647 351.660492 0.840280 
663.309326 131.068375 0.300976 
0.000000 0.000000 0.000000 
653.097290 132.603104 0.979385 
630.976929 131.087341 0.173542 
18
663.320679 134.067993 0.231384 
626.532349 169.314621 0.921450 
642.761292 170.844406 0.878472 
661.802673 229.622116 0.883133 
675.118408 267.832611 0.921142 
604.578064 167.805588 0.873459 
601.552979 213.452240 0.714874 
594.296997 250.204193 0.769045 
630.990051 259.012207 0.727648 
629.605896 316.374542 0.844009 
628.009583 373.673340 0.920981 
605.937866 253.190231 0.776276 
606.003418 306.086853 0.855373 
592.791870 357.453003 0.870525 
663.319214 131.102707 0.399494 
0.000000 0.000000 0.000000 
653.072266 133.998367 1.000033 
629.524719 132.508606 0.148782 
18
663.299133 134.085815 0.378080 
623.649597 167.883209 0.890717 
641.281677 170.863052 0.898219 
653.094421 229.621033 0.932910 
666.333557 270.785400 0.846317 
605.933228 161.966339 0.867604 
603.010132 213.457489 0.520298 
597.162415 251.707703 0.406516 
629.512634 259.036987 0.748995 
629.560059 320.717560 0.851140 
627.989014 373.711578 0.897972 
604.514465 253.166901 0.760836 
604.519470 307.541199 0.829851 
592.781067 357.467743 0.852092 
663.281189 131.075226 0.536924 
0.000000 0.000000 0.000000 
653.016235 133.999115 0.996669 
628.084961 132.556671 0.086034 
18
663.264343 135.447540 0.589897 
623.626221 167.809525 0.867557 
639.875122 170.843246 0.913876 
650.069397 229.562531 0.900800 
661.828796 273.731262 0.816016 
605.968628 159.108795 0.891154 
600.095642 210.479324 0.392091 
0.000000 0.000000 0.000000 
626.567993 259.016296 0.725694 
628.094482 320.783173 0.852810 
626.597412 375.144836 0.856336 
601.554199 253.120178 0.724854 
601.588379 307.550934 0.797484 
592.723328 357.490997 0.858073 
661.846069 131.069977 0.672018 
0.000000 0.000000 0.000000 
651.566284 132.583069 0.946179 
0.000000 0.000000 0.000000 
18
661.891113 135.456253 0.612740 
620.718933 166.355103 0.847662 
638.359131 170.874863 0.870031 
641.326294 229.595352 0.924429 
653.010986 275.217468 0.873706 
605.975464 157.626953 0.900797 
595.726990 210.486618 0.113356 
0.000000 0.000000 0.000000 
619.283508 257.534332 0.730362 
625.132690 320.747803 0.782013 
626.541321 373.725342 0.842792 
597.150940 251.618393 0.713120 
598.676208 304.619781 0.780040 
592.719116 357.492126 0.863128 
660.395996 131.096039 0.689723 
0.000000 0.000000 0.000000 
650.056519 133.972260 0.913994 
0.000000 0.000000 0.000000 
