39
1
18
573.676941 159.017853 0.897842 
548.667358 204.585800 0.739149 
557.436218 206.115936 0.864217 
554.507263 251.682877 0.869276 
558.952698 288.458923 0.912891 
544.213318 200.187424 0.558333 
0.000000 0.000000 0.000000 
0.000000 0.000000 0.000000 
545.772278 276.653473 0.755419 
542.778259 323.776093 0.694139 
538.345947 370.792755 0.723044 
539.851440 275.142853 0.590754 
545.690979 323.674072 0.718840 
544.205200 366.321289 0.691342 
569.296448 154.630646 0.885696 
0.000000 0.000000 0.000000 
557.411621 159.049316 0.796864 
0.000000 0.000000 0.000000 
18
572.229797 159.026657 0.928274 
547.254822 206.049957 0.841697 
557.475525 207.545746 0.892998 
557.449646 251.666306 0.925846 
567.772644 286.962219 0.912661 
542.741943 204.551224 0.637174 
0.000000 0.000000 0.000000 
0.000000 0.000000 0.000000 
545.737061 275.209747 0.775857 
545.651306 322.216125 0.760439 
536.913269 370.716248 0.791013 
535.440430 272.273193 0.639817 
547.134827 319.285339 0.730611 
545.674377 360.485809 0.738927 
569.255188 156.043518 0.913452 
0.000000 0.000000 0.000000 
557.405334 160.483032 0.814569 
0.000000 0.000000 0.000000 
18
572.212830 159.076523 0.929238 
547.188904 204.638062 0.826534 
555.993835 206.156113 0.870549 
558.990112 251.727234 0.922968 
573.683289 285.477448 0.888709 
541.296387 203.100449 0.609148 
0.000000 0.000000 0.000000 
0.000000 0.000000 0.000000 
547.186829 275.228058 0.770079 
544.236450 323.681976 0.788922 
536.916321 370.738678 0.807011 
535.432617 273.709717 0.670204 
545.770386 322.248108 0.740161 
545.689514 360.502899 0.717003 
569.245117 156.090897 0.939427 
0.000000 0.000000 0.000000 
555.984131 160.494507 0.816363 
0.000000 0.000000 0.000000 
18
572.220581 159.106583 0.919995 
547.132507 204.596146 0.806779 
554.532532 206.146423 0.869494 
560.429810 251.704987 0.893269 
581.062500 282.531311 0.911583 
538.396179 201.649658 0.597593 
0.000000 0.000000 0.000000 
0.000000 0.000000 0.000000 
545.768005 275.157471 0.765000 
544.229797 322.251038 0.743464 
536.912415 369.345764 0.797027 
535.369995 272.228790 0.666651 
545.781311 320.755890 0.695998 
545.639526 360.470520 0.702782 
569.249207 157.497757 0.958850 
0.000000 0.000000 0.000000 
555.977783 160.535980 0.792434 
0.000000 0.000000 0.000000 
18
572.187744 159.102173 0.922232 
547.133789 204.568268 0.793779 
551.610962 206.093506 0.895906 
560.421448 250.225464 0.857652 
582.494141 278.114746 0.966053 
541.287964 200.222580 0.591211 
557.464294 241.359314 0.068665 
0.000000 0.000000 0.000000 
545.765503 273.715485 0.771202 
544.267456 322.191345 0.749543 
536.904724 369.324890 0.792084 
535.494934 270.765991 0.638246 
547.205994 319.282257 0.715571 
544.257202 360.444031 0.706137 
569.226318 157.490051 0.944908 
0.000000 0.000000 0.000000 
556.008057 160.519913 0.817444 
0.000000 0.000000 0.000000 
18
570.796326 160.503098 0.914816 
545.770752 204.577438 0.812528 
553.054688 206.114502 0.896600 
560.445129 250.220383 0.873086 
582.483643 276.629669 1.016343 
538.383545 200.206543 0.615797 
557.440308 241.352692 0.063647 
0.000000 0.000000 0.000000 
545.763977 273.707947 0.775791 
544.261047 322.189178 0.750535 
536.906250 369.326630 0.793232 
535.399170 269.331604 0.655163 
547.153564 317.839386 0.699660 
544.275940 359.040405 0.712374 
569.206482 157.530579 0.947483 
0.000000 0.000000 0.000000 
555.970215 160.535233 0.798215 
0.000000 0.000000 0.000000 
18
573.634277 159.065475 0.917325 
545.777771 204.546997 0.819532 
554.565979 206.126038 0.870418 
561.876160 251.619965 0.879803 
582.440674 276.642242 1.001404 
536.907593 197.266739 0.643838 
558.906189 241.405457 0.072602 
570.681335 239.935257 0.156790 
545.743408 272.220795 0.757342 
545.675964 319.304535 0.736999 
536.889832 370.717926 0.812752 
533.955505 266.387909 0.667130 
547.194336 314.891632 0.707435 
545.659058 360.444672 0.722999 
569.267822 156.107452 0.940054 
0.000000 0.000000 0.000000 
556.036926 160.532013 0.813901 
0.000000 0.000000 0.000000 
18
572.202759 159.010818 0.934823 
547.214050 204.611023 0.841413 
557.443115 207.576126 0.900570 
560.471741 253.130402 0.876130 
581.067993 278.113525 0.992868 
539.840210 200.181473 0.657326 
553.031311 239.857025 0.054829 
0.000000 0.000000 0.000000 
547.133667 275.146027 0.792919 
544.260864 322.232727 0.754842 
536.902893 370.714294 0.800710 
533.983154 270.795044 0.667610 
547.152161 319.317200 0.709484 
545.634399 360.475861 0.706816 
569.232056 156.060806 0.920223 
0.000000 0.000000 0.000000 
557.405457 160.549469 0.819233 
0.000000 0.000000 0.000000 
18
572.181580 159.020050 0.908892 
547.156555 203.125702 0.826619 
556.035400 206.142014 0.904640 
560.392944 251.713501 0.897703 
579.493896 283.968536 0.894585 
536.918030 194.328247 0.677994 
560.421570 198.759750 0.295568 
576.582031 194.315125 0.720418 
547.175476 275.197418 0.789842 
544.260986 322.278870 0.766173 
536.908020 370.737061 0.794653 
533.937683 272.241638 0.688574 
547.135559 320.769531 0.708754 
545.681091 360.476044 0.717216 
569.241089 156.106888 0.916330 
0.000000 0.000000 0.000000 
557.424133 161.993668 0.820992 
0.000000 0.000000 0.000000 
18
572.209656 159.114029 0.889742 
547.171265 203.097992 0.802880 
557.429443 206.124039 0.907346 
559.028198 253.097107 0.889033 
572.220215 286.964050 0.917612 
536.906860 194.313019 0.655375 
560.458801 189.877151 0.159175 
0.000000 0.000000 0.000000 
547.247437 276.634766 0.764587 
545.660950 323.734192 0.782983 
536.899597 370.771423 0.790286 
533.989990 273.719238 0.702663 
544.216003 322.269409 0.709744 
545.667908 361.961365 0.708787 
569.242981 157.542725 0.964571 
0.000000 0.000000 0.000000 
555.993347 161.966583 0.801642 
0.000000 0.000000 0.000000 
18
573.687988 159.080566 0.923734 
547.184692 206.040802 0.849545 
557.450012 209.022644 0.872050 
558.976440 254.602173 0.852250 
570.690063 288.384521 0.961489 
536.932251 200.220993 0.643670 
0.000000 0.000000 0.000000 
0.000000 0.000000 0.000000 
547.198425 276.702606 0.771677 
545.661743 323.695160 0.782093 
536.908081 370.733337 0.790599 
535.374878 275.164063 0.713421 
545.670410 322.208832 0.705966 
545.692444 360.511383 0.728747 
569.239014 157.494492 0.956329 
0.000000 0.000000 0.000000 
554.502930 164.897156 0.756961 
0.000000 0.000000 0.000000 
18
573.650391 159.082825 0.943701 
547.156982 204.643860 0.835569 
556.031311 207.592941 0.885790 
558.971375 251.702454 0.882799 
569.233337 287.002808 0.949702 
536.917358 198.740265 0.627053 
0.000000 0.000000 0.000000 
0.000000 0.000000 0.000000 
547.164185 276.716278 0.780351 
545.651062 323.723694 0.779153 
536.890381 370.736145 0.811777 
535.386780 275.176910 0.693427 
545.693848 322.248077 0.702324 
545.706238 360.503937 0.726057 
569.254150 157.481171 0.964229 
0.000000 0.000000 0.000000 
554.551331 161.978668 0.788751 
0.000000 0.000000 0.000000 
18
572.175049 159.052750 0.947252 
547.151367 206.092346 0.853716 
557.409790 209.057617 0.881530 
558.894470 253.100174 0.902294 
569.223999 288.416718 0.951895 
536.908936 201.691711 0.631522 
0.000000 0.000000 0.000000 
0.000000 0.000000 0.000000 
545.757690 276.668640 0.771537 
545.742554 322.224976 0.764852 
536.930176 370.741272 0.784606 
533.995117 275.139465 0.669327 
545.657837 319.292633 0.668256 
545.652954 361.929352 0.694198 
569.185425 156.104416 0.940473 
0.000000 0.000000 0.000000 
554.536987 162.000656 0.795436 
0.000000 0.000000 0.000000 
18
572.216675 159.080826 0.959159 
547.161072 206.104660 0.862064 
557.423218 210.494949 0.879535 
557.514526 253.200638 0.871549 
569.175476 288.468170 0.945757 
536.922302 203.107574 0.627271 
0.000000 0.000000 0.000000 
0.000000 0.000000 0.000000 
545.729309 276.633514 0.759118 
545.764648 322.178497 0.761396 
536.918884 370.701294 0.791209 
533.973450 273.722656 0.652986 
545.703491 317.808075 0.667980 
545.668579 360.477905 0.713903 
569.210938 157.495575 0.974719 
0.000000 0.000000 0.000000 
554.522827 163.445892 0.796354 
0.000000 0.000000 0.000000 
18
572.196350 159.061661 0.939089 
547.141541 204.597275 0.835874 
557.417969 208.997284 0.856117 
557.491577 253.140152 0.872124 
567.798767 288.461090 0.931168 
535.477295 195.812576 0.630158 
0.000000 0.000000 0.000000 
0.000000 0.000000 0.000000 
545.714233 275.204285 0.752989 
545.755981 322.176392 0.751350 
536.929077 370.706970 0.783503 
533.929993 272.222687 0.610327 
545.725952 316.369965 0.658262 
545.667664 360.485077 0.705185 
569.225098 156.103760 0.939291 
0.000000 0.000000 0.000000 
555.989380 160.544067 0.817219 
0.000000 0.000000 0.000000 
18
572.200684 159.083694 0.924335 
545.773376 204.540451 0.805932 
556.005310 207.572296 0.852990 
557.480713 253.116608 0.873550 
569.199829 288.459595 0.929487 
535.436096 194.335419 0.639188 
0.000000 0.000000 0.000000 
0.000000 0.000000 0.000000 
545.678162 275.161591 0.735813 
545.753601 320.766235 0.749628 
536.921509 370.699402 0.793668 
533.900635 269.335449 0.609045 
545.750366 316.338654 0.644212 
545.689453 360.458954 0.714948 
569.239441 157.484344 0.938308 
0.000000 0.000000 0.000000 
556.000916 160.528061 0.811552 
0.000000 0.000000 0.000000 
18
572.228333 159.087631 0.919958 
545.760437 204.596634 0.832030 
555.967529 207.575150 0.850375 
557.497925 251.720596 0.892704 
569.208313 288.381195 0.942379 
535.445679 197.277542 0.635810 
0.000000 0.000000 0.000000 
0.000000 0.000000 0.000000 
545.738159 275.229828 0.765982 
545.722046 322.248260 0.775020 
536.918091 370.702179 0.796071 
533.963806 273.683838 0.648369 
545.704529 320.731720 0.674955 
545.680908 360.476685 0.722801 
569.250427 157.488724 0.941586 
0.000000 0.000000 0.000000 
556.034912 160.558701 0.811359 
0.000000 0.000000 0.000000 
18
572.239136 159.082611 0.889809 
547.157410 204.663132 0.848009 
557.407227 209.026794 0.858184 
557.512573 253.136566 0.895414 
569.256714 288.388977 0.961621 
536.875610 200.192215 0.642303 
0.000000 0.000000 0.000000 
0.000000 0.000000 0.000000 
545.708923 275.195160 0.748365 
547.148499 320.727905 0.717569 
536.927551 369.317261 0.804161 
533.896912 272.221558 0.636742 
545.727783 313.443756 0.648225 
545.722351 359.040619 0.731591 
569.271667 156.124847 0.905774 
0.000000 0.000000 0.000000 
557.474365 160.549149 0.809608 
0.000000 0.000000 0.000000 
18
572.170105 159.099396 0.841700 
547.214050 207.606964 0.815339 
557.444031 211.965225 0.855736 
558.897034 254.608688 0.884756 
570.673706 288.375854 0.982775 
538.393555 206.068604 0.650139 
0.000000 0.000000 0.000000 
0.000000 0.000000 0.000000 
547.185913 278.115509 0.770201 
545.703003 323.767242 0.777997 
536.907654 370.782410 0.796343 
535.407959 275.208466 0.694749 
545.646606 322.288391 0.693046 
545.695984 363.403687 0.727334 
569.245911 156.118301 0.856871 
0.000000 0.000000 0.000000 
557.493774 160.543747 0.812324 
0.000000 0.000000 0.000000 
18
570.773682 159.094818 0.850309 
547.238892 207.591583 0.804602 
557.468933 211.961365 0.838248 
558.940979 254.580338 0.876548 
570.752075 288.379639 0.984759 
541.281250 206.064392 0.648490 
0.000000 0.000000 0.000000 
0.000000 0.000000 0.000000 
547.222412 278.117950 0.758171 
545.692322 323.765442 0.767304 
536.901611 370.784058 0.796150 
535.417480 275.205322 0.698066 
545.661255 322.285980 0.695079 
545.701843 363.403656 0.734610 
569.198486 157.485550 0.845438 
0.000000 0.000000 0.000000 
557.444153 161.956009 0.793742 
0.000000 0.000000 0.000000 
18
575.101990 161.966644 0.828652 
547.216248 207.573975 0.808795 
557.458862 211.964005 0.835446 
558.966003 254.629669 0.873652 
570.772705 288.383972 0.972104 
539.812683 204.651077 0.640540 
0.000000 0.000000 0.000000 
0.000000 0.000000 0.000000 
548.638489 278.137665 0.747550 
545.705017 325.168854 0.772051 
536.915649 370.769897 0.783642 
535.462585 275.229980 0.698194 
545.643677 323.686432 0.695282 
545.688049 363.406830 0.720185 
570.686646 157.555328 0.897859 
0.000000 0.000000 0.000000 
557.436768 160.544083 0.795681 
0.000000 0.000000 0.000000 
18
575.104248 160.570114 0.788087 
547.228394 207.569244 0.811738 
557.488831 211.977722 0.842371 
558.972717 254.630539 0.867751 
572.187805 288.386078 0.947416 
539.816284 204.637390 0.632754 
0.000000 0.000000 0.000000 
0.000000 0.000000 0.000000 
547.253174 276.683655 0.740195 
545.746277 323.719574 0.773226 
536.918213 370.731659 0.784640 
535.401550 275.161316 0.716960 
544.226074 322.235870 0.683768 
545.702637 361.950226 0.727163 
570.683044 157.580978 0.855110 
0.000000 0.000000 0.000000 
557.475342 164.925858 0.765327 
0.000000 0.000000 0.000000 
18
572.233521 160.477310 0.821522 
548.638794 209.051331 0.786436 
557.517334 213.454010 0.855808 
559.000244 254.632950 0.856039 
572.201111 288.405334 0.943489 
541.306396 206.103348 0.628922 
0.000000 0.000000 0.000000 
0.000000 0.000000 0.000000 
548.635071 276.711792 0.732421 
545.722656 323.705231 0.779935 
536.935059 370.725586 0.796529 
535.439636 275.190277 0.695892 
545.690735 322.229767 0.676305 
545.709167 361.928528 0.733120 
569.274231 157.543793 0.852569 
0.000000 0.000000 0.000000 
557.476929 166.362640 0.755213 
0.000000 0.000000 0.000000 
18
573.669800 160.504807 0.800752 
547.260071 207.591003 0.795578 
557.523987 213.418381 0.846650 
560.405151 254.613678 0.852721 
572.197632 288.416718 0.939423 
539.833069 204.652832 0.624558 
0.000000 0.000000 0.000000 
0.000000 0.000000 0.000000 
548.652710 278.103668 0.734861 
545.716492 323.745880 0.780747 
536.937439 370.736053 0.800167 
535.436279 275.186096 0.702944 
545.662964 322.276154 0.684362 
545.711609 361.937683 0.728614 
570.651245 157.572723 0.844460 
0.000000 0.000000 0.000000 
557.497559 167.821121 0.758316 
533.957520 170.861374 0.072358 
18
572.224976 161.974609 0.439292 
547.222534 207.587006 0.808868 
558.904358 213.429718 0.832898 
560.403442 254.599075 0.859044 
572.219666 288.410431 0.925555 
536.912292 204.639297 0.668844 
0.000000 0.000000 0.000000 
0.000000 0.000000 0.000000 
548.652405 276.691742 0.740836 
547.132996 323.761932 0.795042 
536.947021 370.759399 0.782656 
533.978943 275.149048 0.723809 
542.758423 322.274506 0.702602 
545.678223 364.885193 0.706235 
569.295227 159.020020 0.544987 
0.000000 0.000000 0.000000 
559.014038 169.296707 0.718536 
533.989563 170.856537 0.181862 
18
573.627502 160.516937 0.559702 
547.231995 209.008713 0.792881 
558.904053 213.431519 0.834395 
560.420715 254.599747 0.849147 
572.216858 288.421326 0.924353 
536.928772 206.054306 0.649710 
0.000000 0.000000 0.000000 
0.000000 0.000000 0.000000 
548.643738 276.691956 0.736626 
547.134521 323.748596 0.788336 
538.351990 370.735107 0.788194 
533.991333 275.143097 0.709209 
544.220337 322.271973 0.692716 
545.703308 363.398926 0.704893 
569.303650 157.620041 0.638962 
0.000000 0.000000 0.000000 
558.996643 167.851425 0.723425 
533.988647 170.815002 0.143342 
18
572.154785 160.544174 0.302383 
547.223755 209.040878 0.789202 
558.902161 213.434265 0.846415 
560.419434 254.612976 0.845473 
572.211670 288.411896 0.921806 
536.910217 206.090210 0.632943 
0.000000 0.000000 0.000000 
0.000000 0.000000 0.000000 
548.640198 276.694397 0.737067 
547.154236 323.738983 0.795958 
536.950562 370.738342 0.784299 
533.984070 275.158234 0.723309 
542.795349 322.260498 0.692233 
545.696472 363.412048 0.700635 
569.260437 159.009781 0.398998 
0.000000 0.000000 0.000000 
560.458984 169.278793 0.708306 
534.003235 170.807922 0.248681 
18
572.186951 161.961731 0.299402 
547.226624 209.047516 0.792993 
558.896423 213.440598 0.847111 
559.027466 254.596756 0.868613 
572.209839 288.389313 0.927218 
536.920349 206.109573 0.626938 
0.000000 0.000000 0.000000 
0.000000 0.000000 0.000000 
548.652161 276.699829 0.734195 
547.154785 323.750519 0.796211 
536.945496 370.743683 0.784582 
533.985535 275.164093 0.731962 
542.792603 322.264893 0.700535 
545.694458 363.426849 0.708409 
569.286987 159.045319 0.402806 
0.000000 0.000000 0.000000 
560.471375 169.298141 0.705939 
534.024170 170.812790 0.244411 
18
575.090637 159.119766 0.105308 
547.243347 211.933746 0.789210 
558.903442 214.852036 0.840831 
559.024597 254.599930 0.870083 
572.209351 288.376709 0.930474 
538.347168 207.583084 0.621541 
0.000000 0.000000 0.000000 
0.000000 0.000000 0.000000 
548.661194 278.114075 0.735930 
547.145996 323.769073 0.803578 
536.946350 370.749237 0.790519 
535.370667 275.206055 0.736552 
544.211914 322.288055 0.705752 
545.696289 363.419159 0.713359 
570.667603 159.067703 0.164607 
0.000000 0.000000 0.000000 
563.341309 169.350510 0.642163 
534.012268 170.798691 0.321910 
18
573.654907 163.441422 0.096085 
547.223572 211.952484 0.799630 
558.901550 214.859528 0.845125 
560.392761 254.587753 0.870696 
572.206909 288.372711 0.939022 
536.913208 209.004501 0.627266 
0.000000 0.000000 0.000000 
0.000000 0.000000 0.000000 
548.663940 278.130066 0.738064 
547.148132 323.777527 0.798133 
538.343628 370.755219 0.786213 
533.999756 275.207550 0.732873 
544.221375 323.665680 0.707371 
545.700989 364.855316 0.720721 
570.663025 161.972168 0.155768 
0.000000 0.000000 0.000000 
561.918945 170.764694 0.649481 
534.011414 170.814835 0.313521 
18
573.668762 160.543198 0.109762 
547.231201 211.970963 0.808086 
558.906616 214.876266 0.847708 
559.014526 254.611694 0.865881 
572.196716 288.365723 0.940840 
536.917908 209.021240 0.643863 
0.000000 0.000000 0.000000 
0.000000 0.000000 0.000000 
548.686890 278.126801 0.736184 
547.153259 325.188293 0.787417 
538.363831 370.781433 0.771426 
534.006958 275.218567 0.737653 
542.780884 323.692780 0.713921 
545.663513 366.367035 0.716350 
570.666687 159.095474 0.181043 
0.000000 0.000000 0.000000 
564.847717 169.356216 0.653978 
535.355835 170.808914 0.318578 
18
573.629333 167.819778 0.111515 
548.631226 213.405640 0.814591 
558.920837 214.917252 0.857702 
559.012512 256.057739 0.866485 
572.170227 288.356873 0.959749 
538.385559 210.475281 0.649178 
0.000000 0.000000 0.000000 
0.000000 0.000000 0.000000 
548.676880 278.131470 0.734540 
547.160583 325.178070 0.794061 
538.372864 370.747284 0.791887 
535.371094 275.223083 0.741919 
542.744812 323.676056 0.712207 
545.661865 364.897461 0.697091 
570.647766 161.996628 0.179396 
0.000000 0.000000 0.000000 
563.362671 170.774414 0.660902 
535.413147 170.820099 0.234958 
18
572.160400 169.266083 0.080203 
548.635376 213.418228 0.817647 
558.909363 214.922485 0.855665 
558.994873 256.094116 0.864896 
572.165283 288.382111 0.958263 
539.819397 210.497070 0.645214 
0.000000 0.000000 0.000000 
0.000000 0.000000 0.000000 
548.682373 278.159363 0.726531 
547.132019 325.196289 0.775434 
538.377197 370.789612 0.776368 
535.401245 276.611603 0.733661 
542.797668 323.692963 0.707028 
545.688354 366.323059 0.708227 
569.282593 166.375458 0.137222 
0.000000 0.000000 0.000000 
563.352783 170.798599 0.653032 
535.382507 170.813660 0.236702 
18
572.229065 169.285706 0.638251 
547.244446 211.961746 0.805952 
557.518250 214.882355 0.864411 
558.988159 257.523804 0.855202 
572.166931 288.404327 0.954538 
539.826172 207.567764 0.639907 
0.000000 0.000000 0.000000 
0.000000 0.000000 0.000000 
547.253784 278.123901 0.733369 
547.128540 323.719727 0.776221 
538.348999 370.753021 0.789129 
535.376038 275.204468 0.728364 
544.246216 322.239502 0.683903 
545.722900 363.403107 0.713876 
569.276245 161.997940 0.676080 
0.000000 0.000000 0.000000 
557.497314 170.778717 0.765679 
0.000000 0.000000 0.000000 
18
570.645996 166.370285 0.420057 
547.257324 210.467209 0.794063 
557.531250 213.421860 0.854243 
558.974182 256.055939 0.860222 
570.763367 287.015717 0.966118 
539.832520 206.111526 0.642298 
560.474854 194.332397 0.372346 
572.171753 178.120575 0.667396 
547.248901 278.122833 0.749860 
545.764832 323.696045 0.774659 
536.939026 370.757233 0.795061 
535.393738 275.208374 0.736106 
545.696899 322.205627 0.670428 
545.750854 363.379272 0.724709 
567.772461 160.483414 0.523473 
0.000000 0.000000 0.000000 
557.452148 169.286133 0.723499 
0.000000 0.000000 0.000000 
18
570.663147 157.591675 0.825256 
547.131409 201.679718 0.763204 
556.017090 209.025848 0.803521 
558.975586 254.586563 0.841519 
570.734375 287.012878 0.948966 
535.452759 192.861618 0.714115 
563.356995 204.583160 0.630958 
573.661438 185.483475 0.824534 
547.202271 275.229889 0.738035 
545.779846 322.253143 0.762966 
536.946350 370.759552 0.798192 
533.981812 272.230011 0.692873 
547.138855 320.720123 0.643255 
545.769897 361.956085 0.707209 
567.763794 154.643600 0.782608 
0.000000 0.000000 0.000000 
557.424438 159.107483 0.795084 
0.000000 0.000000 0.000000 
18
570.735107 157.615799 0.932178 
547.147095 203.105164 0.807827 
555.999573 210.482819 0.839007 
557.397461 217.935135 0.143341 
0.000000 0.000000 0.000000 
536.916504 192.878174 0.701445 
561.895142 209.028412 0.461910 
572.242371 201.671051 0.796990 
547.242737 276.677612 0.742540 
545.774536 323.701813 0.790876 
536.954285 370.783508 0.809632 
535.388367 275.133240 0.714362 
545.721191 322.224365 0.679269 
547.130981 363.416656 0.724846 
567.792603 156.044144 0.858584 
0.000000 0.000000 0.000000 
555.966187 161.957687 0.776257 
0.000000 0.000000 0.000000 
18
570.729736 158.973160 0.947339 
547.152527 204.575439 0.826595 
555.993591 210.475372 0.882324 
558.953552 251.653076 0.912357 
570.677917 286.959412 0.972756 
538.346252 194.348846 0.654149 
563.347168 210.489258 0.400197 
573.631592 204.562668 0.832932 
547.205688 276.680756 0.750957 
545.763611 322.286011 0.770973 
538.348267 370.766663 0.805722 
535.396973 275.125702 0.704651 
547.177063 320.782990 0.666835 
547.140442 363.401459 0.729067 
567.789490 156.054489 0.884755 
0.000000 0.000000 0.000000 
555.976013 161.972809 0.821159 
0.000000 0.000000 0.000000 
18
570.752808 159.078140 0.910585 
545.774475 203.147919 0.823498 
555.973877 207.581512 0.914184 
558.965576 251.676422 0.905443 
570.677917 286.941345 0.961357 
536.883850 194.316696 0.679169 
567.767212 209.031021 0.542550 
576.578247 192.844025 0.762027 
547.161621 275.235779 0.754830 
547.135071 322.237671 0.770124 
538.356934 370.776550 0.806716 
534.000183 272.258148 0.685769 
547.174744 319.309570 0.647915 
547.149658 363.385712 0.716954 
569.154480 157.523438 0.911350 
0.000000 0.000000 0.000000 
554.523560 163.444489 0.791608 
0.000000 0.000000 0.000000 
