25
1
18
501.589081 147.313705 0.946380 
500.073456 178.125061 0.907796 
466.299164 176.664337 0.879548 
453.158539 226.638458 0.906506 
458.940155 269.311646 0.822868 
532.476563 178.159012 0.876657 
538.345215 228.067551 0.898653 
536.938049 276.622284 0.906813 
483.946594 266.351685 0.758834 
486.864197 323.740845 0.891546 
488.414520 376.629700 0.853386 
520.727051 266.341858 0.773106 
519.249512 323.695679 0.854628 
520.729248 370.775269 0.838841 
497.184265 142.853287 0.868516 
508.987213 144.290970 0.906754 
485.440948 138.484924 0.913490 
516.328430 144.271469 0.739121 
18
500.186523 147.360123 0.957645 
498.613892 179.608475 0.906839 
464.847595 179.587814 0.916529 
453.043427 228.181763 0.949146 
457.527863 273.746185 0.859973 
528.092285 179.583191 0.852005 
536.881104 228.093384 0.918920 
535.420471 275.183075 0.950364 
479.564148 269.286316 0.731012 
485.403137 323.773560 0.875609 
488.405792 375.161896 0.851172 
519.241272 266.393829 0.753597 
520.716614 323.781189 0.851325 
520.722656 370.785278 0.833892 
495.724213 144.299530 0.876071 
508.918793 144.347519 0.913846 
482.502533 141.402161 0.876409 
513.415527 144.299866 0.621945 
18
500.089417 147.364182 0.957686 
497.168396 179.648483 0.892521 
464.792816 181.015686 0.930713 
451.662537 229.577606 0.940057 
457.474976 276.655334 0.886142 
525.160400 179.591507 0.868165 
535.490051 228.080765 0.919172 
535.388306 275.106964 0.936252 
478.112000 270.753235 0.732645 
485.388306 323.776947 0.880640 
488.382263 375.184509 0.860043 
517.759521 266.379944 0.748595 
520.681519 323.782135 0.857911 
519.277771 370.811188 0.823969 
491.353912 144.315277 0.873133 
506.012756 144.335785 0.882112 
479.553131 142.843323 0.894166 
511.964539 144.295670 0.711887 
18
498.730438 147.308182 0.984637 
495.716614 179.586075 0.869560 
463.425262 179.634705 0.928004 
453.049957 229.620224 0.935548 
454.549316 278.110077 0.873804 
523.716003 178.115082 0.874931 
535.431702 225.210632 0.891673 
535.408691 273.722626 0.913651 
478.120605 267.833374 0.738619 
485.414124 323.761139 0.876978 
488.359436 375.179016 0.846998 
516.304688 264.939026 0.761795 
517.769958 323.737701 0.878767 
514.834717 375.157562 0.815557 
491.305939 142.873444 0.863530 
504.551208 142.880081 0.861189 
478.133362 141.387192 0.891857 
511.898621 142.866302 0.678641 
18
498.734283 147.301804 0.985893 
495.723480 179.593842 0.873436 
463.413757 179.642715 0.929494 
453.078033 229.598434 0.942160 
453.053711 276.711761 0.923267 
523.733032 178.128708 0.868441 
535.442261 225.168213 0.882721 
535.492615 272.258636 0.882805 
478.105835 266.397888 0.741891 
485.399933 323.767853 0.866140 
488.345856 376.613678 0.842752 
516.287537 264.900970 0.766229 
513.373413 323.734955 0.915475 
513.399414 376.627502 0.835832 
491.311615 142.866821 0.862711 
504.554810 142.874573 0.861072 
478.132324 141.387558 0.893817 
511.899597 142.867325 0.671942 
18
500.091125 147.273666 0.995212 
497.135376 179.610245 0.887517 
463.428802 179.650925 0.933518 
451.679657 229.627731 0.934838 
451.641022 275.221832 0.944224 
525.128601 178.169678 0.871125 
535.453003 225.176453 0.888528 
544.191956 267.843842 0.847951 
478.062256 269.310272 0.748514 
485.414307 325.169281 0.861906 
488.353302 375.177979 0.848618 
514.824463 264.956238 0.777273 
513.385498 323.770508 0.905666 
513.409302 376.628204 0.836368 
492.774628 142.827347 0.846743 
506.016632 142.849167 0.858906 
479.546631 139.939423 0.885992 
511.928802 142.867050 0.645705 
18
500.132965 147.240540 1.000812 
497.176208 179.593063 0.894346 
463.426819 179.599884 0.928111 
451.547394 228.175247 0.933073 
451.554749 269.314209 0.864942 
526.596680 179.567703 0.855032 
538.341431 223.728531 0.860912 
545.658203 264.899689 0.930223 
478.104065 267.872040 0.783927 
485.428619 325.165009 0.855749 
488.356201 373.733246 0.851966 
516.307739 266.367584 0.781393 
513.386902 323.746399 0.910264 
513.392639 373.698273 0.855162 
494.233459 141.372437 0.838860 
507.487610 141.411667 0.860638 
479.593567 141.364868 0.877867 
511.987457 144.275925 0.661080 
18
500.181488 147.238541 0.993661 
498.586182 178.122803 0.878738 
464.788116 178.117386 0.899347 
444.302155 220.784897 0.845944 
451.630066 263.392059 0.923146 
528.086975 178.116150 0.822124 
545.689941 217.791473 0.948460 
545.770874 254.657791 0.880882 
478.069855 267.841858 0.793651 
486.824219 325.197540 0.850084 
488.360687 373.701385 0.849743 
514.872620 266.390839 0.779080 
511.982513 323.691101 0.916084 
513.348633 372.222168 0.874436 
495.706085 141.366653 0.846121 
508.931305 141.411530 0.875948 
482.498657 141.394882 0.864831 
513.394287 144.297668 0.616966 
18
501.639771 147.279449 0.957767 
498.617889 179.568054 0.906352 
463.439789 179.589294 0.916196 
441.391418 216.389359 0.960729 
451.560913 254.647507 0.872564 
530.992981 178.144241 0.837321 
547.256287 209.053192 0.893296 
548.630493 247.230377 0.872247 
476.661804 266.352814 0.810422 
486.882019 325.201965 0.863861 
488.399750 373.731720 0.832642 
514.855957 264.915344 0.785345 
511.955566 323.643616 0.897435 
513.360413 370.812531 0.871843 
497.200439 142.856293 0.890262 
510.363953 142.884613 0.923856 
485.378326 144.324570 0.913317 
514.857666 145.741394 0.584449 
18
503.108032 148.756912 0.898184 
498.738373 181.051193 0.972849 
464.864960 181.061157 0.944142 
442.814270 216.334564 0.896957 
451.539673 250.176605 0.856282 
533.904541 181.017639 0.893166 
550.138306 209.034943 0.858450 
547.221863 241.448593 0.951569 
478.065369 267.854004 0.777694 
486.882263 329.604401 0.857900 
488.418671 373.728180 0.818031 
516.325195 266.380585 0.755251 
514.821411 325.160767 0.828665 
513.363342 372.223145 0.846973 
498.639191 145.720657 0.962159 
510.454163 145.784286 0.983629 
486.839539 145.843414 0.989398 
519.224243 147.295502 0.701789 
18
508.962585 158.988754 0.963055 
500.144623 186.999374 0.885723 
464.931122 186.962082 0.855903 
447.221527 225.187210 0.787428 
451.637482 256.095398 0.801217 
534.004089 187.000122 0.842019 
555.965515 216.354126 0.876363 
547.164917 248.741669 0.932542 
478.067749 275.160370 0.830502 
486.876129 334.033844 0.905296 
488.432770 373.725342 0.828303 
517.751282 275.144196 0.771928 
517.805725 329.597778 0.818324 
513.404175 373.723511 0.804457 
500.148010 151.690323 0.897495 
511.937012 153.165894 0.909637 
486.949677 156.098221 0.952584 
522.100403 157.578949 0.368017 
18
510.366577 170.763702 0.973665 
501.590088 203.173462 0.895024 
469.261383 203.140869 0.825221 
451.653564 235.488358 0.830820 
448.699280 267.829681 0.823496 
535.391235 204.554214 0.889216 
550.149475 236.971359 0.839218 
548.635986 272.245789 0.833498 
481.009644 283.989319 0.770659 
488.331268 338.385925 0.874792 
489.830902 376.610443 0.790219 
517.778748 281.087280 0.751074 
519.261169 335.444427 0.846863 
514.819275 375.174774 0.795580 
500.195374 164.902313 0.908326 
513.347473 166.370163 0.890492 
488.333771 169.268250 0.980741 
522.162781 169.390869 0.501059 
18
510.371368 181.077011 0.962883 
501.587006 214.859467 0.896572 
472.213623 214.857529 0.848731 
454.557556 260.509979 0.879024 
450.115234 298.658112 0.871823 
533.949951 214.881149 0.893644 
547.191833 256.089172 0.885406 
554.503113 298.669464 0.842978 
481.007080 292.836243 0.759696 
488.322144 345.794250 0.934165 
489.817200 381.058289 0.849918 
519.241516 291.351532 0.749318 
516.319153 345.678070 0.846416 
513.407043 380.978577 0.840973 
500.213135 172.313690 0.901986 
513.361755 173.742783 0.886564 
488.355713 178.156570 0.945706 
522.150513 179.620895 0.468589 
18
508.963745 176.708328 0.869256 
501.637177 210.510696 0.862071 
473.692200 209.014359 0.866311 
458.980957 263.342010 0.880473 
456.017792 310.406158 0.857239 
533.979614 213.433426 0.866146 
547.261902 257.525787 0.862963 
547.220276 307.540131 0.868253 
479.569061 291.347382 0.742382 
486.923157 347.185425 0.914982 
489.863647 380.993500 0.795532 
517.800720 289.913483 0.748987 
516.289001 345.746399 0.836504 
513.413330 380.988159 0.822335 
500.182983 170.744598 0.958144 
511.981964 170.804901 0.932139 
488.385651 172.289597 0.969536 
522.125854 176.663086 0.631525 
18
510.354553 157.520401 0.935897 
503.090088 188.467041 0.822239 
473.666290 188.446533 0.829700 
453.086670 232.564499 0.867848 
464.922913 266.396118 0.795251 
535.430481 189.881287 0.837821 
551.628784 234.048218 0.853807 
538.343811 276.650726 0.862992 
479.549011 276.668640 0.765286 
485.457550 335.502045 0.877456 
489.862000 376.623627 0.793125 
516.335571 276.648407 0.767666 
514.878052 332.519043 0.809236 
513.350525 378.115234 0.822037 
500.171783 148.730453 0.933273 
511.985321 148.733475 0.911973 
488.325165 151.711578 0.946112 
522.168884 150.248581 0.390881 
18
510.411621 128.165146 0.913247 
501.636414 159.103485 0.896348 
470.708252 159.057999 0.866942 
450.142731 207.567215 0.849849 
467.805878 229.560760 0.753367 
535.425720 160.519913 0.880530 
556.038086 207.532471 0.907152 
533.952148 232.564072 0.802649 
476.666779 256.108063 0.736490 
485.431396 320.758026 0.847246 
488.319550 373.708221 0.817896 
514.853333 258.987946 0.716422 
513.343933 319.284576 0.855120 
519.217285 372.267792 0.799863 
500.229767 122.262581 0.953166 
514.837585 122.316689 0.920163 
488.371307 123.700165 1.000367 
522.239746 123.821449 0.513919 
18
510.451752 110.470718 0.976295 
501.624664 141.410645 0.857571 
469.238373 138.487061 0.813727 
447.188232 192.783371 0.892666 
476.597595 203.110291 0.932386 
535.443115 144.313171 0.844412 
557.516113 184.090942 0.913851 
532.431335 207.589233 0.843118 
478.087494 239.865860 0.739373 
485.392365 303.134064 0.835700 
485.410278 364.857391 0.768890 
514.879150 239.878052 0.713232 
511.964294 301.690094 0.871465 
511.969940 359.052246 0.848311 
501.636902 100.268639 0.905540 
516.301392 101.709236 0.883892 
488.409637 101.696396 0.940669 
523.594421 104.629974 0.463144 
18
510.444489 97.307602 0.946134 
500.181946 131.115555 0.892677 
466.302704 129.658447 0.835279 
441.336884 181.088196 0.951681 
475.197479 203.147079 0.942560 
535.401184 132.567719 0.857252 
558.996094 172.259354 0.915861 
534.005920 200.231720 0.889872 
476.674438 231.118240 0.730753 
481.007935 298.730896 0.879786 
485.420746 356.044586 0.822219 
516.300598 232.551346 0.714436 
511.868378 298.659576 0.911863 
511.889526 354.555176 0.842701 
501.630707 88.431702 0.922320 
516.307617 88.542610 0.901828 
488.374878 88.489769 0.977584 
522.258728 89.992111 0.428855 
18
510.375336 91.381470 0.912210 
500.184113 126.710129 0.903651 
464.882141 126.720108 0.866286 
441.299896 176.695282 0.890924 
464.799500 207.548508 0.871835 
535.458740 126.725143 0.853012 
558.956787 169.356232 0.952906 
536.911438 204.662491 0.906630 
476.662872 228.132538 0.739742 
479.530579 297.206055 0.846777 
482.498322 354.574219 0.780766 
517.750427 229.611160 0.727407 
510.500610 297.246887 0.893343 
510.485046 354.574341 0.830281 
500.180206 86.910011 0.957309 
514.825195 86.978111 0.903457 
488.339630 88.402130 0.992627 
522.231873 88.495583 0.581989 
18
508.954651 98.782059 0.951769 
500.166504 134.085464 0.944214 
464.865906 134.057144 0.917060 
441.287689 179.633667 0.924449 
454.571198 217.890610 0.912401 
535.434631 134.105576 0.891607 
557.475403 172.260071 0.925925 
542.774963 216.416672 0.898347 
476.659729 234.031097 0.738164 
478.104095 300.238953 0.888394 
479.548431 357.534454 0.820327 
514.873901 236.957718 0.722794 
510.494812 301.641327 0.895619 
510.473877 358.985321 0.867519 
500.123810 89.948174 0.939312 
513.367432 91.405296 0.891495 
486.974579 94.350815 0.915793 
522.193909 97.245102 0.629232 
18
508.965515 113.462708 0.925880 
500.165588 147.314056 0.937713 
464.915100 147.254761 0.915064 
439.901459 189.886322 0.890936 
450.145477 229.623306 0.889776 
535.401611 148.735229 0.874058 
557.413147 184.091217 0.884162 
545.686829 231.069504 0.899817 
476.643372 245.803192 0.761929 
478.075745 311.966431 0.890320 
476.664948 367.839600 0.865447 
513.425964 248.705093 0.741009 
511.832214 311.894409 0.917766 
511.841522 367.840027 0.863389 
500.131622 109.041458 0.961506 
513.370544 110.446960 0.909335 
486.969879 110.541092 0.969627 
522.198669 112.001678 0.515576 
18
508.981964 139.899323 0.880201 
500.207642 170.772125 0.943920 
466.373749 169.360977 0.893090 
441.297760 206.020248 0.984580 
447.216919 253.135269 0.882059 
535.386414 170.827423 0.898185 
556.007141 206.166412 0.890697 
545.709961 253.110291 0.956407 
476.653290 263.433319 0.794502 
476.615845 323.715790 0.897512 
475.156189 370.700775 0.912085 
514.819824 264.890869 0.783834 
511.834534 323.648621 0.928232 
510.485992 370.780426 0.881131 
500.164459 134.011261 0.973947 
513.360901 134.081238 0.925604 
488.314331 135.449860 0.998195 
522.197144 135.594757 0.533569 
18
510.350616 159.016922 0.963041 
500.194397 192.827698 0.949130 
467.810608 191.339676 0.850243 
442.786072 226.618195 0.883984 
442.844879 267.856995 0.871449 
533.955627 194.272781 0.904425 
547.237488 231.122589 0.890924 
545.758911 272.237946 0.869087 
476.613800 282.538879 0.803564 
476.593506 339.900879 0.870800 
476.561066 372.213196 0.848583 
513.423279 285.454498 0.778881 
511.907501 339.905212 0.864777 
510.416046 370.827606 0.853471 
500.202698 153.147827 0.901735 
513.349609 154.636734 0.887335 
488.376862 156.072113 0.959915 
522.149597 157.615814 0.499723 
18
510.469452 164.896484 0.926398 
500.188599 194.332809 0.945412 
469.252594 192.890350 0.901605 
451.667480 236.956451 0.869702 
445.736847 276.630096 0.843763 
533.936340 195.848221 0.889042 
538.389282 239.964508 0.908508 
547.265503 276.734253 0.932963 
476.683899 285.486938 0.819010 
476.650757 344.252106 0.892804 
476.593414 372.240143 0.831101 
514.825684 286.946350 0.797168 
511.888733 341.330200 0.852768 
510.453644 373.703766 0.828876 
503.086029 157.586334 0.924426 
516.284119 158.987564 0.920551 
489.836426 157.588013 0.973749 
522.257263 159.048248 0.526999 
18
511.901123 159.018463 0.990088 
501.658875 188.469208 0.865820 
473.627625 185.477737 0.873532 
460.416870 236.938889 0.836500 
453.069397 276.648529 0.872970 
535.373413 191.400696 0.906339 
536.867615 239.828232 0.910421 
545.735046 278.108185 0.918166 
478.083069 276.629761 0.800706 
476.639252 336.931091 0.874632 
476.643524 370.804932 0.859438 
516.324524 276.679291 0.757875 
514.842896 334.025543 0.864641 
510.489380 372.207245 0.839693 
507.456848 151.710693 0.851523 
519.274292 154.618591 0.881894 
491.312042 148.805359 0.884833 
523.711426 156.101837 0.434497 
