62
1
18
638.288635 129.629089 0.872506 
604.555542 160.506088 0.836722 
604.573303 169.288330 0.864021 
606.065125 222.246124 0.852659 
645.691711 225.216461 0.888526 
604.509827 157.545746 0.668411 
617.748108 189.910583 0.570750 
641.231262 197.267487 0.912494 
598.623169 250.153976 0.729965 
592.685669 300.219116 0.813386 
581.005249 357.462067 0.794933 
604.558411 245.785538 0.617896 
592.711182 300.187164 0.758242 
582.511230 348.727753 0.692008 
631.052673 123.738388 0.905296 
0.000000 0.000000 0.000000 
617.703003 125.194824 0.939039 
0.000000 0.000000 0.000000 
18
636.891541 131.075272 0.881838 
604.562256 160.482056 0.842978 
604.580322 169.272675 0.851657 
607.454895 220.765411 0.843675 
644.242065 228.069336 0.914078 
604.514954 157.520203 0.679224 
617.758850 189.922256 0.597044 
639.860107 195.790161 0.937425 
598.652527 248.732040 0.735203 
592.718018 300.146454 0.849966 
580.955811 356.026337 0.807065 
606.030945 244.319839 0.657795 
592.821472 298.756012 0.776087 
585.399292 345.780487 0.681336 
631.031250 123.754791 0.909714 
0.000000 0.000000 0.000000 
616.340271 125.223076 0.942874 
0.000000 0.000000 0.000000 
18
636.898376 129.640381 0.875361 
604.542786 159.102356 0.851661 
605.945801 169.265366 0.847620 
607.531006 219.360229 0.844161 
647.174194 226.666351 0.908086 
603.047485 157.491638 0.662431 
617.779358 189.927139 0.584333 
641.300598 194.396271 0.951605 
598.631958 247.241379 0.734647 
592.735535 298.747406 0.865808 
580.939514 356.026672 0.807202 
606.035706 242.860931 0.679140 
594.191406 298.703552 0.762309 
585.412231 345.783630 0.685186 
631.041016 123.736252 0.908924 
0.000000 0.000000 0.000000 
617.697144 125.201180 0.935772 
0.000000 0.000000 0.000000 
18
638.285889 129.635712 0.875490 
604.551697 159.090332 0.848781 
605.935364 167.862167 0.836411 
610.423157 219.311584 0.857334 
648.639832 225.187347 0.912179 
604.486938 156.118301 0.668082 
617.814331 186.982819 0.596538 
641.335876 194.397812 0.938334 
597.206360 247.240982 0.743512 
592.739441 298.755951 0.878011 
580.946655 356.033936 0.814219 
607.444275 242.856583 0.687474 
594.186279 298.714874 0.763534 
583.970581 347.199219 0.687036 
632.444519 123.740410 0.907676 
0.000000 0.000000 0.000000 
617.726685 125.193542 0.934920 
0.000000 0.000000 0.000000 
18
636.889160 131.105927 0.878790 
604.531250 159.082718 0.848337 
605.932922 167.836121 0.840307 
613.326782 219.302887 0.859027 
650.114258 222.258514 0.918089 
603.061523 157.489914 0.673803 
619.231323 186.988083 0.611539 
642.770813 194.303497 0.932563 
598.645874 248.705231 0.744342 
592.733765 300.143982 0.866188 
580.961914 356.044281 0.824933 
606.058838 244.304611 0.674890 
594.179443 298.750946 0.759100 
585.401794 347.184021 0.684457 
632.455505 123.773346 0.907897 
0.000000 0.000000 0.000000 
617.737305 125.191528 0.938130 
0.000000 0.000000 0.000000 
18
636.852539 132.535553 0.893935 
604.531555 159.081482 0.847711 
605.942749 167.838837 0.853683 
616.226929 217.936249 0.892941 
651.579712 217.918381 1.013082 
603.062073 157.494904 0.664645 
617.809631 186.982620 0.533158 
641.308228 194.264175 0.920317 
601.555359 250.198441 0.759698 
592.740051 300.176086 0.854226 
580.954773 356.041412 0.826891 
607.514465 247.241837 0.646217 
592.815430 300.143829 0.750720 
586.870056 345.768005 0.673975 
632.442322 123.805122 0.908997 
0.000000 0.000000 0.000000 
617.735291 123.834183 0.932253 
0.000000 0.000000 0.000000 
18
635.410400 132.545517 0.881800 
604.517334 159.073807 0.845690 
604.555359 166.371628 0.844034 
617.719421 217.901657 0.965153 
655.965332 217.794724 0.927935 
603.072693 157.524033 0.674890 
619.227966 185.544876 0.513372 
641.317932 192.884750 0.892790 
603.011597 250.209595 0.759063 
592.766907 300.257233 0.817807 
580.954712 356.072174 0.819937 
607.475952 247.229767 0.630196 
592.802063 300.210052 0.708121 
585.420349 347.183105 0.657162 
631.034363 123.810516 0.909158 
0.000000 0.000000 0.000000 
617.726563 125.192352 0.942723 
0.000000 0.000000 0.000000 
18
635.391724 132.518433 0.873304 
604.497742 159.046600 0.839191 
604.509521 164.893234 0.827268 
619.290649 217.802750 0.936718 
661.876160 214.861145 0.932100 
603.078308 157.514923 0.674523 
625.069885 188.456131 0.559062 
641.340271 192.845108 0.814900 
597.172852 242.841537 0.759556 
594.199219 298.668549 0.881409 
580.937744 356.006439 0.816909 
605.966187 241.387283 0.700282 
594.303162 297.237671 0.703196 
588.343018 345.741180 0.697418 
631.012634 123.792068 0.916266 
0.000000 0.000000 0.000000 
616.353455 125.195381 0.951502 
0.000000 0.000000 0.000000 
18
633.931946 132.514862 0.862976 
604.484558 159.028702 0.843230 
603.042419 161.999344 0.825004 
627.971008 216.388214 0.954660 
663.291260 206.091965 0.894091 
604.547607 157.527908 0.703588 
623.662781 182.603775 0.739013 
651.566833 188.419662 0.871687 
600.088135 244.342941 0.731723 
592.829285 298.769073 0.861250 
580.950928 356.029938 0.827780 
605.969604 242.870468 0.646246 
594.260193 298.732513 0.700094 
588.340759 345.770111 0.688804 
630.977905 123.797699 0.918589 
0.000000 0.000000 0.000000 
616.320435 123.833473 0.953964 
0.000000 0.000000 0.000000 
18
632.456604 131.110443 0.853908 
604.479797 159.008774 0.848195 
601.605835 161.986145 0.812633 
629.568848 216.304794 0.940050 
666.271240 203.138550 0.894339 
605.982178 157.515518 0.721632 
626.586243 182.610504 0.800252 
653.080261 182.587112 0.825816 
601.565491 244.342560 0.748750 
592.829712 298.763702 0.864123 
580.950012 356.019836 0.820513 
607.455505 244.285904 0.626141 
594.281860 298.732391 0.681677 
588.345764 345.743622 0.680145 
629.554993 123.783745 0.930139 
0.000000 0.000000 0.000000 
616.300415 123.826393 0.968324 
0.000000 0.000000 0.000000 
18
630.990662 131.101898 0.873266 
604.463257 158.990540 0.848448 
600.097290 160.566299 0.809847 
635.393860 213.426254 0.816759 
670.662659 195.830566 0.840415 
605.999390 157.502090 0.732943 
628.081482 182.578873 0.862346 
660.392639 181.127304 0.859393 
601.584106 244.320587 0.754810 
594.182983 298.771759 0.874610 
580.937073 356.042694 0.827573 
610.383667 242.842194 0.641935 
594.287415 298.742249 0.684646 
586.890137 345.780640 0.674198 
629.473450 123.780205 0.942548 
0.000000 0.000000 0.000000 
616.240356 123.812950 0.952178 
0.000000 0.000000 0.000000 
18
629.567810 131.086029 0.862595 
601.595276 158.988846 0.808756 
601.565491 161.957184 0.780647 
638.353882 209.007462 0.869464 
672.167847 194.326996 0.917592 
601.596741 157.506470 0.706959 
628.019104 182.554321 0.779257 
654.555847 181.089325 0.845882 
603.014221 244.327805 0.746738 
592.825684 300.152557 0.859725 
580.932861 356.044250 0.823499 
606.047180 242.838730 0.629159 
594.248779 298.763550 0.709522 
586.911316 345.787933 0.680774 
628.070190 123.768929 0.934196 
0.000000 0.000000 0.000000 
614.800293 123.819557 0.929322 
0.000000 0.000000 0.000000 
18
629.499512 129.647491 0.877406 
600.097717 159.025894 0.803691 
601.603088 162.000931 0.777705 
641.214233 206.083038 0.947457 
673.602295 189.914810 0.876055 
597.174133 157.531815 0.710547 
628.096680 182.595673 0.718099 
660.413574 179.581955 0.761983 
601.586792 245.762665 0.725456 
592.808289 300.161407 0.865213 
580.974854 357.455536 0.837660 
607.456238 244.300476 0.638016 
594.197021 300.132446 0.720545 
585.414368 347.216309 0.671445 
627.992798 123.749733 0.924486 
0.000000 0.000000 0.000000 
613.323730 123.822533 0.891987 
0.000000 0.000000 0.000000 
18
629.492676 129.647964 0.912591 
600.103271 159.018829 0.818504 
600.119080 161.988724 0.772902 
641.321960 204.580750 0.935145 
675.139099 185.505707 0.821194 
598.665039 157.528763 0.718179 
629.493225 182.584946 0.671781 
661.849670 172.302521 0.831543 
601.569580 244.305695 0.726596 
592.814819 300.133026 0.872403 
580.956604 356.053101 0.822016 
608.931885 242.849869 0.664874 
594.261536 298.737732 0.727912 
583.970703 347.213501 0.678506 
627.980164 123.738983 0.955087 
0.000000 0.000000 0.000000 
610.402588 123.799530 0.902770 
0.000000 0.000000 0.000000 
18
629.472107 129.611465 0.909844 
598.664001 159.040863 0.824668 
600.090271 163.457535 0.759434 
644.234985 204.531021 0.875742 
676.525452 181.138901 0.834135 
597.206299 157.517075 0.718884 
628.090332 179.614136 0.729547 
663.360291 170.827866 0.913358 
603.019348 244.307785 0.726600 
592.815857 300.166901 0.875365 
580.972778 356.066040 0.837783 
607.462280 242.840500 0.661182 
594.210510 300.141541 0.729150 
585.419800 347.203125 0.675978 
626.600647 123.721481 0.943453 
0.000000 0.000000 0.000000 
608.961426 123.808403 0.905788 
0.000000 0.000000 0.000000 
18
628.091125 129.618774 0.917105 
598.641418 159.040863 0.824651 
598.623840 163.434235 0.768332 
645.708679 201.694748 0.838799 
676.541077 181.070480 0.798446 
597.193237 157.516190 0.714193 
629.519714 176.680908 0.732288 
663.371460 170.757843 0.953187 
601.559937 244.328506 0.711943 
592.812744 300.141205 0.875762 
580.959656 356.072449 0.838882 
607.475708 242.859985 0.664143 
594.253296 298.748016 0.740921 
585.434387 347.192322 0.689625 
626.543518 123.725464 0.935929 
0.000000 0.000000 0.000000 
607.517212 123.819633 0.917252 
0.000000 0.000000 0.000000 
18
628.070679 126.704842 0.916812 
598.639771 159.040665 0.822897 
597.182617 163.454559 0.777397 
648.652893 203.086502 0.839253 
676.613403 179.604813 0.749921 
598.656982 157.511398 0.709993 
629.510010 176.675018 0.787705 
663.361938 169.339798 0.936289 
601.570496 244.330002 0.715971 
592.797668 300.161041 0.874154 
580.944092 356.069489 0.834697 
607.493713 242.851974 0.658580 
594.244690 300.131683 0.752454 
585.422729 347.193542 0.692693 
625.118408 122.322464 0.913283 
0.000000 0.000000 0.000000 
607.491333 123.797394 0.938400 
0.000000 0.000000 0.000000 
18
628.045959 125.245140 0.911023 
598.642456 159.032883 0.816494 
595.747437 163.467621 0.786711 
647.166016 200.174759 0.849199 
678.020691 176.683624 0.827328 
600.134705 157.496216 0.709367 
629.541260 175.232849 0.704028 
663.359802 169.296967 0.787787 
600.123962 245.769226 0.715838 
592.786926 300.193542 0.861103 
580.964050 356.070313 0.831174 
607.490662 242.883301 0.666345 
594.195129 300.169556 0.748910 
583.976440 347.223755 0.683872 
625.074829 122.273621 0.888988 
0.000000 0.000000 0.000000 
607.451111 123.789757 0.955903 
0.000000 0.000000 0.000000 
18
628.019592 125.237823 0.923709 
597.213135 159.020050 0.804879 
595.747253 163.427704 0.792073 
645.692139 197.280792 0.888193 
676.611572 173.763458 0.875012 
600.120117 157.497513 0.694266 
629.515259 176.697800 0.572538 
661.886597 169.288269 0.683880 
598.658447 245.775497 0.721862 
592.820374 300.160736 0.884897 
580.946777 356.070740 0.842520 
608.924194 244.299408 0.674546 
594.297668 300.141205 0.745625 
585.417297 345.798828 0.689238 
623.623657 122.272285 0.890631 
0.000000 0.000000 0.000000 
606.064331 123.796425 0.960144 
0.000000 0.000000 0.000000 
18
627.984436 125.246269 0.922545 
598.627869 159.033905 0.812870 
595.691284 163.451523 0.808934 
644.225342 197.296112 0.894602 
676.550354 176.651886 0.875605 
601.578613 157.522598 0.731545 
629.514404 175.219193 0.634570 
661.861023 169.308167 0.697174 
598.649475 244.337936 0.719441 
592.819702 300.144562 0.879093 
580.951416 356.056183 0.825612 
607.517029 242.864029 0.686743 
594.266968 298.763641 0.744960 
583.958679 347.206696 0.683605 
622.158569 122.282921 0.894797 
0.000000 0.000000 0.000000 
606.017334 123.809265 0.968048 
0.000000 0.000000 0.000000 
18
627.959656 125.252014 0.908347 
597.204773 159.038849 0.812647 
594.304138 163.453934 0.815189 
644.237854 197.287659 0.891293 
675.151001 173.757553 0.907275 
601.588867 157.527191 0.731645 
629.540527 178.131683 0.584989 
660.397034 169.320480 0.685325 
597.192871 244.343613 0.723059 
592.793945 300.147827 0.865327 
580.956299 356.054230 0.823432 
608.930725 242.874039 0.687395 
594.234924 300.129272 0.750017 
583.967834 347.228455 0.681424 
620.719849 122.291641 0.897936 
0.000000 0.000000 0.000000 
605.994629 123.805740 0.968336 
0.000000 0.000000 0.000000 
18
626.582153 125.255241 0.902166 
597.194336 159.040070 0.821765 
594.295410 164.898621 0.819722 
644.206787 197.250549 0.876429 
675.128113 173.722839 0.851669 
601.572205 157.514877 0.734684 
629.505127 176.687698 0.669915 
660.400330 169.260727 0.738509 
597.184265 244.340317 0.723535 
592.790405 300.150787 0.856861 
580.948669 356.044403 0.813561 
607.459229 242.869308 0.685209 
594.192505 298.760345 0.737599 
583.930847 347.227295 0.675416 
620.680420 122.298996 0.902408 
0.000000 0.000000 0.000000 
605.963135 123.820938 0.969862 
0.000000 0.000000 0.000000 
18
626.577881 125.277550 0.900547 
598.626404 159.038010 0.814715 
594.260254 164.895020 0.835669 
642.812439 197.257278 0.875956 
675.143982 173.749725 0.880842 
603.037354 157.514328 0.744696 
629.525757 175.228104 0.676308 
660.385681 167.841019 0.713744 
597.155029 245.767410 0.731766 
592.759827 300.176300 0.845547 
580.955078 356.052582 0.812616 
607.494873 242.885544 0.692479 
592.816406 300.165833 0.743033 
583.925903 347.235718 0.670232 
619.276428 122.316406 0.907774 
0.000000 0.000000 0.000000 
605.931519 123.825005 0.966392 
0.000000 0.000000 0.000000 
18
626.564636 126.689407 0.895787 
598.621948 159.046600 0.813904 
594.232178 164.899490 0.839096 
642.809998 195.829086 0.889532 
676.555054 170.868805 0.877991 
603.064270 157.522812 0.751016 
631.009338 175.237762 0.606087 
661.871094 166.394180 0.656090 
595.758484 244.348602 0.733634 
592.731201 300.177429 0.845678 
580.962219 356.046021 0.820001 
607.492676 242.867508 0.695674 
592.795837 300.166321 0.749843 
583.962952 347.218689 0.677134 
619.262512 122.331108 0.915869 
0.000000 0.000000 0.000000 
604.560303 123.820602 0.972221 
0.000000 0.000000 0.000000 
18
626.539063 126.677116 0.882701 
595.762939 159.047485 0.819604 
594.207764 164.908020 0.833368 
644.232666 194.311447 0.901904 
676.540039 170.776566 0.860964 
603.020325 157.524002 0.737460 
635.411499 176.695663 0.574855 
666.278687 166.413406 0.631571 
595.741150 244.350159 0.737679 
592.729736 300.179443 0.842083 
580.959167 357.454254 0.823783 
607.450134 242.880722 0.701897 
592.794312 300.175049 0.743913 
583.940979 347.257446 0.669308 
619.238159 122.319443 0.933016 
0.000000 0.000000 0.000000 
604.547424 123.814438 0.973781 
0.000000 0.000000 0.000000 
18
623.658020 126.701149 0.845258 
595.743469 159.061111 0.819533 
594.176880 164.905777 0.846911 
642.810242 194.288757 0.916004 
676.594971 169.313705 0.895602 
601.606812 157.533859 0.743724 
636.863647 172.296860 0.653822 
672.126221 163.466827 0.613676 
595.719299 245.776260 0.745193 
592.716980 300.185638 0.830894 
580.956543 356.057556 0.823235 
607.457153 244.290115 0.704774 
592.788757 300.177338 0.746193 
583.956482 347.210785 0.673697 
617.813965 122.328026 0.951686 
0.000000 0.000000 0.000000 
604.513123 123.815514 0.980518 
0.000000 0.000000 0.000000 
18
623.627991 126.691925 0.843514 
595.748169 159.073853 0.814874 
592.831055 164.900467 0.849249 
642.762329 194.322113 0.903987 
676.611206 169.281982 0.826184 
603.021484 157.556900 0.756377 
636.839172 170.832153 0.829434 
672.166870 160.512680 0.722504 
595.710449 244.349869 0.750929 
592.708923 300.169647 0.830065 
580.956787 356.038788 0.812004 
607.478638 242.882065 0.710744 
592.783569 300.163910 0.748734 
583.926575 347.227203 0.677498 
617.788330 122.322357 0.957184 
0.000000 0.000000 0.000000 
604.488403 123.812019 0.979477 
0.000000 0.000000 0.000000 
18
622.177795 126.677315 0.850487 
595.761169 159.063095 0.827584 
592.799866 164.913147 0.858802 
642.784241 192.917755 0.902673 
678.082520 167.843018 0.846454 
603.074646 157.520615 0.770705 
636.858093 170.809235 0.773446 
670.685852 159.086075 0.659515 
595.705688 245.763046 0.754825 
591.320801 300.218048 0.814380 
580.968689 356.055908 0.816417 
607.485107 242.884109 0.703003 
592.744202 300.205902 0.746134 
583.925781 347.257904 0.675689 
617.755310 122.317047 0.970158 
0.000000 0.000000 0.000000 
604.455322 123.810593 0.966739 
0.000000 0.000000 0.000000 
18
620.737305 125.281624 0.859580 
597.158875 159.047256 0.829271 
592.786865 164.900589 0.869313 
642.747375 194.263855 0.922235 
680.989197 169.269760 0.877286 
604.497803 157.494797 0.771789 
636.848999 169.355240 0.806002 
666.284241 150.227646 0.733656 
595.697510 245.799911 0.767463 
591.282043 301.644440 0.803454 
580.969543 356.078827 0.824949 
607.493103 244.294373 0.704074 
592.721619 301.631775 0.739419 
583.920410 347.267303 0.674737 
617.725525 122.311195 0.983506 
0.000000 0.000000 0.000000 
604.439697 123.797958 0.977836 
0.000000 0.000000 0.000000 
18
620.703918 126.673172 0.868249 
597.181580 159.045013 0.824506 
592.774292 164.899231 0.881846 
641.266907 194.301926 0.991473 
678.029785 170.857040 0.910827 
604.539612 156.115906 0.773696 
638.309570 167.882401 0.839878 
667.779419 147.242218 0.800695 
594.305603 244.350876 0.770607 
591.276917 300.252655 0.807871 
580.964478 356.065826 0.823819 
607.495728 242.860748 0.719908 
592.734497 300.240875 0.749179 
582.533569 347.264130 0.675171 
617.697327 122.326408 0.993980 
0.000000 0.000000 0.000000 
603.042419 123.829315 0.955640 
0.000000 0.000000 0.000000 
18
620.702698 125.270348 0.860019 
597.199097 159.050842 0.813329 
592.787170 164.918289 0.879422 
641.239380 194.395615 0.991231 
679.496155 173.732758 0.914236 
604.543091 156.099136 0.756019 
636.883057 167.814240 0.864577 
664.857483 145.726837 0.857385 
595.690002 245.762573 0.763269 
591.258057 301.643494 0.810665 
580.950928 357.477081 0.840406 
607.475464 242.851196 0.712753 
592.710632 300.242462 0.748188 
583.971252 347.230042 0.669789 
617.698914 122.315247 0.984470 
0.000000 0.000000 0.000000 
603.041992 123.838120 0.956979 
0.000000 0.000000 0.000000 
18
620.706055 125.264198 0.866710 
595.754822 159.017014 0.808978 
592.794067 164.931244 0.878438 
641.282349 195.795410 1.000451 
683.927979 175.216675 0.893217 
603.071411 156.040115 0.716305 
631.013306 161.975906 0.874334 
663.375854 142.884277 0.790392 
595.700562 245.764053 0.761235 
591.258362 300.248230 0.808321 
580.959106 356.070648 0.829626 
607.441956 242.847427 0.704861 
592.706543 300.219666 0.746162 
583.967896 347.204895 0.670640 
617.701904 122.316017 0.976176 
0.000000 0.000000 0.000000 
603.049255 125.209152 0.945179 
0.000000 0.000000 0.000000 
18
620.718445 125.254211 0.879191 
595.734375 158.981720 0.801931 
592.784180 164.943954 0.875861 
641.301331 195.817398 0.998990 
688.281799 172.296844 0.886795 
603.035767 153.178040 0.684340 
633.932007 157.568359 0.900149 
667.780396 135.463043 0.856593 
595.712952 245.763840 0.758954 
591.270142 301.634125 0.802073 
580.942200 357.450836 0.828603 
606.049866 242.857040 0.691015 
592.705017 300.223785 0.735422 
583.968018 347.202362 0.667904 
617.703125 122.306824 0.963716 
0.000000 0.000000 0.000000 
603.033203 125.237877 0.943708 
0.000000 0.000000 0.000000 
18
619.280701 126.668427 0.879587 
595.723267 158.986801 0.798994 
592.779419 164.930267 0.871972 
641.257324 195.838211 0.999886 
683.925537 175.201981 0.881280 
603.044006 154.596512 0.680795 
636.863037 154.644775 0.861769 
667.779968 133.980164 0.851480 
595.710266 244.328842 0.767025 
591.295654 300.228271 0.817195 
580.946594 356.076660 0.829091 
607.452332 242.833115 0.692678 
592.745789 300.201385 0.753130 
583.990967 347.199371 0.676558 
616.330017 122.338333 0.958849 
0.000000 0.000000 0.000000 
603.021851 125.261307 0.928978 
0.000000 0.000000 0.000000 
18
619.257996 125.266251 0.891019 
595.685669 158.999008 0.808830 
592.814270 166.390060 0.867197 
641.224548 198.724258 0.955079 
676.648438 178.127075 0.927346 
600.137390 153.153030 0.658795 
633.918884 151.697388 0.834548 
666.318604 132.525223 0.819576 
595.713074 244.345398 0.772995 
591.313293 300.240051 0.825180 
580.963684 356.069641 0.837077 
606.048828 242.853333 0.693931 
592.756592 300.226868 0.748777 
585.401306 347.191650 0.678684 
616.301819 122.333443 0.959063 
0.000000 0.000000 0.000000 
603.004211 125.274666 0.911191 
0.000000 0.000000 0.000000 
18
619.218567 126.662743 0.890282 
594.286255 159.050110 0.834911 
592.834106 167.879333 0.880830 
641.217041 201.665939 0.966116 
676.556580 178.124252 0.956410 
597.201233 153.166763 0.663029 
633.938965 147.250717 0.840306 
664.854614 126.712334 0.824773 
595.712097 245.787308 0.761380 
592.708069 300.193604 0.836910 
580.962524 356.059082 0.831395 
606.022400 242.872574 0.693532 
592.773743 300.182281 0.746189 
585.411133 347.194855 0.670479 
616.287842 122.352242 0.978044 
0.000000 0.000000 0.000000 
602.998657 125.279289 0.888050 
0.000000 0.000000 0.000000 
18
617.835449 125.210022 0.902512 
594.268738 159.064346 0.844588 
594.243286 169.313599 0.887549 
641.269104 201.682556 0.938531 
676.632324 179.560318 0.932667 
595.686890 153.140656 0.664771 
633.921875 145.800751 0.884359 
664.859192 123.810387 0.868970 
595.696533 245.769287 0.769512 
592.702454 300.209259 0.841362 
580.956421 357.456879 0.836295 
606.029053 242.860703 0.707349 
592.798401 300.200867 0.748333 
585.392151 347.224152 0.664992 
616.270813 122.301529 0.955987 
0.000000 0.000000 0.000000 
603.023804 125.279549 0.885924 
0.000000 0.000000 0.000000 
18
619.206726 123.831139 0.931990 
594.255432 159.035858 0.851710 
594.287720 169.316574 0.880555 
642.727295 201.645294 0.898105 
681.005493 173.761093 0.875853 
594.237061 153.122803 0.659078 
633.912354 144.290268 0.853397 
664.852783 122.255356 0.909383 
595.698669 244.345230 0.774696 
592.693604 300.201935 0.829703 
580.960144 357.451263 0.832758 
606.008789 242.868851 0.694458 
592.783691 300.192688 0.744632 
585.390564 347.224762 0.667949 
616.264587 122.288498 0.966924 
0.000000 0.000000 0.000000 
603.018860 126.676674 0.880016 
0.000000 0.000000 0.000000 
18
619.218201 123.784477 0.912964 
594.211548 159.059677 0.861355 
594.309937 169.350845 0.885332 
645.672974 195.842545 0.870494 
688.311096 169.344788 0.934179 
592.748718 153.132446 0.660263 
631.041260 142.832764 0.831845 
663.382996 119.363609 0.823670 
595.741211 244.325470 0.761962 
592.692261 300.173828 0.838665 
580.956970 356.065735 0.836405 
605.952209 242.837601 0.662548 
592.772034 300.152649 0.744567 
585.430603 347.191681 0.673092 
616.260132 122.251625 0.932232 
0.000000 0.000000 0.000000 
603.047363 126.728065 0.878982 
0.000000 0.000000 0.000000 
18
619.210083 123.779144 0.928626 
594.218994 159.023041 0.879028 
595.681885 169.342651 0.879118 
650.056702 192.852554 0.908334 
688.379150 166.366623 0.887621 
592.743408 151.681183 0.635007 
632.467041 137.007721 0.810034 
664.761292 114.958519 0.833439 
597.151184 244.313004 0.743619 
592.714844 300.157257 0.841983 
580.957581 356.039246 0.815451 
605.954712 242.829544 0.661938 
592.766846 300.138336 0.739107 
583.963989 347.226746 0.674484 
616.239685 122.259415 0.932980 
0.000000 0.000000 0.000000 
603.034668 128.171524 0.868169 
0.000000 0.000000 0.000000 
18
619.200867 123.782570 0.926924 
594.195923 159.020538 0.891897 
595.711060 169.342957 0.868395 
651.637817 191.349915 0.924923 
688.387390 159.063461 0.955252 
591.276550 151.689362 0.641785 
632.448547 137.018280 0.804178 
663.327209 113.508286 0.840207 
597.165588 245.761703 0.739559 
592.716980 300.182465 0.844991 
580.931152 356.037262 0.818302 
604.569946 242.869522 0.649455 
592.793945 300.163910 0.747639 
585.412476 345.801270 0.668298 
616.227234 122.256493 0.926427 
0.000000 0.000000 0.000000 
603.025146 128.172592 0.869764 
0.000000 0.000000 0.000000 
18
617.827942 123.775208 0.933399 
594.208740 158.978500 0.906633 
595.748169 169.346481 0.861248 
653.035645 188.434967 0.898927 
689.825012 157.551422 0.958545 
591.274292 150.232300 0.637786 
632.444763 136.981598 0.844850 
663.313965 113.495155 0.844720 
597.192810 244.343170 0.731800 
592.727478 300.190704 0.838796 
580.950012 356.047150 0.814134 
604.527222 242.851105 0.624547 
592.752991 300.166962 0.737223 
583.956360 347.211273 0.662369 
616.208923 122.257805 0.914716 
0.000000 0.000000 0.000000 
603.006042 129.607803 0.852920 
0.000000 0.000000 0.000000 
18
617.824036 123.789314 0.914752 
594.197021 158.977890 0.899652 
595.721802 169.310501 0.868002 
653.096619 184.029434 0.905559 
689.794373 151.676514 0.906713 
589.840332 151.690399 0.626390 
631.001282 137.032913 0.826775 
660.410828 114.952026 0.776852 
597.198303 245.760376 0.732787 
592.738953 300.210236 0.843645 
580.967712 357.450409 0.825957 
604.571228 242.852188 0.648340 
592.753418 300.202515 0.746787 
583.919250 347.251617 0.666389 
614.838196 122.261604 0.898779 
0.000000 0.000000 0.000000 
602.997437 128.187775 0.849007 
0.000000 0.000000 0.000000 
18
617.814575 123.805199 0.939791 
594.181213 157.622620 0.907772 
595.694214 169.284592 0.858605 
653.097351 182.490173 0.936714 
688.392517 147.339706 0.907370 
589.807190 151.686295 0.631086 
630.970337 137.027954 0.814187 
661.853699 113.513535 0.865814 
598.621521 244.324966 0.735402 
592.756348 300.167786 0.864374 
580.955078 356.054443 0.830806 
604.571411 242.826447 0.653929 
592.796875 300.154144 0.747763 
585.394714 347.178253 0.672999 
614.831665 122.271492 0.911337 
0.000000 0.000000 0.000000 
601.605103 128.164642 0.847797 
0.000000 0.000000 0.000000 
18
617.790283 123.791595 0.951232 
592.805359 158.973618 0.920100 
595.731995 169.304260 0.847452 
653.091248 181.117203 0.940943 
688.352539 147.304047 0.925300 
586.875977 153.124329 0.657941 
629.557251 138.485428 0.829431 
660.400513 113.511444 0.845459 
597.207764 244.294708 0.743526 
592.751465 300.139191 0.865038 
580.950745 356.048920 0.829684 
604.567993 241.425537 0.654476 
592.822144 298.761017 0.747200 
585.411804 345.805511 0.682214 
614.803162 122.257797 0.905970 
0.000000 0.000000 0.000000 
601.578003 128.162888 0.841609 
0.000000 0.000000 0.000000 
18
617.785339 123.739601 0.950027 
592.791382 158.994705 0.919343 
595.747803 169.299698 0.845567 
655.965149 181.086273 0.862677 
688.367249 145.761871 0.930198 
585.449524 153.160187 0.671906 
629.486511 139.904236 0.779268 
660.411255 113.496613 0.875964 
598.634705 244.320724 0.730352 
592.745239 300.174164 0.853225 
580.966797 356.075653 0.832395 
604.478821 242.819885 0.613956 
592.763672 300.160248 0.741246 
585.393982 347.204590 0.682506 
614.791992 122.210335 0.870027 
0.000000 0.000000 0.000000 
601.592590 128.136292 0.853458 
0.000000 0.000000 0.000000 
18
617.783936 123.744087 0.955790 
592.795471 158.986633 0.917889 
595.744446 169.280090 0.843037 
654.536621 181.054337 0.870060 
688.390137 145.733917 0.924794 
586.871887 153.166138 0.672581 
629.500549 138.435669 0.756163 
660.379395 113.496346 0.859300 
598.651245 245.767654 0.725144 
592.735168 300.204468 0.838040 
580.962158 357.454834 0.817175 
603.047424 242.839539 0.596623 
592.726196 300.183044 0.731244 
583.934937 347.261230 0.680264 
614.791809 122.211342 0.874508 
0.000000 0.000000 0.000000 
601.578735 126.728577 0.847680 
0.000000 0.000000 0.000000 
18
617.772827 123.734665 0.942688 
592.789429 158.976440 0.920437 
595.734741 169.261124 0.828351 
653.099792 181.051758 0.927302 
688.343750 145.728500 0.943647 
586.874817 153.160736 0.682294 
628.093140 139.931030 0.780965 
657.464233 113.516991 0.860148 
598.659180 244.327728 0.724415 
592.714050 300.222321 0.829191 
580.962952 357.468292 0.817496 
603.018921 241.428528 0.586673 
592.689026 300.184753 0.725193 
582.516479 348.674225 0.672459 
614.778381 122.201912 0.860660 
0.000000 0.000000 0.000000 
601.571533 126.703354 0.855072 
0.000000 0.000000 0.000000 
18
617.784973 123.720566 0.932595 
592.792847 158.989212 0.918414 
595.729309 169.268082 0.833646 
653.084961 181.017685 0.926842 
689.794556 144.295883 0.934428 
586.890442 153.169250 0.684293 
628.045898 142.830231 0.784835 
657.473083 114.931404 0.840690 
598.629333 244.315262 0.733225 
592.703064 300.186218 0.834008 
580.953430 357.456757 0.830762 
604.487610 241.432526 0.628183 
592.728088 300.157806 0.743368 
583.982910 347.234406 0.680184 
614.790955 120.835655 0.859021 
0.000000 0.000000 0.000000 
601.566040 126.714752 0.859553 
0.000000 0.000000 0.000000 
18
617.787720 123.730995 0.926983 
592.807495 158.993225 0.913750 
595.741516 169.276627 0.832573 
653.071960 179.643127 0.940678 
689.813049 141.419601 0.903107 
586.909973 153.167221 0.681406 
628.098389 141.416306 0.826434 
660.369507 112.079643 0.890584 
598.637756 244.299133 0.728730 
592.723694 300.162048 0.841397 
580.966553 356.065277 0.823616 
604.474976 241.413330 0.621959 
592.725525 300.128937 0.735458 
583.989014 347.213989 0.673154 
614.792419 122.196457 0.864335 
0.000000 0.000000 0.000000 
601.560547 126.695198 0.862698 
0.000000 0.000000 0.000000 
18
617.795349 123.722244 0.932552 
594.179932 158.984329 0.910214 
595.734680 169.262482 0.828689 
653.015320 179.639206 0.953103 
689.785828 142.875992 0.926606 
588.373291 153.153870 0.670705 
629.487000 141.394104 0.816656 
660.397156 112.056000 0.890931 
598.631287 242.891769 0.733578 
592.695984 300.190125 0.830684 
580.958313 356.070648 0.818863 
604.509949 241.410217 0.638689 
592.688721 300.160980 0.731661 
583.944031 347.236786 0.679055 
614.798950 120.827927 0.865539 
0.000000 0.000000 0.000000 
601.556091 126.682007 0.861329 
0.000000 0.000000 0.000000 
18
617.804138 123.754272 0.925686 
594.200012 157.627426 0.908905 
595.710938 169.252747 0.824311 
651.640869 181.006668 0.960506 
688.407288 142.859848 0.930958 
591.270996 151.702393 0.660667 
629.502014 141.378448 0.825396 
660.382935 112.061531 0.899753 
597.207031 242.868744 0.741310 
592.697754 300.161560 0.841503 
580.952148 356.069397 0.818705 
604.539429 241.398407 0.653785 
592.721802 300.140045 0.749484 
583.937988 347.239197 0.676575 
614.812744 122.214767 0.875803 
0.000000 0.000000 0.000000 
601.567444 126.683434 0.858027 
0.000000 0.000000 0.000000 
18
617.809143 123.757591 0.932350 
594.207764 157.607483 0.909765 
595.714661 169.259109 0.820813 
651.597656 179.640259 0.956015 
689.803833 144.291931 0.929745 
591.276978 151.677658 0.658470 
629.504944 141.367508 0.830303 
661.824158 112.009346 0.915949 
597.206909 242.845520 0.749518 
592.695251 300.151733 0.836955 
580.964050 356.066437 0.829334 
604.535583 241.374496 0.653927 
592.708191 298.764587 0.744356 
583.970093 347.221588 0.669465 
614.818176 122.221550 0.888640 
0.000000 0.000000 0.000000 
601.567139 126.689857 0.855087 
0.000000 0.000000 0.000000 
18
617.834473 123.748405 0.921784 
594.209045 157.594955 0.912597 
595.736267 167.881714 0.799378 
651.547485 181.034180 0.969160 
689.842590 145.728577 0.938185 
589.830444 151.661118 0.672942 
629.484009 141.407501 0.845086 
660.388184 112.008720 0.875584 
597.198364 242.844345 0.753437 
592.709412 300.135071 0.845966 
580.957703 356.055115 0.817803 
604.524963 241.373886 0.652109 
592.700256 298.748993 0.735792 
583.956848 347.224426 0.673843 
614.842957 122.216827 0.895552 
0.000000 0.000000 0.000000 
601.590210 126.698105 0.860370 
0.000000 0.000000 0.000000 
18
619.196472 123.748871 0.925171 
594.234497 157.611862 0.886970 
595.685303 167.838348 0.806031 
651.519287 181.067352 0.969280 
692.745972 145.862900 0.913352 
592.759705 151.695923 0.661652 
629.504639 139.943832 0.839075 
660.375122 111.951286 0.892473 
597.206055 244.318405 0.742719 
592.693848 300.213776 0.825183 
580.962463 357.455902 0.817843 
604.501038 242.822220 0.636667 
591.299744 300.181885 0.704525 
583.930054 347.278046 0.666286 
616.219971 122.213608 0.900701 
0.000000 0.000000 0.000000 
601.601868 126.675041 0.866652 
0.000000 0.000000 0.000000 
18
619.219727 123.745689 0.931019 
594.247192 157.610260 0.876372 
594.291626 166.406082 0.804845 
650.109253 181.095581 0.959381 
695.683044 147.345673 0.907686 
594.208923 151.691666 0.647921 
629.488464 141.379684 0.831667 
655.992859 112.003944 0.848989 
597.175049 242.888062 0.756036 
591.315369 300.192749 0.822666 
580.965637 356.068237 0.809696 
604.578613 241.426376 0.671308 
591.307556 300.165924 0.724323 
583.943054 347.256592 0.670526 
616.240295 122.202499 0.911000 
0.000000 0.000000 0.000000 
601.606628 125.280075 0.869045 
0.000000 0.000000 0.000000 
18
619.225891 123.745132 0.944440 
594.263062 157.592178 0.880274 
594.270935 166.374741 0.807543 
650.051086 181.152069 0.913977 
694.183838 153.148804 0.837521 
594.264038 151.677032 0.648990 
629.568298 138.460449 0.797476 
658.933105 111.946289 0.798456 
595.757263 242.889160 0.761786 
592.696838 300.179901 0.833401 
580.978577 356.070801 0.807895 
605.962891 241.431808 0.679150 
591.322571 300.156555 0.726132 
582.529663 347.281830 0.673640 
616.247070 122.202080 0.922871 
0.000000 0.000000 0.000000 
602.995911 126.681488 0.863410 
0.000000 0.000000 0.000000 
18
619.227417 123.749016 0.943213 
594.252380 157.591660 0.883462 
594.278931 164.948074 0.791942 
642.795227 182.557587 0.931819 
692.714783 157.561066 0.914635 
594.230042 151.672806 0.646303 
629.521912 138.485214 0.829361 
654.523682 112.044334 0.866398 
595.748779 242.883606 0.768788 
592.685181 300.175232 0.829813 
580.977051 356.077759 0.820620 
605.956848 241.424347 0.675500 
592.693237 300.148621 0.733517 
583.946106 347.248962 0.673153 
616.246521 122.207680 0.923713 
0.000000 0.000000 0.000000 
601.611084 126.671661 0.861364 
0.000000 0.000000 0.000000 
18
619.228333 123.743790 0.933485 
594.242188 157.591324 0.889819 
594.294861 166.369904 0.790728 
641.369690 182.608795 0.927903 
694.202698 159.004395 0.909978 
594.212219 151.665817 0.648213 
629.491760 138.464584 0.824593 
653.099304 112.047531 0.869417 
595.761169 242.866928 0.769789 
592.691589 300.149109 0.838234 
580.971558 356.060303 0.824192 
604.568909 241.406540 0.674453 
592.707397 298.761169 0.732926 
583.973206 347.224304 0.681537 
616.246826 122.199936 0.917167 
0.000000 0.000000 0.000000 
603.009216 126.668259 0.866903 
0.000000 0.000000 0.000000 
18
619.240234 123.733910 0.936949 
594.256287 157.574951 0.879807 
594.282288 164.911972 0.794663 
642.753662 182.623703 0.935098 
695.647034 159.118347 0.904819 
594.246155 150.244995 0.643475 
629.487671 138.470230 0.792211 
653.112427 111.981857 0.842240 
595.726624 242.842682 0.784149 
592.694702 298.759735 0.836628 
580.972290 356.063141 0.831226 
605.991516 241.396210 0.699499 
592.742493 298.724579 0.749855 
583.990601 347.205658 0.678900 
616.255676 120.836792 0.919215 
0.000000 0.000000 0.000000 
603.010864 125.274719 0.872526 
0.000000 0.000000 0.000000 
18
619.248474 123.741730 0.924189 
594.233459 157.595337 0.880984 
594.277283 164.944183 0.807291 
641.360596 182.601715 0.965743 
695.691345 160.533676 0.899570 
594.203796 151.685410 0.636437 
629.471375 138.457275 0.800161 
651.619324 112.001793 0.871120 
595.724365 242.853348 0.777700 
591.306702 300.129761 0.824378 
580.968079 356.070007 0.835502 
606.021545 241.406281 0.704960 
592.741150 298.739899 0.752569 
585.422668 345.784973 0.673833 
616.258362 120.838547 0.923108 
0.000000 0.000000 0.000000 
601.610229 125.282570 0.867195 
0.000000 0.000000 0.000000 
18
619.208801 123.740807 0.923535 
594.224548 157.586960 0.893566 
594.293274 166.361359 0.807961 
641.275879 182.649963 0.948219 
694.207275 163.479797 0.858639 
592.795288 151.671631 0.645550 
628.079529 138.463089 0.787919 
651.539429 111.980980 0.889352 
595.731995 242.852402 0.776912 
592.682739 300.140594 0.834748 
580.967041 356.062958 0.830140 
605.972412 241.401978 0.690315 
592.726501 298.753448 0.747511 
585.417908 345.799164 0.674252 
616.227417 120.833694 0.910649 
0.000000 0.000000 0.000000 
601.600586 125.277962 0.873400 
0.000000 0.000000 0.000000 
18
617.842102 123.736359 0.937355 
594.227722 157.565338 0.887832 
594.282715 164.909546 0.811995 
639.866211 184.063934 0.936727 
695.673279 166.393509 0.888854 
594.219238 150.229553 0.645097 
628.029907 138.479889 0.730956 
648.654175 111.946106 0.845708 
595.712097 242.865128 0.787196 
591.300171 300.140686 0.828433 
580.955139 356.045746 0.830796 
605.993408 241.410889 0.702204 
592.747925 298.753540 0.750083 
586.891968 345.757813 0.681203 
616.219055 120.816261 0.912053 
0.000000 0.000000 0.000000 
601.606140 125.278084 0.857473 
0.000000 0.000000 0.000000 
