36
1
18
517.763306 137.042801 0.876032 
513.356934 169.374435 0.954892 
485.400665 169.244141 0.875336 
475.075134 216.381546 0.946515 
469.257263 258.988342 0.857923 
545.687622 170.819458 0.909868 
550.122986 219.348816 0.874010 
557.479797 266.348236 0.906108 
488.397858 254.611267 0.781591 
486.849731 312.017395 0.878625 
479.531555 358.995911 0.861560 
523.708191 256.096832 0.787026 
519.248169 311.959991 0.856373 
516.303162 358.980011 0.841544 
511.841461 133.992538 0.978066 
523.639282 134.058807 0.980260 
500.176544 134.015533 0.985264 
533.887390 135.528763 0.904278 
18
517.790405 137.037247 0.879897 
513.373718 169.385162 0.948211 
485.410126 169.269028 0.888540 
475.072296 217.791107 0.946594 
469.249054 260.501556 0.874598 
545.708862 170.817169 0.916903 
550.107422 219.363388 0.867459 
557.450623 266.392883 0.896170 
488.427856 256.074066 0.770323 
486.857819 313.414124 0.881677 
479.549866 358.994415 0.861786 
523.750000 257.551941 0.776518 
520.685852 312.003296 0.853486 
516.303345 358.961884 0.831746 
511.856232 133.996399 0.978136 
523.650146 134.050644 0.977645 
500.194489 134.028458 0.983334 
533.895264 135.519714 0.909990 
18
519.210632 137.047058 0.876294 
513.387878 169.389877 0.943284 
485.432556 169.274796 0.893144 
475.099274 216.428116 0.958564 
469.246979 261.913635 0.884301 
545.718140 170.820801 0.914184 
548.709961 219.370499 0.861013 
557.407898 266.383911 0.898491 
488.445221 256.095978 0.764039 
486.856720 313.446869 0.880565 
479.546478 358.982574 0.862188 
525.109863 259.019592 0.771535 
520.677795 313.405304 0.855945 
516.287659 358.950653 0.831009 
511.867523 134.003204 0.977496 
523.660522 134.059082 0.976047 
500.200195 134.028625 0.980523 
533.901001 135.527939 0.905280 
18
519.231934 137.046204 0.880851 
513.410461 169.388885 0.936655 
485.449799 169.274490 0.896668 
475.110413 216.422272 0.962416 
469.258972 261.918274 0.882759 
545.738098 170.822525 0.917665 
548.720581 220.805984 0.848781 
556.007324 266.394623 0.891263 
489.822510 256.098785 0.758551 
486.870361 313.434357 0.894128 
479.557983 358.985687 0.864352 
525.142334 260.451080 0.770655 
520.694031 313.417816 0.865497 
516.293640 358.954102 0.833264 
511.881653 134.006622 0.977385 
523.672180 134.056488 0.973119 
500.215179 134.031006 0.978997 
533.910461 135.514938 0.911148 
18
519.243530 137.035294 0.883742 
513.427856 170.731827 0.930512 
486.828888 169.294006 0.908012 
475.113068 216.410172 0.950978 
469.293304 261.901978 0.880743 
545.742737 170.827194 0.919587 
550.124207 219.374268 0.850698 
556.038025 266.424042 0.889350 
489.849457 257.548004 0.757683 
486.891937 313.458038 0.891872 
479.587097 358.984344 0.859210 
525.169434 260.476563 0.764871 
520.720276 313.427704 0.873126 
516.314148 358.951324 0.837338 
511.891235 133.999786 0.970749 
523.679688 134.051315 0.968612 
501.579041 134.034958 0.975675 
533.912109 135.523361 0.913708 
18
519.252563 137.025406 0.889564 
514.813599 170.731674 0.933946 
486.865692 169.287720 0.927739 
473.618042 216.410339 0.925631 
469.245422 260.460907 0.878440 
545.713562 170.818802 0.920449 
555.951538 219.348297 0.864399 
557.513733 267.824493 0.908070 
489.843842 257.554047 0.765175 
486.908295 313.473267 0.891774 
481.001648 358.979462 0.863835 
525.182861 259.037506 0.760424 
520.736084 313.435059 0.873866 
516.314392 358.959808 0.836129 
511.903259 133.991516 0.963153 
523.685974 134.047470 0.965800 
501.595947 134.031815 0.967704 
533.910950 135.538757 0.910457 
18
519.251648 137.032410 0.884555 
513.410278 169.396255 0.935251 
486.844116 169.288010 0.923979 
464.795837 214.904694 0.910475 
463.310669 253.166229 0.897785 
545.679138 170.829880 0.919759 
560.459106 217.853424 0.906063 
569.311035 263.355804 0.912793 
489.820343 254.638840 0.813907 
486.908325 313.452271 0.890784 
481.027740 358.945099 0.864903 
525.144287 257.546997 0.784426 
520.729919 313.387665 0.872236 
514.873291 358.965820 0.852645 
511.900940 133.992996 0.961405 
523.685547 134.046722 0.964876 
501.593414 134.022217 0.966739 
533.920654 135.524551 0.918712 
18
519.216736 137.017807 0.886819 
513.411621 169.350327 0.938784 
486.831177 169.253601 0.909856 
453.113373 206.072769 0.905437 
444.263977 241.396545 0.604893 
545.693237 170.778320 0.922630 
569.291382 207.556564 0.935461 
586.894348 250.155640 0.794824 
489.879639 254.605484 0.793468 
486.902130 313.448181 0.868421 
481.020691 358.958923 0.858704 
525.181702 258.996735 0.744257 
520.734802 313.437653 0.847991 
516.293213 358.955627 0.827409 
511.865082 133.987900 0.962454 
523.654968 134.028839 0.972757 
500.208862 134.052643 0.973865 
533.909851 135.501740 0.936581 
18
516.303894 137.013245 0.893891 
513.408813 169.304398 0.954146 
485.452850 167.831848 0.888832 
447.218140 192.844986 0.751553 
428.091858 216.354584 0.642535 
545.732727 170.745300 0.941458 
579.557678 194.371674 0.883498 
604.574219 216.411606 0.828975 
489.861725 256.053558 0.783281 
486.893921 314.871368 0.860624 
481.038391 358.955444 0.842067 
525.113037 260.474579 0.766102 
520.695984 313.465454 0.830465 
516.316406 358.964966 0.818770 
510.487305 133.963074 0.954057 
523.600891 134.029480 0.971507 
500.167267 134.031433 0.980115 
533.872131 135.513397 0.946517 
18
514.830566 137.002335 0.919705 
513.413086 167.836899 0.924524 
485.454712 164.914825 0.864786 
447.232666 176.677872 0.749663 
417.799164 181.105957 0.723424 
545.740784 169.248947 0.914531 
581.016357 181.013184 0.776255 
605.994019 181.019730 0.744459 
489.880859 253.188263 0.788351 
486.914185 313.435120 0.863198 
481.034515 358.966125 0.841179 
525.126648 256.095795 0.760164 
520.719910 313.405975 0.830290 
514.885498 358.955353 0.821262 
510.427856 132.586578 0.944130 
522.225159 134.012482 0.975313 
500.127136 134.006958 0.984309 
532.492981 135.470047 0.961180 
18
514.814697 137.001526 0.929791 
513.426453 163.453476 0.886868 
482.520630 160.560013 0.866043 
439.832092 167.828964 0.911650 
428.061707 136.966721 0.843939 
547.186951 166.384933 0.883285 
594.308716 167.839661 0.908018 
604.497070 133.976059 0.882029 
488.458282 254.605988 0.781626 
486.927612 313.447571 0.856547 
481.012268 358.965424 0.844853 
525.161804 256.107910 0.757638 
520.729980 313.390686 0.832857 
514.854309 358.942566 0.826721 
510.409149 132.591476 0.937505 
522.222168 134.015045 0.982781 
500.093018 134.023483 1.004962 
532.496399 135.503204 0.994002 
18
513.428406 138.430084 0.905978 
513.418640 161.990646 0.899727 
483.990356 160.531738 0.876087 
438.405701 157.592636 0.924248 
447.202972 112.071335 0.874407 
547.138550 163.448395 0.877190 
595.733765 157.587143 0.976015 
582.414551 112.063400 0.931642 
489.822510 256.109161 0.776677 
486.933929 314.867432 0.865412 
481.006165 358.956207 0.847302 
525.129822 260.455200 0.762371 
520.721436 313.449127 0.821507 
514.860474 358.953583 0.821337 
510.400848 133.987961 0.946625 
522.221313 134.041840 0.999820 
500.074554 134.048843 1.009515 
532.505981 135.469879 0.975643 
18
513.347961 139.908630 0.921409 
513.382446 160.563034 0.919632 
483.976776 160.494629 0.883442 
441.263336 147.222824 0.976995 
464.920563 110.551590 0.929683 
545.771606 161.965576 0.893120 
592.789185 145.851990 0.969018 
566.309265 119.320152 0.855342 
489.857910 257.557526 0.771238 
486.939484 314.887482 0.863826 
479.584534 359.013092 0.850139 
525.155090 260.475494 0.765151 
520.732849 313.466858 0.830208 
514.861145 359.012390 0.821884 
510.338043 134.041702 0.941823 
522.180542 134.097366 0.982929 
498.730347 135.503296 1.024988 
532.445801 135.559937 0.939276 
18
511.948547 144.301971 0.953150 
513.377869 160.522598 0.933206 
486.841522 160.505157 0.903207 
444.249451 135.550781 0.908754 
472.173157 106.109390 0.825858 
545.687073 160.500229 0.921357 
588.358643 137.011429 0.832489 
558.916382 122.265816 0.893594 
489.879211 256.083466 0.772013 
486.937805 314.902527 0.870207 
481.018616 358.980103 0.847174 
525.144836 258.994568 0.756933 
520.733093 314.902008 0.824510 
514.866089 358.980225 0.824420 
508.903778 135.511185 0.903572 
522.124451 135.523621 0.970177 
498.629791 135.566452 0.964968 
531.008362 135.560165 0.934470 
18
511.916046 145.753143 0.986002 
511.983612 160.483795 0.957614 
486.855103 159.090500 0.894158 
453.078461 123.785568 0.971311 
464.886627 76.780075 0.852458 
544.227173 159.107346 0.883604 
582.526611 134.079041 0.965775 
566.287537 98.770149 0.884758 
491.311676 256.071930 0.743404 
486.946808 316.332367 0.863355 
481.028229 358.976257 0.854771 
525.183899 259.034851 0.739493 
522.114319 316.361511 0.828984 
514.872253 359.002960 0.824226 
507.494263 135.597382 0.884672 
520.733887 135.587219 0.930497 
498.595764 135.578979 0.927840 
530.979065 135.538879 0.978771 
18
511.876160 145.770798 0.978780 
513.383850 158.977264 0.951960 
486.874176 159.029922 0.874648 
463.340637 110.579559 0.908193 
457.473755 63.390572 0.820510 
544.275146 157.529999 0.901163 
579.480896 122.284981 0.935422 
573.627258 69.330261 0.845608 
491.310638 254.618546 0.757140 
486.933075 316.368561 0.849997 
481.003662 358.973846 0.847076 
525.174622 257.541931 0.740625 
520.734253 316.331848 0.811259 
514.857422 358.988831 0.823449 
506.032288 136.956772 0.878141 
520.703979 135.563553 0.942031 
498.579681 135.510559 0.914194 
529.557922 135.455276 0.990423 
18
511.872986 145.750137 0.976621 
513.413208 157.631302 0.940541 
486.911163 158.995056 0.876407 
464.919891 111.953331 0.940066 
453.171692 63.479908 0.896226 
545.679504 157.525284 0.917423 
573.671509 114.964157 0.887631 
583.949768 64.965179 0.960101 
489.859741 254.602905 0.768642 
486.855255 317.806000 0.827066 
479.568787 358.962402 0.855786 
525.176819 258.989258 0.733018 
520.741577 317.798798 0.806737 
514.880981 358.969360 0.809280 
506.047913 135.588028 0.905591 
520.697876 135.543350 0.935172 
498.646240 135.483566 0.875815 
531.004028 135.443207 1.000882 
18
511.898743 145.767349 0.982223 
516.293640 159.054016 0.915828 
488.314362 159.035263 0.921545 
460.422546 117.882851 0.850293 
461.901489 67.904808 0.819898 
547.120728 159.018906 0.927230 
580.929504 122.278915 0.960876 
579.499268 73.704857 0.868410 
488.447632 254.646423 0.763917 
486.825134 317.837891 0.811060 
479.537018 358.971558 0.850901 
525.152161 260.495026 0.742828 
520.730469 317.851990 0.805808 
514.827820 358.979187 0.805387 
506.024384 135.601639 0.865147 
520.725220 135.572067 0.939674 
498.616394 135.548950 0.802594 
532.462708 135.478119 1.050769 
18
511.938354 145.784332 0.992807 
516.312378 162.016541 0.890362 
488.325623 160.555176 0.886842 
453.051575 125.244682 0.957908 
467.801208 78.166473 0.839319 
545.770081 162.018661 0.901368 
585.440979 134.045654 0.913996 
569.245667 87.036232 0.932124 
489.884064 254.587524 0.753520 
482.514740 319.315704 0.791880 
478.125000 358.996826 0.870439 
525.150024 259.022461 0.738409 
520.717712 320.719116 0.815827 
514.832520 359.001099 0.799129 
507.518951 136.988754 0.874559 
522.112610 137.010101 0.924649 
498.658630 137.043030 0.846928 
532.458252 137.026337 0.965470 
18
511.945618 145.748550 0.963923 
514.844116 166.354935 0.892269 
486.953888 161.999847 0.902952 
451.610687 131.119186 0.944762 
476.638611 88.466446 0.917706 
545.752075 166.411621 0.910858 
588.340698 145.784271 0.896031 
560.481018 103.152176 0.874283 
489.850311 256.053406 0.754186 
478.117615 323.688202 0.809788 
481.043915 359.043488 0.837712 
525.152039 261.957886 0.753645 
522.114075 320.776184 0.814114 
516.318115 359.009033 0.781013 
508.903229 136.975174 0.893381 
522.108704 136.989105 0.914511 
498.630280 139.933517 0.901342 
531.002869 138.467667 0.905013 
18
511.838715 142.870926 0.948977 
513.406006 167.821747 0.927565 
486.951202 164.901062 0.912932 
453.085297 126.669037 0.927199 
475.140320 79.618324 0.847880 
545.651611 169.252869 0.910676 
583.985840 145.856354 0.958947 
570.728088 100.295792 0.905136 
489.823303 258.993134 0.757946 
478.086487 325.171326 0.812000 
483.985535 369.274994 0.830254 
525.128418 263.425079 0.762482 
520.744324 322.173279 0.798439 
516.336182 359.036774 0.772419 
504.539185 135.502167 0.901740 
519.259338 135.529312 0.928799 
497.173309 139.957016 0.804973 
528.072021 141.398712 0.900412 
18
510.502380 142.856247 0.926423 
511.972443 164.934860 0.920062 
486.869019 162.007950 0.874095 
463.391205 119.316315 0.907764 
463.317474 66.386070 0.852511 
544.241394 166.393173 0.859839 
572.224792 134.083725 0.882868 
582.412720 82.593437 0.916300 
488.347717 261.910828 0.769942 
478.117889 326.674622 0.799313 
483.982758 381.082733 0.827422 
523.713623 264.858734 0.767120 
520.665771 322.229126 0.768609 
516.303650 359.007141 0.759808 
503.107513 135.472061 0.895073 
519.265442 135.508179 0.914735 
497.189819 138.469284 0.809181 
528.090393 141.377106 0.936373 
18
510.508728 144.294708 0.955823 
511.875977 167.819138 0.949618 
485.457916 163.432831 0.850675 
464.783203 120.771194 0.909245 
454.563568 73.758347 0.863644 
538.387939 169.306320 0.867862 
569.162720 126.715782 0.867210 
585.427551 78.210526 0.923472 
485.451660 263.473297 0.780015 
483.927765 334.037842 0.808876 
483.979797 392.831421 0.815927 
522.227112 264.956512 0.774861 
520.664307 323.680603 0.729175 
514.872314 359.003235 0.770577 
503.116089 135.495514 0.907738 
520.678162 135.529602 0.944545 
497.163483 138.474243 0.824894 
529.512512 141.388901 0.949970 
18
510.408813 145.768494 0.972558 
510.461823 169.291092 0.986030 
481.040710 166.400208 0.865441 
451.625824 126.718124 0.935994 
458.960052 82.582718 0.829392 
538.342102 169.389511 0.883254 
570.782532 141.410782 0.950236 
579.491516 86.955330 0.912641 
483.946503 264.943573 0.749318 
485.419037 335.516632 0.810197 
485.422089 394.314392 0.827785 
522.133362 267.828125 0.758152 
517.772278 323.679291 0.697228 
517.775024 359.050629 0.763691 
501.611359 135.585022 0.907733 
516.329102 138.455780 0.864633 
491.353180 142.883133 0.854215 
525.143188 145.752502 0.984592 
18
506.036255 145.808029 0.921988 
508.978912 170.778580 0.979408 
476.654999 169.287811 0.965174 
441.390991 135.466217 0.990444 
463.323303 88.447205 0.905704 
536.887817 172.281967 0.871661 
576.577271 156.058731 0.885495 
570.638977 101.736046 0.916447 
479.531433 267.870972 0.738924 
481.027649 339.881165 0.770660 
486.825714 394.358124 0.850148 
520.661865 272.257233 0.736538 
517.770020 326.638611 0.702247 
520.665161 360.513397 0.738056 
498.732758 137.015198 0.969073 
511.945618 138.492371 0.946845 
488.387451 145.732315 0.978980 
523.616516 145.780426 1.025035 
18
501.630859 145.818680 0.938717 
504.530243 170.786652 0.948264 
475.167694 169.275360 0.938439 
444.294678 126.715668 0.887148 
454.559998 76.726768 0.887052 
535.392517 172.325638 0.891416 
570.756714 151.697525 0.950406 
569.286743 100.251694 0.949321 
476.685883 270.781189 0.755362 
479.547607 344.264587 0.814472 
485.451752 394.339935 0.868431 
517.769104 273.680634 0.725407 
517.779358 328.104492 0.703701 
520.703491 359.058960 0.763772 
498.599274 138.469040 0.899292 
510.459625 139.931274 0.946486 
486.912750 145.776337 1.025089 
520.741455 145.850113 1.003263 
18
500.198944 145.868347 0.952341 
501.663025 170.788147 0.946181 
475.142303 169.344986 0.901621 
453.150909 119.364731 0.905136 
450.085236 70.822639 0.816343 
533.946594 172.252716 0.899604 
566.278748 135.525757 0.898769 
578.053467 82.606606 0.841982 
476.628693 273.730530 0.770078 
479.551880 345.731903 0.827194 
485.425659 394.353912 0.848076 
514.834351 275.135132 0.736431 
520.719604 329.605408 0.690268 
520.708679 360.440430 0.744377 
497.139099 139.929031 0.860194 
510.377747 139.929276 0.914712 
486.875214 145.755768 0.963007 
520.730103 145.810608 1.077847 
18
500.171844 145.855362 0.935957 
501.638519 170.801315 0.951613 
475.112976 170.750839 0.890220 
453.088409 116.385887 0.891948 
450.146332 67.913300 0.820597 
533.908325 172.288055 0.860633 
558.957397 129.637817 0.891263 
572.192993 78.189751 0.895332 
476.609955 275.189270 0.781538 
479.591248 345.741425 0.831721 
485.435699 394.340790 0.849954 
514.850037 275.170197 0.746493 
522.167603 332.529022 0.708977 
522.138306 359.058136 0.790222 
495.738800 138.494019 0.849208 
510.375275 139.919418 0.906564 
486.843231 145.730316 0.967110 
522.103149 145.833801 1.106871 
18
500.191772 147.236099 0.946845 
501.604523 170.785263 0.968595 
473.696442 169.262619 0.890544 
445.749573 122.340408 0.914996 
454.560699 73.756668 0.828427 
533.951660 173.717697 0.887073 
563.384827 134.064621 0.927495 
563.375916 76.676834 0.882572 
476.580170 275.154633 0.775139 
481.014099 344.267639 0.786041 
485.414215 394.328003 0.849728 
514.866882 275.167725 0.725896 
522.241333 333.930817 0.765018 
523.691711 367.824921 0.799776 
495.750885 139.953110 0.844878 
510.391052 141.417419 0.921126 
485.463562 145.767899 0.982335 
520.753357 147.209656 1.122938 
18
501.581848 147.261093 0.937219 
501.646912 172.308990 0.932335 
475.066376 170.828690 0.925416 
442.790161 126.687737 0.923660 
466.302429 78.209343 0.857811 
534.010803 176.666824 0.902267 
569.248718 141.383347 0.947946 
551.621948 86.934059 0.856515 
476.621002 275.151123 0.772858 
481.029266 344.259338 0.784656 
485.407532 394.338959 0.855985 
519.215576 275.215088 0.730586 
523.708069 334.045135 0.789046 
532.456360 379.552673 0.793119 
497.192383 141.419464 0.875188 
510.449005 144.274460 0.960238 
486.820770 145.822800 1.035248 
522.117065 147.283371 1.094864 
18
503.070190 147.316940 0.896101 
505.991760 173.757126 0.879942 
475.199280 172.250717 0.907185 
453.121307 122.234985 0.954372 
464.866608 73.709946 0.863257 
535.408752 178.166748 0.908904 
569.167297 135.556946 0.958176 
548.711060 81.138924 0.816321 
478.070160 276.657684 0.756208 
482.514252 345.745697 0.814777 
485.432373 395.733704 0.851009 
522.115723 278.109009 0.763863 
525.146851 345.707184 0.840275 
536.906738 392.862335 0.823643 
498.626953 142.882111 0.944133 
511.890442 144.325989 0.979655 
486.962524 145.861343 0.979165 
523.599182 147.302597 1.085518 
18
510.356506 148.734619 0.896884 
510.435669 175.220840 0.915533 
478.134827 173.745300 0.822801 
464.873627 119.306602 0.900454 
463.335693 66.416664 0.880756 
536.941650 179.571976 0.842883 
558.991943 128.151230 0.891585 
560.400940 66.411568 0.896331 
478.124847 276.655701 0.760760 
486.821198 345.760468 0.840377 
485.443848 395.760559 0.822800 
522.188293 278.153992 0.779490 
528.101990 345.748322 0.838644 
542.770386 404.508209 0.821375 
500.186829 144.305481 0.933467 
516.322327 144.349045 0.892781 
489.902405 147.213684 0.927371 
526.600708 147.275070 1.081156 
18
511.879272 148.768829 0.941561 
511.976532 172.310638 0.930273 
485.439667 172.272934 0.837020 
466.319611 122.305748 0.924346 
463.403900 67.902657 0.892412 
544.255310 175.225357 0.832298 
561.888550 123.830833 0.852971 
569.293396 73.746178 0.905673 
486.830475 278.124390 0.761623 
486.967010 347.174255 0.864449 
485.465454 395.782959 0.823978 
525.165100 279.605835 0.719203 
533.875305 347.207947 0.861002 
542.751831 403.089813 0.805337 
506.015869 145.729401 0.915644 
522.110413 145.734436 0.954843 
498.593384 147.227997 0.899425 
533.882385 147.306900 1.109921 
18
516.306030 148.763123 0.870560 
519.237183 175.201996 0.887582 
486.974609 173.719360 0.908083 
464.805237 122.234131 0.919407 
466.315155 73.770805 0.876310 
547.246338 178.153030 0.877412 
573.656006 135.523743 0.899630 
576.597778 75.166565 0.864396 
489.875488 279.604218 0.749356 
488.431610 345.781158 0.869017 
485.458771 397.228271 0.844603 
533.912598 283.983643 0.759183 
533.995056 347.294220 0.860273 
542.746765 403.089264 0.806039 
510.412720 144.340912 0.989632 
523.705505 145.740097 0.975498 
498.723206 147.273743 0.994453 
535.417480 148.751129 1.061862 
18
522.185242 148.763504 0.894056 
522.263550 176.681229 0.927277 
491.300781 172.307037 0.841269 
473.695496 122.222122 0.858157 
466.318756 67.888115 0.844607 
554.550110 179.630676 0.844481 
582.484924 135.512833 0.959808 
591.295959 76.741119 0.888065 
495.746185 279.627289 0.734280 
489.887604 347.211243 0.837161 
486.832428 397.239746 0.851865 
535.425476 284.027954 0.758073 
535.434143 348.733551 0.844555 
542.759705 404.510681 0.826513 
511.983124 144.344376 0.934220 
530.998352 145.744308 0.886615 
501.660492 147.343582 0.959911 
541.296082 148.790985 0.980341 
18
525.134338 148.803116 0.900570 
525.156372 176.655746 0.889366 
497.178650 172.304291 0.820804 
476.624634 119.366615 0.862687 
467.833069 64.986633 0.853250 
557.496826 179.640518 0.889890 
586.874023 135.457932 0.863830 
604.476074 81.102821 0.827666 
500.096710 282.546387 0.779690 
494.262634 347.270966 0.823005 
486.863708 397.232361 0.860361 
541.283264 285.464996 0.726403 
535.502930 348.680969 0.859099 
542.767090 403.102875 0.824877 
520.712646 145.720184 0.953732 
535.366150 145.778137 0.986517 
510.370270 147.336487 0.958985 
545.779175 151.666031 1.022306 
18
532.491150 151.705841 0.880750 
533.871033 176.670898 0.912344 
500.131012 172.294281 0.904225 
476.589691 122.246674 0.897908 
476.624603 66.451637 0.871062 
561.900085 181.011612 0.831626 
600.128906 147.258331 0.928507 
604.588318 95.824188 0.885127 
503.055511 281.094696 0.729678 
495.740875 347.245392 0.845829 
486.842010 398.700012 0.848639 
545.665955 285.483032 0.765983 
536.938049 348.680481 0.844740 
542.740540 403.114655 0.815644 
523.640747 145.765976 1.006453 
539.824524 145.841324 0.914010 
511.898071 147.363068 0.994472 
548.709900 150.251450 0.939018 
