46
1
18
542.761230 145.797836 0.924297 
535.506714 170.880127 0.918796 
507.479095 170.771667 0.893093 
498.630005 222.236832 0.883439 
498.637024 264.842468 0.983816 
569.222107 172.332428 0.867641 
570.759277 225.160065 0.896260 
572.212402 270.802094 0.878305 
516.326782 263.415833 0.766417 
516.299866 320.727844 0.818869 
516.281738 369.232971 0.844687 
550.128784 264.846161 0.795815 
545.676453 317.824158 0.849170 
545.685486 367.762848 0.865272 
535.408081 136.962067 0.945961 
547.208862 137.028503 0.911493 
523.732544 135.519882 0.986250 
557.420959 136.958298 0.773975 
18
542.770813 145.802887 0.925817 
535.500427 170.878983 0.920638 
507.471191 170.786545 0.890592 
498.614868 223.743988 0.889961 
498.648041 264.883362 0.978903 
569.217773 172.320801 0.869564 
570.760315 225.162277 0.896622 
572.224854 270.801056 0.870730 
516.331238 263.433807 0.765214 
514.880066 320.717926 0.816197 
516.310791 369.240051 0.833353 
550.126099 264.854858 0.795320 
545.679382 317.829498 0.852653 
545.669250 367.779755 0.859339 
535.413147 136.965591 0.943570 
547.215698 137.031921 0.909565 
523.732178 135.519165 0.980615 
557.426392 135.596176 0.757980 
18
542.761108 145.799225 0.924347 
535.504211 170.881287 0.919175 
507.470642 170.783691 0.890624 
498.618683 223.717972 0.891718 
498.644257 264.878113 0.975038 
569.226440 173.716705 0.866275 
570.761047 225.182404 0.899975 
572.198425 270.794037 0.877798 
516.328125 263.423553 0.761848 
516.290588 319.320526 0.816025 
516.312073 369.239777 0.833133 
550.119995 264.843262 0.795494 
545.691467 317.834167 0.859721 
545.670105 367.772522 0.862779 
535.406555 136.959381 0.944525 
547.213257 137.025513 0.911803 
523.735535 135.520691 0.978488 
557.438660 136.962616 0.788795 
18
542.789063 145.812241 0.927629 
535.499512 170.888412 0.916914 
507.462891 170.790756 0.887046 
498.625519 223.730179 0.896394 
498.645599 264.884033 0.975260 
569.224121 173.726944 0.864789 
570.762756 225.179535 0.899529 
572.196716 272.210388 0.882788 
516.336243 263.442902 0.764670 
514.878967 320.720825 0.820523 
516.297546 369.228882 0.836161 
550.130676 264.857666 0.795658 
545.687012 319.262238 0.857334 
545.657654 367.775940 0.863577 
535.426270 136.970047 0.937973 
547.233948 137.038605 0.903663 
523.740479 135.508362 0.981577 
557.458435 135.587433 0.791179 
18
542.789978 145.819458 0.929335 
535.495239 172.242966 0.917562 
507.461731 170.789642 0.885759 
498.622437 223.714630 0.894482 
498.656647 264.894684 0.975491 
569.216858 173.741440 0.861200 
570.769165 225.210312 0.900129 
572.196350 270.803925 0.879520 
516.336121 263.445801 0.764233 
514.871277 320.726776 0.825074 
516.288391 369.221191 0.844701 
550.129150 264.867432 0.797750 
545.687988 317.830170 0.855790 
545.664856 366.367279 0.857422 
535.424194 136.974411 0.939433 
547.233276 138.434677 0.902736 
523.736755 135.520889 0.977759 
557.455139 136.971695 0.777996 
18
542.787659 145.816681 0.930457 
535.493103 172.242416 0.918769 
507.452728 170.800354 0.882992 
498.607330 226.623428 0.910761 
498.658264 264.922852 0.968189 
569.220459 173.726257 0.864166 
570.768921 225.192856 0.899548 
572.185791 270.801208 0.886800 
517.759521 263.454041 0.766791 
516.286194 320.739227 0.822042 
516.293457 369.228302 0.845503 
550.125854 264.870239 0.798852 
545.690735 317.831421 0.856140 
545.663330 366.356781 0.856704 
535.421997 136.962082 0.944362 
547.237671 138.432983 0.904737 
523.730469 135.508026 0.981926 
557.451294 136.974747 0.760502 
18
539.839844 145.750351 0.909117 
535.494019 170.885239 0.921792 
507.463501 170.793060 0.885486 
498.617798 222.278885 0.892687 
498.639618 264.907623 0.969378 
569.201965 173.731003 0.858592 
570.759949 225.210083 0.903115 
572.166626 270.798187 0.881763 
516.335571 263.450104 0.760077 
516.297058 320.732025 0.821464 
516.296753 367.806000 0.824267 
550.122681 264.869415 0.796544 
545.685974 317.827667 0.858100 
545.661743 366.360504 0.847523 
534.014099 135.567581 0.956699 
547.139465 136.972580 0.929226 
523.711609 135.513916 0.982266 
557.393921 136.980957 0.848370 
18
533.996460 144.343597 0.956181 
536.866394 170.861893 0.929496 
507.485840 170.767792 0.891539 
498.602844 225.162216 0.897336 
498.650330 264.910309 0.970847 
569.233215 173.717361 0.880327 
570.754944 226.652512 0.914839 
572.200500 272.217651 0.878079 
516.324219 263.449371 0.761541 
514.880005 320.719452 0.819754 
516.320190 367.810333 0.826766 
550.121826 264.864471 0.799519 
545.683289 317.800690 0.856670 
545.653931 366.344360 0.846991 
529.551331 135.510239 0.905533 
541.313110 135.585678 0.875166 
522.242554 133.990997 0.506981 
555.985229 135.575226 0.944639 
18
523.740173 141.364670 0.911770 
535.507324 170.842422 0.940474 
507.475006 170.756348 0.890675 
498.598083 225.161407 0.894976 
498.641968 264.887878 0.972230 
569.208191 173.716858 0.861950 
570.752319 226.633362 0.913884 
572.191711 272.237915 0.883195 
516.297058 263.440948 0.765080 
516.284973 320.724640 0.819399 
516.317871 367.831665 0.836388 
550.121582 264.856598 0.798138 
545.687195 317.809723 0.860635 
545.651917 366.355743 0.849808 
523.607544 134.049026 1.004835 
533.965393 135.459366 1.013340 
0.000000 0.000000 0.000000 
550.162292 136.958725 0.892988 
18
522.128540 137.009827 0.917144 
536.875061 170.863358 0.920161 
507.487091 170.748596 0.908340 
498.610413 223.726242 0.895939 
498.646057 264.905426 0.972277 
569.226624 173.766357 0.853016 
570.747559 226.685654 0.927719 
570.793762 272.247070 0.889666 
516.305603 263.430634 0.765234 
514.876282 320.716278 0.818459 
516.314209 367.811371 0.829027 
550.109253 264.855042 0.801542 
545.677917 316.376373 0.860720 
545.656128 366.342590 0.849520 
520.717896 132.589447 0.772418 
526.632202 134.080292 0.901628 
0.000000 0.000000 0.000000 
545.783691 138.452393 0.927179 
18
519.219666 137.017883 0.888483 
536.886719 170.874374 0.918702 
507.499847 170.747009 0.919880 
498.613800 225.159760 0.894722 
498.636566 264.917755 0.966982 
569.222900 175.189209 0.845949 
570.752808 226.674835 0.927778 
570.770691 272.212097 0.894842 
516.320984 263.428772 0.762679 
514.875061 320.719971 0.821555 
516.307739 367.823303 0.831372 
550.118652 264.859528 0.797600 
545.674194 316.362671 0.858308 
545.662598 366.334930 0.851430 
516.345947 133.975159 0.670330 
523.721619 134.074799 0.960471 
0.000000 0.000000 0.000000 
545.707642 138.478531 0.920606 
18
522.106750 138.476471 0.887235 
536.876526 170.842972 0.926572 
507.494354 169.383133 0.909911 
498.628845 220.802353 0.901567 
498.635712 264.909698 0.965013 
569.223999 173.758301 0.851309 
570.733337 226.659760 0.923846 
570.764221 270.788483 0.893562 
514.876526 263.418427 0.763908 
514.866516 320.712555 0.823260 
516.314514 367.808136 0.835011 
550.113037 263.476929 0.796912 
545.668274 316.341705 0.862839 
545.661072 366.347290 0.854144 
519.266052 134.026550 0.779465 
526.579712 135.459030 0.909934 
0.000000 0.000000 0.000000 
545.753906 137.033951 0.939622 
18
523.668396 139.904160 0.937651 
535.491516 170.840317 0.944107 
507.468323 170.742325 0.901692 
498.626953 223.754074 0.903510 
498.647949 264.934692 0.959104 
569.174011 173.727875 0.845115 
570.724854 226.649216 0.918737 
570.754333 270.766052 0.893970 
516.297180 263.390778 0.766657 
514.872803 319.317291 0.822040 
516.328125 369.223572 0.838766 
550.122864 263.436707 0.796965 
545.664734 316.373199 0.861675 
545.670044 367.775024 0.862391 
522.183960 134.025772 1.000907 
533.886780 134.096176 0.991829 
0.000000 0.000000 0.000000 
547.261658 135.556229 0.944544 
18
534.002075 138.468521 0.924437 
535.435120 170.872559 0.944705 
504.552887 170.816040 0.869329 
498.634766 225.201035 0.900271 
498.655212 264.933167 0.953137 
567.774902 172.306274 0.859009 
570.740967 225.159393 0.898246 
570.736267 270.753387 0.896624 
516.304443 263.416840 0.770046 
514.871338 319.313904 0.817896 
517.750000 369.229065 0.838416 
550.110107 263.453857 0.792485 
545.671143 316.383575 0.857610 
545.670227 367.778412 0.868430 
528.081177 134.027786 0.899955 
541.277649 134.047180 0.886581 
522.107605 134.078644 0.868833 
551.579285 135.468140 0.947753 
18
547.238953 138.460266 0.914109 
535.377258 172.248154 0.950962 
503.077332 172.244980 0.863871 
498.604980 228.093140 0.933699 
498.650146 264.974152 0.932225 
567.726318 172.261765 0.847741 
570.751160 223.724777 0.893805 
570.770020 269.335602 0.893141 
514.879456 263.454376 0.774248 
514.872986 320.713928 0.819213 
516.330811 367.840729 0.839243 
548.720886 263.476288 0.801369 
545.690796 317.806030 0.861374 
545.674011 366.365753 0.868486 
541.303040 134.062653 0.922363 
551.594727 133.997772 0.892030 
523.609436 135.586105 0.988904 
0.000000 0.000000 0.000000 
18
557.453308 135.592239 0.962626 
535.355469 172.253998 0.956149 
501.648773 172.275604 0.859592 
498.592468 228.128342 0.945845 
498.649689 264.980804 0.927683 
566.317505 170.873093 0.875022 
570.731079 223.717209 0.902969 
570.790710 269.301788 0.894463 
516.294617 264.849579 0.773735 
514.879272 320.744263 0.823938 
517.754150 369.212982 0.836866 
550.104492 264.851654 0.801763 
545.682800 317.798340 0.863410 
545.668701 367.765869 0.869675 
547.252808 134.014206 0.970757 
557.440002 132.558426 0.689474 
529.543396 137.013458 0.873039 
0.000000 0.000000 0.000000 
18
557.523315 135.596344 0.972139 
534.014465 172.248047 0.960498 
501.635956 172.289490 0.857595 
498.604126 228.163162 0.954120 
498.640869 266.351563 0.916080 
566.293884 170.845734 0.880443 
570.716125 223.704788 0.898446 
572.177246 270.748108 0.881104 
516.293945 263.469055 0.770817 
516.289917 320.714386 0.823168 
516.332275 369.217316 0.845051 
550.116150 263.469818 0.798136 
545.662781 316.372467 0.856946 
545.659546 367.767456 0.863421 
548.718628 134.014160 0.933222 
557.486816 132.588058 0.585544 
532.463013 137.016953 0.911318 
0.000000 0.000000 0.000000 
18
556.005737 139.913361 0.888181 
534.007324 172.248810 0.952233 
501.643219 172.303253 0.850161 
498.603180 228.131577 0.947040 
498.615814 264.962036 0.921125 
564.851135 170.838333 0.868522 
570.714966 220.805695 0.901960 
572.206177 269.284576 0.876166 
516.293945 264.858063 0.771679 
514.868286 320.719360 0.824430 
516.325684 369.220215 0.838426 
550.126282 264.850098 0.795915 
545.663147 317.806580 0.851115 
545.661926 367.763092 0.861893 
547.152222 134.088913 0.997173 
557.448792 134.038406 0.896829 
525.193481 135.580505 0.928209 
0.000000 0.000000 0.000000 
18
545.733826 144.324295 0.957004 
534.019287 170.880875 0.936641 
503.054291 172.249863 0.852061 
498.596405 228.115067 0.940016 
498.602020 264.974548 0.924407 
566.284729 170.872208 0.849516 
570.718811 220.817749 0.893051 
572.190430 270.750732 0.876231 
516.300964 264.866486 0.764594 
516.285522 320.729950 0.820024 
517.749268 367.813812 0.828576 
550.122620 264.879089 0.794792 
545.679138 319.257813 0.868146 
545.654968 366.367004 0.848904 
538.339905 135.474792 0.924654 
550.111877 135.557541 0.937792 
523.629944 134.104141 1.006764 
554.503174 135.559280 0.099342 
18
532.488037 142.840378 0.895422 
535.385071 170.863876 0.964479 
503.106049 170.828995 0.868227 
498.587158 226.686737 0.915893 
497.217987 264.925659 0.919648 
567.729004 172.287796 0.859927 
570.711487 222.273254 0.899451 
572.180969 269.331726 0.875487 
514.860046 263.450531 0.772668 
514.872009 319.311401 0.821270 
517.752136 367.810760 0.830991 
550.122375 263.476715 0.797342 
545.651611 317.825348 0.854125 
545.663147 367.764191 0.852816 
526.586975 134.060440 0.928151 
538.351624 135.532318 0.919849 
522.226135 132.551941 0.185443 
554.537842 137.004547 0.885067 
18
522.257751 138.460831 0.934892 
535.389709 170.847519 0.957573 
504.530548 170.767670 0.887522 
498.580292 222.273651 0.888729 
497.214752 264.953094 0.918193 
567.722412 172.331741 0.822327 
570.698975 223.753815 0.894180 
570.801697 272.226379 0.876054 
514.866150 263.426727 0.772761 
514.874817 319.318329 0.824927 
516.328491 367.833862 0.832193 
548.719238 263.478363 0.802827 
545.659241 317.825226 0.861470 
545.658752 366.367096 0.851444 
522.205688 133.974426 0.967735 
532.485229 135.500397 0.954437 
0.000000 0.000000 0.000000 
547.174988 144.288239 0.933552 
18
522.121460 139.904617 0.894257 
535.406494 170.849319 0.952159 
504.525238 170.751160 0.895619 
497.175507 223.728104 0.886850 
497.198639 264.937927 0.922801 
567.746521 173.734818 0.823786 
570.694702 226.633453 0.912745 
570.762817 273.660614 0.897047 
514.881775 263.440308 0.763244 
514.869385 320.711426 0.825213 
517.748718 367.827881 0.826457 
548.722046 264.848389 0.800535 
545.661926 317.834503 0.859405 
545.666687 367.762268 0.855426 
520.735107 134.044159 0.818712 
528.045532 135.533936 0.887355 
0.000000 0.000000 0.000000 
545.744812 144.280548 0.941481 
18
522.245667 141.408066 0.934632 
535.433289 170.851456 0.954029 
504.574036 170.735855 0.896359 
497.139008 220.812271 0.876597 
497.186035 264.928741 0.919814 
567.769287 173.770004 0.828825 
570.648376 226.657150 0.915786 
570.731140 272.228668 0.899651 
514.874756 263.425385 0.761657 
516.288635 320.714905 0.819302 
516.333069 367.838715 0.825737 
548.716980 264.848450 0.804298 
545.663391 319.278229 0.864546 
545.672668 367.767029 0.862530 
522.162354 134.080048 0.959211 
532.439758 135.539352 0.925443 
0.000000 0.000000 0.000000 
547.188171 142.828384 0.921712 
18
531.011047 141.409302 0.863545 
535.434143 170.836319 0.967357 
505.992523 170.753632 0.892154 
497.139069 222.280136 0.875196 
497.173615 264.974152 0.915101 
567.768616 172.315506 0.855630 
570.644653 226.642639 0.912350 
570.709167 270.777771 0.895192 
514.863098 263.390656 0.761437 
516.292419 320.710022 0.817235 
516.328247 367.839111 0.827823 
548.712463 263.453369 0.809940 
545.653442 317.844269 0.857225 
545.664673 367.756378 0.852340 
523.740234 134.085648 0.984584 
535.511169 135.480469 0.949582 
520.746338 135.478638 0.131656 
551.584595 136.973129 0.888771 
18
545.705872 141.402100 0.918909 
535.404541 170.883972 0.943585 
504.530426 170.842102 0.875178 
497.173462 223.736099 0.883256 
497.195709 266.376587 0.908799 
567.766602 172.286041 0.853354 
570.660278 225.210587 0.894625 
570.733643 270.781433 0.888854 
516.288208 263.396698 0.770621 
514.872803 320.719849 0.823886 
516.311401 367.832672 0.826718 
550.107971 263.444611 0.799996 
545.653259 317.842072 0.855619 
545.657715 367.767487 0.852709 
535.497009 135.450500 0.957895 
548.642151 134.088989 0.961443 
522.243530 135.596619 1.001875 
553.071045 134.071579 0.112585 
18
555.963989 137.005859 0.898290 
535.405457 170.878937 0.949318 
503.103485 170.871078 0.861026 
497.190186 226.634476 0.908530 
497.229187 266.406372 0.904299 
567.767639 172.247101 0.872215 
570.691162 225.195999 0.895072 
570.774231 270.782013 0.892175 
514.849121 263.431763 0.775884 
514.871948 320.714203 0.818930 
517.759766 367.818085 0.822880 
550.111694 263.461151 0.796454 
545.658264 317.803864 0.856726 
545.662781 367.760803 0.854697 
545.762268 134.072220 0.998068 
556.036743 133.955460 0.893908 
525.164978 138.447052 0.894398 
0.000000 0.000000 0.000000 
18
557.509644 136.980911 0.977336 
535.375732 170.865036 0.957590 
503.081909 172.261078 0.859154 
497.175079 228.078445 0.923591 
498.603455 267.829620 0.901702 
567.710327 170.801468 0.888773 
570.736755 222.276367 0.895405 
572.209534 270.761139 0.877292 
514.869446 263.432617 0.769597 
514.868713 320.721039 0.816047 
516.331116 367.839722 0.825241 
550.107300 263.458282 0.794169 
545.644836 316.380951 0.851844 
545.657837 367.756836 0.852710 
548.661926 134.069656 0.960740 
557.465149 132.577286 0.700422 
531.033203 139.935181 0.857964 
0.000000 0.000000 0.000000 
18
557.429749 138.487411 0.920433 
535.374084 170.872375 0.947529 
503.067841 172.270035 0.849194 
497.191315 226.694168 0.909591 
498.598755 267.830994 0.900127 
566.323425 170.813110 0.879288 
570.771179 220.819290 0.896776 
573.682922 269.287384 0.863468 
514.846375 263.471771 0.772403 
514.871094 320.742157 0.820553 
516.329285 367.822998 0.826150 
548.720520 264.865631 0.798321 
545.661438 317.834991 0.858754 
545.654175 367.754089 0.853359 
547.216370 135.453842 0.983364 
557.451660 134.021011 0.824742 
528.079285 138.460068 0.863540 
0.000000 0.000000 0.000000 
18
547.246521 144.336731 0.955898 
535.376282 170.876205 0.940248 
503.088226 172.241852 0.864805 
497.190002 226.689270 0.910249 
498.608368 266.398010 0.923938 
567.723572 170.855164 0.856995 
572.168457 220.813934 0.877432 
576.595825 269.300140 0.855955 
516.294861 264.857117 0.766577 
514.863525 320.765076 0.823125 
516.334473 367.823822 0.826121 
550.117065 264.877380 0.794172 
545.671875 319.259766 0.861639 
545.650635 367.764038 0.852630 
542.778625 135.545990 0.918329 
553.094238 135.552399 0.927102 
523.673157 135.519760 1.010893 
0.000000 0.000000 0.000000 
18
535.388000 144.295929 0.938094 
535.385559 170.858749 0.953546 
503.086273 170.822525 0.879537 
497.205902 225.194336 0.887659 
498.613770 264.963074 0.937830 
567.734497 172.260986 0.866209 
570.795471 220.812637 0.886757 
578.070068 269.321350 0.856427 
516.305115 263.463348 0.765640 
514.857849 320.775940 0.822400 
516.326111 369.234467 0.831897 
550.120483 264.866577 0.796167 
545.664001 319.267426 0.852732 
545.659119 367.770691 0.850469 
531.028442 135.451553 0.893371 
544.204041 135.584259 0.881294 
522.224060 132.593155 0.885549 
554.516235 137.004974 0.899053 
18
523.699524 137.035263 0.947442 
535.387268 170.825699 0.960141 
503.092743 170.771454 0.893560 
497.191345 223.739258 0.883189 
498.612610 264.964813 0.938368 
567.742432 172.289307 0.844466 
570.790405 222.278610 0.876540 
578.071777 269.337677 0.851411 
516.293823 263.472290 0.762462 
514.844604 320.772156 0.825983 
516.315186 369.227539 0.834835 
550.127136 264.859589 0.793831 
545.657288 317.830688 0.849957 
545.654236 367.761322 0.841912 
523.640625 132.553452 0.968484 
533.964844 135.464783 1.008605 
0.000000 0.000000 0.000000 
547.275024 142.883301 0.886115 
18
522.253723 137.002853 0.950917 
535.380493 170.823502 0.963257 
503.078094 170.748276 0.897932 
497.186279 223.697540 0.883579 
498.613220 264.933319 0.945229 
567.737671 172.303848 0.834598 
570.767944 223.717194 0.883290 
575.135315 270.782013 0.842168 
516.316223 263.453766 0.757364 
514.864319 320.754059 0.818094 
516.321167 369.233124 0.836432 
550.114014 264.851013 0.795738 
545.664368 317.844482 0.848165 
545.658691 367.776978 0.849980 
522.212830 132.564026 0.934143 
532.483704 135.448990 0.957046 
0.000000 0.000000 0.000000 
547.177673 144.297745 0.939779 
18
523.691772 138.467834 0.936828 
535.398438 170.821136 0.964344 
503.098175 170.745926 0.894218 
497.175812 220.824875 0.882316 
498.591705 264.909821 0.942002 
567.766907 172.320602 0.842233 
570.713074 225.168427 0.896428 
573.655090 270.796906 0.852738 
514.847473 263.423370 0.765215 
516.291687 320.739563 0.821252 
516.336914 369.227631 0.839955 
548.710144 263.460236 0.801688 
545.658691 317.840393 0.850852 
545.663269 367.756805 0.849047 
523.606628 132.600327 0.990324 
533.958191 135.468765 1.007810 
0.000000 0.000000 0.000000 
548.673584 141.388428 0.860650 
18
531.005371 139.954208 0.856707 
535.416626 170.800156 0.977032 
504.544983 170.733932 0.886700 
497.178833 222.249527 0.882357 
498.584473 264.901825 0.946364 
567.761841 172.253311 0.871393 
570.724670 225.162994 0.894788 
572.217651 272.223022 0.875277 
514.846436 263.429474 0.769370 
514.866760 320.742554 0.822595 
516.336304 369.223877 0.834486 
548.711670 263.473633 0.805665 
545.664978 317.844574 0.856128 
545.656921 366.363464 0.850950 
525.136230 134.036514 0.960924 
536.875671 135.486389 0.950574 
0.000000 0.000000 0.000000 
553.077820 136.992508 0.885044 
18
538.345581 141.368301 0.874745 
535.416504 170.826859 0.949381 
504.522827 170.774582 0.884071 
497.199890 223.711792 0.882926 
498.578613 264.888214 0.941304 
567.769958 172.247528 0.861503 
570.724487 225.162506 0.886361 
570.781860 270.781891 0.884545 
514.846619 263.422577 0.773213 
516.293335 319.284393 0.813294 
516.328491 369.225861 0.841691 
548.716980 263.467529 0.809595 
545.674988 317.835846 0.864317 
545.662292 367.759399 0.858159 
533.946045 134.079544 0.972119 
545.731384 135.449799 0.965343 
523.618286 134.096176 1.013565 
554.537354 135.513184 0.832845 
18
547.257141 141.399475 0.914968 
535.402466 170.833145 0.957906 
504.525116 170.816910 0.883928 
498.582184 223.720871 0.886126 
497.209778 264.898804 0.935709 
567.766235 170.859802 0.869695 
570.723511 223.754364 0.886883 
570.726257 269.301300 0.891075 
514.835144 263.396179 0.774952 
516.287109 319.259979 0.811218 
516.335388 369.211029 0.839459 
548.715820 263.435669 0.802625 
545.670044 316.375336 0.861538 
545.658630 366.355408 0.854820 
542.757629 135.468369 0.928821 
553.072327 134.091858 0.931988 
523.659790 135.581390 0.995112 
0.000000 0.000000 0.000000 
18
555.975586 139.940338 0.882410 
535.406555 170.827362 0.964866 
504.522369 170.817795 0.876584 
498.595825 222.285568 0.888139 
497.205902 264.909424 0.935818 
567.759094 170.846451 0.882229 
570.719055 223.703629 0.890910 
570.740356 267.859955 0.896144 
514.851685 263.386017 0.774545 
514.861389 319.263855 0.815569 
516.317078 367.800507 0.834009 
548.724304 263.423401 0.798630 
545.645142 316.362274 0.856577 
545.651733 366.343781 0.849392 
545.786255 135.451431 0.999359 
557.420105 134.048813 0.928194 
525.194458 136.987564 0.909226 
0.000000 0.000000 0.000000 
18
557.413940 142.848160 0.913475 
535.398682 170.815720 0.962053 
503.102722 170.806717 0.873598 
497.226715 223.712021 0.889636 
497.209503 264.863708 0.940828 
567.749939 170.835526 0.879792 
570.706726 222.256714 0.893048 
570.761353 267.850464 0.896128 
514.863037 263.400391 0.779610 
514.875061 319.280182 0.817873 
516.326660 367.822327 0.836837 
550.119629 263.426300 0.796246 
545.678589 316.365753 0.861923 
545.662415 366.339996 0.856829 
547.187073 135.507828 0.987316 
557.476807 134.094955 0.905678 
528.051147 137.004730 0.896042 
0.000000 0.000000 0.000000 
18
553.054932 144.327484 0.894554 
535.392273 170.801422 0.960988 
503.110840 170.785706 0.884360 
497.226227 223.726044 0.889716 
497.223145 264.852997 0.936718 
567.738037 170.836487 0.871534 
570.730652 220.802979 0.896370 
572.158813 267.877106 0.878744 
514.878235 263.418121 0.773595 
514.873169 319.312744 0.819971 
516.336914 367.818726 0.832496 
550.127686 263.447327 0.798810 
545.665588 316.385834 0.857089 
545.662598 366.362457 0.857109 
545.708130 135.546066 0.987667 
557.417053 135.518982 0.970711 
525.150452 135.532700 0.949191 
0.000000 0.000000 0.000000 
18
545.700989 145.731766 0.965130 
535.411377 170.800507 0.947895 
504.547577 170.741333 0.880556 
498.596588 223.708115 0.888320 
497.215668 263.453369 0.934851 
567.765198 170.857086 0.861635 
570.744995 220.818466 0.883126 
572.225891 269.302460 0.872310 
514.851929 263.405396 0.773734 
514.864746 319.308105 0.823498 
516.332703 367.832947 0.838543 
550.109619 263.440613 0.802607 
545.670532 316.374573 0.858896 
545.657654 367.758820 0.856554 
536.952209 135.522049 0.917542 
548.704041 136.969284 0.933092 
523.724426 134.005096 0.985773 
557.404419 135.425934 0.290270 
18
535.399536 142.846832 0.923819 
535.459290 170.786331 0.959773 
505.999146 169.384247 0.886518 
498.620911 222.247574 0.891561 
498.578796 263.448944 0.940497 
569.166626 170.862686 0.890786 
570.737427 220.790619 0.901773 
573.646606 267.864502 0.860323 
514.841492 263.370636 0.766482 
514.872009 319.285187 0.818045 
516.306641 367.835388 0.842046 
548.700317 263.414368 0.807607 
545.664917 316.381744 0.858066 
545.666382 367.771149 0.860334 
532.459717 134.074539 0.930155 
544.235962 135.530853 0.913124 
523.628601 131.103882 0.719753 
556.003784 135.565506 0.948066 
18
529.564819 139.938049 0.853413 
535.511353 170.756195 0.959987 
507.481079 169.317368 0.891326 
498.611633 220.789459 0.890201 
497.221985 263.437988 0.941996 
569.203735 170.879959 0.897208 
570.752686 220.808975 0.906235 
572.244568 269.284943 0.865777 
514.820801 261.958160 0.770797 
514.877686 319.276520 0.815275 
516.314026 367.829132 0.844872 
548.697449 263.393677 0.809585 
545.672302 316.347412 0.862580 
545.670837 366.355469 0.860682 
525.150940 134.012939 0.937589 
535.501831 135.497391 0.962556 
0.000000 0.000000 0.000000 
554.530273 136.999863 0.874991 
18
528.056702 139.925186 0.856419 
535.515991 170.748718 0.951993 
507.464050 169.323624 0.888724 
498.599091 220.806732 0.888754 
497.215851 263.438995 0.930964 
569.225830 170.867188 0.907868 
570.765564 222.256134 0.897639 
572.237549 269.327972 0.863579 
514.830994 263.361176 0.772406 
516.285522 319.284424 0.819283 
516.298218 367.814728 0.855933 
548.726196 263.403534 0.804770 
545.709351 317.806519 0.865865 
545.683289 367.759705 0.868220 
523.745361 134.008270 0.958204 
535.439758 135.499146 0.978381 
0.000000 0.000000 0.000000 
553.064819 137.032806 0.845512 
18
531.027161 141.405899 0.862211 
536.873962 170.749741 0.949344 
507.483032 169.326462 0.887595 
498.618561 219.307480 0.928077 
497.220245 263.437653 0.934660 
569.236755 170.857346 0.918223 
570.773560 222.279312 0.892172 
572.210815 269.337708 0.867585 
514.843811 263.371826 0.772089 
516.296265 319.286102 0.821183 
516.299927 367.790741 0.847382 
548.724060 263.423767 0.805945 
545.705750 317.803650 0.866990 
545.682617 367.763275 0.867567 
525.154663 134.062210 0.951338 
536.880798 135.505280 0.952040 
0.000000 0.000000 0.000000 
554.552734 135.585556 0.903547 
18
535.427307 144.277283 0.933753 
536.882568 170.766541 0.931990 
507.496216 169.349457 0.892624 
498.645203 219.368271 0.909987 
498.580414 263.415985 0.942942 
569.241760 170.856552 0.910867 
570.769104 222.245773 0.893321 
572.184082 269.296356 0.877830 
514.865295 261.977020 0.764332 
516.295532 319.264343 0.817030 
516.310730 367.789948 0.846014 
548.714783 263.398285 0.805477 
545.712524 316.367188 0.868500 
545.682007 367.766266 0.871487 
532.459595 135.464661 0.928184 
544.229797 135.528976 0.907728 
523.624878 132.581070 0.683551 
556.011292 135.486633 0.970346 
18
545.673584 144.355820 0.938711 
536.868225 170.773911 0.926243 
507.498322 169.366394 0.892363 
498.644775 220.770340 0.898131 
498.594513 263.468964 0.956787 
569.226563 170.845688 0.902108 
570.772888 222.262375 0.887755 
572.174805 269.301453 0.878737 
514.875793 261.976166 0.756483 
516.315796 317.844147 0.813973 
516.293274 367.789520 0.838642 
548.716980 263.402832 0.801854 
545.717712 316.377747 0.866403 
545.678345 366.341492 0.864734 
536.890320 135.541626 0.928149 
548.666016 135.578354 0.930910 
525.104797 135.482925 0.979818 
557.406494 134.091309 0.550428 
18
548.688232 144.354065 0.932338 
535.512329 170.771591 0.937796 
507.509430 169.388351 0.900418 
498.650116 220.800430 0.890628 
498.612396 263.457001 0.956033 
569.219238 170.827881 0.903926 
570.760437 222.237350 0.895589 
572.171631 267.863861 0.884110 
516.299255 261.979523 0.755825 
516.314331 319.264526 0.807799 
516.309143 367.805511 0.835048 
550.107056 263.404510 0.795227 
545.714050 316.367584 0.867964 
545.679382 366.351105 0.871103 
544.242981 135.586151 0.938112 
555.967590 135.561539 0.956372 
525.127502 135.565933 0.939821 
0.000000 0.000000 0.000000 
