39
1
18
544.239685 133.963150 0.929360 
535.483887 169.313309 0.940518 
508.908386 169.324997 0.894948 
497.174744 219.338669 0.877926 
489.842194 264.947723 0.916638 
567.737305 169.288193 0.908047 
573.684998 216.315430 0.907393 
582.532715 259.041229 0.885909 
517.780823 256.086426 0.748197 
513.423401 312.007263 0.855621 
513.401733 359.017426 0.850875 
551.605103 256.099121 0.758025 
545.649170 310.530151 0.915782 
544.216248 356.070831 0.820315 
535.420898 125.237869 0.944513 
547.208862 125.205200 0.950149 
523.630737 133.968262 0.998239 
555.967285 129.650818 0.361176 
18
545.679871 133.977478 0.965349 
536.900330 169.295090 0.922033 
508.971497 169.298279 0.916118 
497.207184 217.920715 0.904744 
489.829926 264.978394 0.898607 
569.164063 169.281113 0.922628 
573.642517 216.323227 0.917701 
582.552612 259.039001 0.882778 
517.791443 256.105988 0.748744 
513.427002 313.412567 0.848890 
513.401428 359.047241 0.850582 
551.625427 258.995331 0.757097 
545.646118 311.915039 0.925120 
544.217285 357.486359 0.835129 
535.492493 125.269234 0.918963 
547.275330 125.219856 0.928637 
523.667969 133.977661 0.995107 
557.381226 128.169632 0.264917 
18
545.732910 133.968903 0.970453 
536.950500 169.299240 0.908534 
510.386963 169.293839 0.936496 
498.584717 217.918213 0.896751 
489.856781 264.879608 0.927149 
569.200989 169.287766 0.938443 
572.229492 216.320343 0.931293 
582.561768 259.006042 0.884727 
519.253723 257.543640 0.755292 
514.829529 313.402771 0.842458 
513.427185 359.034729 0.847109 
553.043762 259.011444 0.760114 
545.676636 311.902039 0.929467 
544.202026 357.468475 0.827447 
536.900024 125.258080 0.903234 
548.680969 125.213493 0.916155 
523.697205 133.965530 0.984376 
557.435974 128.194519 0.283249 
18
547.134766 133.955093 0.973489 
538.341553 169.306229 0.910033 
510.392670 169.301605 0.949077 
498.599426 217.929520 0.896397 
495.716064 264.932770 0.890431 
569.204346 169.295959 0.939080 
573.634338 216.329987 0.923000 
582.535706 257.540192 0.894079 
519.254761 256.092773 0.753200 
514.855286 312.018951 0.838550 
513.429932 359.040619 0.846472 
551.622498 257.541870 0.760894 
545.676880 311.895081 0.934360 
544.223145 357.491455 0.844315 
538.356018 125.252502 0.886389 
550.163940 125.207100 0.903168 
523.741699 133.981903 0.971966 
557.473938 131.123657 0.250251 
18
547.180786 132.600433 0.978825 
538.382629 169.315750 0.904494 
510.424072 169.310379 0.956138 
498.693848 219.296860 0.886694 
498.592285 264.894867 0.933349 
569.230957 169.306305 0.951843 
573.626587 216.326096 0.933438 
583.947754 256.097778 0.882177 
520.691345 256.058960 0.768338 
516.297363 311.993561 0.837662 
513.402527 359.035614 0.840470 
553.058167 256.106567 0.767798 
545.688660 310.535675 0.935993 
544.217773 357.461914 0.833152 
539.833557 125.259598 0.875565 
551.618408 125.208488 0.902917 
525.155090 133.969635 0.955940 
557.479614 131.120575 0.232175 
18
547.240479 133.964676 0.977034 
539.809631 169.321198 0.899089 
510.451569 169.354034 0.958149 
500.113281 219.344391 0.880812 
500.127136 266.374573 0.930807 
569.234253 169.273056 0.948386 
573.633301 216.329956 0.940035 
585.394531 256.108154 0.859292 
522.119385 256.064423 0.774982 
516.325562 312.014526 0.835301 
513.419312 359.016724 0.838388 
554.507629 256.083099 0.760075 
545.722900 310.518677 0.950865 
544.213745 356.063263 0.823934 
541.327148 125.269348 0.876537 
553.089050 125.206604 0.904948 
525.168335 133.971893 0.961038 
556.019104 132.522369 0.115879 
18
548.682861 133.967102 0.945317 
539.862671 169.304230 0.893725 
511.872131 169.340820 0.937295 
500.163849 220.778198 0.866640 
501.604919 266.371918 0.906889 
569.228271 169.245956 0.932402 
572.192200 214.916870 0.931711 
588.350220 253.132843 0.898330 
522.200195 256.086273 0.787969 
517.783752 312.023682 0.842792 
513.405579 359.043762 0.836070 
555.963196 256.052307 0.772724 
547.127136 310.480499 0.936558 
544.257751 356.012512 0.823308 
544.212708 125.279213 0.896103 
555.955078 125.196518 0.919739 
526.594055 133.995331 0.946833 
555.999634 131.096603 0.076744 
18
550.151184 133.969055 0.917335 
541.294556 169.300644 0.904445 
511.929474 169.351639 0.931425 
500.209717 220.769806 0.869365 
503.111084 266.396118 0.873327 
569.197632 167.881714 0.930003 
572.244324 214.854523 0.894493 
592.726318 251.654129 0.942977 
523.611877 257.556641 0.778497 
520.691772 313.403900 0.856770 
513.393616 359.039215 0.841156 
557.403931 254.649734 0.788618 
547.205322 311.921448 0.914459 
545.635559 356.026520 0.830586 
545.641724 126.669792 0.908833 
556.022461 125.206413 0.937713 
529.519348 134.015213 0.921914 
554.553589 131.128403 0.071485 
18
554.539978 133.972504 0.905873 
542.790283 169.272324 0.907465 
514.819824 169.330612 0.877574 
501.618774 219.364807 0.865431 
507.494171 269.287994 0.856189 
569.194641 167.845108 0.934193 
575.137146 211.991135 0.838192 
595.679077 242.870697 0.858512 
525.152649 259.006470 0.712322 
522.199768 314.894623 0.893014 
514.850220 360.481079 0.816039 
557.530212 254.619751 0.795926 
548.645447 311.981964 0.865507 
544.260071 356.024994 0.835196 
545.742615 126.682236 0.916226 
557.455627 125.200745 0.959873 
532.445740 134.061066 0.925009 
0.000000 0.000000 0.000000 
18
556.024475 133.982269 0.941230 
544.236145 169.265747 0.915847 
517.804016 169.378052 0.862454 
504.570129 222.246536 0.827771 
508.955170 270.767639 0.862399 
569.183350 166.409332 0.909720 
576.573303 206.128647 0.885349 
598.623047 232.563889 0.820705 
530.991760 257.537720 0.702373 
523.631653 314.886414 0.873845 
514.824890 360.472870 0.814324 
558.974915 253.181458 0.803266 
550.122803 310.497467 0.854424 
544.257996 356.008759 0.842972 
547.148987 126.686134 0.917113 
557.530396 123.839134 0.969928 
533.871948 134.088226 0.953561 
0.000000 0.000000 0.000000 
18
557.488831 134.014938 0.994315 
545.711670 167.825531 0.913943 
522.200562 169.305527 0.916601 
508.974670 217.902802 0.876628 
510.381622 266.388336 0.894416 
569.207520 164.900711 0.889490 
578.070618 204.547684 0.858639 
603.062866 220.781326 0.847405 
532.503784 256.059631 0.742013 
525.190552 314.905762 0.826466 
514.873047 360.517853 0.802924 
559.005554 253.161987 0.802349 
551.625183 310.467834 0.830097 
544.239319 354.604187 0.831869 
547.249146 128.167816 0.900720 
558.935364 125.216309 0.936991 
533.964661 135.457336 1.006130 
0.000000 0.000000 0.000000 
18
558.893799 134.050827 1.004516 
547.119629 166.391998 0.921860 
523.699158 169.328995 0.923113 
510.489319 217.821915 0.892935 
510.443481 261.942291 0.918264 
569.191162 161.982437 0.871675 
579.501831 200.187897 0.820638 
601.573242 207.581268 0.834448 
533.947449 256.085510 0.770372 
532.434143 317.811310 0.800413 
516.312744 361.949036 0.768418 
559.014404 253.159088 0.803018 
554.504456 310.443298 0.801714 
544.235413 353.126740 0.834463 
548.667053 131.077271 0.887047 
558.994385 125.235886 0.919900 
534.017334 135.548141 0.987649 
0.000000 0.000000 0.000000 
18
559.005371 134.110291 0.997453 
547.193787 166.385880 0.922321 
526.601746 169.350861 0.883043 
513.419556 209.048538 0.800964 
511.970184 250.199493 0.978324 
569.199280 160.543640 0.887835 
580.968750 194.286682 0.913224 
604.562622 192.809296 0.848419 
535.358276 254.632828 0.796736 
533.942993 320.709778 0.866143 
514.869141 361.912903 0.796849 
558.964966 253.126556 0.811558 
553.092834 310.503845 0.792290 
544.210144 353.125214 0.833999 
551.586426 132.549362 0.881364 
560.467773 126.699081 0.895041 
535.444824 135.580093 0.979838 
0.000000 0.000000 0.000000 
18
560.457825 134.099472 0.957566 
548.698914 164.891312 0.868079 
532.455322 166.409164 0.827923 
522.120178 201.684830 0.840975 
517.807739 238.424927 0.904985 
569.253662 160.556473 0.917270 
581.043274 191.346893 0.840192 
603.029724 173.750595 0.857041 
534.015686 253.136017 0.803087 
533.931580 319.297211 0.863689 
516.287170 370.770264 0.805236 
558.973083 251.702972 0.792305 
554.553284 310.440552 0.780149 
544.188232 353.096436 0.845923 
554.511475 132.573166 0.871584 
563.368469 126.691170 0.898482 
536.919189 137.023666 0.913601 
0.000000 0.000000 0.000000 
18
561.917480 134.081406 0.937323 
548.687073 164.924042 0.843835 
533.939880 167.839737 0.863883 
522.185242 194.325958 0.899345 
522.139587 223.721100 0.882707 
567.779724 161.998917 0.823063 
580.945313 181.109924 0.895979 
594.296326 160.487961 0.891149 
533.996277 257.526550 0.752532 
532.449158 322.261749 0.819753 
513.415344 382.523499 0.821131 
558.924988 254.589218 0.779895 
553.052002 310.491180 0.790475 
544.252991 355.997498 0.865663 
555.979919 132.579437 0.901874 
564.831238 126.676834 0.896886 
538.376953 138.452942 0.892356 
0.000000 0.000000 0.000000 
18
563.349670 135.484634 0.903229 
548.681519 166.408249 0.861873 
533.983887 167.872299 0.904159 
523.601196 191.388092 0.864177 
523.600159 207.608276 0.933324 
567.735413 164.909805 0.814980 
581.007507 169.348801 0.796285 
586.858032 134.046219 0.798757 
534.001404 260.503113 0.740897 
529.518677 328.119843 0.723208 
513.349854 394.234314 0.829614 
558.976135 257.529297 0.758310 
551.596069 311.897583 0.737262 
544.238159 354.587219 0.838837 
557.388184 134.028503 0.957529 
564.806030 129.634033 0.851977 
541.274963 142.865295 0.872796 
0.000000 0.000000 0.000000 
18
561.894836 135.556076 0.901957 
548.639282 166.352966 0.855811 
535.411194 167.850464 0.874264 
522.244324 186.951248 0.752754 
522.252625 194.407150 0.946063 
563.384766 161.961945 0.767011 
579.512878 156.080444 0.668204 
580.918274 120.833031 0.858709 
534.007507 263.453583 0.743748 
526.596252 333.989136 0.753324 
511.943542 401.643646 0.803274 
557.511475 261.952820 0.741154 
548.695068 313.453125 0.686306 
544.229126 356.024994 0.784485 
556.005798 135.445938 0.947726 
561.928772 131.121765 0.824390 
539.817932 144.363297 0.866550 
0.000000 0.000000 0.000000 
18
561.910400 137.021179 0.894271 
547.174988 167.839920 0.858608 
535.457397 170.745483 0.878626 
514.841064 198.722427 0.627619 
513.357361 203.142303 0.662572 
557.515381 161.950348 0.669742 
575.150818 120.790100 0.447310 
569.194397 110.514786 0.785671 
534.006836 266.388977 0.751638 
526.585876 335.501404 0.772880 
511.914825 404.502930 0.843065 
557.464722 263.449829 0.750732 
548.704163 316.349823 0.682399 
544.211304 356.065338 0.792716 
555.940063 135.568024 0.906867 
561.881958 132.552155 0.864834 
536.936218 145.863266 0.867041 
0.000000 0.000000 0.000000 
18
559.026978 142.841660 0.879221 
545.732300 169.298065 0.887590 
533.952271 172.284988 0.835353 
511.891602 197.278564 0.719618 
500.156525 206.088791 0.746764 
557.515869 161.962326 0.714186 
570.739868 129.659012 0.377614 
561.905273 111.955765 0.741482 
533.954102 269.287567 0.732049 
525.160522 341.362915 0.712928 
525.141235 345.790680 0.054978 
557.475403 264.903717 0.743691 
550.107483 314.868988 0.649230 
544.211487 354.604919 0.784286 
550.125916 138.490128 0.840596 
558.966553 134.022232 0.925056 
535.393738 148.717804 0.868262 
0.000000 0.000000 0.000000 
18
557.490479 145.731171 0.945437 
544.272339 170.851898 0.840560 
529.556641 178.140793 0.758131 
503.077362 204.608398 0.737544 
489.863586 216.323608 0.768810 
557.464172 166.411041 0.687429 
567.782593 132.552231 0.362962 
557.416870 113.468613 0.640095 
532.511108 270.786560 0.703033 
528.078003 344.304413 0.735462 
511.919525 404.578033 0.865464 
557.426331 266.347565 0.728458 
553.032715 311.981842 0.631522 
542.793518 354.561951 0.714705 
547.168884 142.875473 0.919046 
557.443237 135.484406 0.938756 
533.942688 151.691284 0.868028 
0.000000 0.000000 0.000000 
18
551.590942 145.843506 0.926822 
542.748718 172.257523 0.815695 
523.649475 181.155838 0.885410 
497.190765 209.069748 0.811999 
464.863647 239.869171 0.875473 
557.519470 163.435745 0.740518 
576.615051 135.533035 0.859757 
551.608337 120.818573 0.579404 
529.548462 273.724945 0.710653 
525.192993 345.733032 0.772643 
511.908905 404.581940 0.868858 
557.400208 266.371796 0.731385 
554.501343 313.442780 0.668688 
544.261780 353.114899 0.738648 
544.195496 145.783585 0.931883 
550.121460 136.960602 0.863101 
529.552856 156.124741 0.874764 
0.000000 0.000000 0.000000 
18
545.657471 147.253983 0.999337 
535.505676 173.743134 0.889493 
514.863770 184.043045 0.839789 
483.977539 222.286285 0.811552 
453.051575 260.510529 0.891942 
558.893372 163.448441 0.863206 
579.492126 135.464539 0.902502 
547.177551 125.215454 0.671007 
523.735901 276.714386 0.738092 
523.666931 345.800690 0.826323 
511.917206 404.545288 0.856056 
557.441528 270.779449 0.736038 
555.966003 314.913910 0.667493 
545.683350 353.102722 0.780181 
534.000183 145.838791 0.954010 
545.707397 137.038101 0.945086 
522.201721 157.552353 0.961307 
0.000000 0.000000 0.000000 
18
535.397644 147.224197 0.946837 
532.449707 181.045288 0.895154 
503.090820 192.809021 0.854324 
473.656921 234.013199 0.835048 
445.744171 275.252411 0.882347 
557.450073 169.277756 0.846027 
582.560608 133.971466 0.855792 
539.848755 123.743881 0.774177 
522.181396 279.589966 0.778360 
522.187073 348.677124 0.843363 
511.906952 404.554047 0.844404 
557.407532 273.724792 0.767494 
554.503357 322.240479 0.637065 
545.751038 354.592438 0.832678 
523.723633 145.823761 0.910507 
535.414368 137.026382 0.861724 
511.874207 157.625595 0.984238 
0.000000 0.000000 0.000000 
18
523.598389 147.246368 0.994322 
523.695862 181.157806 0.962907 
495.744720 194.355927 0.861606 
472.163666 239.910675 0.869847 
448.670746 286.876465 0.847346 
554.557007 169.364197 0.863400 
594.192383 129.626266 0.866870 
545.753052 122.222023 0.759113 
520.687561 286.897522 0.771091 
519.227600 353.098877 0.787013 
511.895874 404.556854 0.849509 
557.433655 278.162903 0.783742 
553.043884 335.455963 0.585149 
547.193665 357.474640 0.766599 
511.901367 147.216522 0.968935 
523.703125 138.443710 0.911586 
500.205933 159.056946 0.966360 
532.485046 139.904877 0.128590 
18
508.985413 150.217804 0.882274 
520.738586 182.611557 0.939391 
488.347137 198.711166 0.860483 
475.152863 241.374817 0.958114 
453.141632 285.432007 0.854144 
550.103638 170.769196 0.892945 
594.297119 126.681511 0.878727 
558.906250 113.446999 0.878128 
513.414917 286.899323 0.787360 
514.860046 354.595886 0.816813 
511.930145 404.604736 0.845732 
556.017822 276.700806 0.800669 
553.070618 335.452545 0.586556 
547.240601 357.547546 0.820010 
498.685028 148.806488 0.910592 
510.460114 142.886108 0.923957 
491.313019 160.535660 0.870689 
522.123779 141.415543 0.731357 
18
497.172394 156.084595 0.890415 
513.378845 184.082626 0.899788 
486.901184 198.749512 0.867282 
479.563995 239.937119 0.907806 
463.361664 276.683197 0.909606 
545.658508 172.291580 0.868825 
582.441711 135.548187 0.951221 
567.727173 98.705658 0.822028 
511.898621 285.500122 0.815450 
513.373657 351.636993 0.822887 
511.933014 404.558136 0.855300 
551.628479 276.697083 0.767628 
554.525879 335.476868 0.665536 
548.685364 358.953918 0.823744 
486.945587 156.072998 0.901793 
498.684326 145.841537 0.979319 
483.990112 164.931931 0.761192 
511.857452 145.785355 0.960691 
18
488.326965 159.035080 0.955247 
511.874268 185.523743 0.900281 
486.934998 194.404068 0.879148 
488.325073 231.111420 0.840939 
473.634979 264.835419 0.883461 
535.494446 178.147308 0.859023 
559.008911 139.939682 0.817591 
566.300232 76.725159 0.839856 
510.408630 286.926483 0.802139 
513.344604 348.739685 0.850295 
511.944458 404.557281 0.853392 
547.263123 279.603149 0.775401 
554.552368 338.407440 0.658670 
551.627930 358.938507 0.723818 
478.124512 157.590240 0.926307 
489.873322 148.740097 0.902907 
476.626648 166.415436 0.353320 
508.911865 147.223999 0.948373 
18
481.031952 160.484619 0.878225 
510.347656 181.157898 0.909177 
485.428375 191.357666 0.791981 
463.376862 195.851318 0.439908 
441.300659 198.740738 0.261107 
532.483704 172.280228 0.788258 
535.503418 145.840958 0.749811 
557.403870 110.542358 0.766416 
508.904633 286.902222 0.741888 
511.872742 350.196838 0.832276 
511.925018 404.556091 0.873157 
545.723633 278.146210 0.790006 
553.085266 336.960815 0.667621 
556.002502 358.999237 0.744817 
475.156036 157.576508 0.995493 
486.884338 150.234009 0.917235 
0.000000 0.000000 0.000000 
503.086853 147.261032 0.961985 
18
476.653168 159.082092 0.947784 
501.653046 182.631714 0.787758 
483.970917 191.383591 0.814668 
458.958649 198.752853 0.477676 
438.342865 201.680252 0.369334 
523.628235 181.029556 0.715005 
523.717468 188.470261 0.594180 
522.150513 169.321564 0.647916 
507.456451 285.441711 0.727028 
510.489594 348.723175 0.828900 
511.936005 404.556244 0.869727 
544.197388 278.134460 0.749795 
553.060547 338.416412 0.638857 
558.901733 357.565125 0.717168 
472.231476 157.513031 0.916070 
482.511414 150.222015 0.851282 
0.000000 0.000000 0.000000 
500.132965 147.303329 0.907589 
18
475.171295 159.079514 0.942078 
503.107178 186.971359 0.820677 
485.438751 191.336060 0.827145 
457.510162 198.742386 0.343836 
439.893158 201.656647 0.283453 
523.628235 185.500916 0.821476 
513.381958 204.574173 0.531735 
488.370483 204.586151 0.279481 
504.551971 283.994812 0.708112 
510.426544 348.690338 0.836443 
511.933441 404.572021 0.870881 
538.353210 278.143097 0.720856 
548.702698 336.965210 0.683980 
560.464783 358.976227 0.723097 
469.255157 157.493851 0.889737 
479.531464 148.802765 0.869419 
0.000000 0.000000 0.000000 
500.113953 148.718246 0.961586 
18
475.109314 159.056534 0.935845 
503.081451 191.405914 0.870413 
485.440918 192.884979 0.851582 
488.388123 228.114075 0.123074 
0.000000 0.000000 0.000000 
522.243652 188.464081 0.809161 
510.425079 209.023697 0.799116 
500.152100 241.357117 0.720410 
501.604340 286.893341 0.782480 
510.395111 347.250702 0.855747 
511.940186 404.565918 0.871779 
535.440247 281.059265 0.736237 
547.202820 336.946320 0.747970 
566.313477 359.074615 0.811353 
467.801208 156.049332 0.881402 
478.108948 148.797119 0.888507 
0.000000 0.000000 0.000000 
500.128265 148.724472 0.961786 
18
475.116821 159.043884 0.943143 
503.069305 192.808334 0.886979 
486.831360 192.904724 0.814423 
486.875854 236.962097 0.426621 
480.984406 264.890869 0.286938 
522.224365 191.341614 0.831590 
510.365936 220.773544 0.804500 
491.310547 263.450500 0.831964 
503.057251 284.013611 0.755573 
508.919281 347.237518 0.823644 
511.933441 404.546936 0.876294 
534.014160 278.127899 0.766244 
547.159241 338.400238 0.748782 
567.785828 363.413452 0.795204 
469.240295 154.623901 0.876498 
478.140411 148.808578 0.875422 
0.000000 0.000000 0.000000 
500.145416 148.755203 0.960065 
18
476.555847 157.621185 0.964514 
501.655823 191.384445 0.842134 
486.917816 191.366806 0.811132 
0.000000 0.000000 0.000000 
0.000000 0.000000 0.000000 
522.120911 192.774796 0.836603 
510.364288 244.295807 0.810454 
489.857635 288.473083 0.926163 
504.529724 285.492859 0.691493 
506.044769 347.182404 0.808807 
511.910248 404.531860 0.879716 
533.963318 279.626862 0.718473 
545.756165 336.980530 0.777332 
567.798340 364.886261 0.822639 
472.211426 151.671921 0.882529 
483.934448 148.733856 0.888434 
0.000000 0.000000 0.000000 
500.224854 148.742111 0.942397 
18
476.670197 157.595200 0.951948 
501.639191 191.333984 0.817433 
486.891388 186.959122 0.799269 
0.000000 0.000000 0.000000 
0.000000 0.000000 0.000000 
520.737244 192.867447 0.842575 
520.698181 256.108337 0.803856 
498.589050 307.559814 0.882484 
500.198883 279.607941 0.669213 
503.070679 345.698822 0.806368 
511.887268 404.566681 0.861881 
533.989380 278.121521 0.721527 
545.634705 335.525116 0.766761 
567.771484 364.847839 0.807953 
475.083008 150.222122 0.922151 
486.827515 148.722244 0.941963 
0.000000 0.000000 0.000000 
503.067902 148.748459 0.912476 
18
479.562469 157.592590 0.903337 
500.210419 192.786438 0.868512 
483.958862 186.992752 0.767167 
491.321136 239.897263 0.095190 
0.000000 0.000000 0.000000 
522.182800 194.306854 0.870717 
531.011536 257.552124 0.832878 
510.370117 311.934265 0.923545 
500.139618 283.987091 0.787763 
501.605316 342.825378 0.786699 
511.851105 404.504944 0.892982 
535.409424 281.045441 0.702246 
542.746521 333.990387 0.696620 
566.274048 361.910278 0.816930 
475.209930 150.191086 0.943792 
488.316345 148.730698 0.973630 
0.000000 0.000000 0.000000 
507.504761 148.793518 0.890864 
18
486.834290 157.563766 0.942799 
501.602722 192.825089 0.902772 
479.551300 185.510956 0.780710 
488.430481 238.406464 0.420532 
0.000000 0.000000 0.000000 
523.687500 194.388229 0.872084 
535.458618 261.978851 0.883411 
522.219788 311.982178 0.856713 
500.174438 284.025574 0.795280 
501.626617 345.767517 0.843182 
510.396942 403.085876 0.883472 
535.479980 282.529572 0.702683 
542.740662 336.931091 0.774443 
566.291382 360.516449 0.809824 
478.088837 148.775406 0.937106 
491.296844 147.359314 0.909303 
475.161865 153.116760 0.076631 
510.367157 150.237869 0.898935 
18
488.430420 157.587280 0.947857 
503.075073 192.886856 0.898895 
476.616180 191.338623 0.884819 
478.144470 239.858124 0.845047 
470.759155 276.716675 0.852370 
532.453552 195.785843 0.814620 
536.951416 254.642380 0.773881 
544.210144 309.029388 0.841340 
497.140320 285.463959 0.733967 
500.202271 345.729126 0.885367 
510.345734 401.632874 0.862557 
528.073547 285.477570 0.707470 
538.390442 334.000854 0.738414 
561.890015 359.012115 0.740838 
483.981812 148.795715 0.899507 
498.612000 148.753220 0.918851 
475.179718 154.587677 0.694817 
510.475525 153.136612 0.929068 
18
497.149536 157.591522 0.916259 
503.107605 192.857941 0.890322 
475.189667 191.335434 0.866908 
475.178772 234.042694 0.837973 
463.329956 276.632324 0.879068 
533.962769 194.355927 0.867814 
545.744934 251.690247 0.850434 
560.390259 300.147491 0.843848 
495.754547 286.922546 0.772129 
501.588440 345.771851 0.883264 
508.950745 401.602997 0.841228 
531.037048 285.468048 0.750289 
545.658508 341.342621 0.744933 
560.465454 360.439484 0.777503 
488.320801 148.778214 0.954246 
500.219238 148.743698 0.907157 
476.692749 154.601639 0.862954 
511.955322 151.675873 0.914238 
18
500.149017 158.974625 0.989016 
506.029022 192.853638 0.909199 
475.146942 191.389252 0.917298 
466.294037 236.981262 0.844113 
453.044891 278.178589 0.837342 
535.500610 194.284836 0.877988 
554.546509 247.280624 0.809710 
573.657715 294.309509 0.834921 
498.615601 286.916382 0.795528 
501.584137 345.775543 0.881239 
508.954071 401.626221 0.834032 
533.994141 283.988403 0.797287 
545.701111 342.783264 0.759663 
558.947510 359.009003 0.754490 
492.777924 150.239883 0.843568 
508.898041 148.792023 0.861428 
481.041260 153.156509 0.864784 
516.339661 148.798615 0.814451 
18
506.036255 158.982635 0.936232 
508.924500 192.809814 0.918239 
475.137421 191.408325 0.919226 
463.313599 239.851410 0.907159 
442.843292 282.553284 0.781454 
541.292664 192.898773 0.850318 
560.404846 244.292542 0.860632 
583.953186 289.895325 0.865654 
498.703033 285.475128 0.801170 
501.608337 345.715179 0.867611 
508.985901 401.615570 0.837667 
535.469849 279.625641 0.756855 
545.658020 336.922852 0.766308 
558.913269 358.961548 0.789098 
498.669006 150.243881 0.907240 
511.872253 150.196335 0.920696 
486.885193 153.164825 0.927808 
522.116882 150.241547 0.683584 
