55
1
18
482.486389 217.863876 0.864930 
454.611938 241.409393 0.766597 
453.135834 245.812607 0.832484 
472.164795 283.994781 0.840107 
492.775543 276.752686 0.715482 
457.485138 239.929672 0.642158 
475.083588 264.961426 0.477971 
486.923370 273.661743 0.703205 
457.512756 300.224792 0.660235 
513.366516 288.374939 0.873074 
535.413879 314.869080 0.563012 
464.854340 294.302307 0.524948 
511.860565 288.430847 0.656783 
510.419678 348.687103 0.618846 
478.085022 214.915695 0.847921 
0.000000 0.000000 0.000000 
464.933502 216.346558 0.814791 
0.000000 0.000000 0.000000 
18
483.934631 217.789337 0.884731 
456.014038 241.358459 0.783031 
453.145813 245.817795 0.835273 
470.739075 284.017029 0.837277 
491.348633 278.121765 0.694330 
457.504669 239.856644 0.646723 
473.691589 264.919159 0.487538 
486.908844 272.268494 0.713024 
460.426178 300.215790 0.654615 
513.398865 286.980194 0.881335 
535.421875 314.903015 0.708853 
464.854431 295.725677 0.534996 
511.850677 289.920868 0.659832 
510.419861 348.729614 0.800708 
478.113312 214.857193 0.843703 
0.000000 0.000000 0.000000 
466.325623 216.310669 0.810894 
0.000000 0.000000 0.000000 
18
483.941772 217.815933 0.877142 
456.005005 241.355499 0.781840 
453.153290 245.812088 0.840086 
470.741394 284.017639 0.836578 
491.314728 278.111572 0.696756 
457.488403 239.854538 0.640321 
473.674530 264.907074 0.460592 
486.894897 273.672485 0.699556 
458.987152 300.226288 0.650361 
514.812622 286.970917 0.849941 
535.421631 314.899994 0.703174 
464.844696 295.731598 0.522497 
511.875977 291.373749 0.647687 
510.415771 348.724365 0.818992 
478.124695 214.887833 0.851973 
0.000000 0.000000 0.000000 
466.343231 216.331131 0.822255 
0.000000 0.000000 0.000000 
18
483.931091 217.838760 0.872552 
456.010620 241.369492 0.779492 
453.165100 245.804001 0.838072 
470.754883 285.424408 0.843239 
491.340668 278.121002 0.693592 
457.474670 239.879715 0.646755 
473.690704 264.924408 0.486506 
486.904510 273.672150 0.722484 
458.985352 300.234528 0.652923 
513.409058 286.992981 0.856564 
535.425964 314.905762 0.688335 
464.825806 295.740845 0.518871 
511.860077 289.918671 0.657421 
510.421875 348.725647 0.785162 
478.119568 214.905182 0.854214 
0.000000 0.000000 0.000000 
466.335541 216.337692 0.823258 
0.000000 0.000000 0.000000 
18
483.935791 217.831116 0.870544 
454.611389 241.391174 0.777232 
454.533936 247.240021 0.830435 
472.181183 285.428284 0.853264 
491.331573 278.110321 0.693159 
456.027557 239.900772 0.649558 
473.685730 264.928436 0.465519 
486.899597 273.667572 0.714580 
460.438202 300.236298 0.655451 
513.406250 286.998505 0.852340 
535.409668 314.901093 0.684597 
464.833221 295.762726 0.525652 
511.871948 291.355194 0.652410 
510.426544 348.726837 0.786010 
478.127899 214.894165 0.850108 
0.000000 0.000000 0.000000 
466.355560 216.335983 0.822350 
0.000000 0.000000 0.000000 
18
483.961395 217.823166 0.874465 
456.010162 241.384872 0.766698 
454.533844 245.813934 0.829300 
472.199402 284.011414 0.869092 
494.236206 276.752625 0.710758 
456.058777 239.892990 0.639125 
475.098938 264.946655 0.428295 
486.916992 273.681427 0.654724 
457.518646 300.244507 0.660381 
513.385803 286.999786 0.840634 
535.412292 314.870605 0.643920 
463.405060 295.752167 0.525626 
511.854706 289.912903 0.668818 
510.430359 348.712708 0.714011 
478.142822 214.885910 0.844905 
0.000000 0.000000 0.000000 
466.372803 216.337067 0.818705 
0.000000 0.000000 0.000000 
18
483.960205 217.787094 0.889980 
454.616974 241.352554 0.781726 
454.537720 245.784164 0.823064 
470.723572 284.028168 0.837432 
492.793427 278.127625 0.705373 
456.038422 239.859695 0.648013 
475.098053 264.952850 0.485750 
486.954620 273.699615 0.696798 
457.507416 301.631775 0.666212 
513.376648 288.390045 0.850221 
535.414917 313.459229 0.585064 
463.400848 295.751251 0.512105 
511.889648 288.404816 0.685207 
510.421814 348.701691 0.683526 
478.130219 214.854187 0.843071 
0.000000 0.000000 0.000000 
466.347321 216.319992 0.819669 
0.000000 0.000000 0.000000 
18
485.386017 217.824768 0.877736 
456.036224 241.409882 0.784856 
454.536041 245.815598 0.824277 
469.262238 285.486053 0.833413 
492.808472 278.136627 0.685402 
457.503540 239.944839 0.673264 
475.115295 266.350800 0.602686 
488.396423 273.674591 0.762210 
461.926971 300.185944 0.629645 
513.395691 288.385834 0.823087 
534.005249 313.406464 0.627898 
467.777039 294.282104 0.532212 
511.897583 288.412750 0.687376 
510.416473 348.707764 0.784078 
479.581207 214.888199 0.822697 
0.000000 0.000000 0.000000 
467.801483 216.353165 0.800528 
0.000000 0.000000 0.000000 
18
485.461090 217.805664 0.940659 
458.972687 241.330719 0.777488 
456.024628 242.895493 0.817866 
469.282837 286.899261 0.819465 
495.740662 278.189209 0.677058 
461.858276 239.856003 0.674698 
475.155090 266.411346 0.594616 
489.853760 273.747925 0.757236 
458.989288 300.185181 0.608182 
513.349182 288.397827 0.810007 
533.990234 313.390106 0.632051 
466.335785 294.279572 0.531473 
511.872681 288.418518 0.702921 
510.413483 348.720001 0.790281 
482.462463 214.863251 0.834862 
0.000000 0.000000 0.000000 
467.818420 216.304245 0.781276 
0.000000 0.000000 0.000000 
18
486.943817 217.827438 0.953936 
463.348572 241.345276 0.813575 
457.531067 244.319839 0.813148 
472.195435 286.947144 0.840196 
495.741150 279.604645 0.694671 
466.300323 239.852051 0.705097 
482.504517 269.330048 0.598452 
491.320740 275.132751 0.631307 
456.062958 300.224823 0.635114 
513.355347 288.387085 0.839173 
533.978577 312.015289 0.613096 
470.708588 292.823822 0.588292 
511.866669 288.458923 0.686153 
510.415894 348.715515 0.798430 
485.431519 214.865875 0.868490 
0.000000 0.000000 0.000000 
472.226746 216.353638 0.788889 
0.000000 0.000000 0.000000 
18
489.855713 219.297974 0.859276 
464.910919 241.385284 0.813999 
461.853058 244.329514 0.808159 
473.689880 287.002502 0.827065 
494.273651 279.576691 0.670937 
475.091949 239.911240 0.716777 
488.389465 273.667786 0.654787 
488.382324 275.134796 0.492957 
454.602997 300.241852 0.649558 
513.357666 288.369843 0.861699 
533.981140 312.025421 0.597273 
473.626770 292.852631 0.646568 
511.853485 289.913818 0.691845 
510.405609 348.710968 0.816404 
488.348999 216.340271 0.901144 
0.000000 0.000000 0.000000 
476.598541 216.383560 0.865984 
0.000000 0.000000 0.000000 
18
495.745361 217.880997 0.913319 
472.205933 239.944977 0.844242 
463.387512 244.296936 0.844990 
475.141754 286.987610 0.797087 
497.157257 281.106995 0.650786 
481.028687 238.440628 0.737823 
489.874298 272.252289 0.725936 
488.426758 276.635132 0.453344 
456.047455 298.747742 0.633234 
513.400940 288.413269 0.843998 
533.983704 312.017853 0.549538 
475.129242 291.367798 0.692746 
511.900269 289.918304 0.708809 
510.409302 348.689148 0.738647 
489.881989 216.309204 0.900045 
0.000000 0.000000 0.000000 
478.066711 216.358124 0.843530 
0.000000 0.000000 0.000000 
18
498.703064 217.928040 0.939348 
475.072021 241.343246 0.894481 
464.797913 244.336151 0.806891 
475.150848 288.426666 0.832152 
494.249054 279.608643 0.601948 
485.403839 239.903641 0.820876 
492.793732 273.738831 0.701144 
0.000000 0.000000 0.000000 
454.596985 298.735596 0.632541 
513.389771 288.423096 0.860983 
535.425232 313.427795 0.465479 
475.188080 291.379761 0.673602 
511.914703 289.883179 0.679679 
510.397430 348.690765 0.679530 
497.164398 216.335556 0.895359 
0.000000 0.000000 0.000000 
483.927673 216.371841 0.803915 
0.000000 0.000000 0.000000 
18
503.087067 222.248215 0.818973 
475.185822 242.866455 0.829243 
466.366272 245.802872 0.770066 
476.564392 288.419403 0.770840 
494.285858 278.172058 0.579502 
485.418945 242.844574 0.765586 
495.706635 275.249573 0.673925 
0.000000 0.000000 0.000000 
456.048889 298.756317 0.645340 
513.404053 288.460663 0.872145 
535.394592 313.408752 0.364572 
475.168579 292.850128 0.649411 
511.911835 289.884949 0.664852 
510.390015 347.276703 0.639417 
500.153015 217.806473 0.929686 
0.000000 0.000000 0.000000 
488.325653 217.899094 0.830985 
0.000000 0.000000 0.000000 
18
507.485321 223.718002 0.796385 
476.684937 241.428131 0.806778 
473.622009 242.885223 0.805161 
476.559174 286.984161 0.709191 
497.151855 279.626221 0.503542 
486.861053 241.430038 0.726906 
497.154205 275.217377 0.581878 
0.000000 0.000000 0.000000 
460.428284 298.751923 0.607109 
513.407410 288.420349 0.849051 
533.975891 312.010498 0.481890 
475.175812 292.848145 0.635716 
511.917938 289.937256 0.665004 
510.416046 348.721832 0.763598 
501.645447 217.901840 0.873822 
0.000000 0.000000 0.000000 
489.842041 219.323639 0.793307 
0.000000 0.000000 0.000000 
18
510.365631 228.078690 0.862761 
478.119080 241.429749 0.796012 
475.121094 245.802429 0.821009 
475.189148 288.463379 0.768015 
497.139740 279.623413 0.589154 
486.860107 241.350464 0.694179 
498.655884 275.103088 0.588717 
534.000183 312.040588 0.086689 
454.609955 300.201141 0.623659 
514.813477 288.450745 0.835912 
535.395386 313.402252 0.357258 
472.202118 292.818298 0.557556 
511.960571 289.873871 0.636235 
510.410248 348.674835 0.671086 
507.468658 220.793655 0.825558 
0.000000 0.000000 0.000000 
491.352966 219.357651 0.795299 
0.000000 0.000000 0.000000 
18
511.987457 226.681747 0.843511 
482.513306 241.377258 0.795385 
476.632629 245.778152 0.852162 
475.194397 287.003479 0.816512 
498.580261 278.132629 0.725240 
486.923035 239.895081 0.679815 
498.620544 267.868713 0.444841 
0.000000 0.000000 0.000000 
460.441742 298.741760 0.616810 
514.855713 288.395691 0.864864 
533.915710 313.398804 0.409853 
473.631653 289.919556 0.542155 
513.351563 289.900116 0.611928 
510.416931 348.696503 0.664673 
510.498901 219.342728 0.886029 
0.000000 0.000000 0.000000 
498.641144 219.350098 0.821172 
0.000000 0.000000 0.000000 
18
514.878052 228.118118 0.781222 
485.391174 242.824326 0.783845 
478.121460 247.237976 0.832330 
476.603210 288.368317 0.829209 
498.648407 278.189240 0.705818 
486.942932 241.323914 0.666409 
500.081573 272.258606 0.472493 
0.000000 0.000000 0.000000 
460.425629 298.762146 0.643285 
514.863953 289.907593 0.889718 
510.479645 350.212921 0.785815 
469.251953 291.368225 0.515803 
513.372314 288.384979 0.569686 
532.450623 312.026642 0.566259 
511.957153 220.829178 0.827124 
0.000000 0.000000 0.000000 
498.720367 220.795135 0.789600 
0.000000 0.000000 0.000000 
18
517.758972 228.174866 0.828126 
486.886719 245.780487 0.772987 
479.568817 248.711197 0.775819 
476.615479 288.462158 0.796489 
498.710022 279.590088 0.600180 
494.233643 245.780975 0.646264 
500.177368 273.715485 0.550742 
532.466492 317.851593 0.226592 
456.055847 300.165283 0.624570 
516.306396 289.917053 0.867992 
510.487305 351.658630 0.765055 
470.718719 292.831390 0.503653 
513.418823 288.378967 0.537365 
531.003540 313.388031 0.487890 
513.366882 222.286255 0.843577 
0.000000 0.000000 0.000000 
500.126434 220.805817 0.788560 
0.000000 0.000000 0.000000 
18
517.771973 229.584381 0.824363 
486.894409 248.683578 0.771318 
481.037842 250.175079 0.808815 
476.618652 288.449219 0.818639 
500.078888 278.184418 0.642270 
492.789948 247.252869 0.630301 
500.136963 273.730469 0.479426 
532.513794 316.365814 0.269211 
454.573212 301.635651 0.647596 
516.320251 289.928802 0.881622 
510.474945 351.658783 0.788254 
464.873901 295.756500 0.499408 
514.823853 288.390228 0.510672 
530.988220 312.010529 0.500791 
513.385925 225.209656 0.851873 
519.225830 223.730118 0.084373 
500.145874 223.707108 0.779765 
0.000000 0.000000 0.000000 
18
519.222839 229.593369 0.878773 
488.317352 248.692535 0.781820 
483.937805 248.738190 0.833033 
476.602295 288.364746 0.850526 
500.112305 278.142334 0.707406 
495.718048 248.725449 0.677938 
500.196747 275.141632 0.514794 
533.917664 316.333252 0.340168 
456.047607 300.157410 0.650605 
514.870422 292.843414 0.850904 
510.459229 351.620758 0.855355 
469.254883 292.842133 0.505713 
516.310120 288.388702 0.532928 
531.037048 311.993744 0.542161 
513.424683 225.226013 0.877522 
0.000000 0.000000 0.000000 
501.586792 223.732132 0.800075 
0.000000 0.000000 0.000000 
18
519.211487 229.642166 0.871919 
488.326477 247.270950 0.779443 
483.946960 248.738525 0.827689 
476.621582 288.404266 0.839661 
500.150909 279.642853 0.597044 
495.722198 248.704361 0.675766 
501.613556 275.166687 0.530179 
533.886169 314.885162 0.404904 
456.018616 300.234619 0.646099 
513.434021 294.313019 0.842836 
510.455658 351.622864 0.860554 
467.777710 295.765930 0.500439 
516.309021 288.379242 0.529161 
531.025452 311.998779 0.534689 
514.818054 226.663757 0.886064 
0.000000 0.000000 0.000000 
501.619263 223.757889 0.789361 
0.000000 0.000000 0.000000 
18
519.240173 229.643051 0.865188 
488.325836 247.267090 0.786007 
483.938263 248.745758 0.824442 
476.650208 288.375427 0.822538 
500.145111 279.606415 0.584917 
495.722504 248.688187 0.678051 
503.068451 275.188141 0.530455 
533.890320 314.894989 0.422817 
454.578552 301.636932 0.664648 
513.420776 295.750061 0.811360 
510.457367 351.662872 0.828561 
466.328033 295.783264 0.512531 
514.844360 288.403564 0.540659 
531.005127 311.990967 0.508729 
514.847656 226.673843 0.872127 
0.000000 0.000000 0.000000 
503.059509 225.223648 0.787434 
0.000000 0.000000 0.000000 
18
519.216003 229.662415 0.881222 
488.337463 248.733475 0.819278 
481.016235 250.186310 0.816724 
478.067169 288.459625 0.810381 
500.127533 281.116791 0.521426 
498.594025 250.148911 0.742842 
504.538422 275.236328 0.620125 
533.891724 313.458282 0.475514 
454.593140 300.237427 0.642589 
513.415649 294.313141 0.830697 
510.452606 351.656769 0.828612 
472.209076 294.323822 0.515799 
514.860535 288.423706 0.548472 
531.023499 312.025452 0.479622 
513.418823 226.682358 0.904424 
0.000000 0.000000 0.000000 
501.582092 225.199677 0.805817 
0.000000 0.000000 0.000000 
18
517.773193 231.076294 0.850627 
486.913757 250.156509 0.829198 
478.082001 250.197266 0.812341 
478.096497 289.920563 0.744807 
501.623291 288.441284 0.316072 
497.160400 250.210297 0.751756 
508.948486 278.154175 0.694119 
533.915771 313.411682 0.714004 
453.147308 301.642303 0.650278 
513.340332 297.254852 0.819913 
510.453094 353.125061 0.860573 
470.753540 295.779907 0.517509 
516.290222 288.447083 0.561261 
528.097290 311.985901 0.329865 
513.384033 228.082764 0.904915 
519.244385 228.071198 0.135764 
500.144073 225.189545 0.804870 
0.000000 0.000000 0.000000 
18
517.766846 231.074875 0.850099 
486.910950 250.166336 0.845162 
476.689056 250.211472 0.823880 
476.666962 291.352203 0.742376 
501.604797 287.003540 0.339651 
497.159729 250.212433 0.770257 
510.391205 279.566254 0.688129 
533.912537 313.390472 0.735330 
454.536407 301.634094 0.644241 
513.341064 297.234100 0.787758 
510.457520 353.104309 0.833066 
472.191254 295.763519 0.522047 
514.858276 288.483459 0.559525 
526.620728 311.954041 0.292354 
513.375427 228.085648 0.906467 
519.231995 228.050354 0.113992 
500.139526 225.209564 0.810427 
0.000000 0.000000 0.000000 
18
519.214661 229.670029 0.879244 
486.939514 250.146652 0.851112 
476.674347 250.158051 0.832673 
478.065277 289.893494 0.769179 
504.551880 289.945404 0.231579 
497.212616 250.209854 0.786164 
510.480591 282.501190 0.684204 
533.909790 311.985382 0.802600 
453.155762 301.636749 0.644111 
511.971100 297.252686 0.810465 
510.439178 351.652435 0.854294 
472.217041 295.786896 0.513899 
514.833862 289.897308 0.519625 
525.188171 311.960876 0.277289 
513.406433 226.685516 0.899728 
0.000000 0.000000 0.000000 
500.169861 225.177307 0.814807 
0.000000 0.000000 0.000000 
18
517.777405 229.677551 0.877917 
486.934631 250.141602 0.852533 
476.674683 250.146118 0.840162 
476.659760 288.500244 0.785140 
504.582489 291.361755 0.264681 
497.197540 250.216293 0.784351 
511.858551 283.966553 0.705750 
533.888000 311.971130 0.818133 
453.109161 301.666626 0.656057 
511.958618 298.685272 0.794475 
510.443756 351.659546 0.841036 
470.743317 297.205902 0.512334 
514.820862 291.368378 0.528399 
525.150940 311.959869 0.244917 
513.365356 226.694839 0.913702 
0.000000 0.000000 0.000000 
500.117645 225.197662 0.832127 
0.000000 0.000000 0.000000 
18
517.759888 229.609039 0.902481 
486.911743 250.148911 0.847105 
476.629791 250.186142 0.849912 
476.616791 289.929993 0.784701 
501.603943 288.485931 0.244966 
497.188507 250.192871 0.784557 
510.458191 281.050537 0.701579 
533.922546 311.947998 0.824714 
453.118286 300.243622 0.645172 
511.958679 298.667999 0.783920 
510.450897 353.082825 0.824380 
472.229034 295.754822 0.525542 
513.425842 289.945129 0.532919 
525.165771 311.917236 0.242254 
513.353271 226.629227 0.912989 
0.000000 0.000000 0.000000 
500.123901 225.161835 0.819684 
0.000000 0.000000 0.000000 
18
517.763062 229.591415 0.907242 
486.901398 250.152679 0.847278 
476.594940 250.217606 0.858411 
476.583893 292.853790 0.764170 
500.164032 286.986511 0.297436 
497.202850 250.178055 0.775468 
508.983215 279.586090 0.673868 
533.939941 311.934113 0.713218 
453.118347 300.248047 0.631091 
511.964478 297.227722 0.754449 
510.464020 351.671692 0.752715 
473.675873 295.760651 0.537278 
513.409485 291.368469 0.592943 
528.073242 311.895386 0.256951 
513.348816 226.610596 0.904796 
0.000000 0.000000 0.000000 
500.114471 225.179062 0.818160 
0.000000 0.000000 0.000000 
18
517.793518 229.590973 0.916914 
486.922211 250.148056 0.850576 
476.635986 250.189072 0.848868 
476.588074 294.322632 0.784284 
507.498688 297.195099 0.237507 
497.213867 250.161240 0.780647 
510.387146 283.964264 0.716662 
533.941956 311.936035 0.760088 
453.062836 303.115112 0.618493 
511.930267 298.676056 0.807530 
510.428253 353.088379 0.814627 
472.208282 297.243164 0.518366 
513.384460 291.346802 0.518007 
528.102783 311.964966 0.252144 
513.370544 225.221176 0.900227 
0.000000 0.000000 0.000000 
500.143707 225.161880 0.819638 
0.000000 0.000000 0.000000 
18
519.228088 229.600494 0.927601 
486.924744 250.197678 0.842435 
476.662323 250.190414 0.847439 
476.623383 294.273224 0.771631 
508.975494 295.766205 0.217054 
497.180023 251.608994 0.774853 
510.458557 285.416107 0.723861 
533.918030 312.016388 0.826233 
451.662445 303.155762 0.612718 
511.927460 298.666443 0.806760 
510.484650 351.659912 0.839126 
469.271423 298.704529 0.495587 
513.376160 291.362793 0.512835 
525.172058 312.061584 0.232032 
513.383972 225.214020 0.897458 
0.000000 0.000000 0.000000 
500.127350 225.165649 0.816804 
0.000000 0.000000 0.000000 
18
519.236511 229.581848 0.931943 
486.943726 250.195969 0.834277 
478.117828 250.209259 0.832974 
476.614319 292.859528 0.771840 
510.381165 295.754425 0.248963 
497.153076 251.618500 0.755589 
511.832520 285.435516 0.666514 
532.470337 313.450073 0.751454 
451.672180 304.579742 0.618813 
511.953613 297.256500 0.761484 
510.462952 351.653961 0.839001 
467.789673 298.711456 0.506492 
513.378662 291.346954 0.536684 
525.113281 313.484039 0.297803 
513.348389 225.206894 0.909344 
519.263428 225.190598 0.106994 
498.724335 225.190674 0.838363 
0.000000 0.000000 0.000000 
18
519.260315 229.598541 0.935552 
486.968597 250.197296 0.836517 
478.103363 250.151245 0.834954 
476.604309 292.814728 0.756396 
508.942139 295.757782 0.259026 
497.211304 251.653412 0.792524 
511.849152 285.466248 0.684507 
531.001526 313.466614 0.724826 
453.039520 304.594940 0.621479 
511.899475 297.256927 0.775696 
510.475159 353.099487 0.822273 
467.816589 298.742523 0.517966 
513.344604 291.383118 0.541627 
523.665100 314.878113 0.307043 
513.381287 225.214310 0.905777 
519.222534 226.635422 0.118579 
500.088531 223.751358 0.832037 
0.000000 0.000000 0.000000 
18
519.257568 229.641602 0.917329 
486.955597 250.187927 0.830099 
478.112976 250.171631 0.845235 
475.207275 291.377380 0.758152 
506.019501 294.314911 0.297001 
497.172302 251.632446 0.767750 
511.850983 285.465759 0.678415 
530.999512 314.881348 0.705571 
453.039795 303.132965 0.629698 
511.894836 297.256317 0.727121 
510.455200 351.651520 0.800286 
467.813477 298.700043 0.536321 
511.985931 292.815430 0.576784 
523.671814 314.925812 0.287870 
513.409119 226.652390 0.906550 
0.000000 0.000000 0.000000 
500.137787 226.607407 0.830336 
0.000000 0.000000 0.000000 
18
519.250061 229.655045 0.920600 
486.966858 248.745956 0.800982 
479.558807 248.715561 0.829877 
476.566284 289.871582 0.779294 
510.386871 297.231567 0.311504 
497.147552 250.216187 0.735878 
511.838104 285.429321 0.716715 
529.547180 314.899719 0.719114 
453.061615 301.634705 0.636207 
511.843903 298.726227 0.688590 
510.430298 351.655670 0.778408 
467.799866 297.235962 0.518842 
511.891724 294.321899 0.564934 
525.115173 322.226929 0.222283 
513.415771 226.656967 0.912106 
520.683777 223.773148 0.089727 
500.145447 225.179688 0.824688 
0.000000 0.000000 0.000000 
18
519.256470 229.625092 0.921106 
488.338226 250.147125 0.822760 
479.579865 248.706619 0.830852 
475.188141 288.449493 0.812273 
506.040283 297.247437 0.283374 
497.186371 251.636475 0.777875 
511.977020 286.876801 0.779667 
533.886047 314.877899 0.730302 
453.098969 300.236481 0.683825 
511.856293 298.717102 0.617973 
510.425079 353.086945 0.575074 
469.250031 297.232178 0.537082 
511.914459 298.684662 0.666759 
508.976715 348.675598 0.633979 
513.410278 226.633041 0.901257 
0.000000 0.000000 0.000000 
500.146301 225.213470 0.827630 
0.000000 0.000000 0.000000 
18
519.243958 229.571457 0.920765 
486.967773 248.739868 0.812857 
481.011169 247.279007 0.823290 
476.553864 288.404633 0.833051 
501.640381 297.243347 0.325335 
495.733337 251.597565 0.755264 
513.377319 286.857849 0.773437 
536.898193 319.276672 0.662410 
453.110962 300.217682 0.706016 
511.952148 298.685242 0.632034 
510.404358 350.208466 0.516155 
469.249634 297.206879 0.534365 
513.381409 298.739532 0.741813 
508.964111 347.297455 0.678221 
513.396790 225.191360 0.885807 
0.000000 0.000000 0.000000 
500.127533 225.168427 0.823877 
0.000000 0.000000 0.000000 
18
519.231262 228.192383 0.923129 
488.345093 248.707184 0.809589 
482.474365 247.255386 0.832986 
476.566956 288.422699 0.820190 
506.024292 298.757294 0.371049 
497.159210 250.180176 0.751417 
513.352356 285.446136 0.797744 
538.376282 313.425873 0.590402 
453.125885 300.246277 0.702660 
514.833984 298.708740 0.623109 
545.700745 331.037231 0.215771 
469.271210 297.234375 0.549756 
514.820068 300.184082 0.775228 
510.369446 347.310333 0.833036 
513.387390 223.719162 0.884875 
0.000000 0.000000 0.000000 
500.138062 223.701324 0.824655 
0.000000 0.000000 0.000000 
18
519.239441 229.589508 0.920188 
488.325378 248.705185 0.804834 
482.477051 247.265930 0.825587 
476.619110 288.489746 0.838435 
511.933990 300.176178 0.430673 
495.711304 248.734863 0.735746 
510.447357 279.609528 0.815346 
533.872131 304.594635 0.777302 
453.119995 301.681610 0.683476 
513.373108 300.131104 0.758538 
547.201599 338.384308 0.807976 
466.354614 298.659882 0.548920 
511.962219 300.205139 0.741636 
510.476501 350.162323 0.878662 
513.425720 226.612061 0.896747 
0.000000 0.000000 0.000000 
500.188873 223.742783 0.823204 
0.000000 0.000000 0.000000 
18
520.667542 229.545029 0.914425 
488.421265 248.731705 0.811839 
483.985504 247.274536 0.843221 
478.071930 288.485687 0.807438 
514.824341 298.745941 0.367602 
498.610046 250.201736 0.781968 
513.349426 282.557251 0.849234 
532.503174 307.519562 0.841837 
454.542206 301.694031 0.671861 
511.953613 300.252167 0.789309 
545.705200 347.221436 0.824870 
467.780273 298.725006 0.508135 
511.972443 300.232239 0.679713 
511.892822 351.663483 0.811515 
514.868164 223.754486 0.865490 
0.000000 0.000000 0.000000 
501.614624 222.281357 0.796069 
0.000000 0.000000 0.000000 
18
522.132813 229.570175 0.935078 
489.842438 247.255066 0.757451 
485.450562 247.239594 0.844186 
478.133026 288.413422 0.798830 
519.266479 300.224335 0.342877 
498.630829 250.150589 0.703312 
514.811646 285.457245 0.785621 
531.003723 310.431641 0.810723 
456.064789 300.229279 0.647776 
513.394043 303.131927 0.758714 
533.977478 356.007324 0.909442 
472.187653 295.772675 0.509784 
513.389404 300.219940 0.626481 
511.875488 347.309265 0.763251 
520.667664 225.180618 0.850980 
0.000000 0.000000 0.000000 
506.026825 220.830002 0.758199 
0.000000 0.000000 0.000000 
18
525.126892 229.633881 0.895101 
495.742310 250.145874 0.801578 
486.970917 248.719894 0.882667 
478.064301 289.858215 0.771981 
510.417206 297.241394 0.372155 
501.637329 251.626541 0.747061 
514.864136 286.959778 0.871469 
529.564819 313.440369 0.812472 
457.511322 300.205353 0.666589 
514.860962 307.505096 0.706900 
523.686462 323.436371 0.050205 
473.665009 295.801422 0.516424 
514.832581 301.651093 0.544111 
511.866180 345.742432 0.491460 
523.624023 226.632141 0.884849 
0.000000 0.000000 0.000000 
510.460693 225.225662 0.783258 
0.000000 0.000000 0.000000 
18
528.091858 231.116135 0.834629 
498.658508 250.189972 0.835640 
489.841675 248.693329 0.877347 
479.577942 288.477112 0.761169 
513.398315 300.212036 0.447186 
506.004425 251.708862 0.745169 
516.283264 288.420563 0.818117 
529.511841 319.311005 0.816231 
456.044800 300.208252 0.693752 
516.282104 308.955200 0.679275 
522.249207 323.593353 0.061932 
470.731964 297.259064 0.497176 
516.301208 303.148071 0.524540 
511.883118 347.188965 0.480987 
525.132996 228.107513 0.865433 
0.000000 0.000000 0.000000 
511.963257 226.676193 0.778602 
0.000000 0.000000 0.000000 
18
532.508362 238.414703 0.827103 
500.172729 251.680542 0.854479 
492.802765 250.196442 0.884164 
483.960419 289.907532 0.780886 
513.364197 300.198273 0.530829 
510.387238 254.576523 0.742152 
517.781738 292.825287 0.752159 
526.603455 323.713409 0.883516 
460.417969 298.755768 0.686696 
514.869568 310.494629 0.710800 
513.374817 359.005035 0.874892 
475.127258 295.781372 0.552969 
520.666077 309.000671 0.508561 
517.780701 345.719238 0.418056 
532.441895 229.643265 0.820955 
533.974548 235.508286 0.171780 
519.261414 228.130569 0.748553 
0.000000 0.000000 0.000000 
18
538.368042 239.860382 0.692554 
504.532043 253.082092 0.801017 
498.610413 250.193375 0.884874 
486.826569 289.879211 0.768106 
522.115417 308.983856 0.449631 
511.859833 254.598236 0.734197 
522.179077 295.738312 0.758771 
529.538696 325.158813 0.865294 
460.414246 298.762848 0.669173 
516.342529 310.500671 0.710765 
523.630554 325.283203 0.056050 
473.701935 297.222260 0.527259 
520.696106 308.977570 0.516131 
516.318298 347.252686 0.454858 
536.901733 231.088379 0.697350 
0.000000 0.000000 0.000000 
525.106506 229.558212 0.745246 
0.000000 0.000000 0.000000 
18
544.216309 241.394424 0.815981 
508.928864 253.083282 0.803796 
500.088745 251.641190 0.913323 
486.852844 288.492950 0.795202 
522.174805 310.389191 0.397742 
513.412170 253.172729 0.697146 
523.623169 291.381805 0.727532 
532.456482 328.092163 0.906152 
460.417450 298.648987 0.663962 
519.238953 311.928558 0.762196 
523.758972 326.690491 0.054925 
475.104462 292.822083 0.516820 
522.119019 307.514404 0.498072 
517.798950 345.772644 0.379777 
542.739685 235.514404 0.747468 
0.000000 0.000000 0.000000 
529.524841 229.665192 0.749651 
0.000000 0.000000 0.000000 
18
545.677002 241.419052 0.855371 
510.469788 254.605942 0.839532 
501.600250 251.713348 0.890933 
485.455963 289.898041 0.802207 
511.944885 300.255096 0.289857 
520.710327 260.460876 0.713146 
526.588745 298.651855 0.826550 
533.928650 329.571625 0.967076 
460.442780 297.199280 0.660314 
520.685425 311.995880 0.838690 
513.391418 359.094269 0.864951 
475.174744 292.831482 0.497985 
522.227417 308.976715 0.463454 
513.361450 347.226501 0.367112 
544.221985 238.394302 0.790838 
0.000000 0.000000 0.000000 
532.453125 233.999786 0.725626 
0.000000 0.000000 0.000000 
18
545.758057 242.858887 0.858399 
511.879456 254.655304 0.810625 
503.061066 251.666245 0.888968 
486.886414 289.902466 0.802747 
511.865814 298.770782 0.442278 
522.151428 263.376465 0.673542 
528.109741 298.654510 0.751738 
535.446838 331.057678 0.998477 
461.870392 297.210022 0.679446 
520.738770 311.967133 0.914525 
513.382874 360.445953 0.869299 
476.587158 295.739594 0.473534 
523.643860 307.538086 0.395196 
511.912445 348.711121 0.306582 
545.638306 238.396301 0.807805 
547.156677 241.339005 0.268369 
529.567261 229.662338 0.675344 
0.000000 0.000000 0.000000 
18
547.122192 244.305069 0.857243 
511.845306 256.063293 0.804418 
503.069733 251.696030 0.897294 
486.853912 291.404053 0.762157 
510.487427 298.709045 0.494985 
520.725586 261.973114 0.628239 
528.104858 297.243896 0.756234 
536.870178 331.044861 0.940275 
460.446960 297.231018 0.671700 
522.137695 312.009094 0.898966 
513.339661 359.086578 0.864395 
475.124115 295.738190 0.467325 
522.253357 308.979858 0.402320 
533.900818 323.738037 0.059763 
545.675842 239.831223 0.828928 
547.182495 241.386490 0.211184 
531.030457 232.560562 0.658496 
0.000000 0.000000 0.000000 
18
547.146606 242.876266 0.757376 
510.480164 254.650360 0.808265 
503.062286 251.699707 0.903375 
486.842926 291.374481 0.772051 
510.460022 298.705536 0.582115 
520.708191 261.929657 0.630128 
528.054871 297.196289 0.749378 
536.923401 325.223022 0.940023 
460.430511 298.644104 0.674061 
522.144104 312.007202 0.940214 
511.969818 359.071808 0.887815 
473.696594 295.748352 0.454452 
523.594421 307.534454 0.346609 
510.405426 347.281128 0.215617 
545.739502 239.847504 0.769511 
0.000000 0.000000 0.000000 
533.987610 235.514603 0.736487 
0.000000 0.000000 0.000000 
18
545.645691 241.391205 0.846996 
510.397583 256.084198 0.821973 
500.143677 253.076080 0.931562 
486.855225 291.400177 0.799011 
511.864105 297.266022 0.581144 
520.698181 263.387054 0.694989 
526.617920 295.750702 0.780005 
536.927002 323.704010 0.943573 
460.419312 298.642212 0.672780 
522.129578 311.992767 0.919144 
511.961426 359.087738 0.874041 
475.137512 295.775085 0.484744 
523.609924 307.509735 0.359351 
510.363831 347.305084 0.268264 
542.747925 236.986832 0.764050 
0.000000 0.000000 0.000000 
529.537537 232.590164 0.674431 
0.000000 0.000000 0.000000 
18
542.746826 239.863205 0.821599 
507.512390 253.129272 0.805118 
498.698181 251.687775 0.933750 
486.837921 291.368225 0.805429 
511.896118 298.671814 0.557301 
514.850159 254.616821 0.699495 
525.112122 289.941925 0.847038 
535.522644 322.155121 0.897592 
460.443176 298.702393 0.669752 
520.742981 311.941925 0.877542 
511.976288 360.452057 0.846549 
473.698059 295.778412 0.498923 
522.216919 304.593353 0.376657 
510.406616 348.696899 0.272242 
538.408203 231.114471 0.783754 
0.000000 0.000000 0.000000 
528.049255 229.594391 0.739544 
0.000000 0.000000 0.000000 
18
535.471069 231.126480 0.880303 
504.573944 253.138260 0.831564 
497.213501 251.713257 0.887098 
485.390686 291.378510 0.770056 
513.401062 298.759064 0.603781 
511.968384 254.581909 0.773631 
523.626892 288.485748 0.919021 
535.438904 313.424774 0.876296 
460.420166 297.252625 0.671505 
519.270142 311.951782 0.817476 
513.368713 360.516479 0.802920 
475.119690 294.295685 0.522030 
522.167297 309.014465 0.468589 
510.431183 351.650726 0.400663 
533.939331 228.130341 0.886398 
535.506226 229.581619 0.251958 
520.727905 228.174774 0.724602 
0.000000 0.000000 0.000000 
18
532.474976 228.194427 0.922104 
500.171844 251.606430 0.879341 
491.346924 251.685715 0.888818 
485.442566 291.347443 0.855371 
519.269226 300.137909 0.857324 
510.437927 250.217667 0.805278 
519.214661 285.483704 0.853166 
533.861877 309.020111 0.806069 
461.890808 297.236694 0.714848 
517.776611 311.934784 0.816175 
513.363464 360.475830 0.831062 
476.602203 291.383636 0.606622 
522.161621 310.406342 0.568302 
511.907013 350.188721 0.500177 
525.168640 223.738602 0.834836 
532.422668 226.605743 0.222932 
511.938904 226.640228 0.754760 
0.000000 0.000000 0.000000 
