69
1
18
580.996094 157.533554 0.927689 
555.947937 201.682297 0.790278 
561.899597 204.636292 0.852696 
564.828247 250.189331 0.868120 
581.012756 276.685394 0.976388 
545.679932 197.250366 0.673096 
542.783264 239.917511 0.051898 
0.000000 0.000000 0.000000 
557.436829 272.234131 0.746844 
550.149292 317.801941 0.698835 
547.233521 361.952942 0.747543 
545.666626 266.399231 0.690214 
550.140442 313.436859 0.710299 
547.223877 357.509552 0.729710 
576.585144 150.220779 0.838593 
0.000000 0.000000 0.000000 
560.478271 157.517426 0.795865 
0.000000 0.000000 0.000000 
18
580.955811 157.571869 0.947280 
554.515381 200.178040 0.772397 
560.441040 204.613937 0.873109 
564.805298 248.715012 0.848276 
581.029846 276.669586 0.982959 
545.666870 194.352539 0.683755 
541.335266 239.916702 0.050974 
0.000000 0.000000 0.000000 
557.402893 270.782196 0.732301 
551.576538 316.377380 0.687343 
547.232849 361.961517 0.758366 
545.678284 266.368988 0.677752 
550.144958 313.427917 0.700695 
547.234802 357.510559 0.738135 
575.099426 151.691650 0.854222 
0.000000 0.000000 0.000000 
560.406799 157.593124 0.831456 
0.000000 0.000000 0.000000 
18
580.923157 157.603180 0.957004 
554.541870 200.178009 0.773623 
560.427490 204.611084 0.875742 
564.839722 248.716019 0.853230 
581.007263 276.732605 0.954069 
545.716431 194.355789 0.690868 
547.166870 239.874954 0.050540 
0.000000 0.000000 0.000000 
557.449707 273.669586 0.746254 
551.578064 319.289215 0.706764 
547.224243 361.933228 0.760425 
545.714172 267.856903 0.680475 
548.678589 314.906006 0.713725 
547.220032 357.520203 0.762353 
573.637268 151.716949 0.870676 
0.000000 0.000000 0.000000 
558.975098 157.606842 0.857638 
0.000000 0.000000 0.000000 
18
580.918457 157.620895 0.952870 
554.503784 200.211166 0.781406 
560.449219 204.604370 0.869850 
564.808167 245.812363 0.852684 
579.542297 276.721283 0.927268 
545.679260 195.803329 0.692173 
548.649719 239.875839 0.050626 
0.000000 0.000000 0.000000 
557.414001 272.270905 0.729785 
550.131104 317.849762 0.703737 
547.223206 361.924683 0.765450 
545.701782 267.837769 0.669902 
548.683350 314.874756 0.708315 
547.235107 357.514648 0.769612 
572.235413 153.143784 0.865527 
0.000000 0.000000 0.000000 
558.957153 157.616486 0.838217 
0.000000 0.000000 0.000000 
18
579.554504 157.626205 0.945036 
554.544678 201.649323 0.797492 
561.885437 204.618271 0.863655 
564.821289 247.253494 0.841636 
576.585693 278.101807 0.894695 
545.689575 195.817078 0.693062 
550.101685 239.854782 0.051991 
0.000000 0.000000 0.000000 
555.984070 270.789032 0.699918 
551.618591 313.443787 0.680389 
547.214172 360.503479 0.772629 
545.662903 266.371490 0.670621 
551.571716 311.904480 0.709891 
547.232605 357.477783 0.765263 
572.225830 153.142593 0.861254 
0.000000 0.000000 0.000000 
558.945068 157.615097 0.844331 
0.000000 0.000000 0.000000 
18
579.550049 158.968048 0.944715 
554.522034 198.751663 0.806044 
561.920044 204.576828 0.846346 
563.360168 248.691055 0.836123 
578.028381 276.707733 0.907977 
544.262268 194.348755 0.715715 
541.313416 239.861099 0.056051 
0.000000 0.000000 0.000000 
554.526062 269.304413 0.689498 
553.053406 313.394012 0.685646 
547.231079 360.506042 0.764237 
542.773865 264.920898 0.673108 
551.600647 310.475281 0.691763 
547.236084 357.476898 0.756888 
572.216797 154.596375 0.869350 
0.000000 0.000000 0.000000 
558.963806 158.979553 0.851070 
0.000000 0.000000 0.000000 
18
580.945618 158.965973 0.941326 
555.985718 197.248566 0.778188 
560.408447 203.161682 0.859986 
559.012146 247.255386 0.872706 
582.532166 275.144531 0.971780 
547.154602 194.308990 0.667087 
567.768799 242.861099 0.136135 
582.432617 264.878876 0.180407 
551.609558 266.388824 0.683903 
551.607239 313.424835 0.720133 
548.633057 364.857666 0.776208 
545.696838 264.854492 0.615982 
554.530212 311.925537 0.680121 
547.176392 357.513580 0.722678 
573.647156 154.597015 0.857473 
0.000000 0.000000 0.000000 
558.986023 158.988968 0.856346 
0.000000 0.000000 0.000000 
18
580.983521 158.997833 0.934106 
551.616516 198.735550 0.754108 
558.951843 204.610687 0.881449 
558.938660 247.241379 0.908059 
594.254333 260.467010 0.886301 
544.259033 194.334335 0.676968 
545.737000 234.041321 0.061330 
0.000000 0.000000 0.000000 
555.964905 269.293427 0.741077 
551.585510 316.344513 0.711037 
547.270020 364.886749 0.763379 
545.700745 264.941467 0.637936 
553.065125 313.395691 0.670588 
547.241150 357.542664 0.716692 
575.151978 154.616608 0.848840 
0.000000 0.000000 0.000000 
560.413879 157.597412 0.843175 
0.000000 0.000000 0.000000 
18
580.964233 160.485962 0.920840 
548.702087 194.321442 0.805392 
556.032532 201.641006 0.829160 
564.803467 241.326736 0.933961 
594.305908 232.559296 0.915084 
545.673584 191.362076 0.667489 
569.263550 214.910553 0.264638 
583.934814 206.121567 0.595459 
554.515503 267.862000 0.744205 
553.049316 313.446838 0.717482 
547.266479 364.858765 0.749514 
545.675964 264.906921 0.643689 
553.072083 311.948578 0.681332 
547.243713 357.518433 0.730855 
576.589111 157.538742 0.891143 
0.000000 0.000000 0.000000 
560.443726 159.023758 0.832340 
0.000000 0.000000 0.000000 
18
579.536438 163.474121 0.856739 
547.174011 194.298553 0.782071 
551.607056 197.257080 0.833453 
572.214478 235.490921 0.887632 
594.200745 200.198898 0.867467 
542.766479 192.810059 0.656573 
569.213135 226.658386 0.178531 
0.000000 0.000000 0.000000 
554.563049 266.362061 0.771353 
553.078125 312.007233 0.716398 
547.268555 363.401184 0.744474 
545.696533 264.844574 0.680323 
553.049683 311.900146 0.694390 
547.227173 357.503387 0.726227 
575.114197 159.019791 0.900032 
0.000000 0.000000 0.000000 
560.405823 159.089981 0.846547 
0.000000 0.000000 0.000000 
18
573.677734 170.829025 0.304871 
548.668152 194.283493 0.747141 
551.603638 195.821136 0.851976 
591.281006 217.805801 0.933869 
581.039795 181.026321 0.907280 
547.150513 191.408356 0.572009 
580.938477 216.397263 0.109472 
0.000000 0.000000 0.000000 
553.073242 266.351990 0.725710 
551.621948 313.403137 0.713762 
547.266724 363.429077 0.773505 
547.174194 264.889923 0.641797 
554.526611 311.910156 0.702838 
547.209595 357.468903 0.723869 
572.199646 163.457809 0.385823 
0.000000 0.000000 0.000000 
560.441650 166.398376 0.677305 
0.000000 0.000000 0.000000 
18
570.727783 167.849487 0.266154 
548.640930 192.849274 0.790911 
554.525574 194.305115 0.931006 
595.704163 195.833206 0.888709 
572.210632 169.308640 0.808530 
545.716858 191.347366 0.546293 
592.809998 197.265686 0.088421 
0.000000 0.000000 0.000000 
551.615784 264.939362 0.717802 
553.050659 312.004181 0.706871 
547.268921 363.427460 0.754596 
545.723755 263.453125 0.676392 
554.515442 310.514679 0.691006 
547.221680 357.507507 0.728519 
570.671326 160.490662 0.317006 
0.000000 0.000000 0.000000 
560.400818 161.997253 0.633262 
0.000000 0.000000 0.000000 
18
0.000000 0.000000 0.000000 
550.149841 192.889862 0.654033 
554.561401 192.919556 0.929028 
594.235535 182.522507 0.887090 
567.783630 162.004013 0.768455 
548.638611 192.889313 0.469222 
0.000000 0.000000 0.000000 
0.000000 0.000000 0.000000 
555.948059 264.906403 0.718120 
555.989014 313.420044 0.686680 
547.265686 363.387665 0.692495 
545.670166 263.419922 0.691354 
548.692261 311.930695 0.733080 
547.214478 358.997467 0.745848 
0.000000 0.000000 0.000000 
0.000000 0.000000 0.000000 
564.816040 164.904587 0.299296 
0.000000 0.000000 0.000000 
18
0.000000 0.000000 0.000000 
548.711853 191.393936 0.651507 
556.016418 192.879181 0.934369 
591.312500 179.582535 0.814173 
560.412231 160.482697 0.752052 
545.743408 189.932129 0.456001 
0.000000 0.000000 0.000000 
0.000000 0.000000 0.000000 
556.014221 266.364746 0.735982 
555.974426 314.884552 0.697004 
547.249329 364.860291 0.729579 
544.255920 264.851715 0.668573 
550.101990 311.969849 0.724492 
547.239075 358.984650 0.734129 
0.000000 0.000000 0.000000 
0.000000 0.000000 0.000000 
566.286682 167.860657 0.271195 
561.892212 159.038422 0.150015 
18
0.000000 0.000000 0.000000 
548.653931 191.412415 0.669981 
556.016052 192.841064 0.932811 
589.841797 175.226151 0.821425 
558.981384 160.494873 0.787181 
545.662231 191.371780 0.465825 
0.000000 0.000000 0.000000 
0.000000 0.000000 0.000000 
556.018066 264.879456 0.742653 
556.029480 313.396698 0.722019 
547.248962 364.866455 0.730084 
544.254028 263.385681 0.680681 
550.136230 310.523926 0.738947 
547.237244 358.957703 0.727166 
0.000000 0.000000 0.000000 
0.000000 0.000000 0.000000 
560.426331 169.337601 0.224002 
558.972839 159.037827 0.095472 
18
0.000000 0.000000 0.000000 
547.260315 191.363129 0.689974 
557.434631 192.858810 0.961530 
591.282288 175.223480 0.827102 
561.877625 161.956589 0.723798 
542.779541 188.433334 0.468609 
544.183533 173.771027 0.099169 
0.000000 0.000000 0.000000 
557.408813 264.948029 0.763036 
557.421631 313.410492 0.719064 
547.238220 363.385040 0.718403 
542.796875 263.430939 0.685493 
548.704407 311.894775 0.754272 
547.260803 358.966125 0.743450 
0.000000 0.000000 0.000000 
0.000000 0.000000 0.000000 
558.930359 170.759430 0.275150 
554.534851 160.550842 0.102093 
18
0.000000 0.000000 0.000000 
547.206848 191.331070 0.737374 
557.458496 192.838013 0.959844 
591.279419 178.130890 0.828800 
566.282715 163.451614 0.725243 
538.357605 184.048721 0.539502 
544.175293 178.135010 0.092591 
0.000000 0.000000 0.000000 
557.401611 264.904297 0.769336 
557.440796 311.995300 0.725418 
547.240051 361.959503 0.713588 
542.781738 263.389008 0.683478 
550.107239 310.475861 0.751696 
547.234924 357.565582 0.748325 
0.000000 0.000000 0.000000 
0.000000 0.000000 0.000000 
558.923523 170.744919 0.291385 
557.473572 159.147232 0.112269 
18
0.000000 0.000000 0.000000 
547.250244 192.799728 0.735421 
557.428650 192.809357 0.942555 
591.251465 179.603195 0.809286 
569.219849 164.907928 0.712142 
544.201843 192.803131 0.543568 
0.000000 0.000000 0.000000 
0.000000 0.000000 0.000000 
557.430542 264.909454 0.769722 
557.451599 313.398926 0.733956 
547.249817 363.401276 0.729865 
544.224915 263.407349 0.698448 
548.680420 310.511536 0.765386 
547.253235 358.976837 0.750696 
0.000000 0.000000 0.000000 
0.000000 0.000000 0.000000 
558.968628 169.316147 0.319113 
557.408386 160.495483 0.115714 
18
0.000000 0.000000 0.000000 
548.650452 191.353897 0.720167 
557.490906 192.815063 0.942890 
591.261475 179.594681 0.811166 
566.284180 166.402084 0.669760 
542.797729 188.423706 0.550857 
0.000000 0.000000 0.000000 
0.000000 0.000000 0.000000 
556.033630 264.852692 0.766010 
557.475891 311.973236 0.750370 
547.241577 364.854828 0.730904 
542.772156 261.964508 0.681272 
548.714783 310.467072 0.759311 
547.252563 358.976135 0.732580 
0.000000 0.000000 0.000000 
0.000000 0.000000 0.000000 
561.897278 167.881744 0.311354 
555.980408 161.979721 0.133969 
18
0.000000 0.000000 0.000000 
548.695862 192.824478 0.674707 
557.505005 192.870255 0.969941 
591.310791 179.586533 0.841007 
561.879150 167.871918 0.724015 
544.227112 191.405426 0.535162 
0.000000 0.000000 0.000000 
0.000000 0.000000 0.000000 
557.412720 263.461090 0.774486 
557.504089 311.964050 0.762294 
547.234192 361.965759 0.723356 
544.217957 261.953522 0.693205 
548.712891 310.464325 0.764736 
547.250549 357.536224 0.734424 
0.000000 0.000000 0.000000 
0.000000 0.000000 0.000000 
566.299011 169.260910 0.238438 
548.708740 167.805344 0.113881 
18
0.000000 0.000000 0.000000 
550.126465 192.810928 0.672540 
558.907898 192.877090 0.955044 
592.736084 179.584442 0.822858 
563.343994 167.869385 0.669913 
545.632080 191.349945 0.530557 
0.000000 0.000000 0.000000 
0.000000 0.000000 0.000000 
557.411804 264.878296 0.766220 
557.481384 311.985962 0.747939 
547.232117 363.412079 0.730093 
542.780579 261.977325 0.694024 
548.699585 310.479431 0.754654 
547.237671 357.563660 0.736277 
0.000000 0.000000 0.000000 
0.000000 0.000000 0.000000 
569.230042 169.300522 0.289703 
557.463623 163.451492 0.141583 
18
0.000000 0.000000 0.000000 
553.086670 192.775269 0.618957 
558.916992 192.838058 0.934279 
591.264954 179.572800 0.822670 
561.874329 167.814331 0.655666 
545.764526 191.392838 0.517583 
0.000000 0.000000 0.000000 
0.000000 0.000000 0.000000 
557.445068 264.923462 0.765782 
557.471680 313.394897 0.750195 
547.226990 363.390869 0.747996 
544.259888 263.402039 0.697063 
548.707397 310.493347 0.746033 
547.198059 357.545288 0.746489 
0.000000 0.000000 0.000000 
0.000000 0.000000 0.000000 
570.732666 169.311829 0.241022 
557.514709 161.943558 0.169879 
18
0.000000 0.000000 0.000000 
550.148499 189.924088 0.640104 
557.466980 192.806473 0.930653 
588.369324 176.700424 0.802944 
561.887451 162.002045 0.633172 
545.686218 189.895874 0.503861 
0.000000 0.000000 0.000000 
0.000000 0.000000 0.000000 
557.447388 264.858337 0.772016 
557.522034 311.978943 0.770223 
547.224060 361.944366 0.768876 
545.654419 261.973602 0.698785 
550.116760 310.440125 0.757900 
547.205872 357.513977 0.729310 
0.000000 0.000000 0.000000 
0.000000 0.000000 0.000000 
567.773315 166.409103 0.337402 
0.000000 0.000000 0.000000 
18
0.000000 0.000000 0.000000 
550.133423 191.359665 0.640010 
557.431763 191.390427 0.904107 
585.429993 172.318237 0.847930 
556.002380 160.521866 0.885993 
545.717651 191.368881 0.536855 
0.000000 0.000000 0.000000 
0.000000 0.000000 0.000000 
557.456726 263.461761 0.773796 
557.521851 311.958923 0.767467 
547.225952 361.927826 0.761062 
545.667358 261.950989 0.703666 
550.142273 310.432037 0.754517 
547.213684 357.524963 0.740101 
0.000000 0.000000 0.000000 
0.000000 0.000000 0.000000 
570.741516 166.360046 0.215639 
566.255615 157.591034 0.134848 
18
0.000000 0.000000 0.000000 
550.122375 188.418732 0.661479 
556.024414 191.372467 0.868799 
583.987183 173.734375 0.800294 
558.923157 160.527176 0.793796 
544.260010 184.010971 0.508169 
547.107666 172.341812 0.073541 
548.670044 159.074615 0.259184 
557.437866 263.421753 0.767574 
557.500549 311.955566 0.767975 
547.259521 363.414551 0.736722 
547.206787 261.955048 0.676756 
553.051331 310.457275 0.729722 
547.227112 357.545135 0.737301 
0.000000 0.000000 0.000000 
0.000000 0.000000 0.000000 
566.296448 166.365616 0.333333 
563.337891 157.602509 0.089321 
18
0.000000 0.000000 0.000000 
548.664734 191.337967 0.653156 
556.024109 192.797394 0.935611 
585.406921 172.270248 0.847920 
557.479431 160.541977 0.824019 
544.209412 188.429489 0.486673 
545.618774 175.212677 0.062471 
547.199097 160.508545 0.266949 
557.497864 264.860107 0.780166 
557.533386 312.006042 0.765031 
547.240417 361.965637 0.743825 
545.723938 263.379730 0.724791 
550.149048 310.476135 0.754672 
547.236145 357.549011 0.738421 
0.000000 0.000000 0.000000 
0.000000 0.000000 0.000000 
570.719910 167.813019 0.254678 
566.266968 157.650970 0.089954 
18
0.000000 0.000000 0.000000 
548.687927 192.779816 0.687040 
556.035583 192.816254 0.927095 
586.884521 173.777893 0.802809 
560.424133 163.463333 0.713014 
545.658508 191.393997 0.531977 
0.000000 0.000000 0.000000 
0.000000 0.000000 0.000000 
557.482056 264.864685 0.784869 
557.531311 313.388641 0.758884 
547.246033 363.386536 0.742684 
545.682922 263.370880 0.720721 
550.119446 310.475311 0.757981 
547.233582 357.552856 0.741295 
0.000000 0.000000 0.000000 
0.000000 0.000000 0.000000 
567.753906 169.258102 0.276562 
558.904297 159.114868 0.124658 
18
0.000000 0.000000 0.000000 
551.580078 192.840820 0.640247 
557.434204 192.841461 0.932519 
586.875977 176.671021 0.789215 
558.975098 164.888245 0.660308 
545.727173 194.289429 0.523526 
0.000000 0.000000 0.000000 
0.000000 0.000000 0.000000 
557.481628 264.885071 0.779406 
557.511230 312.010101 0.750632 
547.243958 363.409180 0.746939 
545.723511 263.397583 0.708493 
551.604065 310.472656 0.727268 
547.227844 357.514648 0.725188 
0.000000 0.000000 0.000000 
0.000000 0.000000 0.000000 
569.246826 169.284592 0.267652 
558.936340 159.137985 0.128429 
18
0.000000 0.000000 0.000000 
548.679260 191.370331 0.681627 
557.497864 192.832642 0.920791 
588.359192 175.233139 0.796069 
566.302917 164.924088 0.631023 
544.222839 191.378784 0.524635 
0.000000 0.000000 0.000000 
0.000000 0.000000 0.000000 
557.479675 264.878815 0.782436 
558.885254 311.981110 0.767196 
547.237854 364.854309 0.752413 
545.680542 263.383453 0.709807 
551.598877 310.449554 0.729634 
547.216431 357.535309 0.731165 
0.000000 0.000000 0.000000 
0.000000 0.000000 0.000000 
566.276733 167.867111 0.304154 
554.506470 160.548843 0.163272 
18
0.000000 0.000000 0.000000 
548.681824 192.863480 0.683985 
558.898071 192.868423 0.922495 
591.260315 178.145233 0.829142 
558.956360 167.877457 0.697088 
542.796936 192.894531 0.545209 
0.000000 0.000000 0.000000 
0.000000 0.000000 0.000000 
557.526794 264.911652 0.781086 
557.539490 313.393555 0.758888 
547.248047 363.413757 0.740874 
545.650391 263.410980 0.719243 
550.163635 310.480255 0.738252 
547.232300 357.527893 0.726353 
0.000000 0.000000 0.000000 
0.000000 0.000000 0.000000 
564.814880 167.867218 0.146220 
548.663635 169.257187 0.154365 
18
0.000000 0.000000 0.000000 
548.660706 192.902206 0.699529 
557.516052 192.915085 0.934315 
591.314514 179.591232 0.828433 
560.444397 169.247925 0.706554 
544.197449 194.289566 0.555071 
0.000000 0.000000 0.000000 
0.000000 0.000000 0.000000 
558.902771 266.351471 0.769335 
558.894226 313.453278 0.761696 
547.229492 363.399384 0.762029 
544.251587 263.447968 0.721658 
550.125061 311.890106 0.784257 
547.219482 357.554688 0.741523 
0.000000 0.000000 0.000000 
0.000000 0.000000 0.000000 
566.289673 167.849182 0.216972 
557.500916 160.521347 0.176912 
18
0.000000 0.000000 0.000000 
548.650818 192.807968 0.724118 
557.501282 192.892059 0.932283 
592.702942 178.117508 0.831031 
561.895630 166.395065 0.660747 
542.754700 191.384918 0.546439 
0.000000 0.000000 0.000000 
0.000000 0.000000 0.000000 
557.509888 264.921783 0.777834 
558.917786 313.402222 0.775682 
547.226257 363.414795 0.750491 
545.646179 263.424500 0.716117 
550.141907 310.500000 0.780739 
547.234253 357.567596 0.741074 
0.000000 0.000000 0.000000 
0.000000 0.000000 0.000000 
560.442505 167.818726 0.338338 
553.053223 159.091888 0.135604 
18
0.000000 0.000000 0.000000 
548.702820 192.835220 0.704007 
557.520630 192.865082 0.924961 
591.278687 176.677231 0.849264 
558.909973 164.932709 0.766657 
544.201721 192.813782 0.539461 
0.000000 0.000000 0.000000 
0.000000 0.000000 0.000000 
557.500122 264.905701 0.782902 
558.904358 312.006470 0.766457 
547.235962 361.963593 0.743894 
544.244751 263.394684 0.709543 
550.144226 310.472382 0.770028 
547.224548 357.527100 0.744728 
0.000000 0.000000 0.000000 
0.000000 0.000000 0.000000 
567.733459 160.566025 0.211600 
557.450195 158.984726 0.164652 
18
0.000000 0.000000 0.000000 
547.254395 192.779053 0.749970 
558.918518 192.885361 0.940241 
591.310852 176.658157 0.836066 
558.989197 167.816742 0.796227 
538.379639 188.425064 0.547942 
0.000000 0.000000 0.000000 
0.000000 0.000000 0.000000 
557.508301 264.951569 0.784038 
557.538208 313.425415 0.761371 
547.231995 361.965942 0.745904 
544.189819 263.431122 0.705983 
550.120483 310.508240 0.778823 
547.208313 357.559357 0.749713 
0.000000 0.000000 0.000000 
0.000000 0.000000 0.000000 
560.412781 166.387955 0.246004 
554.539551 159.088242 0.114172 
18
0.000000 0.000000 0.000000 
548.640808 192.800461 0.728068 
557.493774 192.884842 0.961175 
592.721436 178.149246 0.817569 
561.879517 167.847519 0.742576 
542.752441 189.925232 0.541425 
0.000000 0.000000 0.000000 
0.000000 0.000000 0.000000 
557.480713 264.895630 0.786603 
558.891907 312.006317 0.764881 
547.234131 363.386353 0.745330 
544.235413 263.384491 0.706590 
550.150940 310.479004 0.764939 
547.230591 357.548096 0.739009 
0.000000 0.000000 0.000000 
0.000000 0.000000 0.000000 
558.954590 167.817169 0.316532 
557.470825 159.076294 0.128666 
18
0.000000 0.000000 0.000000 
551.582886 192.840057 0.667629 
558.929504 192.873657 0.952395 
592.724060 178.172729 0.788249 
561.889221 169.263885 0.734162 
545.671082 192.819778 0.544055 
0.000000 0.000000 0.000000 
0.000000 0.000000 0.000000 
557.502502 264.913818 0.776211 
558.883911 313.406921 0.755850 
547.244934 363.387268 0.740151 
545.647583 263.402985 0.706671 
550.142761 310.491180 0.761655 
547.218628 357.562592 0.742109 
0.000000 0.000000 0.000000 
0.000000 0.000000 0.000000 
564.841003 164.914978 0.293207 
557.459473 159.120728 0.186333 
18
0.000000 0.000000 0.000000 
548.701965 192.901917 0.723144 
558.971497 194.289383 0.901135 
594.209900 178.163666 0.771045 
569.206543 169.259644 0.682008 
544.178894 192.885376 0.596915 
0.000000 0.000000 0.000000 
0.000000 0.000000 0.000000 
557.544312 266.364014 0.770438 
557.541199 313.431366 0.751709 
547.226868 363.400940 0.738991 
544.215393 263.465027 0.714028 
550.126587 310.506104 0.761504 
547.224121 357.554901 0.730673 
0.000000 0.000000 0.000000 
0.000000 0.000000 0.000000 
560.463379 169.281204 0.382047 
550.109802 160.559128 0.231940 
18
0.000000 0.000000 0.000000 
554.505798 192.854080 0.680441 
558.922302 194.281158 0.875637 
595.726990 181.061691 0.755489 
573.654663 169.340302 0.643696 
545.753601 192.801514 0.560677 
0.000000 0.000000 0.000000 
0.000000 0.000000 0.000000 
557.489563 264.938629 0.764421 
557.528381 313.401642 0.742227 
547.227112 363.413147 0.729265 
545.687988 263.434570 0.708792 
550.164673 310.504700 0.746402 
547.236633 357.551453 0.719638 
0.000000 0.000000 0.000000 
0.000000 0.000000 0.000000 
567.792725 169.328552 0.411664 
550.156311 160.493149 0.200882 
18
0.000000 0.000000 0.000000 
551.622192 192.790695 0.708725 
558.912354 194.335953 0.883722 
595.698914 185.515121 0.736947 
591.281372 176.646729 0.482975 
545.698975 188.456436 0.573351 
579.545898 181.040237 0.066726 
0.000000 0.000000 0.000000 
557.493103 264.930939 0.778647 
557.516052 313.432800 0.746981 
547.241394 364.874847 0.739203 
545.702332 263.430054 0.719837 
550.148499 310.521973 0.752095 
547.232727 357.564392 0.718970 
0.000000 0.000000 0.000000 
0.000000 0.000000 0.000000 
566.278442 167.804840 0.456967 
548.655273 160.486679 0.213386 
18
541.321106 164.894989 0.729317 
557.471680 194.262619 0.784187 
558.976379 194.356552 0.701054 
597.184937 188.437897 0.699138 
569.271362 170.805786 0.397843 
556.020447 195.823593 0.599769 
594.226929 186.962051 0.229275 
558.968384 170.815018 0.378974 
557.530823 266.407593 0.736384 
557.474243 316.331421 0.731327 
547.250488 364.860046 0.745880 
547.199951 264.915558 0.681471 
550.129944 311.961304 0.743309 
547.222656 357.563812 0.730919 
542.789673 157.607773 0.431284 
547.153564 160.531616 0.787640 
0.000000 0.000000 0.000000 
560.431091 169.279816 0.702563 
18
0.000000 0.000000 0.000000 
550.132935 194.323639 0.720654 
558.932007 201.698425 0.856744 
594.252625 197.293625 0.838370 
569.235657 181.035858 0.960544 
545.656982 192.806870 0.614290 
583.962524 192.862198 0.107483 
564.819641 170.789398 0.062362 
558.909119 266.375946 0.763758 
557.508362 314.903809 0.750467 
547.246277 364.885193 0.749609 
545.735291 263.477295 0.711500 
550.109192 311.934723 0.747470 
547.210571 358.978546 0.729740 
0.000000 0.000000 0.000000 
0.000000 0.000000 0.000000 
566.279541 166.381027 0.453357 
0.000000 0.000000 0.000000 
18
0.000000 0.000000 0.000000 
548.669556 195.842255 0.769593 
558.899963 206.027908 0.860247 
594.304138 213.433350 0.896901 
573.671875 184.073990 0.841425 
542.773193 192.822891 0.667862 
559.009705 194.317993 0.118356 
0.000000 0.000000 0.000000 
557.538208 266.401947 0.765348 
557.506165 314.879364 0.754669 
547.241821 364.860107 0.734301 
545.691956 264.854980 0.722886 
548.710449 311.914124 0.761974 
547.231506 358.954590 0.735060 
0.000000 0.000000 0.000000 
0.000000 0.000000 0.000000 
561.895935 169.361862 0.524747 
544.267090 160.519501 0.157699 
18
578.046509 167.879242 0.067689 
553.091553 201.681122 0.735578 
557.469177 206.107040 0.837985 
594.195374 225.207291 0.914515 
580.983826 191.352249 0.774841 
547.155945 195.795486 0.634846 
570.748413 194.341049 0.193567 
591.270020 175.231842 0.477365 
557.508423 267.851166 0.769032 
557.463562 314.919220 0.739413 
547.264038 364.855316 0.735268 
545.711670 264.909637 0.701650 
548.712341 311.955536 0.756624 
547.239990 358.982361 0.734317 
0.000000 0.000000 0.000000 
0.000000 0.000000 0.000000 
566.313965 167.877579 0.621852 
544.218933 161.971573 0.119565 
18
576.575439 162.002533 0.068422 
555.966919 194.343857 0.786066 
557.495178 204.555420 0.842279 
585.440430 231.128922 0.856508 
582.408508 197.272110 0.825863 
547.222168 189.874832 0.651155 
586.860901 194.269882 0.568340 
592.739563 172.257904 0.745063 
557.493835 266.368011 0.771497 
557.433960 314.866272 0.736287 
548.635132 366.315155 0.738870 
547.205994 263.468719 0.653913 
551.602539 311.943268 0.720331 
547.257690 358.974426 0.711305 
0.000000 0.000000 0.000000 
0.000000 0.000000 0.000000 
567.760132 166.372025 0.598244 
545.642395 160.533234 0.189528 
18
580.928589 161.952469 0.175472 
557.444580 195.778946 0.779199 
557.541931 204.598999 0.827269 
582.467651 241.381317 0.938000 
582.561646 204.628967 0.894330 
551.580078 189.924728 0.607688 
591.274170 191.375671 0.600779 
591.282715 173.768143 0.692366 
557.484314 267.870148 0.752677 
556.011047 314.912415 0.708044 
547.269470 364.890900 0.741024 
548.633057 264.923248 0.629171 
553.072388 311.983765 0.705982 
547.231506 358.952911 0.715841 
572.221252 159.008377 0.224467 
0.000000 0.000000 0.000000 
567.761108 163.458160 0.546699 
545.753723 159.112991 0.124080 
18
0.000000 0.000000 0.000000 
558.919495 204.660583 0.767820 
558.959717 207.537369 0.941440 
570.773804 242.842773 0.918560 
583.968445 206.157944 0.943376 
556.024719 201.678741 0.518112 
572.231628 207.597137 0.091182 
0.000000 0.000000 0.000000 
557.472717 272.220856 0.741311 
555.967468 317.843109 0.713357 
547.261230 364.902557 0.745571 
547.245483 267.824371 0.631718 
553.056458 313.458557 0.695043 
548.660095 358.989471 0.716228 
0.000000 0.000000 0.000000 
0.000000 0.000000 0.000000 
570.750427 170.806168 0.542426 
545.729675 166.362442 0.132939 
18
0.000000 0.000000 0.000000 
557.486816 204.552094 0.775164 
558.987915 206.135956 0.918912 
569.247864 245.801132 0.888506 
589.817139 211.953857 0.901937 
550.128662 200.220062 0.547430 
570.649780 211.974304 0.125226 
0.000000 0.000000 0.000000 
557.455750 270.773712 0.723429 
555.995972 316.352753 0.711606 
547.258362 364.894257 0.735431 
547.156677 266.355530 0.644522 
553.066345 313.406952 0.694736 
548.642700 358.984985 0.717982 
0.000000 0.000000 0.000000 
0.000000 0.000000 0.000000 
570.696899 167.836197 0.593491 
545.683044 161.993744 0.257879 
18
582.485901 159.057251 0.072685 
557.463806 204.608078 0.778060 
558.915100 206.119461 0.947977 
570.726868 244.308868 0.896119 
588.364746 207.612106 0.920014 
553.053223 201.685928 0.546404 
570.774048 209.038864 0.084722 
0.000000 0.000000 0.000000 
557.407349 270.756012 0.715400 
555.987000 314.905701 0.701337 
547.246521 364.868988 0.749059 
547.228577 266.376617 0.620096 
554.541504 311.989471 0.702720 
548.655273 357.556305 0.709446 
579.501343 157.578262 0.113860 
0.000000 0.000000 0.000000 
570.786133 166.400055 0.571530 
545.776672 163.442139 0.169786 
18
583.932190 159.031158 0.102463 
555.972351 201.668304 0.715357 
557.505005 206.083496 0.903041 
579.496033 241.355545 0.917396 
585.426575 204.607941 1.016454 
547.246643 194.368668 0.564943 
570.675659 226.666443 0.059279 
0.000000 0.000000 0.000000 
557.442383 267.872375 0.735790 
557.401428 313.428101 0.695467 
547.232239 363.427917 0.746735 
547.205322 264.952576 0.628529 
555.961914 311.916840 0.700081 
547.220459 357.527954 0.706276 
579.549377 157.599426 0.164601 
0.000000 0.000000 0.000000 
570.758545 167.823654 0.657200 
547.152893 164.889206 0.172871 
18
582.526428 159.087524 0.163169 
555.962341 200.179092 0.691786 
557.438049 204.648926 0.884306 
580.942139 239.862061 0.950610 
583.937317 204.610565 0.992091 
548.642456 194.332047 0.596016 
567.783752 225.197556 0.060902 
0.000000 0.000000 0.000000 
557.429871 269.297028 0.759690 
557.413452 313.458649 0.716400 
547.231506 364.854889 0.740208 
547.220154 266.352417 0.623213 
554.497498 311.943115 0.722406 
547.238525 357.546722 0.714710 
580.955139 157.583878 0.231484 
0.000000 0.000000 0.000000 
570.745300 164.924240 0.654318 
547.174133 162.011032 0.149667 
18
582.523743 160.542969 0.114152 
557.404785 200.228378 0.714318 
557.485840 204.650024 0.915917 
578.083862 238.437775 0.896684 
582.544983 207.578613 0.963137 
551.589661 195.789917 0.560760 
570.768982 207.585052 0.091972 
0.000000 0.000000 0.000000 
557.432922 267.866455 0.779022 
557.415833 313.398285 0.729571 
547.221741 361.964996 0.764182 
548.667664 264.950134 0.630337 
555.954590 311.908234 0.742231 
548.655762 357.466156 0.710402 
580.953552 158.987411 0.173202 
0.000000 0.000000 0.000000 
570.772339 166.405823 0.644261 
547.215637 160.549728 0.128278 
18
582.485840 160.532700 0.105254 
557.476318 201.695480 0.750864 
557.512512 206.055740 0.945147 
572.228882 239.825516 0.928313 
582.559082 209.044952 0.966148 
554.558533 197.242584 0.542959 
572.200745 207.543320 0.156120 
0.000000 0.000000 0.000000 
557.437134 269.296814 0.773088 
556.022400 313.426819 0.726720 
547.226318 361.970856 0.774678 
551.605408 266.358307 0.616223 
556.005798 311.938324 0.731116 
548.668030 356.054443 0.702444 
580.960938 159.002853 0.155950 
0.000000 0.000000 0.000000 
572.166870 167.874420 0.648706 
547.254395 161.997864 0.136561 
18
582.481628 163.457062 0.104801 
557.526733 201.664322 0.725239 
557.432129 206.097488 0.894762 
575.123718 239.901398 0.913264 
583.998657 207.586990 0.894836 
558.934692 195.776657 0.543352 
572.235535 207.631912 0.155805 
0.000000 0.000000 0.000000 
555.993530 267.865143 0.731060 
555.968140 313.401917 0.707814 
547.229736 363.417816 0.786844 
556.028442 266.383148 0.614907 
557.479065 311.927673 0.725830 
548.679077 356.049927 0.681885 
580.946960 159.054718 0.159878 
0.000000 0.000000 0.000000 
573.639282 167.817383 0.638884 
547.281494 160.502060 0.109347 
18
582.439209 162.022110 0.138609 
557.443542 201.666855 0.759247 
557.524780 206.059540 0.925665 
570.705078 241.303146 0.997740 
585.393005 209.007034 0.864671 
553.076355 195.808228 0.579916 
572.213806 206.126312 0.206562 
582.533020 203.123962 0.440123 
557.453735 269.325348 0.754673 
556.009033 314.866241 0.707531 
547.229309 363.432922 0.764552 
550.111389 266.363861 0.620823 
555.975952 311.958405 0.717287 
548.661133 357.500244 0.708650 
580.973267 159.111267 0.206189 
0.000000 0.000000 0.000000 
573.636780 166.381027 0.708140 
547.270325 163.463470 0.145590 
18
582.437378 163.433792 0.092224 
556.037659 203.095978 0.757953 
558.927368 206.076324 0.929241 
569.239441 242.862701 0.925125 
588.360107 214.900269 0.882569 
548.692078 197.277908 0.615196 
570.709717 207.643402 0.181830 
0.000000 0.000000 0.000000 
557.426147 270.761200 0.716321 
556.005676 314.889526 0.701527 
547.232788 363.418396 0.749242 
547.201355 266.355408 0.633832 
554.518250 311.963806 0.700130 
548.660095 357.558350 0.734373 
580.977905 159.076111 0.154652 
0.000000 0.000000 0.000000 
573.655762 164.938934 0.671850 
547.283142 164.917587 0.178663 
18
0.000000 0.000000 0.000000 
557.429016 204.608322 0.764821 
558.932373 207.552017 0.934461 
567.749573 244.354034 0.907910 
591.248718 217.904083 0.909105 
550.126770 200.222107 0.597477 
570.757935 216.372757 0.180586 
0.000000 0.000000 0.000000 
557.447205 272.216980 0.722610 
556.003906 314.917999 0.704563 
547.233765 363.419250 0.752691 
547.249329 267.820007 0.614587 
554.537781 311.988892 0.692759 
548.643311 357.532867 0.734414 
0.000000 0.000000 0.000000 
0.000000 0.000000 0.000000 
575.112183 169.270294 0.697744 
547.234375 166.341156 0.162084 
18
582.525391 160.517105 0.054819 
560.407227 204.654938 0.798012 
558.956116 207.560394 0.919261 
569.237854 247.228271 0.924437 
592.789551 222.238907 0.937510 
558.985474 201.680344 0.588340 
573.661133 220.780304 0.226476 
0.000000 0.000000 0.000000 
555.997559 269.293793 0.716795 
556.033630 313.434998 0.711577 
547.233398 363.393280 0.745170 
550.109436 266.344299 0.608313 
555.956909 311.924194 0.696585 
548.632202 357.531525 0.720859 
581.017700 157.595200 0.088826 
0.000000 0.000000 0.000000 
576.595947 166.390991 0.604893 
548.653259 167.795303 0.181642 
18
583.946716 160.554932 0.076232 
558.901062 206.034119 0.752560 
558.908875 207.598328 0.905991 
570.715271 242.842758 0.972621 
594.240967 216.413818 1.011708 
554.539124 201.667374 0.531812 
573.654724 216.364197 0.168310 
0.000000 0.000000 0.000000 
555.986877 270.795563 0.714419 
555.962036 316.350647 0.687173 
547.234192 363.428955 0.759662 
547.244446 267.827271 0.600164 
555.960205 311.996552 0.682521 
548.639465 357.537476 0.710485 
582.422791 159.029739 0.130646 
0.000000 0.000000 0.000000 
576.621338 167.867355 0.674052 
547.247803 169.234787 0.191823 
18
583.950378 160.552414 0.087660 
557.500244 204.607742 0.744819 
558.900024 207.538086 0.899688 
578.031921 241.354553 0.947414 
592.705688 209.028992 0.997404 
556.011780 200.217819 0.547634 
572.257202 209.077835 0.082337 
0.000000 0.000000 0.000000 
557.402832 272.233551 0.746339 
555.959839 316.372528 0.704336 
547.221741 363.432434 0.764765 
550.118164 267.856201 0.593161 
555.962952 313.408508 0.693192 
547.254578 357.531677 0.712849 
581.005554 159.071381 0.149561 
0.000000 0.000000 0.000000 
573.659058 169.320435 0.678043 
547.268250 169.289917 0.208248 
18
582.522156 160.565613 0.145660 
557.530945 203.106293 0.758196 
557.545410 207.532333 0.896069 
582.434021 239.900116 1.003588 
589.787903 206.067566 0.975286 
556.024597 195.795578 0.558127 
572.195251 204.599182 0.140450 
0.000000 0.000000 0.000000 
557.428589 270.775482 0.769649 
555.981201 314.914948 0.713063 
547.216431 363.427612 0.779355 
550.141968 267.819183 0.584730 
555.985352 311.989716 0.707312 
548.639954 357.503998 0.693878 
580.965454 159.082718 0.204122 
0.000000 0.000000 0.000000 
572.185852 169.314682 0.684253 
548.664368 167.857910 0.155004 
18
583.960938 160.567490 0.168703 
558.889893 201.659363 0.763024 
557.525024 206.149048 0.880292 
581.050232 239.908005 0.990114 
588.358154 207.575256 0.888769 
557.469177 194.361649 0.593501 
576.595581 206.062424 0.189196 
586.891785 203.159424 0.244497 
557.471008 270.762970 0.782677 
556.003113 314.908386 0.712570 
547.227844 366.338867 0.785848 
551.621521 266.398834 0.593002 
557.423645 311.997345 0.719651 
547.246399 357.513702 0.679334 
581.042725 159.091980 0.234497 
0.000000 0.000000 0.000000 
572.231934 169.305328 0.709251 
550.110901 166.354370 0.092911 
18
583.989685 160.511475 0.122608 
557.436707 203.108582 0.771093 
558.949463 206.112595 0.928764 
576.608948 241.302887 0.949672 
585.410461 206.129959 0.905979 
550.161560 198.710846 0.609104 
570.709717 206.049866 0.153736 
0.000000 0.000000 0.000000 
558.909546 272.256531 0.808875 
557.403748 316.351166 0.721888 
547.219788 364.873505 0.767424 
548.644897 267.820282 0.653657 
555.990967 312.006866 0.714122 
548.666016 357.518951 0.705558 
582.439636 159.046326 0.201565 
0.000000 0.000000 0.000000 
573.684509 169.286545 0.731027 
548.645142 167.883743 0.176610 
18
586.891785 160.529785 0.211918 
557.472717 201.667465 0.783141 
558.980469 204.665924 0.929310 
570.713867 241.430130 0.971665 
586.899109 213.429276 0.846706 
551.615540 195.818329 0.613146 
570.784546 207.562576 0.163355 
0.000000 0.000000 0.000000 
558.900757 272.250732 0.776916 
556.015625 317.841003 0.727275 
547.224243 364.872406 0.781708 
548.679565 267.826447 0.632442 
555.954407 313.444946 0.708680 
548.653259 357.511108 0.706154 
582.515259 159.040512 0.296342 
0.000000 0.000000 0.000000 
573.683411 167.852829 0.681509 
547.286072 167.830032 0.136030 
18
585.400208 163.468948 0.116564 
558.941772 203.126663 0.791406 
561.878479 206.105194 0.904450 
566.307617 242.871841 0.900346 
586.881409 220.775528 0.872832 
554.513611 197.244553 0.579259 
570.728516 216.400497 0.152397 
0.000000 0.000000 0.000000 
558.946350 273.682678 0.782304 
556.022156 319.318970 0.753817 
547.228821 364.897522 0.782775 
548.656311 267.846863 0.615280 
553.044373 316.335876 0.683065 
548.642456 358.967560 0.723367 
582.469727 160.492004 0.175314 
0.000000 0.000000 0.000000 
578.072632 169.284592 0.629346 
553.078430 167.800995 0.167808 
18
0.000000 0.000000 0.000000 
560.471252 206.035324 0.751626 
563.380371 209.008560 0.830778 
558.987488 245.756363 0.872224 
585.432434 228.153229 0.849524 
558.960999 201.696869 0.549263 
573.690857 219.318344 0.144140 
0.000000 0.000000 0.000000 
558.964355 273.724152 0.783366 
555.994324 320.760803 0.765527 
547.228882 364.904510 0.800888 
554.535522 270.796509 0.580492 
553.059814 317.829803 0.657805 
548.634399 357.567657 0.707277 
0.000000 0.000000 0.000000 
0.000000 0.000000 0.000000 
579.524780 167.824875 0.627256 
554.513855 166.398560 0.185103 
18
588.353027 159.108185 0.188340 
561.903809 206.042633 0.750589 
563.370483 209.029312 0.846551 
558.964233 245.759567 0.916561 
591.308044 226.653458 0.912304 
558.977722 201.664520 0.559703 
581.010986 214.922119 0.252578 
0.000000 0.000000 0.000000 
558.973389 275.135345 0.786174 
555.984985 320.788147 0.767900 
547.233093 364.868286 0.801706 
555.970520 272.245422 0.577953 
551.627502 319.279724 0.644100 
548.662415 357.536530 0.702808 
583.989990 157.583954 0.270712 
0.000000 0.000000 0.000000 
579.538330 166.364868 0.683292 
554.531494 166.356430 0.148102 
18
591.231934 159.049103 0.381003 
561.908875 204.641983 0.734258 
563.349609 209.013336 0.839287 
558.954895 247.248795 0.908978 
592.719116 229.619370 0.993972 
560.415527 200.214859 0.561856 
579.511475 217.946228 0.151726 
0.000000 0.000000 0.000000 
558.979065 273.726410 0.773127 
555.965088 320.756134 0.743731 
547.259521 366.310242 0.781497 
555.994995 270.786163 0.559060 
553.086731 317.814636 0.634266 
548.666016 357.546997 0.668846 
583.973572 157.524933 0.434476 
0.000000 0.000000 0.000000 
579.477417 164.898239 0.681687 
553.044556 167.803146 0.090295 
18
589.819153 159.016983 0.438310 
566.275146 204.651459 0.734865 
564.853516 209.023682 0.837929 
560.397827 247.278244 0.880781 
592.758606 229.619934 1.016617 
564.806030 200.223480 0.581035 
581.048096 213.455597 0.233237 
592.768372 213.415375 0.399142 
559.009460 273.705048 0.775593 
556.016785 320.716461 0.762341 
547.241943 364.882660 0.793332 
556.010437 269.325043 0.577010 
554.535156 316.348846 0.652742 
548.707153 357.533478 0.688382 
583.949402 156.113693 0.488614 
0.000000 0.000000 0.000000 
578.047974 162.012299 0.688334 
0.000000 0.000000 0.000000 
18
588.362061 157.572495 0.751105 
564.825317 206.050049 0.738021 
566.264893 209.018723 0.840054 
567.751648 248.716507 0.890482 
594.199524 228.195892 1.037094 
563.342773 201.661606 0.567528 
582.539185 213.439758 0.240558 
594.205017 209.051254 0.483947 
559.015564 273.673004 0.748397 
557.427979 314.915802 0.715650 
547.228333 363.385223 0.791838 
558.904175 269.299194 0.563492 
558.896362 313.403503 0.701311 
550.129639 356.052368 0.668024 
582.502563 153.177368 0.743636 
0.000000 0.000000 0.000000 
572.199463 160.551666 0.725807 
0.000000 0.000000 0.000000 
