35
1
18
639.803040 133.999466 0.871786 
603.039307 161.960922 0.883118 
614.829346 169.366882 0.881894 
619.263672 225.208374 0.850890 
642.768799 242.896957 0.860773 
589.823975 157.554337 0.839797 
589.825317 206.099518 0.158947 
0.000000 0.000000 0.000000 
606.030579 254.580063 0.774418 
601.565063 313.405518 0.827562 
586.901184 369.305054 0.860023 
586.892639 250.203354 0.720841 
582.493774 303.120819 0.855159 
572.211975 347.282867 0.760855 
638.306458 126.686989 0.882146 
0.000000 0.000000 0.000000 
623.612488 132.541214 0.886720 
0.000000 0.000000 0.000000 
18
639.805115 134.003662 0.876366 
603.059570 161.957184 0.874349 
614.794617 169.382172 0.855643 
619.287231 226.677734 0.842719 
641.273682 253.111282 0.954858 
591.296692 157.532394 0.836053 
603.049255 195.817139 0.090223 
0.000000 0.000000 0.000000 
606.030579 253.184296 0.772486 
598.667908 313.389709 0.815113 
588.335327 369.336914 0.860263 
586.879395 250.199860 0.721008 
582.479492 303.128052 0.845505 
575.130188 348.719177 0.757786 
638.311707 126.693886 0.874219 
0.000000 0.000000 0.000000 
623.620300 132.551682 0.885449 
0.000000 0.000000 0.000000 
18
639.851807 134.050690 0.912557 
604.447327 163.459274 0.859925 
614.819214 170.810440 0.849170 
619.266846 228.107925 0.872413 
639.738892 263.466095 0.904300 
592.698853 157.574890 0.838700 
603.019836 195.824463 0.067436 
0.000000 0.000000 0.000000 
606.027954 254.600662 0.779974 
597.162231 313.420410 0.819832 
588.345032 369.330566 0.874813 
588.323547 251.625977 0.721402 
582.485413 301.702942 0.858460 
575.116821 348.708038 0.731469 
638.343201 126.733162 0.889749 
0.000000 0.000000 0.000000 
623.640381 132.575821 0.887222 
0.000000 0.000000 0.000000 
18
639.851990 134.051529 0.896654 
604.472412 164.910751 0.868569 
616.227234 172.258774 0.863677 
617.782776 228.185013 0.929333 
630.969971 269.316711 0.844102 
592.703064 157.573593 0.835644 
604.472656 188.459702 0.052607 
0.000000 0.000000 0.000000 
606.010864 257.556366 0.773097 
595.717407 314.890320 0.807672 
586.915405 370.698334 0.863509 
588.325684 251.674118 0.725642 
582.473816 303.113831 0.840085 
575.140259 348.692444 0.730204 
638.347656 128.142181 0.880887 
0.000000 0.000000 0.000000 
625.086182 132.584900 0.891753 
0.000000 0.000000 0.000000 
18
641.234985 134.072815 0.901499 
604.513550 166.350601 0.879204 
616.251770 172.292145 0.883420 
616.301575 229.547836 0.935005 
626.573853 273.721649 0.862728 
592.744751 157.579086 0.832554 
604.588135 182.572128 0.054372 
0.000000 0.000000 0.000000 
604.560974 256.071716 0.772866 
595.729492 312.004486 0.803227 
588.363037 370.694733 0.852214 
586.903381 251.627823 0.723839 
582.498230 303.125641 0.828805 
575.154480 348.737579 0.717361 
639.741638 128.163315 0.886690 
0.000000 0.000000 0.000000 
625.130859 133.960342 0.907497 
0.000000 0.000000 0.000000 
18
641.282776 134.054901 0.880258 
604.558472 164.925232 0.866894 
616.238647 172.259308 0.889543 
614.773438 229.571838 0.915467 
619.245728 276.595490 0.871008 
592.818359 157.577286 0.819284 
0.000000 0.000000 0.000000 
0.000000 0.000000 0.000000 
604.514709 256.096100 0.725703 
595.698059 311.993896 0.821510 
588.354248 370.706726 0.848379 
588.378845 251.630829 0.701630 
582.473572 303.153503 0.803598 
575.148560 348.739319 0.721839 
639.806213 126.713638 0.888993 
0.000000 0.000000 0.000000 
627.971863 132.565521 0.923434 
0.000000 0.000000 0.000000 
18
641.347534 135.451004 0.879691 
605.937317 166.373276 0.866086 
616.271545 172.306671 0.898714 
607.470520 229.552628 0.932594 
616.221802 275.224182 0.900796 
594.200562 157.577591 0.802532 
0.000000 0.000000 0.000000 
0.000000 0.000000 0.000000 
604.481934 256.082764 0.697948 
594.280273 313.450348 0.800719 
588.377502 370.705841 0.825525 
588.376831 251.644745 0.682252 
582.459656 307.550323 0.797057 
578.056091 351.646759 0.679583 
639.872192 128.183929 0.870683 
0.000000 0.000000 0.000000 
628.061768 132.588562 0.928602 
0.000000 0.000000 0.000000 
18
642.788086 135.503311 0.877636 
605.949219 166.360336 0.861308 
616.283875 172.291245 0.894372 
606.056946 229.575119 0.934570 
613.328064 275.244720 0.866912 
594.210754 157.569992 0.816718 
0.000000 0.000000 0.000000 
0.000000 0.000000 0.000000 
604.482727 257.535187 0.693311 
594.233643 314.876312 0.793094 
588.371216 369.324402 0.804402 
588.371277 251.662796 0.676393 
582.475525 309.016937 0.815231 
580.974304 354.598511 0.654537 
641.286621 131.067337 0.867413 
0.000000 0.000000 0.000000 
628.089355 133.962982 0.929523 
0.000000 0.000000 0.000000 
18
644.237793 135.528671 0.893891 
605.952332 164.936249 0.862524 
616.301697 172.285034 0.902079 
606.003357 228.167374 0.970691 
608.946045 275.204315 0.876889 
594.204285 157.542236 0.818563 
0.000000 0.000000 0.000000 
0.000000 0.000000 0.000000 
604.468140 259.024536 0.693998 
594.198425 317.831635 0.780850 
586.889771 369.330688 0.773919 
589.805359 253.132782 0.665462 
582.509338 310.508636 0.789241 
581.023376 356.044861 0.611170 
641.327026 131.102417 0.882013 
0.000000 0.000000 0.000000 
628.084045 133.978378 0.929478 
0.000000 0.000000 0.000000 
18
645.670410 135.540375 0.895230 
604.588562 164.918808 0.858742 
616.285217 172.269897 0.902248 
605.984253 228.124069 0.964713 
610.424744 275.146881 0.864890 
594.186951 157.541214 0.820039 
0.000000 0.000000 0.000000 
0.000000 0.000000 0.000000 
603.059448 260.483154 0.684101 
594.175476 319.279602 0.780978 
586.871765 369.325745 0.763766 
589.796021 253.157242 0.648962 
582.453796 310.527679 0.795841 
582.452148 356.061829 0.586493 
641.344116 131.114258 0.882356 
0.000000 0.000000 0.000000 
628.072754 133.974945 0.924617 
0.000000 0.000000 0.000000 
18
644.215454 136.965210 0.883526 
604.540955 166.350494 0.887098 
616.273254 173.722672 0.888609 
606.039001 228.148529 0.942833 
614.782837 275.143158 0.895502 
592.796753 157.541138 0.852673 
0.000000 0.000000 0.000000 
0.000000 0.000000 0.000000 
601.595520 260.467285 0.690874 
592.826477 317.837128 0.811156 
586.882263 369.348022 0.813329 
586.867859 253.119278 0.674473 
581.010315 310.428925 0.816523 
576.610168 350.177307 0.610961 
641.319031 132.565002 0.908402 
0.000000 0.000000 0.000000 
628.057922 133.996170 0.924415 
0.000000 0.000000 0.000000 
18
644.199036 137.031113 0.858253 
604.493591 164.936218 0.886258 
616.208374 173.724014 0.866529 
606.024963 228.124954 0.971602 
617.731873 273.717743 0.949098 
592.763611 157.546600 0.852035 
0.000000 0.000000 0.000000 
0.000000 0.000000 0.000000 
601.582581 260.495636 0.709315 
594.195984 316.358307 0.832636 
586.879272 369.333496 0.833590 
585.445740 253.153015 0.683553 
580.982971 307.561646 0.805604 
575.153564 348.723602 0.657296 
641.299255 133.973938 0.911412 
0.000000 0.000000 0.000000 
628.016663 134.001846 0.920969 
0.000000 0.000000 0.000000 
18
642.783997 138.425522 0.862706 
604.472595 164.915802 0.902554 
613.368103 172.317642 0.851150 
606.044495 228.059601 0.949544 
619.291931 270.752106 0.855134 
592.780396 157.560623 0.858143 
617.793213 181.021790 0.268373 
0.000000 0.000000 0.000000 
601.602173 258.997314 0.723992 
594.216614 313.432983 0.840748 
586.872803 369.307587 0.825564 
585.438354 253.106522 0.687469 
582.453430 306.047852 0.803868 
576.610168 348.716248 0.666114 
641.277161 134.002090 0.942195 
0.000000 0.000000 0.000000 
626.606934 134.032776 0.908030 
0.000000 0.000000 0.000000 
18
642.723267 136.989609 0.880871 
604.441162 164.894699 0.890568 
611.887939 172.310303 0.856284 
606.059692 228.073868 0.955932 
625.091248 266.413239 0.889480 
592.777466 157.546555 0.843272 
619.217957 173.752731 0.314896 
638.303894 172.244995 0.548619 
603.036682 260.502930 0.752125 
594.206299 314.880493 0.829406 
586.868164 369.346985 0.841267 
586.902344 253.180023 0.664607 
582.460205 306.080322 0.806035 
575.152832 348.731415 0.693285 
641.223022 133.974014 0.954913 
0.000000 0.000000 0.000000 
626.569824 134.028305 0.934007 
0.000000 0.000000 0.000000 
18
641.350769 135.590454 0.857526 
603.051636 164.906769 0.864918 
608.967468 172.312332 0.861142 
606.077454 228.113113 0.950145 
627.982117 264.976379 0.933115 
592.796387 157.560547 0.822065 
619.246033 178.142700 0.304493 
638.362183 163.435745 0.737554 
604.500427 261.943359 0.773432 
592.828796 314.901031 0.829871 
586.863586 370.696960 0.838183 
591.287170 254.621048 0.652140 
582.497559 307.506744 0.782139 
576.592407 348.751160 0.678539 
639.857117 132.599457 0.944938 
0.000000 0.000000 0.000000 
626.525574 134.021851 0.928349 
0.000000 0.000000 0.000000 
18
641.348511 136.990768 0.907037 
603.038940 164.909241 0.834582 
608.942749 172.306442 0.843842 
606.038757 228.142700 0.965793 
627.981262 264.914581 0.947747 
592.754944 157.569763 0.799015 
0.000000 0.000000 0.000000 
0.000000 0.000000 0.000000 
604.505005 261.967072 0.777707 
592.802246 316.337891 0.836104 
585.440674 369.347229 0.827203 
591.287476 256.066010 0.651548 
582.500305 308.981415 0.784610 
578.054443 350.190308 0.625627 
639.841431 133.957535 0.932977 
0.000000 0.000000 0.000000 
625.123596 134.012787 0.897421 
0.000000 0.000000 0.000000 
18
641.342957 135.576599 0.866757 
603.014648 164.914780 0.868281 
608.984070 173.722153 0.881484 
606.012268 228.139038 0.971007 
626.532837 266.346954 0.912368 
592.752991 157.565140 0.829871 
617.773254 173.718552 0.439349 
629.599548 166.404205 0.726827 
603.065430 261.915710 0.758130 
592.805603 314.880280 0.841426 
585.407471 369.328705 0.824477 
588.354187 254.584015 0.666318 
582.508728 308.961548 0.785149 
580.968628 351.663177 0.619444 
639.840942 132.577744 0.943456 
0.000000 0.000000 0.000000 
625.119141 134.044037 0.941918 
0.000000 0.000000 0.000000 
18
641.348938 135.590576 0.889923 
603.003052 164.930054 0.861737 
608.981995 173.724426 0.876288 
605.962280 228.088608 0.962546 
622.152100 266.412750 0.881547 
592.738037 157.567520 0.823221 
617.748657 173.711197 0.383244 
629.562744 169.318298 0.655386 
601.583618 261.911072 0.743665 
592.801270 314.894928 0.837840 
585.437866 370.697845 0.827623 
585.413391 253.190628 0.674352 
582.476440 308.979858 0.809862 
579.539978 351.655365 0.634097 
639.834595 132.564163 0.941047 
0.000000 0.000000 0.000000 
623.647888 134.033005 0.917757 
0.000000 0.000000 0.000000 
18
641.288818 135.530991 0.941555 
603.000305 163.449234 0.832343 
607.529724 172.278778 0.861352 
604.587097 228.110687 0.977306 
619.210632 270.794952 0.890245 
592.728149 157.528458 0.802877 
0.000000 0.000000 0.000000 
0.000000 0.000000 0.000000 
601.565918 260.476654 0.725105 
592.817322 313.441040 0.844387 
585.427979 369.299835 0.833673 
585.414185 253.147781 0.679086 
582.436584 306.088593 0.824626 
578.045959 348.746460 0.653556 
639.769348 131.130539 0.911695 
0.000000 0.000000 0.000000 
623.633606 134.016663 0.881568 
0.000000 0.000000 0.000000 
18
641.269348 135.446793 0.901184 
601.608032 162.011841 0.864493 
607.535034 172.308441 0.887161 
604.565063 228.122955 0.962551 
616.293152 272.267517 0.900112 
592.760010 156.084229 0.819613 
617.756531 172.307343 0.439720 
638.338867 164.903595 0.672868 
598.667114 260.463806 0.716483 
592.816956 313.427063 0.859011 
585.444458 369.312653 0.839416 
585.391602 253.126877 0.686469 
581.037170 307.531281 0.835036 
575.128174 348.724854 0.685723 
639.764832 129.639313 0.918892 
0.000000 0.000000 0.000000 
623.616089 134.019180 0.924203 
0.000000 0.000000 0.000000 
18
641.233276 134.079498 0.885476 
601.604492 162.007034 0.862926 
608.936646 172.279480 0.881140 
604.538391 228.107330 0.948053 
614.820374 273.733093 0.903469 
592.748474 156.087952 0.818711 
617.793030 172.268875 0.509900 
639.833313 161.995865 0.732449 
598.650940 260.480164 0.706617 
592.779541 316.356415 0.825871 
586.859619 369.340393 0.815018 
585.401062 253.130707 0.692116 
580.987244 308.987823 0.820408 
578.063416 350.165985 0.671756 
639.745789 128.193802 0.902977 
0.000000 0.000000 0.000000 
623.631042 133.991364 0.926045 
0.000000 0.000000 0.000000 
18
641.255188 134.071106 0.929030 
603.002625 163.449783 0.859481 
610.395081 173.718246 0.863407 
604.490967 228.069031 0.953280 
611.884705 273.725952 0.853429 
592.714844 156.117142 0.819583 
617.715942 172.269455 0.223250 
0.000000 0.000000 0.000000 
598.649597 261.922119 0.707816 
592.765015 317.808777 0.808566 
585.430969 369.327728 0.792691 
586.882629 254.593948 0.669676 
581.034424 310.431824 0.818212 
579.515198 351.655151 0.626530 
639.742798 126.733124 0.929980 
0.000000 0.000000 0.000000 
623.632202 133.968704 0.905375 
0.000000 0.000000 0.000000 
18
641.274597 134.072784 0.913808 
601.601563 163.457977 0.866606 
610.411682 173.729111 0.868987 
603.076599 228.085922 0.921446 
608.948059 275.123474 0.860678 
591.310547 156.098526 0.822276 
619.225830 172.271591 0.497714 
636.834961 159.047836 0.763865 
598.636658 261.948700 0.698875 
592.782959 319.279388 0.813995 
585.429810 369.323334 0.781466 
585.422180 254.607742 0.690822 
580.987061 310.489685 0.805550 
580.982971 354.565887 0.634369 
639.761230 128.186722 0.919180 
0.000000 0.000000 0.000000 
623.662170 133.984589 0.922160 
0.000000 0.000000 0.000000 
18
641.241577 134.077255 0.903377 
601.572632 163.454254 0.857997 
610.424927 173.721848 0.866649 
603.080261 226.679993 0.919299 
608.946960 273.730804 0.846468 
591.260010 156.119431 0.820631 
619.224548 172.317047 0.482278 
632.453369 161.966019 0.636419 
598.627686 261.921753 0.696013 
592.798279 317.815063 0.811373 
585.434875 369.305847 0.783382 
583.995972 253.175934 0.706250 
580.995911 310.462891 0.811260 
580.980591 353.127472 0.641872 
639.750610 128.162659 0.910162 
0.000000 0.000000 0.000000 
623.662537 133.960541 0.910518 
0.000000 0.000000 0.000000 
18
639.787231 133.986969 0.888465 
600.137573 162.010818 0.848843 
610.388245 173.724350 0.854569 
603.065735 226.665771 0.914790 
613.311890 273.677216 0.854571 
589.830994 156.079453 0.822219 
617.808289 173.739655 0.501667 
632.465271 167.855042 0.505974 
597.212341 261.915649 0.704159 
592.778076 317.824921 0.814701 
585.434814 369.294861 0.767310 
583.968201 253.177689 0.709828 
582.435852 311.907043 0.810904 
583.958984 357.553680 0.616374 
638.293762 126.717255 0.868322 
0.000000 0.000000 0.000000 
623.654663 132.567505 0.885659 
0.000000 0.000000 0.000000 
18
639.770630 133.969376 0.870884 
600.100647 163.450958 0.841700 
610.396240 172.294037 0.858781 
604.445618 228.067352 0.927257 
614.793518 272.266052 0.884567 
588.360107 157.507782 0.820801 
617.734863 170.812119 0.443276 
629.572388 163.474792 0.547064 
598.633850 260.498047 0.701481 
592.804138 314.910431 0.834388 
586.859009 369.321320 0.846871 
583.940552 253.140839 0.735017 
581.011902 308.995209 0.847419 
572.231018 347.272400 0.693925 
636.891907 126.671417 0.879753 
0.000000 0.000000 0.000000 
622.180969 132.555450 0.892803 
0.000000 0.000000 0.000000 
18
638.370361 131.126862 0.763844 
598.651306 163.438065 0.851815 
608.932739 172.288849 0.846005 
604.455994 228.100616 0.929823 
616.278198 272.259735 0.912685 
588.337280 156.118668 0.817626 
619.210999 170.817566 0.563881 
641.274536 157.581268 0.821473 
598.640747 260.503601 0.718678 
592.813110 314.893951 0.845193 
585.448730 369.330109 0.854303 
582.539185 253.139359 0.739506 
580.961426 307.548218 0.829725 
572.224426 347.261780 0.719932 
636.861389 123.833443 0.862591 
0.000000 0.000000 0.000000 
622.174194 131.119659 0.888175 
0.000000 0.000000 0.000000 
18
638.300537 131.112350 0.722830 
598.639038 163.469330 0.845327 
607.533569 172.299835 0.856418 
604.526855 228.134628 0.964872 
616.342773 273.685730 0.928303 
586.913147 157.506836 0.811915 
617.813538 170.822128 0.513901 
639.852844 154.608246 0.816405 
600.093811 260.500305 0.714960 
592.808838 314.918365 0.849313 
586.863220 369.342957 0.853587 
583.919128 253.136215 0.726783 
580.944763 307.525452 0.809851 
573.639832 347.272980 0.718312 
633.940979 125.195541 0.832997 
0.000000 0.000000 0.000000 
620.710999 131.099945 0.903431 
0.000000 0.000000 0.000000 
18
638.314087 129.655533 0.741767 
598.639404 164.926651 0.822814 
608.937012 172.292313 0.846082 
605.937195 229.544937 0.984296 
617.780457 273.677216 0.944582 
585.445313 157.550613 0.822651 
597.253052 159.149475 0.058212 
0.000000 0.000000 0.000000 
598.670715 260.478149 0.717761 
592.814392 314.887238 0.856681 
586.871582 369.336975 0.856729 
582.483948 253.121902 0.748488 
580.941650 306.051544 0.806259 
573.672546 347.292877 0.706921 
633.933655 123.784790 0.838242 
0.000000 0.000000 0.000000 
620.729492 129.603378 0.846310 
0.000000 0.000000 0.000000 
18
638.339233 128.152634 0.567201 
597.196106 163.477112 0.839724 
607.526489 173.720825 0.831052 
605.966919 229.553482 0.946903 
617.816772 273.672791 0.934306 
586.870605 157.515518 0.817826 
619.254761 170.840302 0.670245 
639.855225 147.282043 0.877035 
598.642822 259.036316 0.728209 
592.795959 314.904205 0.848913 
586.872253 369.343781 0.851535 
582.460205 253.093491 0.753407 
580.939209 306.066010 0.797448 
575.126648 348.682709 0.682200 
633.936829 123.785431 0.739422 
0.000000 0.000000 0.000000 
620.682739 131.081451 0.926703 
0.000000 0.000000 0.000000 
18
631.019592 132.559464 0.453690 
597.157593 164.930908 0.845242 
607.526306 173.743973 0.810956 
605.970337 228.199463 0.935326 
617.809692 273.683472 0.934549 
584.001282 157.567459 0.835833 
619.230103 170.830368 0.686593 
641.262512 147.247223 0.917275 
598.622559 260.461517 0.731823 
592.775269 316.355835 0.845108 
585.434387 369.348450 0.851807 
582.450562 253.116180 0.750144 
580.947876 307.552704 0.789267 
575.143738 348.684357 0.651085 
629.598938 125.271622 0.659743 
0.000000 0.000000 0.000000 
619.286621 131.109741 0.930828 
0.000000 0.000000 0.000000 
18
629.585876 131.075577 0.342084 
595.761414 166.367661 0.844980 
607.531555 172.316452 0.849418 
605.973999 229.567535 0.957191 
617.780334 273.729279 0.954002 
583.976624 157.584381 0.837849 
616.314087 170.762344 0.372910 
629.486694 159.044296 0.484451 
597.199402 260.469147 0.721851 
592.773071 316.345825 0.844163 
585.439392 370.708954 0.840798 
582.435791 253.122375 0.747076 
579.553650 308.956116 0.789510 
575.113220 347.294891 0.626899 
629.535095 125.207458 0.533551 
0.000000 0.000000 0.000000 
620.703186 131.073227 0.897859 
597.164795 131.072891 0.077341 
18
0.000000 0.000000 0.000000 
595.748657 166.368179 0.841678 
607.518066 173.768188 0.794720 
605.975708 229.647888 0.917245 
617.735229 275.131958 0.958863 
583.931274 157.599854 0.852838 
617.775879 169.338821 0.638867 
641.302795 145.852737 0.881833 
597.185852 260.490784 0.729420 
592.761230 316.348816 0.851665 
585.422974 369.343842 0.854721 
581.060974 253.116714 0.750034 
578.029846 308.948608 0.790816 
572.198486 347.289673 0.711569 
0.000000 0.000000 0.000000 
0.000000 0.000000 0.000000 
620.725586 129.638565 0.905181 
595.699524 125.228912 0.168839 
18
0.000000 0.000000 0.000000 
595.742737 166.358612 0.837068 
607.533875 175.195969 0.772453 
605.966736 229.631638 0.920978 
616.333130 275.136902 0.972470 
582.546509 157.609039 0.866085 
617.736023 169.358810 0.686826 
641.356201 145.851822 0.911492 
597.198975 261.921356 0.730383 
592.731445 317.822601 0.845248 
585.411194 370.695984 0.856039 
582.426453 253.142380 0.744461 
578.041321 308.981750 0.806571 
572.187805 347.300873 0.697023 
0.000000 0.000000 0.000000 
0.000000 0.000000 0.000000 
622.172180 129.648941 0.887268 
594.323303 125.250839 0.266842 
18
0.000000 0.000000 0.000000 
595.726440 167.828964 0.872198 
608.979309 175.206924 0.812125 
605.972107 229.614395 0.965456 
616.304688 275.161774 0.981595 
582.487000 159.016617 0.880134 
613.307800 169.318390 0.155114 
0.000000 0.000000 0.000000 
597.160889 261.928650 0.729045 
592.735352 316.368469 0.849260 
585.398682 369.335632 0.847623 
581.022888 253.137115 0.743943 
576.595764 308.974060 0.785720 
573.640869 348.699402 0.688665 
0.000000 0.000000 0.000000 
0.000000 0.000000 0.000000 
620.725220 132.531937 0.901394 
594.299072 126.705452 0.339353 
18
0.000000 0.000000 0.000000 
595.712036 166.395355 0.864442 
608.934753 175.218857 0.767454 
605.980042 229.642105 0.916801 
616.289978 275.171967 0.975178 
582.496948 158.987854 0.905184 
617.796509 170.751190 0.692432 
641.360840 147.233948 0.904177 
595.758240 261.931427 0.741262 
592.731750 316.355865 0.846785 
585.398682 369.337830 0.837087 
581.007263 253.127838 0.748009 
576.575989 309.003662 0.774195 
575.127136 348.722870 0.604385 
0.000000 0.000000 0.000000 
0.000000 0.000000 0.000000 
619.267395 132.538651 0.924795 
594.205139 126.720253 0.456583 
