67
1
18
513.413086 157.570648 0.953374 
511.840302 185.486252 0.909726 
486.962280 184.019348 0.919892 
481.013184 225.198029 0.800068 
478.061096 253.170197 0.878290 
535.408142 188.453201 0.875529 
539.861145 228.199432 0.889957 
535.477722 263.355591 0.937647 
497.215759 254.597458 0.826483 
498.647064 300.174774 0.907005 
498.613983 342.819244 0.861132 
523.663940 254.630753 0.829742 
520.706665 300.195313 0.853575 
520.730652 344.230042 0.856057 
510.436615 150.226517 0.911761 
522.157166 151.697449 0.907713 
500.203796 154.591980 0.825787 
526.620544 156.101227 0.702864 
18
513.382324 157.592636 0.962761 
511.833740 185.480637 0.908207 
486.953308 184.009491 0.923123 
479.582672 226.665283 0.817954 
476.664978 254.655975 0.872999 
535.403564 188.435669 0.869520 
539.849304 228.195618 0.889840 
535.474976 263.361572 0.936916 
497.180756 254.602142 0.816430 
498.642059 300.175262 0.904728 
498.615784 342.846558 0.869308 
523.646362 254.631638 0.827677 
520.679016 300.198364 0.849025 
520.727844 344.247864 0.854872 
510.402924 151.666290 0.892236 
522.126526 153.126770 0.893792 
500.176971 154.623749 0.830028 
526.619568 156.105698 0.741999 
18
513.359314 157.617371 0.974778 
510.491760 185.535309 0.899830 
486.937042 184.060410 0.905876 
479.555695 228.109283 0.849159 
476.639801 257.527924 0.880654 
535.392273 189.905350 0.874645 
539.837646 229.550919 0.889138 
535.461060 263.376556 0.950976 
497.165375 254.594849 0.822316 
498.624756 300.175323 0.906908 
498.614197 342.839600 0.872426 
523.635986 254.630417 0.830851 
520.672058 300.190399 0.843204 
520.744019 344.245789 0.857193 
510.365173 153.126541 0.880505 
520.742676 153.144836 0.889780 
500.123932 156.054153 0.856355 
525.186523 156.091095 0.711909 
18
511.984955 157.629425 0.983294 
510.479126 186.950729 0.896428 
486.930603 184.064972 0.905119 
479.550232 228.123550 0.856433 
476.648468 257.560211 0.879680 
535.377075 189.917114 0.881929 
539.820679 228.209412 0.895793 
535.464478 263.373840 0.952045 
497.157288 254.614700 0.816481 
498.614471 300.210571 0.890908 
498.614197 344.235565 0.873385 
523.625732 254.644760 0.824327 
520.674438 300.227631 0.844891 
520.732361 344.259003 0.861741 
508.985413 153.145905 0.875535 
520.716370 153.171555 0.883288 
500.094116 156.043320 0.863954 
525.156860 156.092300 0.724418 
18
511.957031 158.970978 0.998427 
510.467224 185.525467 0.899365 
486.926941 184.049759 0.907155 
479.546387 228.115158 0.852448 
476.645477 257.554565 0.881050 
535.366760 189.886551 0.880236 
536.958862 229.554138 0.905495 
535.436279 263.390564 0.955052 
497.148926 254.615891 0.812861 
498.617676 300.214233 0.894732 
498.618774 342.836456 0.877071 
523.611694 254.639465 0.824383 
520.685791 300.233002 0.847481 
520.746460 344.255859 0.864457 
508.948090 153.151215 0.871089 
520.693298 153.183685 0.879541 
498.727295 154.635941 0.849388 
525.138672 156.084549 0.737815 
18
511.924774 158.984787 1.012732 
510.407013 186.962952 0.890406 
486.862244 185.477722 0.883338 
478.135315 228.137177 0.858606 
476.651520 257.544525 0.889790 
533.959229 189.891663 0.874516 
536.914551 228.191940 0.924187 
535.411621 263.370300 0.948724 
495.738190 254.622421 0.814552 
498.608398 300.218109 0.889318 
498.633423 342.828125 0.879349 
522.250610 254.621292 0.831011 
520.694458 300.219421 0.849941 
520.735596 344.249237 0.855739 
508.904541 153.168777 0.865477 
519.273010 154.596603 0.879924 
498.685364 154.628311 0.847922 
523.731934 156.055466 0.711590 
18
511.868439 158.970749 1.021204 
510.372986 186.964203 0.876040 
485.463074 184.055359 0.887761 
478.080994 228.148666 0.888362 
476.600372 259.014130 0.908693 
533.923157 191.325256 0.856170 
536.868774 228.169540 0.925669 
535.390564 263.370544 0.953877 
494.258636 254.631134 0.799674 
497.222839 300.228699 0.878179 
498.613037 344.245300 0.884163 
522.197510 254.635513 0.830733 
520.677429 300.194702 0.845877 
520.748169 342.828796 0.843957 
507.450562 153.138199 0.847178 
519.217773 154.585846 0.867048 
498.616364 154.625031 0.828136 
523.706665 156.099731 0.767531 
18
510.406006 157.590698 1.015370 
508.942322 185.538971 0.864370 
483.947662 184.027664 0.875300 
476.580170 228.099777 0.926563 
475.088196 256.089050 0.889085 
532.500488 189.908936 0.836733 
535.436462 228.181808 0.941249 
535.409241 263.392029 0.943758 
491.299652 254.617203 0.813099 
497.199982 300.213501 0.893496 
498.604523 344.240540 0.880051 
522.130127 254.640945 0.804071 
520.653503 300.169495 0.840908 
520.752197 342.811615 0.842139 
501.666748 150.212967 0.873591 
514.819946 151.696716 0.878929 
497.193146 151.710297 0.755225 
523.619202 156.078644 0.838191 
18
508.950195 157.576019 0.966156 
504.524902 185.498932 0.861387 
478.145508 182.647354 0.889163 
475.113586 226.682312 0.901499 
470.719177 254.581711 0.834449 
529.523071 188.443573 0.809209 
533.945679 228.133240 0.917314 
535.404114 263.347717 0.921311 
488.355927 253.184265 0.863388 
495.712067 300.164886 0.883319 
498.610382 342.823853 0.891510 
517.807007 253.205383 0.781593 
519.207886 298.770172 0.852036 
522.122742 342.807404 0.850856 
500.218109 150.199356 0.902059 
511.969177 151.666138 0.907892 
495.715668 151.713257 0.770302 
522.170349 156.075790 0.843080 
18
504.572388 157.526352 0.917790 
500.178528 185.504135 0.916953 
476.597321 184.053162 0.925201 
472.208862 228.138504 0.878070 
464.866150 257.552917 0.846184 
525.142212 188.439072 0.851912 
533.885254 228.097519 0.905657 
535.492920 261.936371 0.914186 
486.934937 254.623398 0.841275 
492.780212 300.197418 0.869593 
498.604218 342.829681 0.893118 
514.869385 254.617416 0.779873 
517.750671 300.129608 0.860636 
522.138428 342.803619 0.860417 
500.106873 148.771362 0.939463 
511.838287 150.225327 0.920665 
489.902985 153.155807 0.807354 
519.275940 156.086777 0.760113 
18
501.603577 157.483841 0.945059 
498.660217 185.514038 0.891986 
475.145660 184.032715 0.915347 
464.913788 226.675171 0.889392 
461.933807 253.176025 0.874175 
522.209045 188.465469 0.876261 
530.995300 228.052277 0.887894 
535.476746 261.892792 0.901200 
485.394897 254.619904 0.791212 
489.879242 300.161987 0.888890 
498.599915 342.822998 0.910426 
511.924286 254.581909 0.841683 
513.425964 298.747253 0.871293 
522.131653 342.804413 0.863159 
498.611633 148.757111 0.915065 
508.990753 148.793732 0.922022 
488.339142 153.174561 0.884353 
513.382385 156.043015 0.688062 
18
498.702301 157.493347 0.996078 
495.732300 186.957108 0.843897 
470.708923 184.069199 0.852177 
463.345978 228.141998 0.941018 
453.162689 257.528564 0.887548 
520.690063 189.887039 0.822000 
528.069275 228.084824 0.892384 
535.504089 261.970367 0.913523 
478.065277 254.611694 0.799728 
488.416107 300.227722 0.902993 
498.572693 342.808167 0.894166 
510.389130 253.193863 0.847775 
511.916840 300.171936 0.922621 
522.119873 344.315704 0.869310 
491.355286 148.744843 0.879451 
504.525208 148.804504 0.885388 
485.430573 153.156555 0.813684 
511.878845 156.070480 0.808740 
18
497.163940 157.561340 0.953406 
489.863129 188.460327 0.882832 
464.906769 185.528992 0.898080 
458.950043 228.136642 0.859915 
451.556732 259.023346 0.879076 
514.863831 191.379578 0.837785 
525.180298 228.139709 0.909410 
535.490051 261.970673 0.918893 
475.199371 256.104797 0.827187 
488.343750 301.652924 0.873152 
498.578125 344.234772 0.894656 
504.541504 256.064484 0.797173 
508.943512 300.220581 0.872062 
520.686279 345.713165 0.836869 
488.432770 150.233490 0.911840 
500.157990 150.259171 0.915802 
481.015472 156.075470 0.846303 
508.966888 157.488678 0.756215 
18
489.870941 157.547607 0.954345 
486.965302 189.914734 0.901322 
463.437073 188.449890 0.880497 
453.032318 229.584595 0.923566 
445.734833 261.961060 0.866886 
511.864105 192.775131 0.928926 
523.641846 228.162201 0.948041 
535.491516 261.966858 0.908792 
473.672943 260.460144 0.803607 
486.869019 306.060150 0.863657 
497.198822 344.269257 0.880059 
500.162048 256.100677 0.836609 
500.191833 304.603241 0.869042 
517.779663 345.820526 0.841559 
486.871735 150.241409 0.904066 
498.608032 151.667664 0.919389 
476.604248 156.123871 0.910934 
503.070648 157.543442 0.726853 
18
488.333099 157.615204 1.020248 
485.379730 191.387054 0.872665 
458.956360 189.928925 0.831146 
450.143951 231.065140 0.900551 
441.400848 264.919586 0.919861 
508.969788 192.828323 0.874327 
522.177368 228.160706 0.947384 
536.885193 261.917114 0.885151 
467.812622 259.003693 0.774183 
483.980377 306.048279 0.802495 
498.657166 342.804504 0.776978 
498.634552 256.060791 0.860373 
494.270691 303.147247 0.783501 
510.420837 345.811981 0.867349 
482.492004 153.139969 0.846849 
494.257690 153.178787 0.867704 
475.064484 157.500168 0.848995 
500.133484 157.602722 0.791307 
18
485.418091 158.994949 0.968420 
479.531311 192.822311 0.906028 
454.554108 191.389496 0.902669 
447.188934 232.581253 0.845861 
441.347931 267.841309 0.900096 
503.115021 194.262024 0.843936 
522.107239 229.587173 0.917033 
536.881165 261.895782 0.872357 
463.418610 260.476013 0.845722 
478.084717 308.955597 0.754056 
500.183960 341.314484 0.594126 
491.322845 259.019592 0.799964 
486.878540 307.553223 0.856990 
500.118683 347.220245 0.901871 
476.680389 154.601227 0.909212 
488.409454 154.646225 0.922356 
467.834564 157.545532 0.857005 
497.207520 157.623444 0.738767 
18
476.675018 159.060333 0.998971 
476.558105 192.916473 0.955970 
451.643799 192.845917 0.959083 
442.768463 236.945419 0.869104 
442.777252 270.785553 0.884575 
500.133636 194.359879 0.916995 
519.259583 229.620117 0.893494 
535.499268 259.024811 0.872581 
461.905457 263.404083 0.828691 
475.139252 310.422424 0.681026 
492.781921 341.329315 0.576170 
488.364166 261.981049 0.876052 
476.596161 310.428680 0.872197 
489.815308 348.708954 0.812359 
473.646667 156.067947 0.909336 
485.442383 156.122086 0.935785 
463.416260 157.611206 0.878236 
489.899323 159.072083 0.735597 
18
475.060822 160.559265 0.909265 
472.166138 194.338898 0.896833 
444.251923 194.279205 0.887026 
441.292084 238.372559 0.897280 
445.718292 270.756104 0.853309 
497.184113 195.770309 0.845978 
511.973663 229.558167 0.934678 
534.018921 258.986542 0.893320 
460.404907 264.952759 0.765398 
475.189117 310.481415 0.711135 
495.743073 341.361237 0.791558 
485.442291 264.882019 0.861037 
466.358276 311.954712 0.861882 
475.133514 358.978149 0.856811 
466.316467 157.571243 0.938820 
478.075378 157.593109 0.951685 
458.984039 159.059967 0.844670 
486.884033 160.502060 0.816681 
18
466.316101 167.839432 0.922004 
464.868622 195.783035 0.939879 
441.263153 195.793671 0.906080 
439.806793 239.886703 0.910315 
447.213928 272.247986 0.804697 
489.852966 195.797165 0.861743 
510.364136 229.696548 0.900998 
532.474792 261.941986 0.856262 
453.131042 267.868256 0.762935 
470.741180 312.012573 0.712989 
497.146332 339.867676 0.801999 
478.104095 267.846527 0.801295 
463.315887 314.883453 0.774830 
454.604156 363.404907 0.779234 
463.317932 159.112503 0.938933 
475.077698 160.493744 0.934305 
453.078430 163.461304 0.835217 
479.557983 166.361084 0.707591 
18
463.345215 170.845535 0.973804 
461.884094 203.138168 0.873199 
436.939392 203.108551 0.831075 
433.952484 241.408325 0.836725 
442.850769 273.697754 0.795556 
485.380035 204.564026 0.835078 
503.057648 238.405853 0.859695 
523.722717 264.870178 0.899953 
451.551331 273.725525 0.822044 
451.637085 317.811432 0.668676 
491.300659 335.525848 0.851026 
475.090179 273.722778 0.832514 
453.040863 317.827545 0.841228 
453.087952 366.358246 0.837723 
454.583862 167.842377 0.901106 
466.362946 167.875366 0.914841 
448.665924 169.300369 0.804833 
475.183960 170.746155 0.850677 
18
454.597778 176.679901 0.882603 
453.160217 206.064468 0.926950 
429.591400 206.064194 0.915371 
429.640778 251.602005 0.861521 
439.887665 282.534241 0.814178 
478.060303 206.081848 0.872455 
498.584991 241.386810 0.916540 
520.682983 273.731750 0.843224 
442.854004 278.149109 0.790852 
438.362061 322.274628 0.657005 
476.602875 336.977417 0.722467 
469.292175 278.117310 0.802979 
451.641510 323.659576 0.948450 
453.082886 367.835632 0.873102 
451.604950 170.762344 0.982746 
463.355438 170.795578 0.963187 
441.395264 172.247620 0.830291 
469.284851 173.717438 0.713152 
18
451.618866 179.627655 0.948244 
450.162842 207.565598 0.870147 
423.709900 206.149750 0.854667 
426.619080 253.200439 0.848232 
428.102264 288.505310 0.842572 
475.124420 209.022507 0.833571 
489.836761 250.168488 0.865788 
511.873596 279.615387 0.878791 
438.379669 279.603088 0.768437 
428.061493 332.495728 0.742838 
453.100342 350.189545 0.422535 
464.829376 279.614136 0.813898 
450.100677 326.670807 0.834914 
453.103638 364.890167 0.755524 
444.250732 170.841705 0.918853 
456.070801 172.268539 0.903160 
438.391907 173.720627 0.756550 
464.880493 178.142944 0.838834 
18
445.732880 179.563751 0.869050 
442.833069 207.533707 0.890668 
417.849640 206.158890 0.904724 
416.352631 253.155502 0.912132 
414.829620 288.428619 0.871766 
467.830109 207.582916 0.795647 
486.823151 250.213364 0.871292 
503.063080 286.894989 0.840694 
428.158752 281.057312 0.824047 
420.740326 334.013885 0.867542 
444.262207 350.165771 0.672229 
458.984863 281.056152 0.785439 
447.229523 329.580841 0.821876 
453.052765 367.839783 0.747149 
439.928436 170.818436 0.991954 
451.687561 170.841095 0.962989 
431.092926 173.732513 0.792982 
461.876556 175.205887 0.758626 
18
441.306885 178.124313 0.941653 
439.911194 206.169800 0.891821 
416.320374 206.055405 0.905469 
407.524841 250.196457 0.855799 
400.186890 282.517090 0.812450 
464.830933 209.062759 0.831961 
476.634216 251.624924 0.890825 
494.280334 288.412842 0.898818 
419.325439 279.582336 0.791636 
416.298309 331.033386 0.864211 
429.589996 357.522919 0.838264 
453.079865 281.085541 0.831484 
442.815033 329.574554 0.855927 
453.030975 364.874481 0.779280 
435.474121 170.793533 0.907759 
448.702850 170.810684 0.929243 
428.075745 172.327103 0.758693 
454.588623 173.744888 0.776371 
18
438.345490 178.126175 0.873992 
436.899506 207.568619 0.869104 
407.532501 206.086121 0.906064 
400.166748 250.168716 0.842702 
386.945557 276.661407 0.850619 
463.339844 211.946640 0.815130 
475.082581 253.113190 0.905864 
483.969849 289.949982 0.856355 
416.325043 281.082397 0.849747 
413.386169 331.033630 0.791723 
416.305420 372.266693 0.871028 
447.233826 285.432709 0.781539 
441.266846 332.497223 0.907172 
451.657684 364.865021 0.831039 
429.585815 170.796219 0.983751 
441.377594 170.792297 0.969580 
423.701599 173.779205 0.737458 
451.627411 173.739456 0.862142 
18
431.038055 181.088455 0.950782 
431.079163 209.007751 0.879488 
406.008942 207.529755 0.927288 
392.800323 250.145538 0.875152 
379.548859 275.133667 0.833944 
461.894287 211.946259 0.824847 
464.895325 259.001068 0.852938 
475.064026 298.732239 0.935844 
406.123138 285.476349 0.838561 
406.120270 335.502594 0.879688 
406.088104 385.446930 0.855315 
441.334778 286.963165 0.844957 
433.967438 334.056091 0.829025 
447.234772 367.763397 0.771980 
426.639313 175.195084 0.864749 
439.775757 172.315430 0.911205 
417.809906 179.612335 0.792613 
445.746735 175.238342 0.715881 
18
428.131042 184.035782 0.952273 
429.502289 216.296753 0.910780 
403.120605 214.857620 0.853392 
385.470154 251.715698 0.890066 
370.813568 276.648438 0.929981 
454.593597 216.379730 0.855239 
461.910583 263.455170 0.880105 
463.359619 300.243408 0.898833 
403.126617 288.367371 0.863023 
404.559540 342.810059 0.862538 
406.092346 385.494141 0.857266 
436.932068 291.340302 0.769919 
428.031158 342.803925 0.832338 
442.776886 367.829620 0.797538 
419.330292 181.057526 0.917149 
432.543304 179.647537 0.890839 
414.853363 182.552765 0.777008 
441.383087 181.069290 0.855314 
18
428.014648 189.879929 0.900616 
428.073303 217.906601 0.907448 
398.704285 217.783386 0.894689 
382.488922 257.544617 0.871609 
369.241058 286.903992 0.895626 
453.147217 220.822372 0.830135 
454.575562 270.796143 0.837368 
454.533508 310.467529 0.935515 
398.684875 291.370728 0.803971 
401.647644 347.171356 0.842815 
406.095764 389.869537 0.836215 
431.056702 297.258484 0.810058 
419.315369 347.292023 0.798099 
439.874512 367.836395 0.798061 
417.858337 182.544922 0.986595 
431.051788 182.512299 0.956984 
413.351318 185.490921 0.724655 
441.283142 184.018234 0.835365 
18
426.564850 191.363541 0.895584 
425.117737 220.768021 0.837592 
394.327545 217.909119 0.930810 
381.103149 263.418701 0.928248 
369.218231 294.327148 0.882538 
451.678680 223.739365 0.844165 
453.059845 273.658661 0.879421 
451.654694 310.481659 0.960686 
395.800446 297.201141 0.799973 
401.654205 348.674438 0.824973 
406.084503 389.891022 0.824002 
431.023499 298.738159 0.813691 
417.880493 350.199463 0.765574 
436.911438 370.793945 0.774884 
417.777100 182.624420 0.979289 
429.601471 182.577942 0.977943 
407.556061 188.431519 0.794559 
439.821808 184.089035 0.767672 
18
422.235291 191.348816 0.879048 
422.244720 222.277405 0.832128 
394.285950 219.354324 0.909104 
382.495789 264.966339 0.915111 
369.347961 300.187164 0.949266 
451.650940 226.614639 0.861101 
453.074127 273.662872 0.888464 
453.134827 310.526886 0.946107 
397.203644 298.667908 0.783547 
403.090942 347.304260 0.825297 
406.080811 389.881805 0.827316 
431.081329 300.161377 0.805908 
419.315430 354.560730 0.755554 
433.972137 379.571014 0.729391 
416.352417 182.627823 0.975809 
428.163330 182.563293 0.978393 
407.484192 187.000488 0.808656 
438.381653 184.059235 0.763527 
18
420.733154 189.906540 0.888585 
423.691498 222.257614 0.834014 
394.282166 219.346680 0.910696 
383.974487 267.815552 0.856592 
376.616302 306.064331 0.812395 
451.681732 225.189728 0.856700 
454.586426 272.247253 0.857395 
461.931549 310.453033 0.921659 
401.612061 298.715149 0.788263 
404.517883 348.678558 0.835886 
406.029938 389.875427 0.841198 
433.989777 300.170563 0.776258 
426.597321 356.034241 0.839550 
436.878754 389.875336 0.749039 
416.267181 182.591354 0.961476 
428.102539 182.501877 0.978535 
406.067657 186.955215 0.782200 
438.341339 182.619232 0.774909 
18
422.212738 188.416931 0.856280 
425.180328 220.774200 0.863434 
394.302246 220.784058 0.893131 
391.310547 272.253296 0.843021 
382.534729 310.500092 0.897494 
453.114471 219.371552 0.871324 
463.358795 267.847137 0.847678 
467.792450 309.000366 0.883848 
404.605621 300.152740 0.847484 
404.558807 353.101654 0.818735 
404.628143 389.886444 0.857743 
439.916321 300.183868 0.835536 
431.030243 358.949432 0.876949 
441.264557 401.635925 0.849909 
416.316803 182.550018 0.985337 
428.138397 181.133850 0.979374 
406.106415 185.539520 0.799139 
438.366913 182.564911 0.799074 
18
426.621521 188.461945 0.875630 
429.525238 222.268936 0.905304 
398.683289 225.186737 0.834142 
394.333313 275.189240 0.897260 
392.768158 311.948730 0.943964 
461.858032 220.799133 0.800476 
466.371704 270.796234 0.838271 
476.634644 310.429108 0.946501 
413.381592 301.687164 0.765265 
406.099945 354.578217 0.849438 
404.621490 392.813782 0.865668 
447.193115 301.677368 0.761119 
439.919525 359.029053 0.910770 
448.640167 411.913818 0.818057 
417.774231 182.549011 1.002465 
429.636139 181.139252 0.956349 
407.532501 188.452103 0.840606 
439.900757 182.614960 0.833493 
18
429.526276 192.858444 0.994151 
433.962097 228.082932 0.858420 
404.627777 228.199509 0.927709 
404.514740 276.724396 0.886313 
403.097443 317.833008 0.838285 
463.434998 225.223511 0.841531 
475.174927 275.158386 0.877097 
485.438904 312.001434 0.914922 
417.855164 306.061127 0.762677 
414.850189 357.563385 0.843970 
405.995361 392.770142 0.817643 
453.162048 306.062592 0.781361 
450.152130 367.780670 0.857114 
453.100708 426.597504 0.864701 
419.332550 186.954819 0.872225 
435.433350 184.002655 0.881083 
414.808533 192.880264 0.809837 
442.810577 185.531815 0.724744 
18
435.428162 195.850220 0.879210 
441.305389 231.086075 0.914686 
413.367706 235.481400 0.817384 
414.825287 286.951691 0.870070 
414.859009 325.182526 0.868553 
472.225128 229.591980 0.832320 
483.946320 278.174683 0.815096 
489.877441 319.321259 0.884933 
428.143555 310.515137 0.818418 
423.675842 366.323242 0.786313 
407.523071 394.297089 0.805856 
464.795135 311.895782 0.836585 
457.489197 370.825958 0.818663 
453.155365 426.573761 0.870229 
428.088654 192.892639 0.985562 
441.259827 192.780609 0.958209 
417.850861 197.248611 0.807890 
451.563507 192.889404 0.872613 
18
441.309174 203.095642 0.941895 
450.089081 236.934952 0.832857 
417.804779 239.850906 0.902208 
417.872040 288.455627 0.893389 
426.581299 331.051727 0.862931 
476.628998 231.123810 0.848364 
488.450195 285.424561 0.857079 
501.593964 323.661133 0.930065 
438.371796 317.814209 0.760295 
429.652771 369.221680 0.810928 
417.858826 397.207428 0.780829 
472.174408 316.379517 0.739347 
463.341980 370.791595 0.888833 
453.168518 423.666412 0.849871 
433.951050 194.402740 0.883183 
448.655914 194.285004 0.907548 
428.015564 203.100067 0.828742 
454.615662 194.393646 0.823842 
18
450.131775 201.652847 0.873013 
453.121521 234.024353 0.886271 
428.066010 238.416550 0.880965 
428.108246 287.002045 0.891318 
432.481659 328.100952 0.807984 
482.519409 231.085037 0.808869 
498.693237 279.581848 0.863399 
513.358826 319.299683 0.863562 
441.365356 317.828400 0.748353 
438.351929 360.498383 0.648620 
438.387573 394.276825 0.801788 
476.597107 317.803680 0.791832 
463.437286 373.673340 0.832292 
453.167480 425.151520 0.833543 
441.275879 194.329010 0.981597 
453.161987 192.911438 0.954922 
431.035614 201.681152 0.785198 
464.812103 195.771133 0.774174 
18
454.590729 197.280807 0.891016 
461.914642 229.681686 0.883615 
431.027008 234.031326 0.830209 
432.499084 286.930054 0.850558 
436.923798 328.091309 0.845183 
488.423248 228.202774 0.879292 
508.923065 275.116760 0.836325 
523.621033 311.883209 0.945942 
450.121033 316.370575 0.766634 
442.784760 375.190704 0.785613 
457.524445 392.831146 0.348270 
483.957184 313.464172 0.740186 
469.278442 372.260406 0.771357 
454.568481 422.224884 0.829546 
450.132690 192.903946 0.927710 
463.339111 192.806870 0.946556 
439.889771 195.839386 0.817302 
473.627441 192.909775 0.791333 
18
464.816925 195.771790 0.951518 
467.788971 228.181000 0.890457 
439.882599 229.689667 0.885314 
439.783081 283.968414 0.834947 
439.781097 323.765778 0.868094 
498.626068 226.653305 0.847465 
511.953430 264.950134 0.862227 
532.446350 300.252380 0.877526 
453.129333 313.431488 0.777226 
451.589355 370.748779 0.840207 
479.545471 394.299194 0.601370 
488.430084 311.983429 0.813413 
475.099457 372.216492 0.782083 
473.653137 392.814301 0.127289 
456.026703 192.802780 0.896559 
470.724335 191.326019 0.851942 
450.116669 194.362869 0.806901 
478.123993 191.384048 0.777046 
18
475.089447 195.793289 0.946762 
476.555634 229.574356 0.951545 
447.223633 232.532654 0.815751 
444.278687 285.474182 0.852683 
441.392090 325.211975 0.908487 
504.540802 226.685654 0.805296 
522.133789 264.848297 0.908378 
535.486023 298.694946 0.921744 
463.358124 313.408539 0.838211 
461.923157 369.268402 0.834316 
497.221313 392.835815 0.830483 
498.607544 311.963898 0.830884 
478.142151 370.770325 0.843893 
458.952332 426.591125 0.773496 
464.846893 192.790253 0.966094 
478.123962 191.337006 0.883497 
454.570068 194.369095 0.837368 
488.408691 192.810287 0.812563 
18
479.574829 201.653015 0.868857 
486.841248 234.026093 0.868043 
456.008057 239.906342 0.862860 
453.041168 288.385834 0.890820 
451.539124 328.113525 0.847907 
511.969421 229.595459 0.849584 
526.586792 269.312317 0.807189 
539.829346 298.769104 0.869128 
473.611267 313.444977 0.790303 
475.103394 366.341064 0.666136 
501.607544 395.724243 0.888994 
507.448486 311.977936 0.821790 
486.932281 370.729584 0.939716 
463.442810 426.615631 0.833078 
475.085876 194.334259 0.974651 
486.942139 192.918060 0.974528 
464.836334 198.745865 0.794276 
497.198303 194.349503 0.770701 
18
488.397736 204.682770 0.987115 
492.811279 239.873581 0.865828 
464.805817 241.424973 0.909050 
463.322083 289.910583 0.869553 
460.407837 332.475403 0.825065 
522.250122 234.047974 0.825176 
534.002075 276.704834 0.887835 
545.702576 310.408447 0.902245 
478.089417 311.994934 0.781797 
482.491821 364.854187 0.685244 
507.467957 400.137726 0.816616 
511.978119 311.965668 0.819576 
494.280212 369.334290 0.791696 
476.620422 422.202606 0.820396 
482.465118 200.207108 0.840480 
495.731384 195.860382 0.860668 
473.621155 203.166870 0.830925 
501.652924 197.294098 0.684385 
18
498.679626 206.015579 1.008159 
500.170746 236.972809 0.882084 
473.692444 239.874664 0.863526 
472.187653 288.434845 0.839726 
466.327423 326.654022 0.857323 
531.007019 232.586304 0.781673 
542.796936 278.139984 0.830097 
548.665833 312.016785 0.911082 
486.928558 310.506958 0.845564 
488.404785 364.855835 0.769578 
508.978760 398.702148 0.686606 
522.165466 310.504181 0.853537 
503.104034 367.800415 0.752953 
498.689819 416.284790 0.765109 
488.439362 200.176483 0.905414 
501.654816 195.848007 0.891881 
478.121368 204.555649 0.808236 
511.887634 197.293579 0.712193 
18
507.493286 201.688660 0.861020 
510.359131 229.610825 0.919733 
478.106750 232.540100 0.853503 
476.629883 283.970245 0.848737 
475.098022 320.753265 0.880424 
536.922974 228.124237 0.835284 
548.671509 275.101624 0.870301 
557.464050 310.533783 0.949826 
495.740906 307.550293 0.756391 
498.632446 361.925629 0.801190 
516.300537 404.562225 0.666759 
528.087402 307.540680 0.751705 
520.662231 361.960022 0.783147 
511.880127 406.111023 0.608747 
498.704224 194.351181 0.991392 
511.871094 194.265259 0.980120 
488.358856 198.736404 0.847390 
520.739624 194.337006 0.674329 
18
513.367737 194.395660 0.927332 
514.828430 226.625168 0.868977 
486.921234 228.139099 0.929150 
485.433228 275.198639 0.865081 
476.707458 310.491882 0.845339 
545.724243 220.818344 0.852272 
558.900635 264.977814 0.902030 
563.353210 303.136353 0.858792 
500.168732 301.693665 0.793190 
501.651794 357.549255 0.883041 
510.351685 397.243317 0.840009 
536.877747 301.627838 0.802428 
533.984375 360.450623 0.869429 
545.750366 404.544922 0.911329 
507.502197 192.768906 0.891219 
520.720032 189.897552 0.877596 
497.201019 192.912567 0.839495 
529.536377 186.986374 0.712735 
18
522.164001 194.271347 0.990490 
522.257996 220.795227 0.898404 
494.229919 226.644409 0.807128 
489.822235 270.789001 0.831561 
485.433716 301.681213 0.871630 
553.092407 217.880096 0.851163 
566.283325 261.952576 0.848090 
569.295288 298.642273 0.953827 
510.432251 301.650513 0.840333 
510.411224 357.456757 0.869519 
510.387054 395.781494 0.883594 
547.177673 300.211914 0.848927 
547.190613 357.516479 0.894540 
560.391479 394.344666 0.882617 
511.958923 188.449554 0.892785 
525.152405 186.945313 0.888619 
503.091522 191.403000 0.739233 
535.400574 188.412201 0.804159 
18
526.582886 194.360168 0.925957 
533.896240 222.289856 0.864249 
501.639923 225.169113 0.790358 
498.680511 270.776642 0.816324 
488.447083 300.230011 0.898778 
560.439331 219.363129 0.823603 
572.210022 263.340546 0.866389 
579.483887 297.269836 0.908572 
522.135315 301.654083 0.835303 
517.774292 357.544250 0.879763 
510.467499 397.222565 0.892731 
557.531311 300.199951 0.847390 
558.982605 357.492218 0.891948 
570.774963 398.700684 0.849036 
520.737610 191.364639 0.914255 
533.935547 189.892548 0.924787 
510.488678 192.809433 0.762276 
544.189148 189.925995 0.753855 
18
535.364136 200.216263 0.930843 
539.822937 229.562927 0.900868 
511.864655 229.678452 0.871353 
506.003326 275.150299 0.850742 
498.660492 306.086456 0.879031 
569.238708 228.088333 0.892897 
582.470581 264.940552 0.886170 
583.920105 300.140961 0.957884 
531.004028 306.078674 0.779011 
525.115845 361.931763 0.858041 
511.868439 398.683350 0.888256 
567.723511 304.616119 0.763869 
569.210327 358.939880 0.854927 
570.750549 397.204773 0.859215 
526.601501 194.302261 0.920733 
541.302551 192.907516 0.910342 
520.697571 195.812241 0.713952 
548.662170 194.292664 0.795138 
18
542.785034 203.096512 0.872924 
545.726990 228.207870 0.954101 
514.861572 229.623520 0.856037 
513.397339 275.218750 0.880695 
508.991211 310.413788 0.898311 
573.640137 228.110992 0.832428 
585.453552 266.372253 0.855879 
591.234680 301.660675 0.886136 
535.395691 306.086090 0.815526 
535.413391 366.312012 0.876208 
513.359619 404.513062 0.879372 
570.758789 304.600952 0.798703 
570.774414 359.053650 0.853069 
572.155334 398.667328 0.850714 
535.366882 194.345718 0.987110 
547.208740 194.306702 0.976659 
523.720276 195.810532 0.815535 
557.466431 194.382431 0.815048 
18
545.759888 197.282333 0.945181 
548.627563 228.086975 0.925989 
522.121887 228.135818 0.897122 
520.721313 275.172272 0.885700 
514.877502 310.391846 0.819409 
579.515076 226.664429 0.840281 
589.821350 266.396362 0.855744 
592.757629 301.704224 0.926308 
536.934875 304.573792 0.762260 
538.363892 361.951294 0.832101 
523.645691 401.646942 0.890233 
572.207886 303.133423 0.787167 
572.182190 357.578857 0.862109 
572.166931 397.220673 0.851812 
536.928650 192.865280 0.937973 
551.616760 192.817001 0.899354 
529.565063 194.288239 0.739546 
560.406555 192.866348 0.801627 
18
547.279114 194.345505 0.958883 
550.116089 223.725998 0.856633 
522.234558 223.742615 0.867054 
522.133789 272.266571 0.873089 
514.833557 308.976929 0.826517 
580.995361 223.711029 0.847960 
591.306702 267.834625 0.852594 
594.192078 306.070526 0.923461 
536.945068 301.638489 0.769425 
541.312378 358.939453 0.884374 
528.101318 397.251495 0.806056 
572.230042 300.246521 0.783744 
570.781799 357.503265 0.879336 
572.167969 397.202209 0.837300 
544.202209 189.916519 0.869391 
557.397278 189.902832 0.897267 
533.898254 189.924683 0.829969 
564.841553 191.319336 0.734368 
18
550.118835 192.857758 0.932883 
550.162109 219.313431 0.877099 
523.631165 217.925919 0.912572 
517.797546 267.868134 0.806694 
511.876709 306.082886 0.842617 
580.995544 219.346970 0.871030 
591.299377 264.961761 0.872298 
594.256409 304.609924 0.907705 
535.492981 298.728912 0.803858 
541.294922 356.074158 0.873704 
529.521973 394.263031 0.847209 
572.186096 298.729492 0.794515 
570.749207 356.029602 0.862595 
572.186096 395.798370 0.826862 
545.679871 185.489670 0.903499 
557.503845 184.090744 0.922249 
535.416260 186.981216 0.836351 
567.715637 186.967789 0.740134 
18
550.108765 191.401031 0.902393 
550.163269 217.853134 0.888381 
523.622742 216.429443 0.936290 
511.933502 263.473328 0.913260 
508.930054 303.116394 0.860277 
581.010010 219.297821 0.874778 
588.365479 264.871277 0.866171 
594.224915 301.708740 0.938269 
534.022461 297.227539 0.828240 
536.887268 354.602783 0.883790 
523.662598 392.787842 0.898742 
570.678894 298.665497 0.832975 
570.669312 353.133087 0.863688 
572.167908 395.775513 0.853119 
545.688293 182.596970 0.964840 
557.546509 182.610626 0.965909 
535.417114 182.633896 0.845029 
569.160339 184.073990 0.804576 
18
548.639771 188.441910 0.911979 
547.253235 216.382401 0.927234 
522.121216 214.931610 0.874535 
510.417816 263.363434 0.910950 
501.629425 301.655029 0.857678 
579.504211 217.797516 0.870794 
583.916992 263.419312 0.917963 
592.741028 298.779663 0.956880 
530.986938 292.815277 0.751861 
533.870972 348.688599 0.898193 
519.240906 388.388428 0.798140 
566.323364 294.280029 0.748692 
569.189453 347.255920 0.891212 
572.154907 395.776642 0.851351 
544.247009 181.156342 0.940235 
557.453064 181.162430 0.994818 
533.950623 182.537994 0.868279 
566.286682 182.588226 0.783399 
18
547.146301 185.513077 0.938892 
545.641174 216.322433 0.906888 
514.823364 214.863831 0.814844 
507.454010 261.978149 0.830395 
500.113953 300.243988 0.899723 
570.772522 216.422943 0.895667 
580.994873 261.931000 0.874397 
586.893372 298.687622 0.910076 
523.705627 289.888641 0.794598 
523.730347 345.734375 0.938171 
511.870819 385.439331 0.884228 
559.029602 289.911224 0.791218 
561.916504 347.204987 0.898232 
570.787598 395.747437 0.878346 
539.816895 181.051575 0.900617 
555.949036 181.082260 0.934469 
529.530212 181.098999 0.830430 
561.881287 182.545532 0.743543 
18
544.223206 184.068451 0.914473 
536.909668 216.305008 0.897992 
510.465515 213.406937 0.844454 
501.594452 261.922119 0.833867 
498.640747 300.190033 0.914286 
566.313110 216.442917 0.846636 
572.171387 261.897400 0.881785 
582.446838 297.247803 0.957684 
520.677490 288.421478 0.813752 
517.756287 345.702454 0.879068 
510.356903 385.477325 0.874256 
553.078369 288.461395 0.776299 
558.881226 345.754639 0.922231 
570.743286 394.336975 0.872903 
535.418457 181.029877 0.967388 
548.643066 181.055038 0.946355 
523.702637 181.115402 0.919841 
557.492920 182.538330 0.756992 
18
536.888794 185.494476 0.914446 
532.499146 216.432083 0.906215 
501.650970 214.905502 0.842125 
498.649506 264.855682 0.860467 
497.196869 303.111206 0.817601 
558.940857 219.298691 0.883749 
567.783813 263.396240 0.879324 
573.677551 298.648590 0.897360 
510.424683 289.897766 0.830329 
510.465179 345.752533 0.913308 
510.361908 383.989624 0.869581 
545.653442 289.895081 0.816767 
548.687317 345.688568 0.917060 
569.209473 394.253723 0.908154 
532.476929 181.064713 0.930004 
545.676208 181.101288 0.993499 
522.149719 181.148300 0.839062 
551.588745 182.568558 0.610981 
18
533.893616 185.513153 0.912146 
525.125610 217.817276 0.930667 
498.719696 216.391510 0.935979 
492.768494 267.823792 0.779566 
489.881042 306.049744 0.849552 
553.080505 217.890503 0.851978 
558.936401 263.405609 0.944289 
567.788635 298.720551 0.941532 
506.001068 291.392090 0.765421 
507.475708 344.287598 0.829477 
510.354828 382.582550 0.887082 
535.482727 292.806000 0.794042 
545.644897 342.808594 0.858330 
558.894653 389.867920 0.870477 
525.105530 181.108902 0.954121 
536.940796 181.113327 0.930241 
514.871826 182.527100 0.818771 
545.712280 182.580780 0.649731 
18
526.606628 184.030212 0.920727 
522.230347 214.925964 0.926101 
497.170013 214.870697 0.848392 
488.403870 263.419952 0.842882 
486.880707 300.180573 0.899998 
547.230408 216.391251 0.913432 
551.596191 259.000488 0.825702 
558.944885 298.647491 0.926754 
500.122711 288.430084 0.824043 
503.089203 338.448853 0.831685 
510.350159 382.527313 0.889535 
532.463867 288.426819 0.818704 
535.393250 336.984863 0.889501 
545.751038 382.529663 0.909270 
522.147949 181.025497 0.953651 
533.956970 181.015533 0.972169 
511.855072 181.105606 0.857979 
541.330139 181.080551 0.666699 
18
523.651489 181.105881 1.014004 
519.210693 213.406250 0.841022 
489.849182 210.508057 0.853465 
485.422424 260.462555 0.831286 
478.109985 297.243530 0.811660 
545.679993 214.912888 0.887650 
547.123413 253.209076 0.920353 
550.099060 289.947510 0.881491 
498.627777 286.916168 0.862448 
500.199554 335.499390 0.911328 
508.974365 382.476685 0.917747 
526.592712 286.920593 0.797006 
528.096863 334.035583 0.856396 
533.896301 375.143311 0.857889 
517.800720 175.188309 0.847323 
531.015259 173.779984 0.893363 
508.910431 179.577515 0.795972 
535.421448 179.619980 0.558350 
18
520.710938 179.568024 0.898450 
511.930023 206.116272 0.934914 
486.953003 206.121887 0.901132 
476.675873 253.138077 0.883084 
475.063995 289.935455 0.873379 
536.947388 206.154510 0.872616 
541.281921 251.701904 0.871680 
545.672119 286.980652 0.974819 
495.737946 284.016357 0.752318 
500.216400 335.450562 0.922787 
508.953247 382.579407 0.825897 
525.110229 284.024475 0.812481 
525.106140 331.037781 0.820583 
520.689819 363.389465 0.842036 
511.915070 170.821136 0.982955 
523.716370 170.826172 0.988035 
500.204895 173.750137 0.831300 
532.485901 173.728973 0.495713 
18
513.391113 173.725372 0.909751 
508.951355 206.079498 0.905239 
482.502838 206.086533 0.864955 
475.102997 253.083084 0.884414 
464.894745 288.402649 0.880227 
533.970032 206.086060 0.910514 
535.475647 251.646332 0.914057 
538.391174 286.895416 0.922066 
489.833252 283.997101 0.764587 
500.149017 333.969727 0.835903 
508.935577 381.067230 0.810154 
523.608704 282.523285 0.796888 
523.652832 325.220734 0.842134 
510.376038 354.592010 0.739751 
508.932434 169.358856 0.932117 
520.742126 169.343246 0.994905 
497.176605 172.279587 0.820968 
525.127563 170.849213 0.343286 
18
510.391815 170.883698 0.956051 
501.670349 204.608078 0.898829 
476.645477 204.662369 0.910803 
466.364655 253.078079 0.862429 
461.921753 286.950256 0.918978 
530.983032 204.565308 0.836055 
533.978088 248.718933 0.858576 
535.409180 284.014374 0.899056 
488.351990 279.632904 0.812814 
500.139893 334.026794 0.911193 
508.941528 382.549469 0.879910 
522.138550 279.581726 0.773596 
517.766418 326.676910 0.654532 
508.934998 341.369171 0.228344 
500.192017 169.268326 0.942935 
513.350525 167.838348 0.924957 
488.445374 170.799606 0.887628 
522.132690 169.313477 0.411101 
18
501.643585 170.831757 0.948437 
500.080627 204.552032 0.926559 
475.096039 204.627914 0.917577 
464.835846 250.197189 0.879960 
456.036896 285.506744 0.884025 
525.126221 204.538101 0.874209 
533.896423 244.298126 0.850732 
533.938232 279.586212 0.895518 
486.883698 278.121857 0.831402 
500.150482 329.594025 0.846136 
507.507721 382.518433 0.839728 
514.880066 276.688599 0.774952 
507.479126 326.641113 0.578186 
486.878448 347.184174 0.770295 
497.205505 167.860382 0.911555 
508.975037 167.800339 0.930941 
486.855713 169.378845 0.867375 
511.989532 169.251846 0.352842 
18
500.105255 170.874756 0.982106 
497.171448 203.102005 0.871312 
469.288086 204.557373 0.843099 
463.397125 248.703751 0.876798 
454.573792 282.546326 0.879675 
522.199707 200.212723 0.856190 
528.074402 241.377396 0.863003 
532.499207 276.696167 0.941537 
485.374603 275.212494 0.804244 
498.722137 325.182587 0.859952 
506.015900 382.493134 0.814143 
511.940369 275.132416 0.834315 
501.617157 323.689056 0.560186 
485.443237 345.806458 0.827784 
491.326721 169.257339 0.899154 
504.556732 167.823700 0.894484 
482.466766 169.378799 0.813253 
511.842010 167.873093 0.437637 
18
498.648438 172.280899 0.940852 
494.237610 204.557419 0.880626 
466.323273 204.622116 0.895948 
461.902924 250.140045 0.842129 
454.547455 282.540131 0.882188 
520.740784 203.136398 0.843427 
525.107178 241.385620 0.892154 
528.070618 275.238495 0.936382 
479.531464 273.746399 0.795026 
497.144989 323.716400 0.811798 
504.550262 382.472137 0.825679 
510.443756 273.684052 0.789850 
498.601746 320.796204 0.581298 
481.055878 347.249146 0.755080 
489.821777 169.306000 0.959265 
501.605560 169.243118 0.927131 
478.106171 170.743164 0.877771 
510.360992 169.266220 0.383407 
18
494.249451 172.296478 0.882412 
488.454865 201.679153 0.891569 
464.829559 203.140106 0.901827 
461.871918 247.261856 0.833850 
456.013123 281.056305 0.819445 
514.835754 200.176514 0.799520 
522.229980 239.924179 0.916999 
525.118469 275.107147 0.931702 
476.608734 270.797485 0.829099 
489.905182 322.203918 0.785441 
498.670319 336.981873 0.056829 
507.466736 269.327942 0.737888 
489.881317 319.316071 0.584246 
479.586304 347.284210 0.748602 
486.947021 169.332230 0.984755 
498.708649 169.275528 0.969571 
476.607300 170.756012 0.901257 
505.999573 169.270432 0.456612 
18
488.460754 170.821548 0.975061 
486.922791 195.830933 0.914745 
463.374756 198.752914 0.850504 
460.449829 244.297165 0.808217 
460.432983 276.725494 0.845408 
511.868378 194.389236 0.905237 
519.244019 234.043747 0.831896 
522.160706 266.341431 0.942224 
475.180542 267.838806 0.840607 
488.466095 322.195587 0.804263 
500.179108 375.186340 0.833389 
501.662170 266.356781 0.778736 
488.434570 320.715607 0.632529 
479.544861 347.285126 0.695884 
485.405334 167.835281 0.902539 
497.158722 167.817184 0.923533 
475.100891 169.260056 0.867457 
500.217926 167.849030 0.462998 
