34
1
18
508.930145 159.024155 0.936163 
504.551086 181.060165 0.879058 
472.185730 181.081558 0.903278 
461.860138 229.620758 0.899678 
461.928986 276.710388 0.923683 
536.880310 181.025162 0.857589 
550.155457 228.159210 0.924671 
555.966125 276.742126 0.899802 
488.367249 275.162292 0.824318 
489.880768 334.038116 0.868304 
489.837158 383.971191 0.873402 
525.141724 275.162292 0.809336 
523.646790 333.991028 0.912940 
525.187683 382.480560 0.849990 
500.100281 151.661728 0.921540 
511.958069 151.664581 0.905272 
488.377869 147.257385 0.963053 
522.202576 145.859421 0.759055 
18
510.393097 159.048599 0.960198 
508.912781 181.053116 0.892430 
475.088928 181.053146 0.940840 
461.918610 229.660126 0.907760 
463.400543 276.636139 0.943454 
538.398071 181.031921 0.831153 
551.569336 228.190704 0.919321 
550.141541 276.677460 0.914914 
488.404724 275.202454 0.822618 
489.902405 333.982666 0.860316 
489.856323 382.566010 0.898755 
525.194397 275.210388 0.790941 
523.633423 333.969299 0.923396 
526.577576 381.085205 0.852784 
500.204681 151.717636 0.891190 
513.422729 151.693649 0.865313 
489.828522 147.212326 0.942541 
523.623352 145.813095 0.763972 
18
510.492615 159.021042 0.972607 
510.346527 181.050461 0.911927 
475.191101 181.025803 0.944987 
463.381500 229.578659 0.940994 
464.829285 276.647186 0.955684 
539.852905 181.051392 0.841610 
550.162598 229.547058 0.923867 
548.649048 276.699799 0.937049 
488.394440 275.202515 0.823808 
491.305786 333.967804 0.858340 
489.848969 382.585663 0.895845 
526.589111 275.199463 0.789504 
523.634338 333.947296 0.914923 
525.199585 381.085205 0.851335 
503.060089 151.698761 0.852311 
516.336548 151.669464 0.850957 
491.319580 145.857880 0.923121 
523.745422 145.834427 0.767364 
18
511.903076 159.022934 0.975047 
510.428070 181.063583 0.941063 
476.597229 181.023270 0.940326 
464.829041 229.650162 0.932603 
464.917877 278.109497 0.913639 
542.771301 181.086655 0.861254 
551.615173 229.630463 0.896109 
547.234131 278.163635 0.926723 
488.439758 275.161316 0.790357 
491.337280 332.540314 0.854633 
489.858429 382.544800 0.906317 
528.060303 275.183502 0.765823 
523.647766 333.922821 0.915247 
526.595276 381.067352 0.845203 
504.571442 151.671783 0.843165 
520.675903 151.665619 0.870607 
494.230682 147.224182 0.895604 
526.601440 145.868881 0.728416 
18
511.957153 159.035492 0.962678 
511.848969 181.056885 0.946393 
476.688538 179.640823 0.909746 
464.930939 229.616577 0.952057 
466.304779 276.701904 0.927342 
544.219482 181.109665 0.885265 
553.058411 229.606384 0.903652 
548.674072 278.130188 0.910328 
489.862671 275.151428 0.772350 
492.767120 333.944916 0.851061 
489.870667 382.545441 0.900397 
529.521240 275.191589 0.768367 
523.648254 333.926849 0.907068 
526.617188 381.076172 0.840444 
507.472168 151.688766 0.852872 
520.736633 151.704559 0.883445 
497.150543 147.261719 0.907788 
529.551941 147.228760 0.809058 
18
513.376892 159.028214 0.929712 
511.925934 181.060364 0.939829 
478.116669 179.623627 0.889616 
466.370850 229.613052 0.921046 
464.930420 276.691925 0.938841 
545.654175 181.126831 0.907822 
556.002686 229.619858 0.920858 
557.427307 276.695404 0.905637 
491.309814 275.183594 0.767333 
492.778534 333.960876 0.860636 
489.879700 382.551849 0.894157 
530.994629 275.238190 0.785055 
523.693420 333.963837 0.909606 
526.618225 381.085602 0.841967 
508.937775 151.668015 0.869637 
522.163452 151.690781 0.900573 
498.630096 145.866516 0.926062 
532.451538 147.221649 0.883736 
18
517.781921 158.989685 0.909690 
511.943115 181.071762 0.928548 
479.563904 181.006073 0.884423 
466.356934 229.644455 0.920149 
464.891998 276.661255 0.947464 
545.665222 181.106812 0.908372 
558.879333 228.142944 0.958130 
558.999756 273.722229 0.925605 
492.762329 273.693634 0.744236 
492.787384 332.554688 0.849284 
489.894440 382.538300 0.893067 
531.024475 273.742645 0.773817 
523.728577 332.523560 0.898153 
526.607605 381.089233 0.842456 
510.444153 150.206650 0.922536 
523.626770 150.214249 0.916573 
500.095642 145.857620 0.941048 
533.912537 145.821533 0.842771 
18
519.276733 158.987579 0.912563 
513.405762 181.050644 0.905527 
483.931000 179.637711 0.870823 
466.380707 229.647110 0.903318 
464.822937 275.182404 0.959540 
545.747192 181.071274 0.909290 
559.018127 226.629944 0.901625 
567.753479 266.362671 0.856452 
494.249329 272.251587 0.731089 
492.807373 333.925934 0.850597 
489.888458 382.568207 0.879409 
532.461487 272.254395 0.754195 
523.716492 332.510956 0.884161 
526.613770 381.093323 0.839206 
511.859161 150.199066 0.927316 
523.695679 150.216370 0.895055 
500.220551 145.823822 0.912772 
534.011841 145.854736 0.917976 
18
520.728760 159.015732 0.937769 
517.756348 181.065735 0.893552 
485.425903 179.634323 0.900342 
469.242798 229.578705 0.887597 
463.444031 273.674377 0.917923 
547.234741 181.130371 0.898171 
569.179077 219.315231 0.872596 
563.377808 239.838852 0.718791 
494.230621 272.230713 0.730956 
494.229065 332.525421 0.833254 
489.899780 382.569733 0.872455 
532.500000 273.687775 0.764786 
523.714661 332.470276 0.865532 
526.630615 381.097595 0.829327 
511.919159 150.233963 0.910647 
525.121277 150.246902 0.867373 
503.057556 145.849060 0.855311 
535.462158 147.214935 0.938062 
18
522.107666 159.018158 0.957962 
520.671326 179.650116 0.894478 
486.908997 178.177628 0.901554 
472.171021 228.148193 0.885813 
463.437073 269.308685 0.928613 
548.644043 181.072296 0.882194 
572.192505 220.824280 0.889487 
557.419373 206.073151 0.661968 
494.242828 272.218445 0.740291 
492.811340 332.508606 0.825830 
489.903748 382.535095 0.885602 
532.478821 273.701630 0.777106 
523.709045 332.468964 0.859201 
526.643005 381.056702 0.825582 
511.951233 150.247543 0.915100 
525.148621 150.249191 0.861767 
504.574493 147.222900 0.738393 
536.899231 145.869980 0.930451 
18
520.724487 158.990082 0.953762 
520.752197 179.628464 0.901293 
486.968262 179.563293 0.894110 
473.634216 228.170670 0.908675 
463.432404 270.767365 0.925132 
551.600403 179.648483 0.810883 
580.943359 222.282959 0.873590 
561.919739 195.852722 0.811933 
494.239227 272.240295 0.746839 
492.789307 332.520508 0.820625 
489.899323 382.531982 0.880451 
533.870789 273.703918 0.787803 
523.702698 332.473816 0.858521 
526.621460 381.048859 0.830690 
511.939941 150.207565 0.934890 
525.144348 150.236694 0.870413 
507.453491 145.854965 0.577067 
538.366577 147.209747 0.918534 
18
520.694153 157.592438 0.946812 
522.128723 179.604614 0.913154 
488.377686 179.566238 0.887369 
475.058197 228.110519 0.916001 
464.793915 269.329803 0.921214 
548.710693 178.171951 0.851889 
579.514221 220.807922 0.798354 
579.516235 192.817230 0.829271 
495.708221 270.781921 0.750510 
494.245331 332.488495 0.803954 
489.899231 382.540802 0.873026 
533.876221 273.683014 0.785573 
523.721191 331.065002 0.853292 
528.051086 381.049500 0.820527 
511.943481 148.764572 0.951045 
523.744263 148.790375 0.900130 
507.468445 145.869324 0.459225 
538.360779 145.870667 0.905382 
18
519.265259 157.515030 0.919629 
522.225647 179.566513 0.919854 
488.450012 178.125000 0.855624 
475.108704 228.077637 0.912675 
464.856750 272.221588 0.901903 
553.059387 179.585205 0.850121 
576.614929 226.644073 0.779916 
579.524292 192.858704 0.818301 
497.148590 270.754608 0.758970 
495.715179 332.493500 0.821711 
489.873688 382.568298 0.867159 
533.930603 273.680145 0.795771 
523.752380 332.471985 0.856408 
526.644775 381.049316 0.823038 
511.905853 147.338684 0.967660 
523.705017 147.338791 0.941096 
507.466248 145.864075 0.254623 
538.384399 145.819122 0.918861 
18
520.662476 154.633026 0.889993 
523.640869 179.607651 0.936648 
491.313812 178.141479 0.845663 
475.171783 226.666428 0.902429 
464.892120 270.796448 0.903140 
554.561218 181.038300 0.826834 
575.130371 228.073578 0.839315 
572.167786 186.967331 0.851313 
497.192749 270.793823 0.766194 
495.736572 333.917572 0.830749 
489.872498 382.563538 0.865042 
533.947388 273.738708 0.810972 
525.132813 332.477875 0.856826 
528.055359 381.053558 0.816216 
511.926910 145.875076 0.974304 
523.742432 147.222458 0.940288 
507.483704 145.770935 0.243370 
538.385864 145.762848 0.907499 
18
522.110901 151.661224 0.897729 
523.710938 179.631134 0.936128 
492.766968 178.132736 0.850243 
476.576263 226.674118 0.914473 
466.355469 269.292236 0.879944 
556.017883 181.072205 0.825720 
572.192810 228.075195 0.875880 
570.674561 188.442703 0.892963 
498.577698 270.773621 0.779998 
497.144531 333.920959 0.833991 
489.866455 382.581146 0.865670 
534.016174 273.726013 0.794062 
525.155762 332.472076 0.843439 
528.059753 381.042511 0.812660 
513.358032 145.779022 0.948912 
525.184631 145.783829 0.910088 
508.966095 144.314682 0.402134 
539.836975 144.354523 0.902277 
18
522.228638 148.795135 0.935830 
523.720520 179.617325 0.930396 
494.233673 178.110962 0.844004 
476.654510 226.629288 0.902298 
469.247162 269.306213 0.860137 
556.033875 181.043442 0.840330 
572.242920 228.120499 0.872411 
572.194031 191.399414 0.873420 
498.669281 270.771057 0.789435 
497.191223 333.928589 0.847726 
489.867523 382.566284 0.864889 
535.412109 273.719757 0.803462 
525.182556 332.478149 0.845715 
528.056152 381.020874 0.815683 
514.882019 145.717377 0.876190 
529.530273 145.754929 0.879308 
510.359833 141.381470 0.717576 
542.743774 144.298309 0.886623 
18
523.678467 148.772049 0.948434 
525.114380 179.578186 0.903835 
495.725739 178.159637 0.858750 
478.062866 226.670517 0.901494 
472.176605 269.319366 0.855042 
557.445923 178.171021 0.854027 
572.198914 228.104080 0.897123 
570.758911 197.265289 0.811222 
500.072083 269.312683 0.781982 
498.608368 332.541565 0.871641 
489.875549 382.568970 0.863981 
535.488220 273.682007 0.777853 
526.626038 331.079437 0.825874 
526.641968 381.037231 0.817556 
519.231079 144.343796 0.868947 
532.463562 145.725342 0.905624 
510.393677 141.391724 0.860911 
544.218750 144.288712 0.916013 
18
525.161621 148.777679 0.934652 
525.184265 181.025574 0.902826 
497.178558 178.163620 0.882873 
479.531219 228.058502 0.895848 
473.651001 270.756104 0.876070 
557.473450 181.059189 0.801490 
570.688599 229.624512 0.928367 
569.259216 191.325821 0.910920 
500.111816 272.223572 0.783205 
498.590759 333.951172 0.874744 
489.863403 382.562561 0.869395 
536.876953 275.160004 0.785261 
526.639648 332.491943 0.832669 
528.058655 381.005737 0.810408 
522.102478 144.334229 0.913394 
533.960815 144.355820 0.956303 
510.498047 142.858429 0.906891 
545.667847 144.309845 0.939767 
18
529.559753 148.782974 0.887728 
526.620178 181.009430 0.908029 
497.217499 178.129318 0.883579 
481.039429 226.650024 0.865551 
473.693726 269.296143 0.888846 
558.905273 181.090256 0.865241 
570.655334 229.627563 0.909596 
569.285034 195.795349 0.816906 
500.172791 269.306244 0.768426 
498.609650 333.936890 0.895411 
489.868683 382.552612 0.866691 
536.939514 273.723846 0.763900 
529.538696 331.049164 0.819299 
528.083496 381.038574 0.819809 
523.597168 145.720139 0.953085 
535.414673 145.728958 0.951519 
511.946045 142.887543 0.916098 
545.745300 144.354767 0.954452 
18
533.887024 148.807953 0.905273 
529.563110 181.014603 0.879576 
498.623016 178.137833 0.906706 
483.945740 226.626999 0.858896 
475.070343 267.836426 0.902054 
560.393555 181.085861 0.877567 
572.185486 229.630661 0.934780 
564.846741 203.109680 0.707800 
500.179474 267.849243 0.771002 
498.618774 333.958313 0.909965 
489.867889 382.539642 0.877199 
538.354858 273.706268 0.756617 
532.425659 331.059296 0.816397 
528.062317 381.044312 0.820203 
525.107788 145.732788 0.920125 
536.926025 145.790512 0.908101 
513.399414 142.872391 0.913191 
547.155090 145.818863 0.889316 
18
535.422485 151.668762 0.940527 
532.440674 179.584091 0.881110 
498.697235 176.685944 0.899083 
485.382416 226.674805 0.871414 
475.115295 267.866699 0.904270 
559.030884 179.626633 0.873403 
573.682495 229.571472 0.932784 
556.028625 206.053070 0.792076 
500.204041 269.317993 0.764037 
498.610504 333.960144 0.905283 
489.866974 382.538544 0.879324 
539.814331 275.124146 0.759576 
531.039673 332.489929 0.822296 
526.633240 381.035950 0.813362 
529.544983 145.760696 0.891612 
542.798767 145.845947 0.939939 
514.869385 144.287140 0.893905 
548.667664 145.867645 0.627016 
18
538.404114 151.706192 0.853693 
532.474854 179.600296 0.886591 
500.086609 176.706787 0.899226 
485.459778 226.682419 0.894419 
475.205566 267.818512 0.903700 
560.417542 179.609055 0.841910 
572.223511 229.598984 0.913909 
557.455017 213.404694 0.799553 
501.593323 270.768311 0.761493 
498.614258 333.993591 0.918413 
489.866364 382.523102 0.884359 
541.287781 275.123932 0.748106 
532.464661 332.507721 0.827075 
528.049316 381.019775 0.814911 
533.943298 145.795700 0.983098 
545.736816 145.864914 0.998273 
519.255737 144.312790 0.889118 
550.107056 145.854401 0.159188 
18
545.651672 156.046555 0.919136 
533.883057 179.640778 0.902572 
500.128723 178.133636 0.882101 
486.867615 226.639145 0.890602 
476.639740 266.402252 0.900225 
560.452087 181.045288 0.838418 
570.735474 229.634583 0.949718 
547.174744 204.603226 0.803827 
501.636688 270.772858 0.752770 
498.631592 333.995453 0.923321 
489.858521 382.510101 0.884666 
541.326111 275.137329 0.750932 
532.482056 332.511139 0.833370 
528.057556 381.031952 0.822974 
535.474060 145.854767 0.989973 
548.662292 147.264618 0.967076 
522.178955 145.744858 0.967248 
0.000000 0.000000 0.000000 
18
547.132141 156.104416 0.956302 
533.876465 179.648315 0.886226 
500.149139 178.166763 0.881816 
486.870880 226.657684 0.896655 
476.629700 266.391541 0.899057 
560.419434 181.059998 0.861900 
569.264526 229.597641 0.967766 
545.700195 198.729935 0.795902 
501.656006 269.321136 0.744135 
498.627045 334.015106 0.924826 
489.877716 382.543762 0.870461 
542.741211 273.715790 0.741849 
532.504333 332.495331 0.824549 
528.070679 381.049927 0.820214 
539.824585 147.242477 0.905847 
550.169983 147.315720 0.934428 
522.250122 145.791260 0.980372 
0.000000 0.000000 0.000000 
18
547.240967 157.505875 0.952744 
532.475464 179.622314 0.882130 
500.116089 178.167892 0.894803 
486.885864 225.218689 0.887139 
476.664520 266.369873 0.889696 
559.009094 179.618942 0.859477 
570.676025 228.159180 0.991801 
544.272156 201.671387 0.824982 
501.667786 272.235596 0.744837 
498.661743 335.426453 0.912878 
491.353088 382.552399 0.842331 
542.745911 275.142670 0.741623 
532.475586 333.928955 0.832311 
528.070496 381.066132 0.826917 
542.782593 147.312378 0.914281 
553.071045 147.350723 0.885292 
523.623169 145.846283 0.966269 
0.000000 0.000000 0.000000 
18
547.270203 157.533951 0.948857 
532.457092 179.629379 0.879424 
500.103180 178.177032 0.888703 
486.828186 228.059692 0.907624 
476.670410 266.399231 0.879561 
558.995422 179.597366 0.850662 
572.155457 228.090042 0.934447 
544.241943 206.092636 0.862177 
501.596649 270.763733 0.766037 
498.711700 334.054230 0.916920 
492.797943 382.538971 0.837564 
539.854065 273.728455 0.739783 
532.483337 332.518463 0.833641 
528.079468 381.081329 0.825185 
544.188354 147.341660 0.903984 
554.511169 147.358170 0.874923 
523.613953 145.853073 0.970970 
0.000000 0.000000 0.000000 
18
548.657654 157.502884 0.933486 
529.565186 179.595734 0.852358 
498.694855 178.163574 0.891866 
485.417175 226.619400 0.859535 
475.180176 266.416748 0.906240 
558.935181 178.151031 0.870453 
570.756897 226.652222 0.918780 
545.685913 204.607559 0.872081 
500.200104 270.751953 0.772937 
498.695435 334.031128 0.923404 
492.803833 382.566681 0.836740 
538.375122 273.707275 0.741860 
532.430542 332.540680 0.822928 
528.099060 381.082733 0.826222 
544.221191 147.319733 0.922504 
554.542175 147.334869 0.890625 
523.618347 145.847824 0.972235 
0.000000 0.000000 0.000000 
18
548.681152 156.127808 0.903450 
528.091370 179.623077 0.843655 
498.671448 179.579559 0.897248 
483.974762 226.672775 0.875002 
475.152893 269.300262 0.911287 
557.544373 179.582855 0.882514 
570.667480 228.077240 0.955812 
542.802429 195.827515 0.796982 
500.179077 273.691772 0.791737 
498.665833 334.053619 0.920859 
492.799042 382.573700 0.836485 
536.953308 275.176208 0.763952 
530.996338 333.926453 0.833493 
528.075928 381.075806 0.833323 
544.231262 147.299133 0.931782 
554.554626 147.322235 0.900496 
523.592529 147.208923 0.975002 
0.000000 0.000000 0.000000 
18
548.686890 157.484314 0.908655 
528.066284 179.614349 0.853945 
498.646149 179.575073 0.883280 
482.516846 226.674133 0.853961 
475.125000 270.792419 0.907615 
558.888000 179.602859 0.899680 
569.181091 228.083435 0.949321 
545.749634 192.892258 0.894337 
500.177734 272.269104 0.775792 
498.675751 334.061859 0.912381 
492.787170 382.582184 0.827248 
536.917969 275.151215 0.761918 
530.990112 332.554535 0.822070 
528.080933 381.058472 0.825914 
544.264648 147.317032 0.939633 
554.549866 147.344055 0.860064 
523.615356 145.865616 0.975051 
0.000000 0.000000 0.000000 
18
548.627136 157.515884 0.932458 
525.183594 179.612488 0.873132 
497.215302 179.586288 0.877850 
479.595825 228.118759 0.868538 
475.112701 272.232239 0.899647 
557.498047 179.632996 0.900822 
570.678284 226.679474 0.972307 
547.245667 197.240723 0.844864 
500.163971 273.678162 0.784833 
498.676971 335.408875 0.905077 
492.809052 383.962524 0.819853 
536.898621 275.155396 0.768724 
529.549805 332.557434 0.819720 
528.083252 381.071045 0.830613 
544.216980 147.343140 0.912148 
553.075317 148.724777 0.817885 
522.238770 147.235596 0.980355 
0.000000 0.000000 0.000000 
18
547.240540 157.523941 0.955810 
525.123962 179.575485 0.896032 
497.147064 179.604431 0.874352 
478.100952 228.157700 0.922889 
475.089905 272.255768 0.906997 
557.420349 178.133224 0.852227 
572.178284 223.736740 0.871294 
547.253784 204.561890 0.835081 
500.127594 273.672363 0.789948 
498.662140 334.025024 0.895868 
492.783966 382.572662 0.834180 
536.874023 275.130890 0.773839 
529.520386 332.496735 0.820354 
528.052002 381.041504 0.823833 
544.180420 147.355087 0.890922 
551.580811 148.722809 0.806765 
522.175354 147.223740 0.977513 
0.000000 0.000000 0.000000 
18
547.176147 157.502289 0.970349 
523.703613 178.173691 0.919936 
494.249786 179.626144 0.861342 
476.682251 228.185440 0.942950 
475.071228 273.720612 0.925119 
556.019958 175.238693 0.836396 
573.636169 222.245575 0.869680 
553.077576 204.671021 0.826114 
500.102234 273.717102 0.809227 
498.650696 334.031860 0.898760 
492.785187 382.576843 0.829915 
535.496948 275.143127 0.792664 
529.518005 332.509155 0.824581 
528.055725 381.061066 0.828076 
541.297180 147.350067 0.872024 
548.699280 147.361694 0.832154 
522.120422 147.240753 0.965034 
0.000000 0.000000 0.000000 
18
545.768066 157.523407 0.963664 
523.677734 179.581085 0.932343 
491.344391 181.011612 0.876626 
476.603790 229.572952 0.959129 
475.076080 275.129578 0.937576 
556.023254 176.687210 0.842394 
572.219727 222.283157 0.880169 
554.527832 204.572983 0.781674 
498.730255 275.140839 0.822778 
498.596893 335.414124 0.874782 
492.789917 382.594238 0.834935 
535.494995 275.188385 0.800088 
528.067627 333.936951 0.829633 
528.088501 381.081757 0.819350 
538.353210 148.730286 0.864367 
547.257690 148.745453 0.851955 
520.699219 147.257095 0.953160 
0.000000 0.000000 0.000000 
18
545.699585 157.535172 0.957154 
523.689575 181.036880 0.947545 
492.767578 181.027527 0.878308 
476.587128 229.559708 0.945685 
473.682495 275.146698 0.924056 
556.036865 179.639481 0.856642 
570.751587 228.061050 0.929735 
557.455811 195.835022 0.776585 
498.724548 275.144623 0.811954 
498.601624 334.052032 0.875760 
492.802368 382.580475 0.829318 
535.470337 275.217133 0.809628 
528.063904 333.955719 0.833002 
528.084290 381.089050 0.818875 
536.885864 148.731659 0.905137 
547.211182 148.751419 0.865221 
519.232178 147.248291 0.914535 
0.000000 0.000000 0.000000 
