26
1
18
631.047363 122.326035 0.906121 
597.162415 157.610275 0.893556 
606.076660 166.381912 0.863411 
607.491638 217.808273 0.891783 
619.223083 257.542267 0.868773 
586.893372 153.158844 0.779088 
0.000000 0.000000 0.000000 
0.000000 0.000000 0.000000 
595.721863 245.783890 0.729985 
594.170166 300.179047 0.897080 
583.968018 356.003845 0.848362 
582.430969 241.350128 0.737973 
580.949402 294.280273 0.805682 
569.271179 338.449432 0.761327 
628.082642 117.889679 0.911103 
0.000000 0.000000 0.000000 
616.242676 123.787834 0.916451 
0.000000 0.000000 0.000000 
18
632.455811 123.705811 0.905854 
597.159363 157.632309 0.889438 
606.062012 166.405136 0.873233 
607.474976 217.829254 0.891788 
617.839050 257.553131 0.872154 
586.905212 154.596191 0.772740 
0.000000 0.000000 0.000000 
0.000000 0.000000 0.000000 
595.761536 247.253769 0.727463 
592.807251 300.208527 0.892549 
583.950500 356.015808 0.846123 
582.436340 241.396988 0.740197 
580.918518 297.188690 0.834198 
570.711365 344.258118 0.763378 
628.100464 119.345749 0.911209 
0.000000 0.000000 0.000000 
616.247620 123.810287 0.915197 
0.000000 0.000000 0.000000 
18
632.441528 123.716904 0.911560 
597.152405 157.631561 0.886494 
606.038513 167.807465 0.875906 
607.471191 217.867783 0.885968 
617.841370 259.007202 0.869106 
588.341187 154.599991 0.765169 
0.000000 0.000000 0.000000 
0.000000 0.000000 0.000000 
597.154358 247.254303 0.715049 
592.806641 300.214966 0.882841 
583.976196 356.012482 0.836709 
582.453735 241.395233 0.741250 
580.956116 297.229614 0.849312 
570.738953 344.268829 0.746368 
628.088074 119.361008 0.916812 
0.000000 0.000000 0.000000 
616.229065 123.817657 0.909919 
0.000000 0.000000 0.000000 
18
631.028015 123.733475 0.916922 
595.760071 157.624756 0.890919 
606.032715 166.412811 0.881697 
607.443665 217.867844 0.894713 
617.826355 259.015411 0.885450 
588.330933 154.596512 0.762355 
0.000000 0.000000 0.000000 
0.000000 0.000000 0.000000 
595.754456 247.270569 0.719879 
592.795044 300.216980 0.892226 
583.967712 355.994690 0.829895 
582.450500 241.406235 0.744762 
580.935425 297.212830 0.836389 
570.770935 344.256622 0.733306 
628.067017 120.766731 0.925956 
0.000000 0.000000 0.000000 
616.213562 123.825150 0.899809 
0.000000 0.000000 0.000000 
18
631.016663 123.756577 0.906554 
595.746094 157.626663 0.893493 
606.021057 166.416656 0.884165 
607.443359 217.830292 0.896940 
617.809082 258.999115 0.892154 
586.901123 154.588409 0.757946 
0.000000 0.000000 0.000000 
0.000000 0.000000 0.000000 
595.744507 248.691864 0.725412 
592.773010 300.248505 0.881494 
583.962952 356.010559 0.841120 
582.440735 241.406158 0.738124 
579.498047 297.258881 0.821658 
570.734680 344.266876 0.756732 
628.064941 120.789955 0.925106 
0.000000 0.000000 0.000000 
616.211487 123.831352 0.901232 
0.000000 0.000000 0.000000 
18
631.025818 123.752342 0.885457 
595.722900 158.976151 0.898130 
606.001831 166.401398 0.877163 
607.450500 217.833954 0.892104 
617.813904 258.993256 0.880599 
585.450745 154.623001 0.757639 
0.000000 0.000000 0.000000 
0.000000 0.000000 0.000000 
595.710693 248.697678 0.737092 
592.761475 300.241302 0.878227 
583.960632 356.026672 0.837754 
582.415222 241.418427 0.736824 
579.501465 297.266541 0.818020 
572.161987 344.264709 0.726092 
628.072205 120.779144 0.910556 
0.000000 0.000000 0.000000 
616.213867 123.818581 0.911923 
0.000000 0.000000 0.000000 
18
629.596008 123.764526 0.902516 
595.709351 158.988068 0.902740 
605.994080 166.405106 0.881489 
607.440125 217.814117 0.901509 
617.808105 260.448761 0.890074 
585.425537 154.637329 0.766617 
0.000000 0.000000 0.000000 
0.000000 0.000000 0.000000 
595.715332 248.737061 0.751181 
592.752380 301.641205 0.880619 
583.923523 356.051971 0.855200 
581.034546 242.829361 0.738871 
579.512878 298.700562 0.820902 
570.752197 344.272827 0.727823 
628.032959 120.797783 0.919947 
0.000000 0.000000 0.000000 
614.831726 123.791496 0.904041 
0.000000 0.000000 0.000000 
18
629.582336 123.748543 0.928926 
595.710754 158.992371 0.906237 
606.003357 167.824722 0.888544 
607.437622 217.867157 0.898789 
617.806335 260.479004 0.891241 
585.420837 154.622604 0.766853 
0.000000 0.000000 0.000000 
0.000000 0.000000 0.000000 
595.682251 248.706406 0.745306 
592.734192 301.634552 0.878811 
583.934875 356.038971 0.852173 
581.004089 241.417114 0.745491 
578.076599 298.675171 0.826732 
572.163879 344.298370 0.723956 
628.010315 120.777237 0.926608 
0.000000 0.000000 0.000000 
614.783142 123.788803 0.894768 
0.000000 0.000000 0.000000 
18
629.557495 123.768852 0.936852 
595.690613 158.991516 0.907636 
606.002380 167.816727 0.886994 
607.499268 217.927856 0.876134 
617.801514 261.905884 0.901982 
583.986389 154.628952 0.780094 
0.000000 0.000000 0.000000 
0.000000 0.000000 0.000000 
594.309204 248.693634 0.742178 
592.725891 301.637421 0.881202 
583.919373 356.049500 0.863297 
580.984741 241.385010 0.748378 
576.557556 298.644592 0.820463 
570.701355 344.265839 0.768044 
627.989868 120.795479 0.928458 
0.000000 0.000000 0.000000 
614.764709 123.793373 0.893068 
0.000000 0.000000 0.000000 
18
629.523865 123.761642 0.944865 
594.300110 158.998093 0.920484 
605.983948 167.854309 0.891608 
607.441528 217.924393 0.872267 
617.809631 260.505768 0.902166 
583.948792 154.609009 0.783567 
0.000000 0.000000 0.000000 
0.000000 0.000000 0.000000 
594.267456 247.250031 0.738776 
592.709106 301.633881 0.877662 
583.915039 356.056427 0.869823 
579.550476 241.356644 0.751524 
575.127686 297.250244 0.816963 
570.682556 342.824615 0.763674 
626.600159 120.791527 0.920086 
0.000000 0.000000 0.000000 
613.317261 123.802261 0.883740 
0.000000 0.000000 0.000000 
18
629.521606 123.759903 0.950112 
594.276978 159.048904 0.912404 
605.963684 169.263718 0.901063 
606.046753 219.319382 0.867222 
617.792114 261.912354 0.907960 
583.927246 154.640869 0.797241 
0.000000 0.000000 0.000000 
0.000000 0.000000 0.000000 
594.276184 247.270752 0.743388 
592.685730 301.685974 0.863635 
583.926453 356.069885 0.873847 
579.538513 241.370255 0.755023 
573.648193 297.265503 0.832717 
570.674744 344.255005 0.766617 
626.594238 120.784584 0.920304 
0.000000 0.000000 0.000000 
611.883118 123.814117 0.882850 
0.000000 0.000000 0.000000 
18
629.516602 123.769730 0.945412 
594.264465 158.992310 0.914160 
604.591309 167.833389 0.882434 
605.994507 217.915390 0.885736 
617.757385 260.465179 0.899786 
583.941345 153.171112 0.775032 
0.000000 0.000000 0.000000 
0.000000 0.000000 0.000000 
594.272217 248.707321 0.750882 
592.676758 301.691284 0.849765 
583.922668 356.081177 0.875344 
580.933167 241.395462 0.744404 
573.650208 297.244110 0.826478 
569.284790 342.847778 0.781854 
626.589783 120.800835 0.921105 
0.000000 0.000000 0.000000 
611.870056 123.816536 0.882862 
0.000000 0.000000 0.000000 
18
629.484131 123.798721 0.918341 
594.271118 157.616440 0.913568 
604.550110 167.882477 0.918869 
606.015137 219.351624 0.861606 
617.720398 261.927490 0.899376 
585.397217 150.212112 0.743285 
623.636658 144.335968 0.530494 
654.517090 133.984528 0.798527 
594.238464 250.144608 0.775749 
591.308777 303.121338 0.844358 
583.938171 356.072510 0.866835 
580.964050 241.431656 0.735602 
575.118164 298.697144 0.823129 
569.280457 342.818939 0.764334 
626.576355 122.217865 0.954527 
0.000000 0.000000 0.000000 
610.427856 125.251984 0.826656 
0.000000 0.000000 0.000000 
18
628.093689 123.806305 0.879849 
594.274170 157.611801 0.923947 
604.559143 169.276108 0.904591 
605.973877 219.366989 0.860063 
617.690552 261.928589 0.905738 
583.991516 150.215302 0.766055 
620.704834 134.024445 0.363251 
650.093872 123.752914 0.652730 
594.233643 248.729538 0.760086 
591.312012 303.106262 0.856736 
583.943787 356.056641 0.870969 
580.959961 241.405930 0.743426 
575.096008 298.711334 0.824896 
570.676147 344.254700 0.760977 
625.079224 122.237701 0.876459 
0.000000 0.000000 0.000000 
610.422729 126.669876 0.846280 
0.000000 0.000000 0.000000 
18
629.513306 123.818375 0.908363 
594.270935 159.009506 0.896950 
604.528625 169.273636 0.876956 
604.575745 219.297211 0.889936 
616.346497 261.915070 0.905584 
583.969543 153.134750 0.757422 
597.183899 158.990723 0.052009 
0.000000 0.000000 0.000000 
594.268433 248.721344 0.752995 
591.306274 303.107025 0.849315 
583.942444 356.057678 0.865623 
581.014465 241.403458 0.742001 
573.645325 298.651428 0.836064 
569.270691 342.829895 0.775781 
626.559692 122.233665 0.912307 
0.000000 0.000000 0.000000 
608.961609 125.225060 0.878890 
0.000000 0.000000 0.000000 
18
629.511475 125.212875 0.890657 
594.256897 159.001495 0.895893 
604.495728 169.301392 0.883289 
604.521240 219.309372 0.891435 
616.325989 261.933716 0.894215 
583.952087 151.686295 0.759487 
0.000000 0.000000 0.000000 
0.000000 0.000000 0.000000 
594.276611 248.734589 0.736413 
592.685974 301.665344 0.865918 
583.947021 356.041901 0.861437 
581.048401 242.818665 0.723617 
575.105896 298.686584 0.820837 
569.287170 342.820374 0.763373 
626.583130 122.260834 0.915087 
0.000000 0.000000 0.000000 
608.972717 125.208855 0.881628 
0.000000 0.000000 0.000000 
18
629.467773 123.817276 0.933227 
594.258179 159.024017 0.896094 
604.477173 169.347366 0.903812 
604.488770 219.291672 0.901708 
616.295837 261.951294 0.906860 
583.955933 151.683472 0.742139 
600.097839 159.067444 0.066390 
0.000000 0.000000 0.000000 
594.267822 250.150742 0.737212 
592.675415 301.698395 0.854775 
583.950073 356.054810 0.858334 
582.434082 242.848907 0.712896 
575.111694 298.711060 0.826963 
570.693787 344.275787 0.755975 
626.550476 122.211700 0.911525 
0.000000 0.000000 0.000000 
608.973022 123.820679 0.880482 
0.000000 0.000000 0.000000 
18
629.483215 123.768280 0.954247 
594.253540 159.019836 0.889551 
603.019043 169.337753 0.875270 
604.481506 219.352951 0.879733 
616.247986 261.942657 0.897575 
585.395813 151.709869 0.701255 
604.557434 163.480286 0.069731 
0.000000 0.000000 0.000000 
594.256592 248.743683 0.734901 
591.310730 303.115997 0.855457 
583.943665 356.064209 0.862332 
582.477844 242.856476 0.710553 
576.561951 298.734589 0.822133 
570.686523 344.275330 0.752999 
626.565430 120.793716 0.907671 
0.000000 0.000000 0.000000 
608.962830 123.801247 0.876792 
0.000000 0.000000 0.000000 
18
629.479675 123.766273 0.944243 
594.255554 159.022766 0.888267 
603.044556 169.341461 0.892082 
604.448242 219.335510 0.885356 
616.221802 261.983643 0.897165 
585.407166 151.695831 0.713364 
604.552368 162.016174 0.085373 
0.000000 0.000000 0.000000 
594.246216 248.733627 0.735311 
592.689514 301.642181 0.880041 
583.944458 356.052826 0.843379 
582.467651 242.857208 0.716151 
576.588135 298.706116 0.810673 
572.161316 344.309570 0.712388 
626.562195 120.798073 0.904303 
0.000000 0.000000 0.000000 
608.954285 123.800026 0.872818 
0.000000 0.000000 0.000000 
18
629.466064 123.736061 0.965078 
594.259460 159.027008 0.889227 
603.056091 169.356461 0.890765 
604.444458 219.371735 0.882853 
614.845825 261.971863 0.895277 
585.400635 151.691986 0.717354 
604.494263 160.542435 0.078084 
0.000000 0.000000 0.000000 
594.257324 250.181854 0.738117 
591.305176 303.102661 0.853924 
583.957642 356.061371 0.851925 
582.477783 244.311096 0.704337 
575.116577 298.753693 0.825940 
570.731262 345.704803 0.745831 
626.539795 120.772926 0.898642 
0.000000 0.000000 0.000000 
607.525818 123.802200 0.879304 
0.000000 0.000000 0.000000 
18
629.463806 123.720543 0.967934 
594.262207 159.027359 0.884609 
603.058716 169.338776 0.883305 
604.472656 219.341446 0.890488 
614.815247 263.355530 0.892828 
585.414063 151.712051 0.718701 
604.433411 160.531708 0.060303 
0.000000 0.000000 0.000000 
594.278625 250.157700 0.734295 
591.303162 301.647736 0.876455 
583.939697 356.034729 0.852249 
582.507507 242.874329 0.702471 
576.580322 298.712891 0.823074 
570.716980 344.303375 0.744752 
626.535400 119.362015 0.888984 
0.000000 0.000000 0.000000 
607.510132 123.792107 0.888753 
0.000000 0.000000 0.000000 
18
629.466125 123.757149 0.982414 
594.264954 159.029907 0.887567 
604.464355 169.355164 0.894891 
604.503723 220.779114 0.883906 
614.831665 263.393829 0.900950 
583.987000 151.678482 0.740751 
601.581055 159.119797 0.056001 
0.000000 0.000000 0.000000 
594.262451 250.155029 0.740752 
591.301575 301.645477 0.881572 
583.929138 356.041779 0.860682 
582.470276 242.854904 0.711680 
575.115845 298.697510 0.824989 
570.714600 344.289581 0.748317 
626.533813 120.785355 0.906666 
0.000000 0.000000 0.000000 
607.510742 123.790024 0.884955 
0.000000 0.000000 0.000000 
18
629.480408 123.749847 0.972614 
594.272888 159.019547 0.887362 
604.490540 169.351364 0.898960 
604.535706 219.377213 0.884917 
614.842285 263.398926 0.908771 
583.974426 150.251831 0.748047 
601.550964 159.091446 0.059183 
0.000000 0.000000 0.000000 
594.269226 250.196411 0.751314 
591.281616 303.110016 0.853252 
582.559448 356.067322 0.874656 
582.467163 244.308548 0.709549 
575.096191 298.735779 0.826765 
570.723816 344.303406 0.738966 
626.553528 120.776047 0.908828 
0.000000 0.000000 0.000000 
608.934204 123.795486 0.876794 
0.000000 0.000000 0.000000 
18
629.498535 123.759758 0.968322 
594.278564 159.014160 0.885500 
604.508240 169.344849 0.900787 
604.539612 220.776260 0.873941 
616.214661 263.408051 0.912143 
583.965637 150.249252 0.750170 
601.552490 159.132843 0.057777 
0.000000 0.000000 0.000000 
594.265503 250.197998 0.757598 
591.269958 303.118256 0.855177 
582.556152 356.067444 0.879895 
582.442078 244.302704 0.713302 
575.098816 298.739258 0.824628 
570.725098 344.313934 0.740456 
626.576965 120.776100 0.914414 
0.000000 0.000000 0.000000 
608.975891 123.785828 0.872137 
0.000000 0.000000 0.000000 
18
629.515320 123.708748 0.966448 
594.289246 159.008820 0.878937 
604.493958 169.323029 0.893124 
604.566650 222.248108 0.865351 
616.246704 263.433105 0.921501 
585.419189 151.683838 0.723372 
0.000000 0.000000 0.000000 
0.000000 0.000000 0.000000 
594.286865 251.640472 0.754004 
591.256226 304.588104 0.835044 
582.557800 356.050964 0.859920 
582.491333 247.231812 0.691751 
575.097046 298.766296 0.803925 
572.182800 345.725891 0.677973 
626.587891 119.330025 0.901234 
0.000000 0.000000 0.000000 
610.401611 123.786667 0.873999 
0.000000 0.000000 0.000000 
18
629.523132 123.713181 0.962796 
594.288513 159.005630 0.879098 
604.506104 169.308289 0.893295 
605.935364 222.240677 0.863659 
616.315857 263.388824 0.920939 
585.421509 151.690826 0.732637 
0.000000 0.000000 0.000000 
0.000000 0.000000 0.000000 
594.303162 251.644287 0.759326 
591.266052 304.576416 0.845311 
582.546387 356.053802 0.876181 
582.518677 247.240112 0.686284 
576.591614 298.758453 0.801904 
570.734436 345.702240 0.712955 
626.599060 119.337364 0.906336 
0.000000 0.000000 0.000000 
611.855347 123.785767 0.880858 
0.000000 0.000000 0.000000 
