30
1
18
542.796753 157.618439 0.875526 
520.684692 192.810333 0.747464 
522.184448 194.349197 0.864587 
523.632202 239.855194 0.933134 
533.990173 273.712982 0.950157 
516.304932 189.901749 0.613811 
0.000000 0.000000 0.000000 
0.000000 0.000000 0.000000 
522.154663 263.436249 0.777877 
522.153931 311.948486 0.788051 
511.947449 357.549774 0.801114 
516.289551 261.929321 0.600750 
516.306030 310.496368 0.713514 
514.830078 351.645447 0.685465 
536.925110 153.142395 0.811117 
0.000000 0.000000 0.000000 
523.738342 156.107086 0.781223 
0.000000 0.000000 0.000000 
18
544.208435 159.011108 0.888970 
519.252869 192.835602 0.745835 
522.218201 194.379807 0.859723 
523.658630 239.916000 0.930426 
533.997681 275.122314 0.981857 
513.400330 191.324371 0.635906 
0.000000 0.000000 0.000000 
0.000000 0.000000 0.000000 
520.747375 263.439819 0.770489 
520.687134 311.914459 0.768365 
511.936005 357.515533 0.832973 
513.383301 261.931580 0.626442 
517.799377 310.476227 0.719948 
514.835144 348.706604 0.662513 
538.346680 154.601059 0.810701 
0.000000 0.000000 0.000000 
523.738281 156.116852 0.776411 
0.000000 0.000000 0.000000 
18
544.215210 159.070633 0.891042 
519.247803 192.864685 0.742617 
522.214844 194.397476 0.848905 
523.638000 239.923035 0.934594 
534.023865 275.112793 0.987243 
513.400024 191.347992 0.632201 
0.000000 0.000000 0.000000 
0.000000 0.000000 0.000000 
519.261414 263.427856 0.757544 
514.877258 311.891418 0.784829 
511.923431 357.492035 0.889569 
514.855164 261.927704 0.598191 
520.710266 310.446655 0.743039 
513.415710 345.779388 0.639469 
538.351074 156.054153 0.833657 
0.000000 0.000000 0.000000 
523.711365 157.520340 0.791052 
0.000000 0.000000 0.000000 
18
544.210327 159.049606 0.903475 
519.261902 192.875076 0.742828 
522.162048 194.396896 0.855433 
523.632629 239.915039 0.927709 
534.013611 273.743195 0.973977 
516.296326 191.364853 0.614029 
532.477966 229.602249 0.108985 
0.000000 0.000000 0.000000 
517.790955 263.421692 0.741252 
514.868896 310.532349 0.793271 
511.910614 357.464447 0.881377 
513.377014 261.920776 0.617005 
520.690369 310.442932 0.733789 
514.840454 345.797119 0.666136 
538.348755 154.638840 0.828933 
0.000000 0.000000 0.000000 
523.709412 157.498917 0.783457 
0.000000 0.000000 0.000000 
18
544.206177 159.016663 0.896957 
519.249817 192.878494 0.736548 
522.117188 195.776505 0.841608 
523.636169 239.936676 0.928407 
535.367737 273.711456 0.970457 
516.337585 191.358704 0.610004 
533.844604 229.601990 0.157706 
0.000000 0.000000 0.000000 
517.758301 263.414673 0.735202 
516.291931 310.502655 0.787506 
511.917450 357.452515 0.876740 
513.373657 261.918274 0.620481 
520.685974 310.411285 0.734255 
514.846252 345.789398 0.661358 
536.945801 154.592682 0.815180 
0.000000 0.000000 0.000000 
523.701050 157.494675 0.803416 
0.000000 0.000000 0.000000 
18
542.782166 159.036835 0.900693 
519.239258 192.884750 0.725233 
520.700256 195.801468 0.824763 
523.642517 241.363068 0.895675 
534.020203 273.708344 0.952630 
519.239807 191.363754 0.607851 
532.490967 232.588074 0.233668 
544.191650 247.256485 0.278923 
514.875488 263.427185 0.743424 
514.870056 310.516510 0.802723 
511.913361 356.071869 0.879378 
514.830811 261.910828 0.589532 
520.705994 310.427643 0.758897 
514.821106 345.764008 0.652791 
536.924866 154.611633 0.831639 
0.000000 0.000000 0.000000 
523.681274 157.505630 0.811174 
0.000000 0.000000 0.000000 
18
542.753357 159.047623 0.886917 
519.227600 192.897919 0.761348 
519.269043 195.799210 0.822607 
522.244080 239.915421 0.874204 
533.994263 273.707794 0.927151 
517.804321 191.394516 0.638389 
533.882141 231.112610 0.534111 
547.200928 250.190491 0.822691 
514.825500 264.846191 0.747554 
516.291443 310.529572 0.789332 
511.900818 357.494232 0.902707 
511.935089 261.925751 0.581443 
520.705933 310.442963 0.741449 
513.410522 345.790741 0.625220 
536.901550 154.642807 0.837295 
0.000000 0.000000 0.000000 
523.698547 157.520996 0.805684 
0.000000 0.000000 0.000000 
18
541.312012 159.101791 0.851121 
516.303467 194.282883 0.797090 
519.246948 195.839813 0.806289 
522.231995 241.368149 0.862687 
534.008667 275.185455 1.004066 
514.846069 192.812866 0.717083 
532.437866 223.747208 0.515250 
555.977295 228.203537 0.803054 
517.792786 264.860260 0.735144 
514.855103 311.962341 0.778938 
511.917877 357.492340 0.889908 
511.869720 261.980408 0.656487 
519.276428 310.496185 0.733995 
514.827515 345.795258 0.638701 
536.892761 156.096436 0.833766 
0.000000 0.000000 0.000000 
523.676514 157.583649 0.832887 
0.000000 0.000000 0.000000 
18
538.390320 159.081985 0.872308 
514.851746 194.297668 0.808851 
517.797424 197.270157 0.794026 
522.226013 241.344864 0.911091 
533.994019 275.146729 0.992272 
514.819397 192.796494 0.718798 
535.396912 209.025299 0.635127 
558.939453 204.641037 0.885071 
514.872314 264.861176 0.743722 
514.863647 311.928009 0.782972 
511.910492 357.484711 0.900452 
510.473083 261.969818 0.654270 
520.696228 310.448608 0.715909 
514.853516 345.736572 0.632419 
535.460022 156.094223 0.859958 
0.000000 0.000000 0.000000 
523.632996 157.579910 0.844288 
0.000000 0.000000 0.000000 
18
536.930298 159.038696 0.827664 
520.685242 192.903015 0.843560 
514.826782 198.723709 0.778840 
522.246948 242.844635 0.896419 
535.360413 275.205322 0.973134 
523.669067 191.317841 0.771267 
545.651489 203.124008 0.873863 
563.345215 181.149673 0.955252 
513.418335 263.441406 0.783468 
514.864441 310.507202 0.803574 
511.909760 357.489655 0.940363 
519.224548 261.916901 0.601060 
522.167114 309.021149 0.755063 
516.300171 344.304138 0.638432 
535.415588 156.075134 0.837499 
0.000000 0.000000 0.000000 
523.667847 157.580399 0.828503 
0.000000 0.000000 0.000000 
18
535.479065 157.587738 0.657588 
520.713501 192.801941 0.827280 
516.303345 198.756989 0.720270 
523.597595 244.338531 0.855099 
535.410461 276.596222 0.955370 
523.679932 184.040634 0.728135 
547.261414 194.339478 0.961538 
558.893311 169.264847 0.931670 
513.414429 263.453186 0.782025 
514.849670 311.898438 0.805865 
511.912811 357.490784 0.936635 
519.243408 261.934845 0.592510 
522.155212 310.435516 0.756861 
514.853516 345.717163 0.632137 
534.013184 154.590317 0.702210 
0.000000 0.000000 0.000000 
523.712097 157.516327 0.775466 
0.000000 0.000000 0.000000 
18
535.483948 157.583618 0.706182 
519.277222 192.833908 0.809004 
514.861389 201.692322 0.741490 
522.249756 245.756943 0.870893 
535.416504 276.593231 0.963002 
523.651855 184.012878 0.677105 
554.504883 186.987259 0.836484 
557.521423 160.544281 0.937619 
513.407959 264.847382 0.774983 
514.862854 311.896423 0.795833 
511.909149 357.464600 0.919871 
516.321533 261.947113 0.586167 
522.141052 310.425385 0.741845 
514.848877 345.726227 0.644460 
534.005615 153.166885 0.757047 
0.000000 0.000000 0.000000 
523.676819 157.526108 0.752071 
0.000000 0.000000 0.000000 
18
536.881714 157.545609 0.653065 
519.257996 189.926804 0.771242 
513.396362 201.657791 0.736212 
522.218933 245.792435 0.843297 
535.386230 275.242676 0.956367 
523.664734 181.037033 0.694724 
557.414185 182.561752 0.903760 
557.424683 157.523849 0.915782 
513.394653 263.442902 0.778998 
514.880981 310.514099 0.775695 
511.904694 356.075409 0.887847 
519.230286 260.497345 0.559822 
522.139465 309.011139 0.716225 
513.422241 344.308228 0.641922 
535.368896 151.696381 0.718725 
0.000000 0.000000 0.000000 
523.725342 156.110123 0.745559 
0.000000 0.000000 0.000000 
18
535.515442 157.563126 0.604143 
519.268127 189.926758 0.763727 
513.400085 201.680862 0.742360 
522.188232 247.250687 0.820169 
535.372559 276.615845 0.960888 
523.660645 179.609573 0.693099 
557.476440 178.172913 0.840787 
556.021973 153.168900 0.858995 
513.369507 263.405396 0.778046 
514.861755 310.517670 0.777436 
511.904144 357.450317 0.888933 
522.193420 260.442566 0.579603 
522.166748 310.398865 0.734263 
514.822083 345.709473 0.641901 
534.002747 151.709061 0.626411 
0.000000 0.000000 0.000000 
525.107849 156.117111 0.705488 
0.000000 0.000000 0.000000 
18
536.908997 156.042542 0.677617 
522.116394 188.449463 0.789983 
513.394836 200.221634 0.748180 
522.153381 244.332672 0.814216 
534.015869 276.609039 0.961972 
528.070129 178.171661 0.714863 
558.881104 173.719528 0.869100 
556.006287 150.193298 0.829900 
513.403748 263.450592 0.789390 
514.822815 311.934875 0.799345 
511.907990 357.481110 0.908286 
523.635498 260.488251 0.591936 
522.149109 310.484802 0.754130 
514.859680 345.732483 0.646132 
534.020386 148.791550 0.744534 
0.000000 0.000000 0.000000 
523.732178 157.511642 0.768064 
0.000000 0.000000 0.000000 
18
536.938965 151.680038 0.719777 
520.740295 189.882462 0.782431 
514.820435 201.668808 0.731668 
522.189697 245.769333 0.810086 
533.991455 276.630890 0.961964 
525.152954 178.157394 0.694979 
557.522461 170.761627 0.884504 
555.949463 145.798630 0.856267 
513.419739 263.457001 0.774294 
514.861267 311.908295 0.790860 
511.911163 357.466736 0.912254 
522.197021 261.902893 0.583632 
522.162598 310.446442 0.738213 
516.293945 345.713745 0.645333 
535.360901 147.356476 0.793697 
0.000000 0.000000 0.000000 
525.119751 157.502335 0.780373 
0.000000 0.000000 0.000000 
18
536.886719 148.738403 0.893594 
520.732849 188.433716 0.752491 
514.871704 198.725952 0.731263 
522.195190 245.771057 0.820268 
533.987793 276.626007 0.963506 
523.693481 179.616272 0.680622 
557.535889 164.927505 0.862845 
548.694092 138.492111 0.787735 
513.421204 263.458191 0.771695 
516.288391 311.892548 0.773781 
511.913971 356.077759 0.896692 
523.629456 260.498474 0.585407 
522.182800 310.436981 0.737127 
516.288330 345.713440 0.634971 
533.922729 147.236786 0.897543 
0.000000 0.000000 0.000000 
522.237488 156.092712 0.790941 
0.000000 0.000000 0.000000 
18
536.864990 148.786087 0.846080 
520.710938 188.470322 0.762299 
516.315796 198.727173 0.742481 
522.207031 245.767426 0.821671 
533.993713 276.632660 0.972007 
523.628906 181.040955 0.682126 
555.998291 160.486176 0.860023 
545.762634 135.464630 0.887999 
513.406494 263.427734 0.761404 
516.324402 310.484619 0.758540 
511.907074 357.453674 0.899259 
523.635986 260.470062 0.575329 
522.244690 308.996704 0.731295 
516.302979 344.301331 0.634816 
532.512939 147.313522 0.834092 
0.000000 0.000000 0.000000 
522.149475 157.508286 0.771771 
0.000000 0.000000 0.000000 
18
535.472046 150.235504 0.766989 
519.259705 191.402054 0.779719 
514.873047 200.216110 0.751007 
522.231995 245.804901 0.841083 
534.002502 276.613861 0.984184 
522.212891 182.546219 0.666367 
554.518250 159.033478 0.821214 
541.312073 134.048843 0.827501 
514.849487 264.881256 0.747944 
516.325623 310.526550 0.760671 
511.917145 357.484375 0.915400 
522.174744 261.977905 0.584137 
522.216736 309.029175 0.732656 
516.325562 344.303131 0.628764 
532.492065 147.336899 0.750779 
0.000000 0.000000 0.000000 
522.211914 156.049744 0.739027 
0.000000 0.000000 0.000000 
18
539.827881 156.075409 0.728517 
520.691284 191.381638 0.747865 
519.263184 200.184418 0.758734 
523.599609 245.793991 0.867101 
535.364075 276.668701 0.994435 
522.149841 182.549850 0.588109 
553.062378 157.521744 0.695950 
535.468750 133.975586 0.765618 
516.334290 264.873016 0.734715 
516.314880 311.961273 0.745369 
511.922455 357.515198 0.890757 
516.328369 263.362335 0.583327 
522.132202 310.466095 0.721426 
516.293396 345.756714 0.620894 
535.373291 151.701523 0.728174 
0.000000 0.000000 0.000000 
523.680176 157.526703 0.705310 
0.000000 0.000000 0.000000 
18
545.665466 157.602768 0.915932 
519.263733 192.834793 0.706488 
520.691711 197.277573 0.789645 
522.257935 242.859711 0.887979 
535.382141 276.660492 0.992173 
520.684570 186.966034 0.543054 
533.887573 229.661469 0.070971 
0.000000 0.000000 0.000000 
517.757141 264.867523 0.740592 
516.307739 311.966187 0.754304 
511.917633 357.519440 0.894214 
516.301086 263.359985 0.592479 
522.133545 310.484589 0.727217 
514.854126 345.775269 0.626839 
538.348389 153.141647 0.814419 
0.000000 0.000000 0.000000 
523.656494 157.535370 0.818239 
0.000000 0.000000 0.000000 
18
545.745850 158.974457 0.966343 
519.267822 192.837982 0.721367 
522.151001 200.223938 0.838938 
523.629517 247.235367 0.881835 
535.424438 276.686920 1.000606 
517.749329 185.500717 0.514552 
0.000000 0.000000 0.000000 
0.000000 0.000000 0.000000 
517.789551 264.913574 0.733526 
516.307678 311.976410 0.750725 
511.910797 357.516815 0.891687 
514.825562 263.406677 0.586135 
522.142090 310.492920 0.728669 
514.839233 345.795441 0.631510 
538.401917 156.055511 0.847669 
0.000000 0.000000 0.000000 
525.108398 159.058517 0.813320 
0.000000 0.000000 0.000000 
18
545.660095 157.560715 0.935477 
519.254578 194.363495 0.726003 
522.158264 203.116119 0.861769 
523.650757 247.248901 0.884755 
535.433838 276.689270 0.998173 
514.875671 191.376999 0.565379 
0.000000 0.000000 0.000000 
0.000000 0.000000 0.000000 
519.222717 264.946381 0.735816 
516.320190 311.961639 0.754919 
511.904449 357.510040 0.898232 
514.854736 263.437531 0.579914 
522.173279 310.471222 0.749385 
514.873291 345.789856 0.644927 
535.498291 153.172897 0.832998 
0.000000 0.000000 0.000000 
523.636658 160.483475 0.786284 
0.000000 0.000000 0.000000 
18
544.265686 156.123825 0.930251 
520.716064 194.357559 0.756358 
522.146179 203.095947 0.884207 
523.662354 248.686905 0.895088 
535.458679 276.731232 0.992955 
520.742004 191.375534 0.595044 
529.559021 238.395325 0.059175 
0.000000 0.000000 0.000000 
516.332642 264.927948 0.721599 
517.751343 311.932312 0.742988 
511.912811 357.490112 0.889599 
516.306396 263.405029 0.581712 
522.208069 310.428467 0.747274 
516.290100 345.755798 0.640905 
536.879028 150.252960 0.857799 
0.000000 0.000000 0.000000 
523.684753 159.037369 0.868772 
0.000000 0.000000 0.000000 
18
538.383728 151.698288 0.819568 
517.804321 195.768738 0.721877 
520.749146 203.092651 0.877963 
523.669983 248.700378 0.903112 
535.476013 278.113617 0.956654 
517.774475 192.828430 0.571119 
533.912537 231.085617 0.061061 
0.000000 0.000000 0.000000 
517.755554 264.902344 0.717769 
516.323364 311.948822 0.736373 
511.917328 357.492126 0.878505 
513.374756 263.376221 0.580594 
522.143555 310.443939 0.696908 
514.828003 345.774902 0.636875 
533.980774 147.327164 0.877650 
0.000000 0.000000 0.000000 
522.164124 158.989624 0.810376 
0.000000 0.000000 0.000000 
18
535.495667 150.247391 0.793552 
520.676086 195.772339 0.769792 
522.164734 203.157211 0.920739 
523.684448 250.176056 0.893225 
535.485046 278.109497 0.959038 
519.254272 192.784424 0.602833 
538.390381 197.245697 0.522105 
539.837219 170.796204 0.423253 
517.774841 264.917267 0.716973 
516.332825 311.938599 0.725097 
511.912323 357.487854 0.875520 
511.947144 263.376587 0.589027 
522.137573 310.410309 0.689412 
514.816162 345.753723 0.645465 
532.508545 147.325470 0.824911 
0.000000 0.000000 0.000000 
522.152466 159.015976 0.777119 
0.000000 0.000000 0.000000 
18
535.464355 157.488129 0.827285 
519.242249 194.368530 0.756127 
522.121765 203.119476 0.924608 
523.641418 248.690048 0.890143 
535.499023 276.675873 0.986044 
517.790222 191.373367 0.603847 
538.378479 200.217712 0.733331 
544.230347 173.723694 0.713336 
517.770081 264.881683 0.743333 
516.314636 311.955261 0.737409 
511.913544 357.494720 0.888518 
513.364746 263.363708 0.603674 
522.143433 310.433167 0.703943 
514.839600 345.746887 0.643176 
533.917480 153.133102 0.837338 
0.000000 0.000000 0.000000 
522.207275 159.078278 0.806009 
0.000000 0.000000 0.000000 
18
534.010925 156.061707 0.636314 
517.796814 194.372101 0.770396 
520.744019 203.132858 0.866853 
522.243347 245.800110 0.883810 
536.891357 276.602386 0.968491 
517.754395 191.334869 0.648797 
541.310364 200.222397 0.629466 
547.169617 176.683014 0.663006 
516.316223 264.921844 0.734525 
514.876160 312.010345 0.731757 
511.925446 357.516052 0.883464 
513.397827 263.411316 0.606388 
520.725525 310.509521 0.696048 
516.286804 345.789612 0.651756 
532.437500 151.674500 0.662499 
0.000000 0.000000 0.000000 
522.169067 159.043655 0.774286 
0.000000 0.000000 0.000000 
18
535.512939 154.592987 0.935609 
520.693787 194.357895 0.784581 
522.149780 203.142654 0.882438 
522.192932 248.690628 0.877114 
541.294189 272.252747 0.901294 
520.713623 192.788330 0.708630 
538.345886 207.551376 0.593129 
553.073792 191.333221 0.834380 
519.255615 264.949890 0.752409 
516.306885 312.018677 0.772854 
511.909454 357.518005 0.896371 
513.368774 263.464569 0.637645 
519.259827 311.933502 0.733093 
513.420532 347.244873 0.663291 
533.874023 148.807602 0.886993 
0.000000 0.000000 0.000000 
522.118835 159.075516 0.851239 
0.000000 0.000000 0.000000 
18
536.879395 154.608917 0.944229 
520.721680 194.356964 0.790933 
520.698303 203.098114 0.877613 
520.720825 247.269669 0.890832 
544.202454 264.942322 0.980982 
522.165039 192.802078 0.721025 
539.820984 216.345062 0.708937 
558.954651 198.713364 0.852810 
516.335205 264.924377 0.750634 
517.799805 311.904755 0.819983 
511.901367 357.479828 0.918444 
516.328125 263.441803 0.622142 
522.135559 310.469421 0.763809 
513.391724 345.747681 0.637273 
532.514343 148.798141 0.895019 
0.000000 0.000000 0.000000 
520.720825 159.092133 0.845635 
0.000000 0.000000 0.000000 
18
536.955811 156.040771 0.921618 
522.127380 195.804810 0.790254 
519.254639 203.105148 0.869142 
517.800232 244.346878 0.851682 
545.774048 263.360718 0.970814 
523.645020 192.881805 0.739244 
541.301636 219.334641 0.605241 
557.510742 211.953995 0.718469 
514.815552 266.346405 0.760915 
516.325623 312.018280 0.807762 
511.935699 357.530762 0.907706 
522.222839 264.894318 0.700955 
522.137939 311.942047 0.785643 
513.388245 345.746063 0.616500 
533.938232 148.794037 0.913762 
0.000000 0.000000 0.000000 
522.145386 159.042007 0.867493 
0.000000 0.000000 0.000000 
