55
1
18
522.174805 219.294907 0.951458 
522.208557 232.555420 0.893381 
498.609283 231.074432 0.898873 
486.961884 273.729401 0.974189 
501.651611 298.709534 0.918675 
547.163391 235.484253 0.871855 
554.524170 276.600464 0.886146 
545.702942 298.745239 0.870012 
501.600372 291.371216 0.797332 
485.432068 332.517792 0.845598 
497.159393 381.075409 0.874727 
535.508484 295.739319 0.797469 
554.496399 333.961060 0.899393 
557.424683 383.976013 0.862789 
514.882874 216.321915 0.938534 
525.164063 216.337326 0.924461 
510.400482 209.019104 0.760478 
534.016052 211.947723 0.847014 
18
522.189453 219.294601 0.960127 
522.203491 232.547424 0.892338 
498.602020 231.066788 0.898202 
486.942627 273.740814 0.973895 
503.054352 298.712006 0.917446 
547.162170 235.483643 0.871932 
554.554199 276.621765 0.887655 
545.677856 298.738251 0.865061 
500.200897 292.819672 0.806717 
485.424255 332.505432 0.843208 
497.160431 381.070251 0.875329 
535.499329 295.795074 0.811807 
553.083191 333.991394 0.903689 
557.427551 383.962830 0.872943 
516.302490 216.310822 0.937404 
525.192139 216.338074 0.923080 
510.403290 207.613586 0.815876 
535.356934 210.516724 0.827951 
18
522.188660 219.296524 0.960447 
522.210388 232.548279 0.894591 
498.611328 231.058685 0.904661 
486.944275 275.121338 0.980485 
503.059235 298.713898 0.911637 
547.167603 235.488922 0.871563 
554.556580 276.636810 0.888403 
545.673462 298.741058 0.859635 
501.589661 292.842407 0.806705 
485.421661 332.517487 0.841604 
497.163300 381.094635 0.875628 
536.876404 297.199188 0.813976 
553.080872 333.995941 0.906153 
557.427979 382.572174 0.879102 
516.297546 216.312759 0.941494 
525.189697 216.337524 0.924724 
510.399475 209.002777 0.814492 
535.359131 210.516632 0.832609 
18
522.189758 219.297836 0.959929 
522.210571 232.551910 0.892789 
498.615295 231.060455 0.904227 
486.938843 275.125549 0.980360 
501.666168 298.707825 0.910590 
547.165588 235.496475 0.870409 
554.559692 276.642487 0.883504 
545.674133 298.725159 0.854528 
501.584717 292.835907 0.807725 
485.408417 332.530121 0.844563 
497.166656 381.092468 0.880749 
535.505371 297.188263 0.813733 
553.074646 333.974487 0.906885 
557.429993 382.579559 0.873682 
516.298462 216.310913 0.939463 
525.196045 216.339096 0.921747 
510.398468 209.004257 0.815374 
535.361267 210.518051 0.824372 
18
522.193054 219.300217 0.961717 
522.210144 232.553635 0.893103 
498.617126 231.061218 0.906410 
486.939240 275.125458 0.980555 
501.660004 298.708496 0.911898 
547.165283 235.501724 0.869619 
554.556213 276.639221 0.883790 
545.679871 298.725861 0.857489 
501.587891 292.829559 0.807253 
485.398773 332.527985 0.841795 
497.168457 381.081757 0.876794 
535.507141 297.186157 0.813569 
553.079041 333.991547 0.907204 
557.438110 382.587433 0.875695 
516.304993 216.312897 0.938311 
526.579285 216.340179 0.923504 
510.397003 209.012329 0.825504 
535.357727 210.529053 0.818932 
18
522.195801 219.299820 0.963309 
522.210449 232.552338 0.894745 
498.614197 231.065781 0.904869 
486.943054 275.106995 0.978577 
501.652252 298.707703 0.913639 
547.165161 235.494339 0.871813 
554.555115 276.623474 0.884046 
545.681152 298.689697 0.851355 
501.582794 292.819092 0.809426 
485.410187 332.522278 0.839184 
497.160492 381.087494 0.873914 
535.484436 295.792755 0.817402 
553.068665 333.983551 0.907156 
557.442383 383.975342 0.868386 
516.308899 216.315231 0.940965 
526.579285 216.338943 0.924064 
510.402832 209.014435 0.824929 
535.360046 210.518021 0.826052 
18
522.207947 219.301910 0.961731 
522.205017 232.553192 0.893132 
498.604584 231.075165 0.899680 
486.945190 273.734283 0.970806 
501.645599 298.698669 0.915813 
547.161255 235.479919 0.871218 
554.543152 276.609375 0.885955 
545.672791 298.712128 0.851857 
500.198120 291.401001 0.810653 
485.416748 332.515503 0.843574 
497.140900 381.042511 0.865157 
535.491394 295.776947 0.815498 
553.090149 334.011078 0.901107 
557.442017 383.986694 0.870552 
516.320068 216.316162 0.937620 
526.595276 216.336716 0.921076 
510.403381 209.014236 0.836572 
535.356812 210.496933 0.805915 
18
522.195801 217.936279 0.963863 
522.211304 232.554916 0.897280 
498.612762 231.072479 0.902766 
486.939972 273.725342 0.968454 
501.653046 298.702576 0.910777 
547.165344 235.484726 0.872002 
554.547974 276.590668 0.884864 
545.688232 298.686371 0.859293 
500.203033 291.397186 0.814454 
485.408264 332.539032 0.846077 
497.145447 381.065735 0.865810 
535.488037 295.776672 0.818766 
553.091736 333.985779 0.904090 
557.432007 383.995239 0.862954 
516.311340 216.305634 0.935576 
526.576477 216.327667 0.917561 
510.407776 207.612061 0.824513 
535.355164 210.498901 0.821217 
18
522.167480 217.913879 0.970260 
522.200989 232.553299 0.899453 
498.600769 231.081573 0.899975 
486.930420 273.743835 0.971174 
501.653534 298.693420 0.907682 
547.161987 235.473160 0.869326 
554.545471 275.242950 0.885759 
545.678894 298.675995 0.850919 
500.192047 291.398987 0.814849 
485.403259 332.550354 0.849995 
497.142303 381.069794 0.869222 
535.486572 295.778625 0.817802 
553.060730 333.975250 0.907597 
557.437988 384.001984 0.866443 
514.865112 214.937210 0.931216 
525.160950 216.303085 0.914134 
510.366760 207.612167 0.803915 
534.015320 210.518448 0.826442 
18
522.157837 217.890518 0.970380 
522.201233 232.562210 0.893420 
498.602600 231.089188 0.894287 
486.926514 275.110077 0.981192 
501.641785 298.702759 0.909087 
547.159485 235.476501 0.867831 
554.530945 275.241455 0.886157 
545.645813 298.681854 0.844369 
500.192902 291.369049 0.817600 
485.405945 332.541473 0.847538 
497.144501 381.062317 0.862872 
535.485718 295.759277 0.820764 
553.064941 333.988129 0.902649 
557.436096 383.986816 0.864256 
514.834045 214.913391 0.926428 
525.141846 214.912842 0.905886 
508.990662 207.605682 0.816790 
534.005981 209.059982 0.833761 
18
522.139954 217.878845 0.966770 
522.190125 232.563416 0.894853 
497.226624 231.096481 0.891031 
486.928558 275.117340 0.985372 
501.655121 298.714172 0.909024 
547.152100 235.473450 0.870030 
554.520569 275.227844 0.885758 
544.269287 297.270142 0.812784 
500.180603 291.367981 0.821270 
485.394318 332.551178 0.841700 
497.158112 381.088135 0.877120 
535.466675 295.740021 0.825771 
553.074646 334.001984 0.895689 
557.437439 383.988770 0.862151 
513.415894 214.902313 0.928970 
525.110535 214.879776 0.901920 
508.961792 207.601349 0.791046 
533.989075 209.004807 0.845992 
18
522.112427 217.870255 0.966926 
522.182861 232.569168 0.891122 
497.217316 231.102966 0.887831 
486.916229 275.125458 0.987928 
501.648590 298.732941 0.920428 
547.148010 235.488922 0.868279 
554.540161 275.243103 0.893559 
542.752991 297.258636 0.775947 
500.202606 289.937958 0.819119 
485.384308 332.556183 0.841524 
497.158325 381.081207 0.877909 
535.500000 294.276367 0.809614 
553.070496 333.998260 0.898088 
557.432373 383.966339 0.866834 
513.382935 214.893356 0.936936 
523.731567 214.868744 0.911139 
508.925446 207.603363 0.782930 
533.962830 209.023178 0.839776 
18
520.740112 217.863937 0.961447 
522.179016 232.561371 0.894161 
497.208801 231.088135 0.888545 
486.919128 275.105133 0.978320 
501.602905 298.716919 0.915215 
547.141479 235.473160 0.873403 
554.554749 275.195190 0.877352 
544.240356 292.828796 0.735352 
500.180267 291.401184 0.814020 
485.406952 332.543610 0.848034 
497.149475 381.043884 0.864006 
535.483521 295.759308 0.816643 
553.061096 334.006744 0.888340 
557.440308 385.442871 0.855561 
513.350952 214.881470 0.947317 
523.705872 214.847488 0.909330 
508.897949 207.596329 0.767330 
533.952209 207.610016 0.845847 
18
520.743408 217.862732 0.959473 
522.170105 232.558609 0.886893 
497.188477 231.089096 0.875813 
486.934906 275.121094 0.986631 
501.599854 298.736633 0.917337 
547.138550 235.469513 0.871662 
555.947327 276.601379 0.872687 
542.764038 288.389038 0.742850 
500.157532 291.370605 0.810527 
485.391052 332.542419 0.840692 
497.167725 381.066956 0.869130 
535.436523 294.293579 0.826011 
553.040344 333.990570 0.883894 
557.439941 384.003540 0.865777 
511.991241 214.877304 0.947322 
523.709412 213.444046 0.905948 
507.496765 207.583298 0.789582 
533.935425 207.567261 0.833111 
18
520.741455 217.855118 0.957144 
522.157715 232.559280 0.878602 
497.166199 231.098404 0.865593 
486.940277 275.141846 0.995750 
501.593079 298.746948 0.910609 
547.124329 234.047836 0.873547 
554.525574 276.600128 0.863256 
542.752441 282.539307 0.736290 
500.148865 291.358704 0.829159 
485.399139 332.541077 0.839999 
497.183655 381.079498 0.874697 
535.453857 294.288483 0.826552 
551.601257 333.982544 0.889160 
557.435486 384.006592 0.869581 
511.983917 214.867889 0.939897 
523.703369 213.425232 0.899721 
507.489502 207.589386 0.793686 
533.923096 207.551208 0.841754 
18
520.752258 217.847092 0.957509 
522.165100 232.557861 0.875682 
497.152924 231.109497 0.858719 
486.932800 275.157379 1.003771 
501.606232 298.724792 0.909111 
547.132874 234.047028 0.871619 
554.549072 276.665955 0.877266 
536.890869 276.636200 0.806487 
500.186829 291.342865 0.831925 
485.399170 332.537506 0.832705 
497.172974 381.095703 0.875951 
535.490601 292.846405 0.820616 
551.584412 333.993103 0.883551 
557.439453 383.994049 0.871622 
511.985504 214.856033 0.932732 
523.708923 213.403122 0.889728 
507.483978 207.580322 0.803581 
533.928284 206.157516 0.839629 
18
522.105347 217.843842 0.959603 
522.155090 232.568542 0.883238 
497.137360 231.124435 0.854759 
486.916138 275.172363 1.008890 
501.617432 298.714111 0.905046 
547.121704 234.031235 0.862707 
555.947937 276.642609 0.902857 
533.979614 270.804138 0.803523 
501.593323 291.367462 0.833948 
485.393646 332.534363 0.831508 
497.162598 381.087952 0.874072 
535.507324 292.817627 0.840295 
551.573059 333.972260 0.902746 
557.439514 384.011108 0.881195 
511.989594 214.856415 0.927753 
523.715149 213.401077 0.886609 
507.482056 207.575150 0.822496 
533.934998 206.145905 0.850841 
18
522.116699 217.833710 0.975396 
522.135864 232.544495 0.881409 
495.735199 231.129578 0.858349 
486.920380 275.150696 1.003583 
501.595490 298.721100 0.903006 
545.777405 234.016403 0.855044 
555.968018 276.659729 0.909088 
533.948425 264.877686 0.873777 
501.603668 289.927399 0.840246 
485.403717 332.528625 0.832547 
497.166992 381.083496 0.875524 
536.869690 291.350861 0.852114 
550.157227 333.963013 0.910333 
557.444885 384.013977 0.877899 
513.350525 213.448120 0.911456 
523.732666 211.992630 0.887428 
507.481415 207.569489 0.844849 
533.933350 206.171021 0.811157 
18
522.147766 217.835068 0.978423 
522.137634 231.103592 0.895506 
495.739471 231.121399 0.860331 
486.932953 275.156311 0.998359 
501.601074 298.742065 0.901906 
545.764648 232.544556 0.853630 
555.948608 275.199829 0.906971 
529.551697 258.992249 0.764001 
501.584076 289.909821 0.837523 
485.380737 332.544373 0.832532 
497.157379 382.459351 0.875474 
535.493591 289.918671 0.858805 
551.587402 333.975983 0.900793 
557.443909 384.007355 0.871435 
513.378723 213.445557 0.896515 
523.751221 213.399200 0.880645 
507.495636 207.569916 0.859289 
533.934448 206.167557 0.798215 
18
522.171265 217.831802 0.977035 
522.125977 231.097549 0.901139 
495.726379 231.105896 0.866717 
486.934479 275.146637 1.009077 
501.591187 298.751373 0.911914 
545.753296 232.551102 0.859957 
554.541870 275.171967 0.901886 
531.013550 253.164703 0.848094 
500.192688 289.876831 0.835596 
485.392090 332.534363 0.832480 
497.159851 382.462311 0.877781 
535.471375 289.873260 0.872057 
551.595642 333.974731 0.897987 
557.437439 384.002960 0.866174 
513.413574 213.427185 0.871956 
525.125366 213.403122 0.875116 
507.492462 207.552048 0.872266 
533.946472 207.531158 0.754450 
18
522.187622 217.850845 0.980920 
522.131592 231.101028 0.891314 
495.751709 231.100311 0.871606 
486.953033 275.162537 1.007966 
501.581970 298.751312 0.911706 
545.744263 232.564041 0.854456 
554.524658 275.153595 0.894525 
532.430725 251.680145 0.871635 
500.195526 288.489868 0.814664 
485.401184 332.524628 0.823880 
497.166931 381.098755 0.872267 
535.464539 288.486603 0.878252 
551.615051 333.993835 0.896086 
557.438477 383.990021 0.865972 
514.842285 213.447372 0.870092 
525.149719 214.849274 0.890374 
508.908569 207.559280 0.879668 
533.943604 207.605835 0.671546 
18
522.177551 217.845840 0.959641 
522.121643 231.098160 0.888898 
495.730133 231.102158 0.869283 
486.953888 275.158875 1.006263 
501.584167 298.769287 0.917908 
545.743896 232.546921 0.856046 
553.065186 275.135376 0.890383 
530.989136 250.163757 0.819784 
500.194305 289.872986 0.816669 
485.397339 332.527344 0.821249 
497.155670 381.072723 0.864029 
535.463196 288.491272 0.881453 
551.625244 333.990967 0.898505 
557.445435 383.978912 0.865156 
514.847595 213.454971 0.865197 
525.125305 214.855087 0.884088 
508.929382 207.560669 0.885220 
533.943665 207.605789 0.729066 
18
522.196899 217.828903 0.959016 
522.124573 231.099533 0.886229 
495.744324 231.100113 0.871781 
486.952545 275.160248 1.005623 
500.209991 298.755920 0.916541 
545.738770 232.536606 0.855486 
551.613464 275.119659 0.885747 
529.564880 247.261154 0.796035 
500.197174 289.877167 0.814450 
485.400024 332.532928 0.823536 
497.155548 381.087128 0.868555 
535.471191 289.867126 0.877264 
551.608154 333.989258 0.896134 
557.445435 383.977722 0.868703 
514.871643 213.447784 0.856055 
525.142639 213.454681 0.875962 
508.935669 207.589203 0.883307 
533.926819 207.611862 0.673650 
18
522.221863 217.825043 0.960127 
522.137207 231.100739 0.886737 
497.146545 231.095673 0.873353 
486.947784 275.154816 1.009714 
500.215698 298.768646 0.913117 
545.745605 232.546494 0.852181 
551.581482 275.128326 0.887012 
531.007324 247.260742 0.796765 
500.191193 288.486115 0.813605 
485.402466 332.526764 0.825674 
497.159271 381.085693 0.870295 
535.467407 289.866791 0.874658 
551.587830 333.990509 0.900705 
557.448486 383.982605 0.869483 
516.302002 213.441376 0.848145 
525.171936 213.451599 0.866956 
508.928497 207.589722 0.892110 
533.937195 207.612579 0.621517 
18
522.230896 217.833817 0.959476 
522.136658 231.114624 0.887124 
497.142975 231.108780 0.869478 
486.943054 275.177032 1.006716 
501.580719 298.769043 0.917322 
545.742371 232.580765 0.850157 
551.608887 275.124664 0.890492 
531.024292 247.255112 0.797186 
500.191742 288.483551 0.815955 
485.395325 332.536926 0.824201 
497.176697 381.090729 0.885902 
535.458801 288.484802 0.877038 
551.621338 333.989990 0.890604 
557.437012 384.011719 0.863067 
516.312866 213.461716 0.850482 
525.177795 214.856415 0.865912 
508.925354 207.614426 0.885100 
533.942383 209.024017 0.621012 
18
523.634827 217.839813 0.958282 
522.141602 231.106796 0.886958 
497.154449 231.100632 0.869131 
486.942474 275.166473 1.004624 
500.211334 298.776428 0.920321 
545.741211 232.558441 0.852351 
551.587830 275.132050 0.886498 
531.038696 247.251251 0.795787 
500.196228 288.472351 0.808682 
485.380524 332.537994 0.822443 
497.178406 381.076721 0.884732 
535.463440 288.473755 0.873389 
551.612122 333.990479 0.893562 
557.429443 383.960693 0.868212 
519.215393 214.843491 0.850736 
528.059204 213.459824 0.859184 
508.930511 207.614929 0.896884 
534.000488 207.580811 0.482356 
18
523.641846 217.855072 0.956120 
522.141235 231.099106 0.886932 
497.154724 231.090103 0.869245 
486.943665 275.140320 0.999513 
500.206848 298.767761 0.920040 
545.741516 232.545166 0.850566 
551.599976 275.123383 0.883534 
532.440674 247.266434 0.801467 
500.179199 288.457092 0.819106 
485.385010 332.539978 0.827084 
497.174316 381.054871 0.879169 
535.441589 288.459442 0.880617 
551.614441 333.998291 0.898904 
557.438477 383.974976 0.868178 
519.227234 214.853104 0.858277 
528.074219 214.861053 0.866783 
508.941345 207.605499 0.910809 
534.010559 207.583191 0.480418 
18
523.667053 217.878540 0.942738 
522.151794 231.096954 0.888998 
497.167847 231.095184 0.869302 
486.945892 275.152893 0.997837 
500.216278 300.116516 0.920235 
545.747192 232.547058 0.847608 
551.611938 275.129303 0.883228 
532.448730 247.257813 0.802921 
500.179657 288.465485 0.816529 
485.382019 332.549286 0.826298 
497.173798 381.095581 0.879529 
535.445862 288.469025 0.875617 
551.607666 333.995331 0.895320 
557.439941 383.978851 0.866757 
519.254578 214.874878 0.870191 
529.526550 214.876083 0.874178 
508.943024 207.614197 0.903451 
535.351929 207.571030 0.460328 
18
523.657104 217.895950 0.940852 
522.151672 231.096039 0.889461 
497.165833 231.093246 0.870217 
486.949493 275.143158 1.000277 
500.207947 298.757599 0.918753 
545.750061 232.555862 0.845661 
553.039734 275.138550 0.883544 
532.456055 247.270889 0.803036 
500.183258 288.466827 0.816316 
485.390778 332.531891 0.826201 
497.172455 381.085602 0.876954 
535.448242 288.472687 0.872795 
551.601868 334.004242 0.903251 
557.423828 383.964172 0.871237 
519.246582 214.884537 0.872653 
529.524414 214.898575 0.879270 
508.946686 207.608749 0.906187 
535.361938 207.592010 0.486719 
18
523.642822 217.906967 0.943924 
522.154541 231.100677 0.889201 
497.170685 231.091248 0.873421 
486.947388 275.139587 0.997315 
501.582336 298.775574 0.917227 
545.751099 232.571182 0.842407 
551.622681 275.140137 0.881839 
532.478943 248.703323 0.803046 
500.181000 288.460144 0.816995 
485.400421 332.533356 0.826113 
497.162506 381.079803 0.881077 
535.441223 288.467499 0.875770 
551.613342 334.016754 0.899635 
557.438232 383.989197 0.869168 
519.238098 214.890091 0.872944 
528.102966 214.919296 0.881078 
508.949615 207.610489 0.902968 
535.355347 209.010666 0.484046 
18
523.646973 217.933960 0.933685 
522.151306 231.106781 0.884082 
497.164429 231.087662 0.868516 
486.946259 275.126282 0.996347 
500.213989 298.749054 0.914195 
545.755371 233.995789 0.839939 
551.627686 275.141205 0.881501 
532.461609 248.688065 0.793927 
500.197632 288.474884 0.807624 
485.389435 332.520782 0.825614 
497.160522 381.078949 0.872154 
535.465698 288.489807 0.864618 
551.598022 333.991638 0.903213 
557.442200 384.014282 0.866796 
519.247375 214.912598 0.882015 
529.524414 216.301743 0.892272 
508.959351 209.000397 0.903783 
535.362122 209.034012 0.474769 
18
523.624023 219.302353 0.934161 
522.151672 231.110596 0.884276 
497.166687 231.090424 0.868778 
486.948578 275.136658 0.999579 
500.206085 298.752014 0.909130 
545.755432 234.007492 0.841178 
553.044189 275.144836 0.884074 
532.474060 248.706177 0.799128 
501.586517 288.485931 0.802791 
485.382874 332.527679 0.824541 
497.156586 381.085083 0.870056 
535.462341 288.496094 0.864225 
551.596375 334.009796 0.904974 
557.439148 384.013519 0.869191 
519.217468 214.923828 0.885152 
528.083252 216.318863 0.901349 
508.959747 207.604614 0.903611 
535.351929 209.035965 0.531182 
18
523.597229 219.303162 0.941541 
522.157349 231.105255 0.887757 
497.171326 231.090714 0.871537 
486.948456 275.146393 0.999192 
500.203918 298.757965 0.912535 
545.762390 234.005325 0.841190 
553.045837 275.153961 0.881206 
532.505493 250.166153 0.823293 
500.197601 288.486938 0.803025 
485.397522 332.532104 0.828971 
497.156738 381.083496 0.870601 
535.464600 288.493896 0.865038 
551.591980 333.995697 0.903646 
557.436340 384.005341 0.870593 
517.778320 214.922974 0.891774 
528.052979 216.323776 0.911541 
508.963226 207.575119 0.908395 
534.026794 209.032349 0.573692 
18
523.626709 219.309387 0.950377 
522.158936 231.113556 0.888245 
497.170685 231.107788 0.873481 
486.960083 275.164795 0.997902 
500.218933 298.772034 0.906399 
545.766296 234.013306 0.850133 
554.497375 275.164795 0.894439 
533.871643 251.620071 0.860338 
500.192322 289.886078 0.803472 
485.386047 332.530334 0.828024 
497.155548 381.089111 0.872875 
535.461060 289.887970 0.864028 
551.590088 334.011871 0.908793 
557.434326 383.999115 0.868989 
519.219604 214.929855 0.898084 
528.083313 216.314148 0.913828 
508.968109 207.595642 0.909387 
535.360413 207.607986 0.525209 
18
523.619263 219.318390 0.960603 
522.165771 231.106964 0.888269 
497.178284 231.108536 0.875367 
486.953217 275.141144 0.998671 
500.216949 300.117676 0.911621 
545.772583 234.011002 0.851368 
555.959717 275.179199 0.905364 
533.937195 251.692078 0.894229 
501.599670 289.913544 0.792364 
485.389526 332.525055 0.829806 
497.158905 381.080658 0.869907 
535.496887 289.921692 0.843134 
551.581482 334.006592 0.913117 
557.427979 383.984131 0.867566 
517.809753 214.931778 0.900950 
528.093201 216.318146 0.918330 
508.962311 207.596512 0.917262 
535.363953 207.609634 0.496618 
18
522.260864 219.302826 0.977581 
522.159119 231.089508 0.896269 
497.182312 231.081772 0.883371 
486.931732 275.116516 0.988792 
500.216980 298.768890 0.911289 
545.754944 232.579391 0.859555 
557.410156 275.171082 0.921789 
535.380981 254.601883 0.912979 
500.200409 289.923248 0.811385 
483.994598 332.529938 0.834763 
497.163361 381.082947 0.874136 
535.477783 289.947052 0.844667 
550.167969 333.991150 0.903717 
557.437927 383.989807 0.870184 
517.761108 214.928757 0.904720 
528.059265 216.313904 0.914243 
508.960602 207.605850 0.928549 
534.015991 209.012650 0.547504 
18
522.238953 217.908737 0.990606 
522.143311 231.074051 0.886298 
497.162537 231.080673 0.868311 
486.924103 275.125671 0.978848 
500.220581 298.745819 0.911478 
545.757141 231.131226 0.876746 
557.457703 275.130951 0.908382 
536.893005 261.913635 0.847654 
500.189117 289.910248 0.832155 
485.387024 332.550720 0.846497 
497.164886 381.063141 0.872388 
535.459961 289.938995 0.854894 
550.166016 334.003113 0.905360 
557.449890 383.985840 0.874839 
516.323242 214.896652 0.891091 
526.633911 214.916534 0.888973 
508.959045 207.610718 0.916132 
533.986816 209.011658 0.529526 
18
522.237549 217.873016 0.998531 
522.151489 231.106873 0.887185 
497.147400 231.104919 0.862713 
486.920227 275.153442 0.994436 
501.603516 298.720947 0.904324 
547.121765 232.532837 0.866613 
557.406189 275.211212 0.910161 
535.479980 264.923492 0.858632 
500.170441 289.911041 0.841481 
485.384644 332.540741 0.838382 
497.157532 381.076324 0.874993 
535.463013 289.945251 0.845838 
550.147888 334.002411 0.903931 
557.441528 383.968719 0.875214 
516.307373 214.868591 0.875317 
526.625183 214.868652 0.875868 
508.941956 207.612061 0.905112 
533.997742 207.617523 0.535085 
18
522.231812 217.847244 0.997742 
522.145569 232.528931 0.869273 
497.154877 231.122009 0.862802 
486.930389 275.168976 0.988331 
501.608795 298.741150 0.911735 
547.119202 233.995941 0.876324 
557.408936 275.238831 0.911883 
542.786804 276.705139 0.821884 
500.111420 289.941437 0.841408 
485.396210 332.529999 0.839592 
497.162598 381.078278 0.872246 
535.420166 292.840393 0.823688 
550.147827 333.992584 0.901481 
557.446594 383.989136 0.875188 
516.301025 214.850754 0.869113 
526.605774 213.456100 0.868323 
508.932526 207.614914 0.905592 
533.979248 209.010056 0.566722 
18
522.232910 217.847885 0.999076 
522.153687 232.544922 0.879683 
497.164246 231.123627 0.868303 
486.917755 275.159302 0.990368 
501.616241 298.705780 0.907287 
547.135742 234.021729 0.866581 
556.036804 275.165558 0.875807 
545.720825 288.363037 0.803996 
500.120789 291.353119 0.833477 
485.388153 332.532227 0.837880 
497.164917 381.069458 0.874618 
535.398804 294.276611 0.828033 
551.571899 333.993561 0.898740 
557.445313 383.997375 0.869817 
516.307068 214.852951 0.870312 
526.611633 214.853088 0.874919 
508.940430 209.009628 0.899805 
533.984558 209.033829 0.589434 
18
522.245056 217.862793 0.999999 
522.153076 232.539154 0.875170 
497.165344 231.109207 0.868785 
486.920563 275.136383 0.975685 
501.632813 298.736572 0.902816 
547.129578 234.034760 0.854700 
555.955872 275.198303 0.887700 
545.693420 298.678406 0.881498 
500.165833 291.372040 0.818303 
485.393524 332.529633 0.845782 
497.155182 381.069977 0.877934 
535.482666 294.313965 0.807048 
551.607910 333.982544 0.905865 
557.452332 384.005676 0.875923 
516.330811 214.870697 0.876278 
526.635925 214.877228 0.881454 
508.959137 209.021149 0.912380 
533.995972 209.055038 0.603886 
18
522.248718 217.896255 0.995455 
522.160706 232.531631 0.879764 
497.181061 231.091995 0.880853 
486.915894 275.099976 0.973204 
501.626587 298.745544 0.907175 
547.128662 234.033646 0.857176 
553.077026 275.207458 0.883673 
545.760254 300.174225 0.884878 
500.162506 291.397247 0.817318 
483.992310 332.553192 0.843335 
497.159210 381.073517 0.879685 
535.492065 295.771759 0.811241 
551.585144 334.044861 0.896427 
557.453491 383.983826 0.874376 
517.762390 214.902054 0.897236 
528.062866 214.926880 0.898687 
510.352905 209.024796 0.918773 
534.021973 210.488693 0.653967 
18
523.647034 217.938461 0.972167 
522.165771 232.533508 0.874076 
497.194763 231.094467 0.876045 
486.925720 275.127167 0.977995 
501.640869 298.762512 0.898590 
547.130127 234.043777 0.857106 
553.073914 275.210663 0.870944 
545.724548 298.776550 0.873161 
500.160309 292.829559 0.818990 
485.393066 332.545410 0.852960 
497.144440 381.092834 0.881511 
535.472168 297.197906 0.809380 
550.148621 334.015503 0.904000 
557.447815 383.965668 0.881244 
519.259521 214.936020 0.913006 
529.558472 216.307449 0.925595 
510.367920 209.056152 0.916876 
535.374634 209.054901 0.485487 
18
523.660095 219.324493 0.966115 
522.166138 232.530731 0.874544 
497.196564 231.088364 0.879876 
486.918396 275.113037 0.976153 
501.622284 298.742249 0.898455 
547.133667 235.464844 0.859053 
553.050964 275.233185 0.879567 
545.679382 300.190155 0.850740 
500.145874 292.843567 0.825333 
483.994537 332.544373 0.851680 
497.159180 381.090363 0.878090 
535.455383 297.204865 0.825661 
550.159607 334.020172 0.900284 
557.434387 382.570404 0.879851 
520.672852 216.309464 0.923007 
530.993225 216.342606 0.942699 
510.395691 210.474380 0.921116 
535.405273 210.508240 0.476142 
18
523.667725 219.321777 0.965087 
522.163940 232.530319 0.875067 
497.198608 231.082092 0.879721 
486.929810 275.119537 0.981254 
501.659058 298.763550 0.905230 
547.130127 235.474121 0.857843 
551.624146 276.596741 0.880228 
544.262939 300.219452 0.854855 
500.153229 291.395264 0.827339 
485.383789 332.537384 0.844238 
497.153961 381.078430 0.875911 
535.467529 295.775696 0.819555 
551.574280 334.005981 0.905840 
557.442932 383.968719 0.875153 
520.684509 216.304413 0.920915 
531.004944 216.342545 0.943286 
510.395020 209.059464 0.923752 
535.408203 210.524628 0.442174 
18
523.697815 219.312332 0.955935 
522.162659 231.139023 0.875700 
497.205994 231.073486 0.880753 
486.932007 273.743622 0.970851 
501.663544 298.752899 0.903819 
547.121582 234.048264 0.855734 
551.614380 275.252380 0.886072 
544.264038 300.209442 0.866655 
500.154388 291.370178 0.828638 
485.388306 332.527100 0.842315 
497.155731 381.080261 0.871969 
535.467590 295.759399 0.810416 
551.571594 333.986542 0.909752 
557.444885 383.983002 0.871944 
520.706909 216.300247 0.921475 
531.032898 216.328995 0.942979 
510.382996 210.472351 0.931402 
535.398987 210.485016 0.364838 
18
523.678406 219.293396 0.965378 
522.164429 231.140518 0.876913 
497.208252 231.066635 0.884353 
486.933075 273.724609 0.971049 
501.645721 298.737549 0.909306 
547.125549 235.461624 0.857316 
551.617065 276.590210 0.887258 
544.251465 300.199493 0.862969 
500.145233 291.368500 0.827775 
485.386017 332.520386 0.840136 
497.154510 381.075043 0.872942 
535.463013 295.765137 0.811596 
550.140259 333.977234 0.918510 
557.450623 383.968872 0.876064 
520.683289 214.926254 0.913037 
531.009827 216.310562 0.930803 
510.382660 209.023636 0.930921 
535.400635 209.047943 0.403952 
18
523.673279 217.929703 0.971786 
522.173096 232.526367 0.880607 
497.219849 231.065643 0.884706 
486.931610 273.733246 0.975314 
501.645508 298.743347 0.913014 
547.129761 235.466232 0.857534 
551.618286 276.594421 0.887639 
544.246643 300.174744 0.867161 
500.151123 291.362732 0.827572 
485.394867 332.518951 0.842690 
497.154785 381.086945 0.870839 
535.456604 295.750153 0.815308 
550.151001 333.979156 0.915275 
557.448120 383.982971 0.874725 
520.675842 214.911087 0.909651 
531.004639 216.293793 0.921828 
510.391632 209.006485 0.930872 
535.407166 209.016754 0.441645 
18
523.687012 217.930191 0.966851 
522.173340 232.527084 0.883950 
497.218414 231.070145 0.888605 
486.926880 275.106903 0.981008 
501.627380 298.732178 0.907520 
547.131836 234.051300 0.861659 
553.039490 276.611938 0.887235 
544.227783 300.180176 0.862000 
500.168915 291.384613 0.824608 
483.979126 332.546692 0.837633 
497.144348 381.077881 0.875856 
535.485474 295.769775 0.816140 
550.107666 333.958405 0.926395 
557.440979 383.970123 0.875745 
520.689575 214.912216 0.913880 
531.021912 216.294174 0.926969 
510.392242 209.000580 0.932608 
535.405212 207.610535 0.411715 
18
523.689575 217.930847 0.964731 
522.176331 231.141190 0.885583 
497.223846 231.065582 0.892017 
486.926971 275.116425 0.980732 
501.640533 298.755585 0.908586 
547.134033 235.459503 0.862777 
553.044617 276.618744 0.885304 
544.225281 300.164490 0.861353 
500.156158 291.381409 0.830587 
483.987701 332.540802 0.841761 
497.146820 381.059814 0.872258 
535.472229 295.771057 0.821832 
550.115540 333.952911 0.925994 
557.440857 383.968048 0.875801 
520.687317 214.913055 0.914137 
531.028137 214.939331 0.924765 
510.392181 209.001053 0.936018 
535.414612 207.593079 0.434997 
18
523.673157 217.923141 0.976340 
522.178528 231.140594 0.884519 
497.226166 231.066406 0.892829 
486.928680 275.111816 0.980235 
501.634186 298.748230 0.910554 
547.132935 234.050247 0.860829 
553.044861 276.619690 0.886053 
542.799500 300.181183 0.850834 
500.174042 291.373962 0.823722 
483.988098 332.538055 0.840049 
497.150055 381.072632 0.874054 
535.491699 295.759216 0.817627 
550.115479 333.944336 0.925477 
557.448669 383.983643 0.879085 
520.673035 214.903809 0.908500 
531.011719 214.937866 0.921221 
510.395142 208.998581 0.942007 
535.410767 209.007416 0.463827 
18
523.677795 217.923508 0.971198 
522.184082 231.139511 0.888198 
498.585815 231.060181 0.893338 
486.933990 275.106567 0.976261 
501.628906 298.754181 0.902961 
547.140015 235.461548 0.863706 
553.045410 276.619537 0.889592 
544.195740 300.178345 0.853895 
500.176056 291.401428 0.817868 
483.988586 332.525177 0.843947 
497.140594 381.068024 0.872377 
535.494568 295.773315 0.819771 
550.138855 333.964630 0.924527 
557.448792 383.979156 0.880202 
520.672791 214.905228 0.906787 
531.018677 214.933044 0.918672 
510.395050 209.001953 0.939312 
535.419128 207.601364 0.474102 
18
523.692932 217.923294 0.962457 
522.190735 232.527985 0.887033 
498.591156 231.064545 0.891944 
486.935516 275.115509 0.981055 
501.639618 298.769470 0.907124 
547.144775 235.466461 0.863215 
553.054993 276.618347 0.891056 
544.203735 300.171082 0.862649 
500.168213 292.819427 0.819722 
483.970398 332.544525 0.841452 
495.750092 381.072571 0.878205 
535.488403 295.785767 0.819750 
550.120178 333.976257 0.927163 
557.450562 383.976013 0.878338 
520.686829 214.908371 0.907969 
531.032654 214.926453 0.915747 
510.402466 209.011169 0.933921 
535.423340 207.577286 0.459814 
18
523.679199 217.906738 0.972865 
522.190857 232.533386 0.888158 
498.591187 231.069214 0.892360 
486.936676 275.123230 0.982321 
501.642914 298.772766 0.911098 
547.144409 235.471649 0.865136 
553.046997 276.616821 0.892457 
544.192627 300.171143 0.856252 
500.173401 291.387543 0.824809 
483.982971 332.538452 0.841569 
495.747772 381.070862 0.878452 
535.487915 295.772614 0.822409 
550.110779 333.978210 0.926192 
557.452271 383.980957 0.878843 
520.672363 214.895752 0.901925 
531.010376 214.912888 0.908106 
510.407623 209.007599 0.935184 
535.416321 207.578232 0.512133 
18
523.705383 217.898712 0.962377 
522.191528 232.529922 0.889638 
498.593750 231.073547 0.896425 
486.931061 275.120178 0.984759 
501.643677 298.764679 0.911086 
547.143616 234.042648 0.862469 
553.054077 276.616089 0.889072 
542.797119 300.201691 0.852653 
500.197510 291.389709 0.818712 
483.978027 332.524933 0.843887 
497.140350 381.075897 0.877455 
535.509583 295.757751 0.813167 
548.711670 333.961487 0.932499 
557.457764 384.022400 0.873084 
520.699097 214.888443 0.903565 
531.033264 214.897980 0.903746 
510.404663 209.008362 0.939563 
535.422607 207.547974 0.444264 
18
523.753479 217.864639 0.950417 
522.192444 232.529343 0.891402 
498.593079 231.065338 0.897938 
486.930328 273.741943 0.978233 
501.634766 298.747620 0.905374 
547.143066 234.048492 0.862201 
553.070313 276.622620 0.888388 
542.782776 300.210632 0.848479 
500.188507 291.365906 0.820263 
483.965912 332.519135 0.845962 
495.747955 381.053467 0.874146 
536.872192 295.750671 0.808349 
548.706848 333.971680 0.934441 
557.454407 383.973541 0.881267 
520.738953 214.856384 0.896902 
532.461914 213.459763 0.901294 
510.394470 209.008377 0.946683 
535.408020 206.158798 0.333883 
