56
1
18
516.327087 201.649704 0.841653 
513.406067 216.329025 0.882878 
497.150452 216.317108 0.861895 
485.398865 239.961533 0.893411 
500.139618 253.209763 0.822010 
534.019226 216.334885 0.910652 
539.815308 239.895172 0.890540 
545.698303 260.449097 0.908742 
504.577057 264.938629 0.776905 
508.982056 300.166473 0.847999 
508.940033 339.891846 0.779867 
528.054321 264.949310 0.747515 
528.068848 298.765564 0.758769 
522.206665 336.918121 0.857694 
511.937439 194.394852 0.922095 
522.154724 194.400772 0.892069 
508.900421 194.364166 0.769837 
525.176880 194.370392 0.691329 
18
519.240173 201.652115 0.849132 
513.424500 216.317383 0.863348 
497.163116 216.300842 0.856490 
486.835815 238.433304 0.798437 
498.596497 253.076462 0.545247 
535.362488 216.335999 0.906933 
539.841980 239.923309 0.885329 
545.706604 260.478973 0.893015 
506.033722 264.912567 0.777119 
508.987762 300.190674 0.817402 
508.946259 338.398132 0.784023 
528.060364 264.932587 0.743647 
526.602905 300.181396 0.764242 
522.204285 335.529602 0.869989 
513.363220 194.391464 0.894794 
522.209412 194.401108 0.900065 
508.924408 194.358734 0.797037 
526.603577 194.361420 0.587453 
18
520.681213 201.698364 0.863938 
513.424133 216.305176 0.870236 
497.177032 214.932587 0.866720 
485.465668 239.825531 0.860862 
494.255310 251.651566 0.700929 
535.364014 216.330978 0.908215 
541.278870 239.944412 0.882365 
545.736938 260.460541 0.904050 
506.017578 264.956604 0.788272 
510.348541 301.635162 0.803540 
508.947418 338.395691 0.795416 
528.069214 266.357391 0.745890 
526.603088 301.671173 0.757257 
522.205505 336.954529 0.861267 
513.413086 195.782974 0.867006 
522.243591 195.800140 0.895276 
508.963226 194.362976 0.795776 
526.638672 194.370422 0.496646 
18
520.674988 203.087234 0.866683 
513.411499 216.325089 0.888721 
497.153931 216.314865 0.871303 
485.414886 238.396683 0.823964 
488.354187 250.189407 0.798143 
535.360291 216.329544 0.907108 
539.847168 239.903351 0.873004 
545.726440 256.086060 0.911525 
505.991730 267.824249 0.768449 
510.380280 301.699097 0.802762 
508.943512 339.895874 0.775434 
528.082458 267.845459 0.732778 
526.609009 303.126160 0.750692 
522.206604 336.963074 0.856271 
513.403870 195.800674 0.863320 
522.234192 195.808487 0.889853 
508.963715 194.393890 0.799243 
526.623718 194.386841 0.533691 
18
519.250427 203.096268 0.860367 
513.428284 216.314056 0.870869 
497.182465 214.922302 0.874058 
486.861633 239.874527 0.865520 
486.915527 251.707352 0.754744 
535.366882 216.341797 0.898178 
539.841064 239.902618 0.870380 
545.727966 257.525726 0.882662 
503.118164 266.400970 0.773873 
510.384979 301.686462 0.820165 
508.951416 341.338989 0.782633 
528.047913 267.824097 0.745711 
528.049561 301.698578 0.743249 
522.218201 336.960693 0.851758 
513.378601 195.807632 0.873257 
522.221497 195.828705 0.892074 
508.973267 194.388931 0.791047 
526.615906 194.408264 0.595619 
18
519.257813 203.100113 0.866504 
513.407898 216.326981 0.888742 
497.157654 216.307831 0.885292 
486.871765 239.924271 0.928386 
486.909851 254.615601 0.856795 
535.364075 216.346481 0.906780 
539.858459 239.920547 0.857784 
545.746704 257.528717 0.881607 
504.536407 267.824799 0.781534 
510.397675 301.696716 0.829195 
508.978271 341.346527 0.789399 
528.069519 267.832275 0.758758 
528.082214 301.674561 0.744294 
522.220398 336.929840 0.852428 
513.380005 195.810013 0.877051 
522.221680 195.828873 0.896636 
508.969879 194.384003 0.799001 
526.606506 194.396835 0.568178 
18
519.246704 203.101273 0.865808 
513.423157 216.325195 0.882313 
497.154144 216.310623 0.880779 
485.460449 241.321259 0.931532 
488.322021 257.563629 0.881225 
535.380676 216.334305 0.908346 
539.843628 239.896820 0.857893 
545.702148 254.653381 0.920249 
504.543213 267.817505 0.777380 
510.375702 301.670197 0.820133 
508.972961 341.328003 0.780269 
528.088379 267.818848 0.742584 
529.506836 300.235199 0.743451 
522.205261 336.916595 0.864161 
513.377136 195.811539 0.875060 
522.217957 195.833160 0.885710 
508.971405 194.391510 0.789585 
526.620056 195.775650 0.597624 
18
519.247986 203.116806 0.878742 
513.432434 216.356735 0.896181 
497.165070 216.359314 0.893771 
486.838745 241.355896 0.956817 
489.889130 257.531403 0.833542 
535.391663 216.349930 0.923945 
538.364929 239.914093 0.864419 
544.241333 254.576294 0.906440 
504.541748 266.414001 0.780235 
510.380402 300.251617 0.815512 
510.350128 339.871490 0.773158 
528.079956 266.405762 0.743916 
530.985779 298.754791 0.777079 
522.227966 335.498352 0.888820 
513.371704 195.816162 0.887046 
522.222351 195.838913 0.895610 
508.977509 194.384460 0.783171 
528.046753 195.774902 0.609979 
18
520.670349 203.165878 0.888856 
513.433533 216.327316 0.879325 
497.173981 216.334030 0.890946 
485.462006 241.373779 0.957456 
491.301239 254.639832 0.866846 
535.399353 216.336929 0.907148 
538.371582 239.840897 0.780005 
538.407288 251.721817 0.923212 
503.073151 264.924408 0.818904 
510.403198 300.170502 0.868475 
508.983215 338.426025 0.766544 
526.624390 264.913910 0.762833 
531.025208 298.686340 0.794587 
522.238647 335.462860 0.901107 
513.405701 197.242950 0.854703 
522.242188 197.283264 0.872431 
508.987488 194.385559 0.784463 
528.086060 195.787079 0.546842 
18
520.710144 204.527115 0.903361 
513.425964 216.361084 0.899651 
497.162598 216.397400 0.923815 
486.860748 241.419540 0.966522 
492.774994 256.087189 0.835722 
535.402771 216.321991 0.898902 
544.226563 239.875107 0.875523 
535.423767 253.091492 0.958107 
504.550201 267.862335 0.787726 
510.429779 301.629822 0.849144 
510.352020 339.872498 0.800163 
528.058411 267.842041 0.740352 
532.450623 298.724335 0.799322 
522.236755 335.470825 0.910572 
513.430603 197.263123 0.846089 
522.253540 197.295975 0.873218 
508.980469 195.778458 0.811958 
528.052063 195.795670 0.456026 
18
522.106873 204.553513 0.924879 
514.820923 216.388992 0.912981 
497.157074 216.407883 0.928829 
486.871277 241.439362 0.954379 
494.252655 257.522400 0.848802 
535.425171 216.379044 0.938139 
544.221436 241.433609 0.918207 
533.901245 253.194916 0.860950 
501.649048 267.811829 0.809701 
510.433594 300.204865 0.872362 
510.362000 339.851501 0.805239 
525.193970 266.406311 0.756467 
532.458069 298.651459 0.800433 
522.237061 335.458405 0.917941 
514.850891 197.297867 0.834644 
523.619751 198.725937 0.873462 
508.986725 195.820541 0.812360 
529.537781 195.820541 0.425006 
18
520.690552 204.546432 0.874323 
513.399292 216.399384 0.933511 
495.737000 216.397629 0.914048 
485.447052 241.419632 0.941703 
494.227753 257.552490 0.845661 
535.398132 216.414505 0.948599 
542.784790 242.815994 0.906251 
531.025330 254.663147 0.800259 
501.605499 266.400757 0.811292 
510.426239 300.151123 0.862059 
510.359283 339.856934 0.807153 
525.160645 266.384918 0.756615 
532.471558 297.227844 0.801656 
522.227600 335.462769 0.914105 
513.419189 197.287750 0.805938 
522.227356 198.737625 0.832369 
508.963226 195.821747 0.771439 
526.638123 197.270737 0.467841 
18
520.716248 204.544495 0.871692 
513.363098 216.384216 0.946181 
495.707031 216.385849 0.917201 
485.458771 241.422394 0.957163 
494.276428 259.034180 0.841053 
535.369324 216.389069 0.953232 
539.812561 242.871994 0.861161 
526.586670 258.990875 0.795687 
501.635925 266.396973 0.813600 
510.414246 300.176758 0.851433 
510.363831 339.851044 0.810278 
525.176575 266.371216 0.762780 
532.440430 297.195618 0.771139 
522.227966 335.428223 0.913813 
514.837158 197.291473 0.781787 
522.234680 198.732437 0.818036 
508.961365 195.836197 0.745759 
526.592896 198.717758 0.380468 
18
522.107361 204.565140 0.878823 
513.343933 216.377563 0.950081 
495.684204 216.378265 0.901197 
485.443481 241.411255 0.946826 
494.262299 260.445831 0.850098 
535.367737 216.381119 0.958192 
538.372803 242.866852 0.861741 
525.169128 259.000580 0.818997 
501.637543 266.386505 0.810725 
510.418732 300.167694 0.852650 
510.364197 338.415741 0.818893 
525.176636 266.362061 0.766428 
532.450623 295.799469 0.769034 
522.225586 335.432922 0.925752 
514.874878 198.738388 0.760056 
522.253357 198.755585 0.800784 
508.942505 197.267776 0.729984 
525.191284 198.713226 0.294390 
18
520.724731 204.549576 0.843637 
511.986053 216.413818 0.964237 
495.686707 216.412384 0.908014 
485.423584 241.424438 0.942598 
494.231842 259.042114 0.854369 
535.356995 216.419342 0.975410 
538.343933 242.887680 0.871170 
525.159668 259.013214 0.828882 
501.583588 266.365631 0.833453 
510.405334 300.136871 0.858529 
510.354736 339.857330 0.815058 
525.135742 266.365234 0.783250 
532.437012 295.792328 0.780064 
522.228333 335.453613 0.925728 
514.843079 198.717072 0.749447 
522.228455 198.736633 0.775652 
508.934021 197.303314 0.717425 
526.592407 200.220490 0.330669 
18
520.671997 204.587280 0.867427 
511.982391 216.419617 0.964369 
494.274811 216.419464 0.909736 
485.427002 241.439560 0.939221 
494.246246 260.455841 0.861886 
534.018005 216.418365 0.975517 
536.955505 242.864990 0.877400 
525.173401 258.992676 0.828157 
501.596832 266.345551 0.832999 
510.409515 298.730408 0.844999 
510.355103 339.856140 0.803675 
525.122925 266.349426 0.779623 
532.424133 294.320557 0.772357 
522.213562 334.044800 0.923524 
513.408691 200.177887 0.782857 
522.198364 200.208405 0.808494 
508.906708 198.728104 0.723529 
526.598022 201.642395 0.406025 
18
519.276184 204.594482 0.866054 
511.962769 216.399979 0.970313 
494.231476 216.381561 0.905504 
485.418121 241.435150 0.944232 
494.247589 260.463043 0.850994 
534.004822 216.398453 0.973086 
536.956299 242.870193 0.874040 
525.163086 259.023132 0.834913 
500.208801 266.374268 0.837368 
510.432739 298.766479 0.859042 
510.354889 339.850006 0.818266 
525.127808 266.360016 0.783379 
532.434692 294.324005 0.766189 
522.232239 334.050232 0.923388 
513.396362 200.183426 0.787405 
522.191895 200.218292 0.813310 
508.903320 197.300125 0.728981 
525.197632 200.222580 0.412603 
18
519.258728 204.636871 0.876204 
511.967407 216.403687 0.965136 
494.232666 216.399643 0.909464 
485.414764 241.447556 0.943491 
494.226715 260.446991 0.844926 
534.016968 216.402481 0.975981 
536.941467 244.299210 0.863316 
525.118530 260.466125 0.848142 
501.582825 266.351440 0.839025 
510.420044 298.684265 0.827639 
510.359528 338.404602 0.806011 
525.137756 264.959900 0.781189 
532.446167 291.397614 0.771957 
522.232727 334.024231 0.917483 
513.383545 201.645187 0.804997 
522.182800 201.674393 0.831752 
507.500946 198.722504 0.727736 
526.578857 200.211014 0.434778 
18
516.337402 204.591904 0.857626 
513.365906 216.419281 0.965088 
495.711487 216.393585 0.916834 
485.427185 241.424286 0.943345 
494.236969 259.033600 0.850909 
535.374023 216.445953 0.964305 
538.357056 244.324387 0.857959 
523.732178 259.037018 0.865736 
500.192474 264.943237 0.860881 
510.390869 298.694153 0.823077 
508.983368 336.980713 0.795094 
525.132629 264.947906 0.790213 
531.011963 292.815338 0.753954 
522.217224 334.020447 0.918536 
511.945801 198.765320 0.821988 
522.136902 200.212097 0.817574 
507.500580 197.283905 0.701917 
525.177429 198.759460 0.633603 
18
517.756226 204.602753 0.863174 
513.355408 216.417725 0.966636 
495.709381 216.405777 0.916595 
485.445892 241.406830 0.947919 
492.783173 258.992889 0.844809 
535.365967 216.438446 0.967111 
538.351135 244.286102 0.862134 
525.125549 259.016296 0.849971 
500.199921 266.338684 0.842851 
510.395111 298.730713 0.826514 
510.346649 338.424835 0.803006 
525.127869 266.353638 0.782204 
532.433472 294.277740 0.771267 
522.238281 335.431427 0.919953 
511.949036 200.190399 0.823453 
522.140198 200.227432 0.825413 
507.493134 197.291931 0.705077 
525.171936 198.758896 0.618720 
18
517.768982 204.610031 0.871745 
513.348511 216.432678 0.962865 
495.699860 216.432114 0.916349 
485.450897 241.421158 0.932540 
491.341095 259.001312 0.849668 
535.368591 217.785248 0.966927 
538.344971 244.298523 0.860385 
525.170044 259.018005 0.835491 
500.184448 264.962372 0.846165 
510.406921 298.713287 0.850643 
510.349792 338.422028 0.805460 
525.108704 266.344788 0.782974 
532.460022 292.847931 0.786591 
522.235596 334.042358 0.927667 
511.950745 200.198074 0.831826 
522.145935 201.635681 0.838342 
507.490417 197.297516 0.712979 
525.177551 198.758575 0.613186 
18
517.761902 204.601135 0.862710 
513.360046 216.419342 0.956519 
495.704132 216.406143 0.910819 
485.440186 241.424973 0.928059 
489.904907 260.459106 0.884043 
535.373474 217.779114 0.958998 
538.358582 244.295700 0.859810 
525.175598 259.030457 0.820936 
500.182251 264.967285 0.843214 
510.413422 298.704041 0.851717 
510.352417 338.404022 0.807545 
525.113342 266.356171 0.779148 
532.446289 294.281036 0.792977 
522.218262 334.027954 0.925175 
511.952576 200.186844 0.824426 
522.144531 200.226990 0.829111 
507.501465 197.273376 0.702197 
525.179199 198.746002 0.621803 
18
517.783752 204.605927 0.867601 
513.365112 216.437546 0.957114 
495.721527 216.431534 0.917956 
485.454224 241.422424 0.933980 
489.897461 260.447754 0.892072 
535.366089 217.790436 0.956119 
538.374695 242.858002 0.874001 
526.618042 257.533234 0.812570 
501.581573 266.352051 0.824097 
510.404480 298.712616 0.850360 
510.349487 338.401855 0.811451 
525.117126 266.372650 0.773995 
532.438904 295.740448 0.788673 
522.224792 335.418274 0.919225 
511.960693 200.195419 0.822915 
522.155090 201.634888 0.834561 
507.504486 197.297592 0.710978 
525.186829 198.762039 0.598736 
18
517.789063 204.581924 0.864795 
513.356812 216.443115 0.963905 
495.705200 216.438370 0.913085 
485.458435 241.426102 0.937089 
489.894073 259.017975 0.886503 
535.365356 217.791504 0.961251 
538.366577 242.871262 0.874839 
526.619141 258.997467 0.811280 
501.602905 266.396454 0.816004 
510.402924 298.766022 0.844697 
510.350555 338.412201 0.806613 
525.147400 266.409607 0.770045 
532.430359 297.194000 0.783259 
522.222961 335.436493 0.924581 
511.959961 198.755859 0.822994 
522.158630 200.191742 0.832735 
507.501099 197.289978 0.712561 
525.193542 198.747253 0.581558 
18
519.211487 204.569656 0.866306 
513.358582 216.418152 0.968717 
495.724792 216.411423 0.916093 
485.448639 241.409225 0.941637 
489.879150 258.988922 0.885264 
535.357239 216.438126 0.961490 
538.375549 242.878296 0.871768 
526.588379 259.011475 0.808252 
501.617767 266.394745 0.807211 
510.405426 300.177277 0.829282 
510.377747 339.870117 0.813695 
525.155579 267.812622 0.758468 
531.023438 297.256989 0.761641 
522.224365 335.476898 0.910066 
511.980194 198.743896 0.822306 
522.166992 200.180649 0.836160 
508.905090 197.281799 0.717170 
525.187683 198.748672 0.537866 
18
519.230957 204.561661 0.874270 
513.373108 216.400528 0.950517 
495.746674 216.396027 0.910761 
486.826294 241.401459 0.947083 
489.896240 259.010895 0.884441 
535.356873 216.416321 0.952109 
538.387756 242.852234 0.870384 
526.597900 257.547180 0.805317 
501.606262 266.343384 0.822537 
510.431580 300.129700 0.838531 
510.371429 338.437744 0.815251 
525.142212 266.359894 0.771781 
531.031799 297.197754 0.773753 
522.226135 335.454895 0.923549 
513.350708 198.725479 0.831744 
522.182129 198.749435 0.850478 
508.916107 197.252899 0.734320 
525.196533 197.295868 0.517200 
18
519.267883 204.538055 0.875244 
513.379883 216.413849 0.953984 
497.145477 216.416580 0.925475 
486.845734 241.411926 0.955606 
491.353668 260.449646 0.880328 
535.359558 216.418854 0.961133 
538.363831 242.872513 0.860606 
526.626770 260.450623 0.817110 
501.611664 264.959961 0.827949 
510.418732 298.714722 0.837213 
510.365234 338.417603 0.816734 
525.151489 266.349609 0.775006 
532.427856 295.765137 0.769916 
522.219299 335.428375 0.919724 
513.375793 197.299164 0.829774 
522.195129 198.714890 0.850077 
508.925934 197.262787 0.745682 
525.192810 197.260986 0.470363 
18
519.234497 204.548859 0.873631 
513.375916 216.407623 0.954245 
495.750763 216.405380 0.922394 
486.832703 241.418869 0.950741 
492.768738 260.468353 0.882756 
535.359741 216.419083 0.960100 
538.380127 242.889435 0.848860 
525.179504 260.441437 0.824628 
501.611267 264.961212 0.824065 
510.433075 298.673889 0.791111 
510.363831 338.397064 0.802508 
525.165710 266.348328 0.767226 
532.439209 294.292145 0.763366 
522.222595 334.033508 0.916618 
513.353455 198.710556 0.836982 
522.181824 198.731201 0.851657 
508.919159 197.248703 0.746298 
525.182251 197.269012 0.516751 
18
519.229736 204.551102 0.875217 
513.371887 216.410950 0.951547 
495.751495 216.401550 0.916360 
486.835907 241.416107 0.957468 
492.773773 260.459991 0.886641 
534.020935 216.420135 0.954611 
538.378052 242.879868 0.849412 
526.592041 259.021820 0.814970 
501.608978 264.950134 0.824664 
510.431580 298.683899 0.809743 
510.368225 338.397644 0.811255 
525.151306 264.947144 0.773771 
532.432129 294.326813 0.768886 
522.218872 334.045105 0.919239 
513.346497 198.714905 0.841872 
522.179810 198.737259 0.859036 
508.907898 197.256973 0.744567 
525.180542 197.274857 0.533304 
18
517.774109 204.544724 0.866469 
513.373413 216.405579 0.948812 
497.136871 216.386932 0.913947 
486.838959 241.407135 0.959439 
492.761200 260.466156 0.887673 
534.015869 216.421005 0.954681 
538.356934 242.873474 0.854044 
525.199585 259.019348 0.815199 
501.619263 264.947052 0.833948 
510.426880 298.755859 0.826507 
510.365570 338.420990 0.818004 
525.143555 264.939362 0.785304 
532.426270 295.795105 0.774908 
522.219238 335.439819 0.919376 
511.960083 197.300247 0.852578 
522.155396 198.739731 0.850765 
508.919922 195.855560 0.737231 
525.167114 197.284943 0.610804 
18
519.217834 204.532913 0.864314 
513.353577 216.396530 0.952781 
495.741821 216.376129 0.910968 
486.844818 241.418884 0.957374 
491.347717 260.471497 0.882069 
533.997253 216.412247 0.958886 
538.359253 242.869034 0.866801 
526.591248 259.000885 0.810811 
501.601898 266.340973 0.837919 
510.418243 300.125519 0.853156 
510.352448 338.400208 0.800721 
525.120178 266.351898 0.784163 
531.032471 297.199341 0.761583 
522.212769 334.008118 0.910406 
513.346497 197.286148 0.843092 
522.179199 198.713318 0.858609 
508.923553 195.843292 0.759119 
525.166077 197.268311 0.544837 
18
520.691467 203.172791 0.880633 
513.352600 216.416229 0.951868 
495.711121 216.397293 0.910233 
486.816864 241.421295 0.952334 
491.329773 260.456482 0.873850 
534.001709 216.438324 0.955058 
539.817200 241.454391 0.882704 
531.019592 254.636612 0.837460 
501.622223 266.353394 0.822267 
510.418457 300.162079 0.864012 
510.347015 338.420013 0.800766 
525.152954 266.345154 0.773209 
531.040405 297.258545 0.767188 
522.226563 335.430267 0.913454 
513.415527 197.277710 0.818940 
522.223267 197.293701 0.855663 
508.930969 195.854721 0.774535 
525.182983 197.255173 0.407658 
18
520.685242 203.167648 0.878278 
513.343445 216.413742 0.947299 
495.719299 216.412323 0.909983 
485.463776 241.425385 0.950498 
491.329407 260.480530 0.887213 
533.987793 216.413330 0.949491 
542.778259 241.363785 0.919295 
533.976563 253.174698 0.922162 
503.057739 266.403076 0.792590 
510.424896 300.262421 0.855292 
510.368042 339.882599 0.806380 
525.172668 266.377655 0.757712 
531.019836 298.753998 0.771935 
522.219238 335.467438 0.907889 
513.409302 197.277588 0.823915 
522.211426 197.293289 0.855475 
508.921783 197.248825 0.771003 
525.146790 197.276520 0.378944 
18
519.253723 204.584808 0.886088 
513.394531 216.378662 0.914471 
495.745850 216.373749 0.901707 
485.443237 241.410751 0.953987 
492.763489 260.482239 0.882344 
535.354675 216.371155 0.925509 
542.777954 239.907776 0.884460 
535.437012 253.158905 0.945353 
504.523499 266.359131 0.796161 
510.422363 300.203491 0.856168 
510.346436 338.393646 0.800077 
526.616272 264.947632 0.759799 
531.011597 298.747864 0.769087 
522.224854 335.465393 0.896559 
513.361084 198.766418 0.829318 
522.192322 200.193848 0.853628 
508.903473 197.278992 0.748774 
525.194397 197.298599 0.491480 
18
520.742371 204.591339 0.927232 
513.370972 216.359451 0.916419 
495.725555 216.392807 0.902808 
485.444763 241.411118 0.952069 
492.786804 260.478119 0.868652 
533.996826 216.308929 0.913743 
541.283997 238.446823 0.830374 
535.472229 253.148407 0.979162 
504.577087 266.366821 0.797665 
510.413788 301.627441 0.845183 
508.983398 339.882599 0.784464 
528.073547 264.940338 0.740624 
530.979736 300.162506 0.763799 
522.223022 335.529907 0.868765 
514.828308 200.204605 0.816633 
522.240356 200.185410 0.856409 
508.900757 198.739075 0.756841 
525.169312 197.264450 0.311688 
18
522.118713 204.585587 0.934165 
513.359863 216.344101 0.914655 
495.732056 216.399872 0.902157 
485.464630 241.388657 0.956581 
492.777496 257.524384 0.868490 
533.976746 214.908752 0.892884 
538.398193 236.976898 0.806737 
536.955627 253.097397 0.966429 
504.562012 264.955353 0.820389 
510.419312 300.206604 0.860529 
508.973328 339.868927 0.787280 
529.511963 264.894958 0.743786 
530.991394 298.749664 0.775483 
522.221497 335.500397 0.879407 
514.853638 200.200134 0.821652 
523.603394 200.180099 0.856496 
508.903229 198.729828 0.763304 
525.169189 197.238220 0.249230 
18
522.140381 204.584381 0.943969 
513.357239 216.349579 0.914632 
495.732025 216.395813 0.900427 
485.462158 241.391602 0.940280 
492.771576 256.092194 0.859501 
533.971313 216.296249 0.901132 
538.360107 238.398132 0.817495 
538.373108 253.135712 0.947907 
504.542206 264.933075 0.828190 
510.411682 300.168854 0.864348 
508.981842 338.383545 0.785579 
528.083862 264.890869 0.750299 
530.993713 298.720856 0.781370 
522.207031 335.456573 0.899260 
514.872803 200.189575 0.817021 
523.631226 198.752396 0.864188 
507.508514 198.723145 0.768063 
526.605713 195.835388 0.262170 
18
522.156433 204.600281 0.951507 
513.349304 216.384933 0.920511 
495.696350 216.425186 0.895432 
486.815643 241.430862 0.939459 
492.797699 259.031097 0.845814 
533.979187 216.319656 0.914230 
538.375000 239.836212 0.858397 
538.389832 254.641129 0.884700 
504.540131 266.342407 0.804062 
510.415863 300.158417 0.865902 
508.978760 338.413422 0.781389 
529.528320 264.937225 0.740927 
530.994568 298.729492 0.761056 
522.200928 335.460480 0.889063 
516.297058 200.209061 0.814909 
523.641296 200.191406 0.862729 
507.502411 198.741592 0.764345 
526.628418 197.266815 0.211991 
18
522.133301 204.605499 0.947074 
513.375977 216.377640 0.915071 
495.730774 216.413910 0.906796 
486.823547 241.419998 0.946699 
492.792938 258.998535 0.844179 
533.996704 216.327789 0.907584 
538.400513 238.453125 0.838021 
539.846863 254.612213 0.892010 
504.545654 266.368256 0.807895 
510.402069 300.210358 0.843367 
510.343475 338.424408 0.784523 
529.545044 266.343231 0.732967 
531.006714 298.753448 0.765402 
522.205322 335.472107 0.895721 
514.869202 200.209808 0.821161 
523.625671 200.207535 0.866254 
507.504913 198.730865 0.756230 
528.081238 197.301514 0.287456 
18
522.110413 204.598877 0.936927 
513.379883 216.368698 0.912375 
495.731354 216.394928 0.906546 
485.462585 241.416779 0.947713 
492.797180 259.006012 0.839923 
534.009521 216.335373 0.904131 
539.865479 238.437805 0.818655 
541.333374 253.205032 0.903264 
504.542694 264.969177 0.813755 
510.429657 300.183716 0.867295 
508.985748 338.429260 0.785310 
529.538940 264.937500 0.746364 
531.023987 298.731049 0.780921 
522.212708 335.459656 0.895328 
514.844666 200.206741 0.821727 
523.606018 200.196548 0.865943 
507.507568 198.725418 0.762570 
526.635193 197.270996 0.327546 
18
522.125488 204.641769 0.938301 
513.390442 216.384521 0.914825 
495.736908 216.424194 0.913780 
486.818756 241.419968 0.952151 
492.782227 258.993530 0.846497 
534.015015 216.326797 0.904776 
541.302124 236.966675 0.776056 
541.321289 253.065903 0.959990 
504.558777 266.366730 0.811392 
510.425842 300.184662 0.874514 
508.982422 338.417999 0.795197 
529.552673 264.963623 0.741275 
531.022400 298.755066 0.784819 
522.213074 335.463440 0.898411 
514.872192 201.674103 0.820478 
523.616577 201.668930 0.865291 
507.509644 198.761856 0.768965 
526.632141 198.739029 0.263910 
18
520.741333 204.586563 0.911579 
513.375366 216.399155 0.924105 
495.710449 216.427658 0.919841 
486.819366 241.436081 0.946035 
492.787842 259.038239 0.859176 
534.014771 216.358307 0.894590 
542.758545 236.983643 0.798024 
538.345459 253.107666 0.961143 
504.554260 266.421265 0.794816 
510.422455 300.241302 0.866798 
510.344727 339.861420 0.802148 
529.545288 266.405945 0.737278 
531.012573 300.174652 0.777332 
522.211670 335.497833 0.889888 
514.834106 200.194321 0.802772 
522.247314 200.195328 0.846386 
507.505737 198.715408 0.760798 
526.582886 197.287903 0.320180 
18
522.107788 204.616745 0.914627 
513.351624 216.385895 0.934177 
495.696167 216.415421 0.910525 
486.824890 241.443420 0.937282 
492.784302 260.458527 0.845570 
534.021423 216.360199 0.940388 
541.302185 241.341202 0.888331 
533.965515 254.620758 0.898311 
501.633484 266.363312 0.811044 
510.436890 300.122345 0.884551 
510.355865 338.410461 0.816492 
526.603088 266.343658 0.771224 
532.454102 297.271118 0.785656 
522.222839 335.441010 0.911615 
514.846191 200.231216 0.794013 
522.252747 200.218872 0.836130 
507.504700 198.745850 0.759307 
525.183960 197.246048 0.261172 
18
520.746582 204.621262 0.920387 
513.347656 216.410980 0.948648 
495.717316 216.441971 0.922027 
485.460999 241.445633 0.931642 
492.799927 260.476349 0.853098 
533.999329 216.387024 0.963479 
538.400818 241.392487 0.901333 
531.002686 254.620667 0.828633 
501.642822 264.953003 0.824585 
510.446228 300.131042 0.896097 
510.350342 338.429840 0.825191 
525.158142 264.921356 0.791168 
532.444031 297.244781 0.797273 
522.224365 335.466614 0.922476 
514.843262 201.641861 0.803706 
522.241760 201.641769 0.847971 
508.902191 198.757889 0.759799 
526.593994 197.278732 0.292231 
18
522.106445 204.615692 0.912414 
513.341125 216.412247 0.951680 
495.724060 216.429108 0.922907 
486.820007 241.435272 0.931815 
492.809326 260.480743 0.852412 
533.990723 216.398666 0.967332 
538.382507 242.830734 0.871336 
528.101868 256.082947 0.807715 
501.628235 266.366547 0.814617 
510.412994 300.164734 0.870495 
510.357483 339.857727 0.819012 
525.153687 266.353058 0.771303 
532.421875 297.266357 0.793202 
522.234436 335.467438 0.919975 
514.860229 200.231186 0.790803 
522.247375 201.635361 0.835402 
508.911652 198.749374 0.748457 
525.191040 197.290863 0.261870 
18
520.662903 204.643051 0.890825 
513.354126 216.419006 0.952409 
495.721527 216.419815 0.930564 
486.835266 241.455200 0.936210 
494.231445 261.905884 0.855335 
534.001709 216.433395 0.962205 
538.360046 242.871597 0.870982 
526.612488 257.555267 0.802242 
501.598816 266.360779 0.831089 
510.415588 300.174988 0.855316 
510.349731 339.884735 0.804847 
525.138916 266.367188 0.780058 
531.013916 297.259735 0.772361 
522.218567 335.446503 0.918949 
513.395325 201.653671 0.814512 
522.201294 201.681351 0.853491 
507.500519 198.736786 0.742557 
526.590393 200.171158 0.448567 
18
517.774231 204.639984 0.866870 
513.360413 216.436539 0.952804 
495.713776 216.421707 0.922484 
486.825806 241.455688 0.935382 
492.812744 261.900421 0.862763 
535.356628 217.798279 0.957322 
538.374329 242.899475 0.857854 
526.579346 258.998840 0.812563 
501.606445 266.380371 0.822097 
510.403625 300.174438 0.841011 
510.360657 339.883636 0.811245 
525.151367 266.393616 0.768813 
531.007751 298.646576 0.771261 
522.215332 335.452240 0.915893 
511.962646 201.652145 0.830134 
522.146790 201.693527 0.844886 
507.488739 198.742050 0.712902 
525.180176 200.220825 0.598483 
18
516.335693 204.634415 0.870880 
513.368408 216.450531 0.951927 
495.721008 216.429367 0.923198 
486.836639 241.457153 0.938515 
492.800842 260.504120 0.870075 
535.370605 217.819534 0.957706 
538.345154 244.322586 0.850696 
525.171631 259.031647 0.820404 
501.614014 266.407471 0.813463 
510.403809 300.197357 0.839888 
510.359650 339.875916 0.805937 
525.168701 267.820251 0.764160 
530.995056 298.658997 0.755694 
522.221680 335.434357 0.909106 
511.944458 201.646957 0.843031 
522.134460 201.689896 0.851424 
507.490601 198.753204 0.705562 
525.169373 201.640259 0.655151 
18
517.783936 204.645752 0.861839 
513.367432 216.450348 0.954166 
495.736603 216.434082 0.927605 
486.850952 242.818558 0.942095 
494.239166 260.486298 0.849283 
535.357849 217.815842 0.960042 
536.958618 244.336197 0.853567 
525.119446 260.461243 0.825989 
501.627930 266.409271 0.812204 
510.393677 300.231842 0.812506 
510.351410 339.859772 0.801748 
525.168579 267.810791 0.764639 
529.549500 298.714264 0.746082 
522.225220 335.487762 0.901332 
511.974152 201.667847 0.825917 
522.146973 203.085693 0.848100 
507.501617 200.194748 0.715572 
525.183960 201.664139 0.602766 
18
517.792969 204.655777 0.865713 
513.367188 217.793701 0.950340 
495.729767 216.442917 0.921775 
486.836670 241.447739 0.938228 
492.783783 260.455200 0.855402 
535.360229 217.838348 0.955416 
538.346924 244.318344 0.854287 
525.157959 259.020508 0.821886 
501.634186 266.408173 0.807959 
510.410675 300.215271 0.832714 
508.988739 339.902679 0.793423 
525.166748 267.817902 0.764637 
530.983704 298.682922 0.757064 
522.215576 335.470825 0.905929 
511.976776 201.680527 0.828221 
522.152161 203.097595 0.856357 
507.491608 200.214157 0.716451 
525.189087 201.683670 0.591237 
18
517.778503 204.669540 0.865677 
513.367310 217.781860 0.953217 
495.735931 216.427917 0.923039 
486.833801 241.434525 0.944942 
492.767395 260.448578 0.850196 
535.362732 217.822205 0.960765 
536.950317 244.316528 0.857707 
525.127136 259.031952 0.825523 
501.626526 266.404877 0.813285 
510.401245 300.191284 0.826983 
508.986145 338.429169 0.794972 
525.166870 267.817932 0.768216 
529.556946 298.687744 0.752725 
522.217224 335.453186 0.909815 
511.968872 201.694946 0.832508 
522.147461 203.110764 0.859134 
507.486328 200.203690 0.701093 
525.191772 201.666595 0.597638 
18
517.777100 206.033615 0.872971 
513.377075 217.794296 0.946261 
495.742676 216.443878 0.922748 
486.830322 241.444794 0.947853 
492.758820 260.451996 0.860571 
535.371826 217.837814 0.960571 
538.351257 244.336441 0.850824 
525.145874 259.007355 0.826178 
501.645447 267.812653 0.812884 
510.384308 300.207977 0.811704 
510.354248 339.855499 0.791279 
525.175232 267.844391 0.764470 
530.975403 298.662903 0.748036 
522.219421 335.461151 0.909896 
511.967651 203.108719 0.848686 
522.147461 203.140747 0.871635 
507.487000 200.225266 0.704739 
525.199280 201.694870 0.618728 
18
517.790405 206.053574 0.873683 
513.361084 217.794647 0.942685 
495.711761 217.783447 0.911721 
485.417725 242.820709 0.930850 
491.303040 260.501648 0.887700 
535.370422 217.832672 0.962481 
538.375366 244.319107 0.844090 
525.181274 258.989441 0.828748 
501.623352 267.822601 0.808593 
510.378479 300.203613 0.800228 
510.347656 338.419861 0.792447 
525.169434 267.842804 0.756724 
529.570313 297.252197 0.732929 
522.218445 335.452148 0.913301 
511.974091 203.134842 0.853606 
522.152832 203.162857 0.878244 
507.471405 201.649094 0.710476 
525.192688 203.086090 0.591923 
18
517.768372 206.037933 0.874043 
513.358459 217.804001 0.943795 
495.698242 217.791183 0.911623 
485.403320 242.833496 0.928190 
491.317383 261.921570 0.890130 
535.376038 217.850128 0.959060 
538.365784 244.348923 0.847671 
525.140503 260.445984 0.824017 
501.619751 266.400482 0.810080 
510.393890 300.171143 0.822645 
508.984253 338.436371 0.794772 
525.160889 266.410339 0.766492 
529.558167 297.263336 0.749582 
522.216125 335.456757 0.909024 
511.961121 203.112732 0.851333 
522.142761 203.149033 0.872405 
507.479309 201.641541 0.700267 
525.193481 203.105591 0.625530 
18
517.787170 206.092178 0.861854 
513.342529 217.786057 0.935871 
494.263794 216.442993 0.904356 
485.398499 242.831268 0.931094 
491.332275 261.951813 0.895393 
535.376709 217.832474 0.961377 
536.947205 244.349777 0.852723 
525.124512 260.469513 0.828748 
501.590332 266.383148 0.820525 
510.442535 298.735687 0.848123 
508.985779 338.404755 0.820598 
525.151489 266.377777 0.774826 
530.994751 295.758118 0.755000 
522.209412 334.016510 0.921793 
511.966431 204.537567 0.857539 
522.152039 204.546783 0.872555 
506.043518 201.683975 0.703570 
526.585693 203.097824 0.579013 
18
517.788879 206.091461 0.868423 
513.343445 216.447861 0.936898 
495.685944 216.435593 0.906830 
485.409058 242.825928 0.920255 
491.298584 261.899414 0.886585 
535.366516 217.826538 0.953882 
536.957397 244.315536 0.854708 
525.172241 259.036743 0.831197 
500.199829 266.377472 0.825803 
510.410645 298.764648 0.831558 
510.350067 338.425415 0.803512 
525.124573 266.384125 0.768150 
531.028870 294.312805 0.758704 
522.204529 334.026215 0.917879 
511.971283 204.536667 0.861991 
522.155518 204.546066 0.880852 
507.459778 201.674530 0.700329 
526.588379 203.085754 0.584711 
18
517.792603 206.074005 0.875844 
513.352417 217.802032 0.948226 
495.700226 217.790207 0.919079 
485.414398 241.457977 0.921804 
489.896912 260.464996 0.875584 
535.373962 217.857162 0.960417 
536.947571 244.345886 0.849239 
525.142090 259.029327 0.837903 
501.589935 267.841248 0.818308 
510.419342 300.181000 0.839298 
510.348053 338.430450 0.809492 
525.166138 267.843628 0.763925 
531.024109 297.232300 0.759510 
522.205566 335.432709 0.912075 
511.973358 203.153519 0.862299 
522.161560 204.533722 0.886257 
507.465118 201.663193 0.706456 
526.592285 203.108398 0.594779 
