25
1
18
526.598328 148.765015 0.913607 
523.730957 182.559067 0.953504 
500.194275 182.521667 0.918008 
497.165253 225.200058 0.822557 
497.142517 254.619919 0.824849 
547.270386 182.605850 0.885125 
553.075684 222.270279 0.820637 
547.256836 254.662552 0.899083 
510.352692 253.108765 0.858277 
508.966492 300.167053 0.853416 
504.558044 344.244232 0.784207 
535.440491 253.139267 0.832876 
528.099060 300.155487 0.826244 
523.620544 344.259766 0.894314 
522.215515 145.798508 0.984070 
533.949036 145.806412 0.977482 
513.354858 147.302765 0.838107 
541.297241 147.309219 0.791758 
18
526.598328 148.748505 0.920496 
523.726440 182.555710 0.956559 
500.188263 182.522827 0.929089 
494.239624 226.619003 0.834588 
488.408356 254.596420 0.906148 
548.641663 182.607224 0.885016 
554.512634 223.713470 0.812032 
548.677734 254.659058 0.874233 
510.343658 251.696228 0.872975 
508.932404 298.739807 0.863255 
503.096619 344.244965 0.791549 
535.423584 253.083130 0.847425 
528.064331 298.726532 0.844880 
523.615356 342.832947 0.894010 
522.209229 145.785812 0.983765 
533.944275 145.793030 0.974749 
511.968811 147.298508 0.856315 
539.856445 147.308212 0.737079 
18
525.187683 148.755402 0.926888 
523.714844 182.567413 0.966774 
500.166931 182.540039 0.944028 
492.789825 226.632385 0.857851 
486.950653 254.591614 0.916481 
548.633484 182.615112 0.894119 
554.527222 222.275085 0.824631 
548.699219 254.654144 0.867549 
508.939056 251.712738 0.855886 
507.503052 298.727783 0.870865 
503.101318 344.239624 0.793510 
535.374878 251.719345 0.859068 
526.606873 298.733276 0.856775 
523.597107 344.236694 0.893122 
522.189758 145.792450 0.984637 
533.921143 145.804382 0.973175 
511.955811 147.306961 0.860763 
539.831543 147.327179 0.750374 
18
525.167480 148.784134 0.921807 
523.685059 182.584183 0.965803 
500.152679 182.551804 0.945500 
491.290588 226.649643 0.853448 
486.851440 254.591766 0.889270 
547.233276 182.644852 0.895040 
555.946533 223.718246 0.831335 
548.687073 254.657486 0.878001 
508.906464 251.717316 0.836886 
507.487030 298.737915 0.870899 
503.120789 344.261353 0.791344 
535.361450 253.088898 0.855477 
526.596985 298.766022 0.847325 
523.598328 344.277618 0.895823 
522.169006 145.817749 0.976914 
533.901489 145.827042 0.971714 
511.924042 147.328384 0.865550 
538.386963 147.343002 0.723122 
18
525.143372 148.797012 0.922928 
523.638184 182.599670 0.961372 
500.095947 182.543564 0.943198 
489.819946 226.652115 0.853542 
486.834991 254.595657 0.887662 
547.208618 184.046188 0.888024 
553.074585 225.184189 0.829922 
547.220703 254.659744 0.895925 
507.463898 253.119293 0.828974 
507.484894 298.733368 0.876794 
504.528931 344.250854 0.790846 
533.972168 253.121719 0.845780 
526.599670 298.765198 0.851568 
523.620789 344.266571 0.896399 
522.149475 145.826767 0.969480 
533.887451 145.841461 0.970907 
511.905731 147.355804 0.845682 
538.365540 148.746460 0.691291 
18
523.753662 150.221054 0.921532 
523.595459 182.648636 0.948373 
498.689697 182.601929 0.934677 
488.403961 226.672485 0.891870 
486.826508 254.592239 0.897887 
547.188049 185.478928 0.881021 
550.169128 226.669861 0.872892 
547.180786 257.536926 0.889327 
506.038239 253.154297 0.838271 
507.480896 298.739624 0.879946 
504.523499 344.242218 0.790492 
533.949463 253.149536 0.844207 
525.195251 298.771545 0.849775 
523.607056 344.274689 0.895519 
522.117188 145.849213 0.954803 
532.501038 145.870758 0.957535 
511.884583 148.722687 0.847521 
538.343933 148.763046 0.743709 
18
523.669495 153.135040 0.942709 
522.211487 184.037476 0.930053 
498.660919 182.632843 0.912811 
488.431824 228.071838 0.880752 
486.913910 254.590897 0.928734 
547.121948 185.501938 0.875938 
548.702820 228.079102 0.905917 
547.183838 259.017548 0.908560 
506.017334 253.189728 0.828404 
507.465271 300.127533 0.880584 
503.114349 344.268982 0.805950 
533.926147 253.170273 0.837882 
525.172852 300.188934 0.850627 
523.627258 344.290161 0.902254 
520.667297 147.242310 0.930022 
531.030945 147.259781 0.930773 
510.461243 148.782822 0.826345 
536.883667 150.190689 0.762995 
18
522.260498 154.623383 0.944717 
522.162231 184.022064 0.927627 
498.606415 182.613373 0.903671 
489.838593 228.093445 0.870444 
488.367157 256.054108 0.907441 
545.738708 184.091873 0.872182 
548.708313 226.677933 0.892214 
547.221680 259.001404 0.898535 
506.013000 253.201340 0.801593 
507.457428 300.131104 0.880532 
503.086395 344.253998 0.809782 
533.900818 253.188583 0.818374 
525.165466 300.178925 0.846283 
523.632507 344.264923 0.903249 
517.789185 147.276779 0.910730 
528.097717 147.312088 0.914685 
510.366577 148.740097 0.805112 
535.444397 150.203064 0.803518 
18
522.162720 154.628403 0.923821 
522.113159 182.638275 0.915814 
497.190277 182.572784 0.892237 
489.839050 228.088516 0.862517 
488.364746 254.632278 0.914231 
545.672485 184.068848 0.856183 
551.608826 226.653931 0.854728 
548.703979 260.453674 0.885621 
505.994568 253.183365 0.794462 
506.045898 300.154388 0.856870 
503.117462 344.253815 0.796507 
533.935181 253.160324 0.840869 
525.133606 300.194397 0.855601 
523.639648 344.281403 0.898256 
514.817383 147.274078 0.923524 
525.187927 147.321121 0.924933 
508.957520 148.746201 0.780021 
535.362610 150.244736 0.841727 
18
520.731323 154.630112 0.894933 
520.716614 182.583054 0.927437 
495.734039 182.569839 0.886900 
488.418274 225.205231 0.840616 
486.958374 253.136063 0.932980 
545.649231 182.605423 0.887544 
556.021790 219.306046 0.883204 
554.521484 251.619446 0.883792 
501.647675 253.126541 0.826277 
507.451141 298.769928 0.881765 
503.093811 344.240387 0.801588 
532.469727 253.083511 0.833890 
525.150574 298.764404 0.871899 
523.641602 344.278107 0.911239 
513.348694 147.277725 0.956040 
523.747742 147.321457 0.951375 
507.508789 148.764359 0.776293 
533.944824 151.685852 0.846413 
18
519.265991 156.064148 0.880906 
519.277039 182.552261 0.931234 
494.262756 182.591629 0.877852 
486.955017 225.202133 0.868552 
485.456635 253.117844 0.860037 
544.251038 182.525589 0.898693 
557.539734 213.434799 0.889521 
557.414063 232.557816 0.809405 
501.580566 251.704132 0.856418 
506.023132 298.711151 0.904878 
503.104523 342.827332 0.809533 
531.022400 251.643692 0.811942 
525.119751 298.697968 0.896235 
523.646362 342.817535 0.910237 
511.937805 147.325333 0.962112 
523.661682 147.358810 0.956175 
506.037018 148.811920 0.755242 
533.889282 151.692108 0.820452 
18
517.800781 156.073181 0.870505 
519.260193 181.155823 0.934134 
494.268829 182.531784 0.883306 
486.892822 223.712204 0.826748 
481.002350 253.097717 0.753319 
544.241028 181.084778 0.920982 
557.473328 206.088593 0.803467 
556.012390 210.531860 0.614344 
500.135101 251.642426 0.888121 
504.567627 298.711731 0.892392 
503.102081 344.231842 0.813046 
529.518066 251.600250 0.796586 
525.109924 298.706421 0.894838 
523.648438 342.800385 0.902438 
511.897156 147.344254 0.960203 
523.612854 148.718628 0.956109 
505.988312 150.230209 0.736518 
532.481934 151.689240 0.794953 
18
516.283630 156.050995 0.867595 
516.325500 181.063919 0.887533 
495.696655 182.509750 0.861620 
486.895020 225.189453 0.843998 
476.605225 253.094208 0.889426 
536.917847 179.581024 0.838134 
557.510986 192.852463 0.690502 
555.984619 182.624847 0.754148 
500.132294 251.628235 0.884042 
504.558868 298.732422 0.893950 
503.106567 344.309753 0.830850 
528.080566 250.171082 0.780898 
523.712952 298.737671 0.902927 
523.640259 344.264374 0.907212 
511.838959 147.312653 0.982320 
522.228271 147.342819 0.963294 
503.104370 148.805862 0.722758 
532.472656 151.666183 0.793710 
18
513.429626 154.608505 0.871110 
513.423401 181.154419 0.906429 
494.236298 182.568344 0.862228 
486.899597 226.627502 0.867968 
476.604187 253.100342 0.903726 
535.456909 181.079803 0.894057 
551.587585 186.963135 0.657624 
553.078186 170.824677 0.659713 
500.126740 251.631439 0.884763 
505.993622 298.722382 0.885285 
504.539642 344.259186 0.822385 
528.051636 250.166183 0.787925 
523.710571 298.713470 0.910949 
523.648071 344.253998 0.909721 
510.444794 147.292603 0.982317 
522.167114 147.278183 0.965855 
501.661621 148.798447 0.740075 
531.016968 148.740265 0.755785 
18
513.368835 153.163956 0.886923 
513.382263 181.129684 0.908096 
494.227661 182.567154 0.856507 
486.910522 226.637558 0.866464 
478.075684 253.173111 0.838028 
535.411194 179.652283 0.851101 
545.775208 182.637650 0.719573 
547.124573 164.927338 0.816992 
500.108032 251.629059 0.884755 
504.544708 298.725861 0.889387 
504.523590 344.266357 0.822253 
526.623962 250.165207 0.788367 
523.698792 298.716187 0.903909 
523.636658 344.254150 0.911016 
510.392426 147.281876 0.969619 
522.111938 147.265915 0.950352 
501.587128 150.202133 0.735438 
528.089844 148.775253 0.694840 
18
511.969421 154.609894 0.905606 
511.975800 182.527618 0.965053 
491.299438 182.634109 0.857753 
486.871460 226.688751 0.868251 
479.592010 253.150711 0.825504 
535.416199 181.103790 0.897940 
541.324829 181.050537 0.516381 
542.764160 159.105118 0.764878 
498.717499 251.682159 0.880391 
503.119598 298.766266 0.889258 
503.104614 344.260895 0.828502 
525.165222 250.194031 0.801263 
523.698914 298.728821 0.911856 
523.644165 344.275269 0.923802 
510.355164 147.322250 0.956440 
520.701416 147.319244 0.943405 
500.192780 151.678162 0.704563 
525.184082 150.235382 0.729993 
18
511.941528 156.040710 0.921834 
511.988129 181.156342 0.941750 
491.336853 182.637939 0.850295 
486.859344 226.669876 0.862428 
479.554565 253.170074 0.817920 
535.419678 179.642303 0.869071 
539.849487 172.264542 0.493557 
538.378174 158.998535 0.777410 
498.702026 251.662796 0.879351 
503.096985 298.766541 0.901547 
503.095520 344.264740 0.833104 
525.131348 250.162277 0.809766 
523.699890 298.706573 0.917122 
523.636353 344.273041 0.928959 
508.967804 147.354202 0.932848 
520.669434 147.350418 0.932623 
500.150665 151.710602 0.718100 
525.153870 150.253403 0.733352 
18
511.919830 156.051834 0.935321 
511.964111 181.115723 0.942425 
492.758057 182.587341 0.862851 
486.851044 226.618301 0.852616 
476.693146 253.119370 0.864803 
535.357788 179.598480 0.863151 
536.954529 175.239807 0.573755 
538.358032 157.544159 0.862881 
498.697815 251.655945 0.874140 
503.089020 298.770233 0.895893 
503.098419 344.273315 0.832167 
525.114624 250.160645 0.812548 
523.669128 298.718384 0.913002 
523.640747 344.272095 0.920738 
508.934967 147.364807 0.920268 
519.239014 147.341385 0.923802 
500.112122 151.707886 0.747653 
523.741882 148.804504 0.748481 
18
511.883667 156.067429 0.945993 
511.901001 182.497055 0.970579 
489.851288 184.043930 0.856828 
483.985596 228.101776 0.828058 
476.576019 253.182541 0.900483 
533.966980 179.623856 0.872568 
536.875854 176.683228 0.582923 
536.928223 157.599594 0.883143 
498.700745 251.700180 0.876176 
503.062592 300.120880 0.888475 
504.522461 344.253693 0.830100 
525.109375 250.185181 0.823760 
523.647705 298.726532 0.914133 
523.622192 344.255768 0.904321 
507.509674 148.718796 0.906197 
517.798889 147.348480 0.915856 
500.079224 151.710220 0.729983 
523.724121 150.203110 0.741102 
18
511.863251 156.058975 0.947726 
511.856049 182.503006 0.973271 
488.407867 184.017059 0.889584 
483.919769 228.097366 0.810310 
475.197571 254.617767 0.876629 
533.946960 181.031189 0.876448 
535.506470 179.612274 0.582545 
536.889404 159.009827 0.883525 
498.691528 251.711716 0.881105 
501.665253 300.143341 0.893221 
503.109894 344.262329 0.834614 
525.113953 250.210052 0.824172 
523.647522 298.753113 0.916130 
523.619385 344.254761 0.909611 
507.494812 147.350662 0.909011 
517.785645 147.348724 0.908037 
498.725281 151.684143 0.728578 
523.712341 150.250504 0.713946 
18
510.495087 156.076553 0.946342 
510.478973 182.529526 0.974291 
488.333862 184.048782 0.886249 
481.015259 228.163635 0.803480 
475.195251 254.627151 0.893350 
533.897766 181.075134 0.867035 
535.473389 181.120178 0.625136 
535.487122 159.085312 0.906676 
498.660919 253.099625 0.871283 
501.631836 300.141022 0.906255 
503.085175 344.272217 0.838239 
523.726196 251.629593 0.839724 
523.633362 298.770233 0.908653 
523.610718 344.257874 0.900617 
506.011719 147.339798 0.904454 
516.331970 147.345001 0.901085 
498.652069 150.238831 0.715836 
523.698486 150.229996 0.708753 
18
510.462189 156.122589 0.965549 
510.485138 182.540558 0.970438 
488.344482 184.055695 0.882319 
481.013428 228.166107 0.793179 
475.200989 256.080688 0.869021 
533.891296 181.082733 0.854998 
535.468811 181.047028 0.636364 
535.462524 159.066986 0.922817 
498.649261 253.095306 0.865988 
501.625183 300.130920 0.906077 
503.088654 344.260498 0.835082 
523.718018 251.626236 0.839009 
523.630432 298.766418 0.905357 
523.617737 344.256195 0.903287 
504.533569 148.720505 0.912188 
514.867859 147.361969 0.905894 
498.639099 150.241028 0.599101 
523.704163 148.808762 0.704123 
18
510.421967 157.482697 0.967840 
510.457458 182.547241 0.964831 
486.961853 184.069489 0.872466 
479.561310 228.171783 0.792002 
476.553680 256.054230 0.872243 
532.511780 181.091919 0.860028 
535.484741 179.591354 0.641353 
535.466064 159.038681 0.920775 
498.635406 253.093933 0.855028 
501.606842 300.132721 0.905033 
503.084381 344.258179 0.835347 
523.708862 251.616699 0.833203 
523.611267 298.774048 0.896213 
523.605225 344.255249 0.893937 
503.089325 148.725525 0.925907 
513.429199 148.732712 0.920607 
498.623413 150.247650 0.552528 
523.663879 150.245163 0.697337 
18
510.386566 157.500397 0.971924 
510.421997 182.571579 0.957722 
486.927277 185.492584 0.862856 
479.565552 228.190338 0.787085 
476.567108 256.104248 0.866751 
532.463867 181.125198 0.848560 
535.466553 179.590683 0.656754 
535.470825 159.033279 0.930869 
498.623413 253.104538 0.853393 
501.607178 300.136230 0.903811 
503.111938 344.265472 0.829614 
523.687195 251.621109 0.842671 
523.609741 298.770447 0.901861 
523.614197 344.253906 0.890368 
501.665924 148.740814 0.939675 
513.393799 148.758621 0.927105 
498.611511 151.671707 0.489971 
523.665955 153.147751 0.688484 
18
510.380554 157.492081 0.963263 
510.408936 182.574585 0.949733 
486.935120 185.480179 0.863832 
479.574219 228.189133 0.778601 
476.550812 256.089752 0.864589 
532.438232 181.132095 0.835493 
535.480469 179.593079 0.688755 
535.484924 159.023193 0.920195 
498.615997 253.079071 0.853390 
501.606964 300.118439 0.905155 
503.107513 344.284119 0.838808 
523.676453 251.597382 0.843633 
523.613464 298.763184 0.905738 
523.624023 344.289063 0.899104 
501.669342 148.731140 0.936911 
513.388367 148.763290 0.926494 
498.607147 150.256378 0.535263 
523.647522 153.171707 0.699322 
18
510.369659 157.507782 0.967229 
510.387177 182.583466 0.941379 
486.892151 185.512970 0.855517 
478.124817 229.583893 0.802861 
475.210419 257.530304 0.875533 
532.432922 181.128891 0.838917 
535.463379 179.588028 0.671513 
536.884521 159.036987 0.906304 
498.612000 253.092438 0.860023 
501.598083 300.121033 0.900999 
503.105957 344.254974 0.834636 
523.673950 251.605957 0.852348 
523.595398 298.751404 0.909085 
523.626404 344.269501 0.895419 
501.648743 148.740707 0.942809 
513.379456 148.769333 0.930356 
498.589905 150.242737 0.516407 
523.632019 153.150436 0.720805 
