29
1
18
557.547729 200.220154 0.899610 
544.249878 216.355072 0.924863 
516.288391 214.915680 0.842464 
508.963409 260.454712 0.821211 
507.500214 292.814148 0.853732 
570.685608 217.855118 0.917049 
570.651794 261.922333 0.894875 
569.234131 294.302094 0.899402 
522.215515 281.054321 0.819212 
523.623779 335.479065 0.870987 
523.799805 347.319183 0.054600 
550.163086 284.021606 0.775470 
544.193848 332.537659 0.795097 
533.950806 369.247864 0.890597 
551.585999 192.894119 0.901663 
563.351196 192.912292 0.914676 
535.416626 186.975372 0.825826 
0.000000 0.000000 0.000000 
18
558.914612 203.106628 0.944441 
544.240295 216.383224 0.921264 
516.286804 214.920609 0.846535 
508.970581 260.463165 0.824481 
506.000214 291.377930 0.839452 
570.655945 217.909027 0.893615 
569.284424 263.352844 0.902843 
567.783508 297.198944 0.894627 
522.175964 281.081451 0.804733 
522.219116 335.475250 0.876272 
523.794189 348.777313 0.062658 
548.711609 285.447632 0.805986 
541.304871 332.501373 0.762682 
533.909790 369.237640 0.915391 
553.068848 194.295044 0.901370 
564.806641 194.332809 0.910001 
535.493591 189.931305 0.815326 
0.000000 0.000000 0.000000 
18
558.905640 203.088562 0.935654 
544.228821 216.379089 0.916287 
514.838379 214.894348 0.845679 
508.931580 260.447266 0.821563 
504.532288 294.289337 0.860604 
570.657715 217.915100 0.886330 
569.264282 263.385773 0.927906 
566.287537 297.236084 0.878727 
522.141174 282.539825 0.804876 
522.198181 336.944366 0.858930 
523.804382 347.360504 0.057633 
548.680054 285.499268 0.823386 
541.284363 333.953766 0.750870 
533.915894 369.266510 0.895548 
553.048096 194.270340 0.908530 
563.387146 194.306610 0.906783 
535.440979 188.451431 0.831182 
0.000000 0.000000 0.000000 
18
558.909607 200.191177 0.896943 
544.224426 216.368317 0.924282 
514.834961 214.909500 0.847050 
507.510101 259.032379 0.809424 
506.015320 295.753876 0.864693 
570.650574 217.869461 0.908537 
569.233276 263.394440 0.923294 
561.914185 297.217590 0.868089 
522.170715 285.459808 0.835762 
522.219849 339.870148 0.854300 
523.810181 348.736786 0.051202 
548.675842 286.955383 0.829608 
539.835754 335.455292 0.730908 
533.920227 369.283691 0.877359 
551.612061 192.890244 0.909195 
563.368774 192.875275 0.912317 
535.415833 186.997299 0.832721 
0.000000 0.000000 0.000000 
18
557.524963 197.237961 0.906493 
544.249207 216.337234 0.921528 
514.842957 214.888916 0.832396 
507.450287 261.943115 0.818010 
508.932343 298.673615 0.910751 
570.675415 217.804276 0.920896 
569.227966 261.976471 0.919669 
560.468323 297.198212 0.876432 
522.179871 286.893890 0.851661 
523.612000 339.880676 0.860920 
520.685303 392.820496 0.793813 
548.688049 286.984741 0.815450 
542.751648 335.443665 0.745431 
533.903198 369.299469 0.870361 
550.140869 192.787720 0.911050 
561.907532 192.786438 0.886461 
535.392334 184.080032 0.831711 
0.000000 0.000000 0.000000 
18
557.544067 195.796448 0.922921 
544.250732 216.363327 0.921211 
514.853149 216.309174 0.840752 
507.484650 263.432037 0.829111 
510.354401 300.120911 0.920815 
570.685669 217.807983 0.924589 
569.248230 261.977295 0.926063 
561.883423 297.207764 0.869780 
522.203918 286.949432 0.852279 
523.641663 342.836182 0.883493 
520.680725 392.823151 0.814692 
548.706970 288.380829 0.799361 
542.739502 335.484009 0.715915 
533.914734 369.303192 0.871219 
551.578186 191.385345 0.889668 
561.923889 191.380539 0.865086 
535.429565 184.055862 0.828232 
0.000000 0.000000 0.000000 
18
559.003174 195.842911 0.892345 
544.252502 216.437225 0.916955 
516.291016 216.400024 0.850869 
508.938385 264.931793 0.804603 
510.472931 300.249512 0.915723 
570.678833 217.865356 0.919030 
569.249329 263.382294 0.932516 
566.266296 298.637451 0.892968 
522.189087 286.957825 0.840407 
523.648193 344.313629 0.883976 
520.674377 392.847137 0.816652 
550.143677 286.996033 0.794477 
545.634216 335.446655 0.763729 
533.934326 369.278412 0.881866 
554.538879 192.806641 0.912674 
564.844543 191.402756 0.868986 
535.470154 188.426071 0.796941 
0.000000 0.000000 0.000000 
18
559.017761 203.155243 0.949952 
545.637695 219.336029 0.895656 
519.249878 217.921524 0.828643 
510.440247 266.350952 0.857328 
513.346436 304.602722 0.888254 
569.286499 220.814880 0.867054 
569.238220 264.957520 0.920423 
567.772888 300.188843 0.893256 
522.179932 288.412109 0.811600 
523.709045 345.731812 0.875506 
520.669983 392.822876 0.820338 
550.114685 288.436005 0.790960 
545.713989 335.533691 0.841493 
533.929138 369.288177 0.897549 
555.978455 194.378815 0.919373 
566.280334 194.375732 0.924463 
538.388245 192.898010 0.786669 
0.000000 0.000000 0.000000 
18
560.413086 211.986618 0.877076 
545.643860 228.139801 0.922016 
519.260254 228.109039 0.839598 
510.462189 275.172241 0.850490 
516.325195 310.534271 0.923391 
569.262085 229.567963 0.897125 
570.679565 273.685577 0.890052 
570.647827 310.459106 0.932665 
520.669556 289.897278 0.753939 
525.128357 345.763580 0.814375 
520.677551 392.816376 0.822400 
547.232239 289.945831 0.814380 
547.121521 341.336578 0.850395 
533.927368 369.276672 0.895203 
557.403687 204.682938 0.941778 
567.744141 206.034164 0.942007 
539.842468 203.170853 0.782867 
0.000000 0.000000 0.000000 
18
560.428894 225.163223 0.867769 
545.733093 239.922379 0.940538 
520.717163 238.414139 0.824711 
510.440918 285.487091 0.832381 
522.126404 320.754761 0.929256 
570.681763 242.829163 0.885240 
570.783752 285.498718 0.901245 
572.209534 322.289093 0.914384 
519.236023 297.258026 0.753170 
523.681396 350.165497 0.762933 
520.690186 392.815216 0.852136 
547.169922 300.144440 0.867891 
545.661011 347.301025 0.812617 
533.920044 370.771545 0.790121 
557.423218 217.790161 0.927607 
567.760498 217.830307 0.964980 
541.302979 216.326157 0.791705 
0.000000 0.000000 0.000000 
18
561.882385 238.456512 0.897390 
545.748596 253.084808 0.936750 
522.156311 250.193939 0.837806 
503.095673 292.832672 0.797163 
520.747131 328.122986 0.925514 
569.304626 254.649780 0.877463 
572.218079 298.768707 0.873150 
576.616943 336.928436 0.838805 
513.385010 303.135223 0.755962 
522.182434 348.704468 0.751995 
520.682739 392.836975 0.834795 
545.697327 307.526062 0.817805 
542.769775 354.598358 0.584031 
535.387146 370.702087 0.714086 
557.463928 231.051071 0.899854 
567.791992 231.087952 0.916167 
544.238464 229.625259 0.804162 
0.000000 0.000000 0.000000 
18
560.410583 253.220749 0.895165 
547.155823 264.905121 0.928915 
522.248413 260.507660 0.826299 
500.095673 301.703552 0.852608 
516.299438 338.396881 0.893658 
570.697327 272.251556 0.840971 
573.685791 313.457550 0.807185 
580.958252 357.460327 0.930150 
511.869904 310.425018 0.754739 
520.659851 351.635742 0.641055 
519.231384 394.262360 0.815576 
541.302002 311.936707 0.778020 
542.745911 357.545685 0.490951 
536.872131 372.266052 0.655352 
557.462952 250.185928 0.904099 
567.767395 251.616180 0.959088 
545.676514 244.316269 0.767709 
572.208496 250.219437 0.126297 
18
560.395813 272.248627 0.897854 
545.772217 281.058960 0.868019 
522.216736 275.237183 0.845066 
489.870300 312.015564 0.870612 
511.839081 345.773102 0.970936 
570.661011 286.987518 0.904169 
575.128784 332.517487 0.801394 
582.425598 370.795654 0.966746 
511.900574 311.979767 0.663755 
517.783142 353.084595 0.616051 
516.321716 394.281342 0.851063 
542.786743 313.405945 0.678099 
538.344238 366.344971 0.427141 
535.452820 379.591553 0.595280 
557.397949 264.865387 0.956674 
567.766113 264.899628 0.940993 
544.201843 263.459290 0.784693 
573.639832 267.841003 0.072502 
18
558.948120 288.440491 0.929051 
545.706787 295.779480 0.859820 
519.235413 288.481445 0.780470 
486.892975 322.255798 0.915704 
508.922699 347.314117 0.954077 
570.716370 300.180664 0.858401 
575.105042 344.262146 0.792297 
583.930298 385.492767 0.903915 
513.378418 320.737183 0.535719 
513.354614 351.655212 0.565838 
514.867920 394.319214 0.820375 
544.206421 322.230316 0.623278 
539.836487 381.085968 0.666377 
532.487000 382.582306 0.330025 
554.504272 283.997986 0.849959 
566.269836 285.427155 0.881820 
538.347351 276.728271 0.808127 
0.000000 0.000000 0.000000 
18
558.955627 300.248962 0.934851 
544.258545 308.963806 0.850470 
516.327148 300.194519 0.767205 
479.584320 325.196289 0.855565 
505.997070 350.173401 0.889438 
569.240051 313.400299 0.852772 
573.664490 356.032715 0.823882 
583.972168 397.250031 0.909443 
511.882935 333.997070 0.629879 
513.372070 357.562073 0.569993 
516.296997 394.245422 0.810969 
538.370972 335.485657 0.626981 
539.815796 381.111176 0.798115 
522.239319 386.911102 0.305926 
554.526428 297.237885 0.891095 
563.389465 297.226807 0.859548 
536.885376 289.946686 0.825455 
0.000000 0.000000 0.000000 
18
557.453857 310.521576 0.996243 
544.218628 316.336151 0.836817 
520.672119 307.510254 0.788567 
478.135376 328.131165 0.835852 
503.100037 353.124908 0.878742 
567.778503 325.189789 0.854505 
573.674622 367.792480 0.833761 
583.982178 406.117401 0.936440 
511.943909 342.830658 0.650573 
511.931732 360.470032 0.590778 
516.308777 394.245361 0.827955 
539.831726 347.197510 0.652394 
541.311707 383.961121 0.723972 
525.111389 391.343689 0.321057 
548.683777 303.152649 0.897771 
560.438110 303.158997 0.888245 
535.438904 300.142731 0.863643 
0.000000 0.000000 0.000000 
18
556.038391 313.398834 0.931067 
542.783813 322.170715 0.857084 
517.778687 310.478058 0.819716 
478.117737 331.025604 0.839608 
501.670776 354.565155 0.884368 
567.772705 331.037933 0.859628 
573.662476 372.219452 0.836390 
583.946228 414.804260 0.915118 
513.401062 350.172852 0.614333 
513.392456 363.428528 0.557059 
516.287659 394.287231 0.804370 
542.750305 354.565308 0.574040 
544.264709 382.532532 0.713503 
525.139160 392.838074 0.336483 
547.242676 310.383118 0.944315 
559.002869 309.017456 0.972410 
534.012268 304.617310 0.792360 
569.186890 306.070862 0.115358 
18
554.503784 311.963837 0.894466 
539.856873 322.202972 0.858923 
516.322632 310.485291 0.837358 
479.549774 329.595764 0.833377 
504.524292 354.608185 0.887758 
564.845276 332.500854 0.820138 
572.189087 372.261414 0.867306 
582.526062 414.815582 0.944295 
513.396240 354.606964 0.573983 
513.403687 360.463623 0.542703 
516.320923 394.327179 0.779030 
539.851990 357.543060 0.533663 
545.690552 380.988098 0.489015 
525.172363 394.292542 0.355014 
547.136230 307.531281 0.915112 
558.896667 307.543518 0.941677 
533.946045 303.126892 0.811834 
566.285767 304.579437 0.110860 
18
548.711670 303.158112 0.863625 
541.320740 317.826324 0.831019 
516.323547 307.547272 0.772236 
482.469055 328.113953 0.839998 
506.015808 354.565186 0.909033 
567.720703 326.639832 0.808980 
570.769165 369.216248 0.911522 
580.999390 404.635956 0.948689 
514.847717 347.206787 0.603889 
514.837585 360.465332 0.514524 
517.767456 394.298615 0.810535 
544.225342 350.196747 0.576856 
544.206238 381.076752 0.323354 
526.602844 392.873566 0.358235 
545.652893 298.720245 0.949939 
557.469666 298.727875 0.991212 
533.914490 298.708710 0.857609 
563.353699 298.785217 0.333496 
18
548.674622 291.381531 0.899015 
541.288025 308.983704 0.858192 
513.397949 300.157501 0.846798 
485.377441 325.237762 0.869878 
507.505615 353.119476 0.902603 
567.758362 313.453003 0.831431 
570.761841 357.521423 0.897251 
578.042419 394.350281 0.909332 
519.270569 336.966919 0.621563 
517.770752 360.454498 0.489730 
517.805054 394.305176 0.774273 
545.730164 344.294434 0.647652 
539.813477 382.509796 0.659211 
523.625977 392.769104 0.378541 
544.228821 286.989410 0.934129 
556.033630 286.933167 0.980824 
532.463440 288.411926 0.851091 
560.442261 286.994659 0.279553 
18
547.146118 276.690033 0.995826 
539.836060 297.247345 0.868470 
511.942627 288.468750 0.831805 
488.331360 322.243652 0.960666 
510.339111 348.755402 0.934669 
567.794495 301.653015 0.868287 
570.677551 344.316803 0.897734 
572.224731 382.484863 0.977373 
514.859863 326.656464 0.670639 
519.228943 360.463867 0.555845 
520.679321 394.340576 0.714164 
545.746277 333.974579 0.713591 
539.826782 382.474213 0.732371 
522.126343 392.730469 0.378573 
539.821350 273.692200 0.868604 
554.505737 273.665802 0.888021 
531.001648 275.166290 0.825316 
560.399536 275.156158 0.734720 
18
545.769897 263.362305 0.994276 
539.820740 283.971924 0.840737 
511.927948 276.670715 0.870259 
492.789368 316.342773 0.838085 
510.367249 347.299957 0.957086 
567.779785 288.391479 0.863165 
569.189880 332.505676 0.868008 
569.263794 369.260803 0.976999 
514.852051 317.839539 0.699145 
519.229736 356.058228 0.606103 
519.222107 394.292053 0.810762 
547.120239 322.268280 0.799454 
539.846252 379.600037 0.603948 
532.500427 382.560272 0.432206 
536.939209 253.228226 0.897312 
551.621643 254.575302 0.892617 
528.083740 259.013275 0.742766 
560.393250 258.988220 0.710289 
18
545.665588 241.383011 0.985699 
538.405701 266.419983 0.877119 
511.973785 264.865906 0.885486 
500.117065 309.005157 0.862571 
511.851105 344.261536 0.918381 
567.733276 273.695251 0.830362 
567.722839 317.816833 0.826828 
566.314148 354.569489 0.857116 
516.305847 313.403229 0.719172 
516.328552 354.561310 0.647482 
520.716797 392.869385 0.832883 
547.161560 319.261475 0.777194 
542.773071 369.304291 0.471527 
536.889648 378.102966 0.543873 
535.477600 236.975510 0.932907 
548.690552 236.927765 0.892334 
526.594604 239.920807 0.714700 
558.927002 239.887833 0.682359 
18
545.639832 223.739944 0.894734 
538.394409 253.089462 0.899174 
511.905731 251.640854 0.901362 
510.341400 298.726837 0.836849 
514.855042 335.525879 0.858264 
567.740417 254.590500 0.825332 
564.796997 300.162323 0.839582 
561.883423 336.917114 0.884118 
519.263184 308.996155 0.746881 
516.331055 347.204010 0.661771 
523.679016 359.112518 0.065849 
547.211243 310.524292 0.859352 
547.156677 345.761200 0.449792 
542.767578 370.781952 0.760097 
535.479065 217.819839 0.988477 
548.673340 217.799316 0.966371 
526.588928 222.231522 0.757297 
557.484070 220.786362 0.658874 
18
544.228271 204.685852 0.970734 
541.302979 239.846252 0.878318 
513.428040 238.450058 0.847933 
511.973907 286.881104 0.839679 
522.148132 323.655914 0.940657 
567.724060 239.894684 0.851978 
567.725037 286.890717 0.814066 
560.454285 323.692627 0.859047 
523.612000 300.152618 0.824198 
520.727600 342.811615 0.734576 
522.133057 392.796295 0.834471 
551.577881 300.244934 0.817794 
544.245300 342.827087 0.643735 
541.294006 370.713165 0.797286 
535.442383 201.652817 0.927560 
547.205994 200.194748 0.922553 
526.592102 206.028442 0.807653 
557.397217 204.613876 0.690387 
18
539.814270 191.401993 0.906146 
539.840149 228.066742 0.872129 
513.381775 228.067261 0.857947 
516.327148 275.149445 0.819965 
525.131042 310.439362 0.915044 
567.730713 228.105606 0.867401 
567.797485 275.130798 0.864180 
560.420776 310.413635 0.857679 
523.617371 288.488068 0.821361 
522.196533 335.445435 0.834277 
522.129944 389.893433 0.808456 
553.069885 291.374664 0.785893 
547.130737 332.494995 0.829909 
541.281311 369.239288 0.862439 
533.959351 184.082733 0.932718 
545.722046 182.652466 0.972595 
523.662659 192.824997 0.890665 
551.618958 189.891525 0.606735 
18
536.908203 179.611191 0.932626 
538.397400 216.316666 0.884374 
511.940918 216.304108 0.873050 
513.421692 263.417877 0.828039 
526.585266 297.262848 0.860406 
567.766785 216.364349 0.877174 
569.224670 263.467865 0.914089 
560.482117 298.740326 0.870141 
520.746155 284.024628 0.795399 
522.226624 332.524933 0.787170 
520.712341 389.889008 0.768004 
550.155029 286.901550 0.806825 
545.769897 323.744171 0.818615 
541.326904 367.800110 0.833408 
532.506897 172.285660 0.898473 
545.651917 170.855209 0.949837 
523.655762 181.019043 0.743121 
551.616028 175.226486 0.694665 
18
535.428528 169.343338 1.006160 
539.824219 206.115753 0.876523 
511.915924 206.094391 0.895923 
513.408203 256.091644 0.806189 
523.669312 288.478943 0.889074 
569.193115 206.138397 0.867560 
570.742798 254.656601 0.898564 
561.914185 291.369598 0.854425 
522.152710 278.132568 0.780849 
522.237976 333.955109 0.863588 
520.718384 382.537933 0.808255 
551.589600 279.630035 0.775726 
545.749634 329.585968 0.786685 
542.772888 369.305573 0.830062 
529.549072 164.926392 0.841029 
542.780151 161.971649 0.875252 
522.221802 170.802567 0.730788 
550.116211 169.266006 0.769686 
18
533.980164 166.391953 0.934034 
541.298462 204.598877 0.876409 
511.953796 204.574692 0.877665 
511.909454 251.666077 0.883639 
517.759827 286.934723 0.862116 
569.225525 204.656067 0.895438 
572.209290 251.646194 0.902080 
567.760376 286.992645 0.954032 
522.221863 275.204742 0.794976 
522.169006 328.140991 0.808845 
517.791138 380.974335 0.793938 
553.081726 276.625732 0.796005 
545.714050 325.195435 0.827059 
544.183044 369.289001 0.838495 
525.190674 159.096130 0.909218 
539.818298 158.999268 0.910846 
522.170654 169.275391 0.481282 
550.138611 160.557220 0.808273 
18
530.982117 162.005417 0.861592 
541.308167 204.531128 0.848130 
513.347839 203.116394 0.845993 
510.407196 248.720108 0.863757 
510.365570 285.451294 0.875025 
569.218567 204.590576 0.889644 
572.202148 251.607849 0.886080 
569.214111 286.997803 1.008320 
522.175476 275.224152 0.827987 
519.264587 328.143494 0.799708 
511.980865 372.218842 0.807250 
551.616943 276.675110 0.798366 
545.658691 329.577667 0.831164 
541.329041 370.744049 0.841503 
523.682556 158.981613 0.985059 
535.435852 157.593460 0.976657 
522.137024 167.809280 0.123857 
548.648499 160.485260 0.852390 
