29
1
18
520.740601 192.800598 0.968958 
520.682861 217.800125 0.911604 
498.611725 216.339096 0.932975 
497.141663 251.717957 0.858208 
501.649017 278.145386 0.847953 
539.811646 219.313293 0.835354 
535.472473 256.071564 0.860422 
522.225525 281.046417 0.914904 
500.108582 269.287506 0.797824 
498.729279 303.130707 0.769233 
503.105408 347.200684 0.801307 
525.125305 273.742096 0.826617 
513.365845 308.973145 0.786942 
513.361755 361.919373 0.824679 
514.817505 185.482849 0.886901 
523.722534 185.545990 0.902326 
510.363739 189.885834 0.794293 
533.928772 191.382187 0.918422 
18
522.102417 192.856949 0.989227 
520.678650 217.804504 0.915669 
498.614960 216.329697 0.927291 
497.136719 251.713287 0.846841 
501.582153 279.583557 0.858718 
538.402893 219.339996 0.828474 
535.479248 256.068146 0.869641 
522.221130 279.633240 0.930251 
498.725586 267.856873 0.799230 
498.628662 304.574982 0.768049 
504.545837 347.218903 0.791131 
523.724731 273.738647 0.837363 
511.908112 307.550110 0.798032 
513.344055 360.501312 0.806674 
514.828979 186.962204 0.883394 
523.732483 188.447174 0.893849 
510.374664 189.925919 0.736941 
533.945496 192.775848 0.929984 
18
520.746887 192.845978 0.984017 
520.680176 217.831802 0.908492 
498.604858 216.363846 0.930496 
497.136871 251.708267 0.850118 
500.209076 278.171509 0.874368 
539.820129 219.376465 0.816478 
535.452332 256.098114 0.864414 
522.166443 281.067902 0.915150 
498.723206 267.867401 0.794012 
498.605804 301.640839 0.740771 
503.102142 347.222443 0.785255 
523.727966 275.125946 0.835045 
511.867523 304.584717 0.784301 
511.976044 360.446808 0.804444 
514.825012 185.539658 0.885138 
523.736877 188.434738 0.893162 
510.366699 189.933563 0.745482 
533.949646 192.798965 0.938043 
18
520.721924 192.838226 0.975649 
520.681335 217.838440 0.906004 
498.605652 216.389938 0.937666 
497.144684 253.094482 0.851602 
500.173645 279.581360 0.872718 
539.815125 219.362045 0.822265 
535.452454 256.090057 0.865788 
522.166443 281.056702 0.912030 
498.724670 267.852051 0.794316 
495.706757 300.209717 0.734599 
503.090729 347.202423 0.778616 
523.736572 273.747101 0.830815 
511.851715 303.150940 0.815245 
511.961548 360.455048 0.792472 
513.415649 185.527130 0.895203 
523.711365 188.423950 0.904314 
510.351074 189.913101 0.732064 
533.925110 192.788879 0.942770 
18
520.692932 192.836624 0.967103 
520.684753 217.835434 0.912440 
498.614471 216.389709 0.939955 
497.147095 253.097626 0.852368 
500.160065 279.612701 0.879945 
539.811584 219.356339 0.829004 
535.467773 256.097321 0.869832 
522.170715 281.077423 0.929595 
498.726837 267.869446 0.793262 
494.278717 301.690308 0.717050 
503.112732 347.226868 0.771533 
523.723267 275.123230 0.837674 
510.448486 307.518280 0.820477 
511.958008 360.471954 0.773806 
513.385315 185.528503 0.910959 
523.686340 188.422607 0.909500 
510.341003 189.933716 0.705541 
533.911865 192.797058 0.938861 
18
520.679810 192.836426 0.965165 
520.680420 217.811966 0.916820 
498.613037 216.372482 0.942328 
497.143188 253.090317 0.857357 
500.172424 278.181824 0.856216 
539.813599 219.317902 0.841256 
535.491333 256.071014 0.870113 
522.186768 281.051483 0.928175 
500.095093 267.866333 0.801271 
495.702637 301.651703 0.724797 
503.100922 347.207886 0.777788 
525.106628 273.744171 0.825597 
510.491516 306.049072 0.813100 
511.960938 360.474579 0.794416 
513.367004 185.527039 0.913229 
523.671204 187.000961 0.915082 
508.983673 189.928650 0.704473 
533.896484 192.770355 0.923844 
18
520.681580 192.850067 0.964402 
520.680603 217.786880 0.910562 
498.649384 216.354919 0.942042 
492.800659 251.673508 0.856562 
500.089294 276.715149 0.872030 
538.373962 217.930527 0.843173 
536.903442 254.584579 0.866268 
523.727051 281.042664 0.946830 
498.718292 266.402863 0.803708 
495.750885 300.251801 0.729382 
503.079987 345.780212 0.794282 
523.701660 273.721466 0.817751 
511.857697 307.516449 0.812127 
511.953613 360.479034 0.787072 
513.364075 186.963364 0.903866 
523.659302 188.421570 0.909814 
508.988464 189.921097 0.725133 
533.889404 191.381638 0.905371 
18
520.656616 192.837402 0.952630 
520.667786 216.408249 0.917650 
498.623199 216.342896 0.937088 
488.321442 247.261261 0.917766 
498.651367 269.306305 0.797535 
538.375977 217.819641 0.865590 
541.306152 251.638672 0.866775 
533.889648 275.175171 0.915264 
500.108093 267.875732 0.856950 
497.189728 308.993408 0.789630 
503.084473 345.783630 0.801454 
525.105164 273.706909 0.825898 
511.926849 310.471313 0.919177 
511.960266 360.455444 0.787487 
513.348572 185.540695 0.916260 
523.641968 187.001785 0.912771 
508.975800 189.906601 0.661424 
533.890686 191.373459 0.902062 
18
519.257080 192.821808 0.943049 
520.659363 216.353928 0.922558 
498.613159 216.309357 0.914964 
481.019257 241.408112 0.882256 
489.841766 251.627808 0.625015 
538.361328 216.436295 0.864572 
545.663452 250.132278 0.896393 
535.421021 264.943146 0.779487 
500.123657 267.862854 0.858994 
497.196838 310.405731 0.819871 
503.081635 347.192657 0.819090 
523.733337 273.666412 0.810997 
511.868622 310.403625 0.901453 
513.342224 360.487915 0.788041 
511.986359 185.534958 0.919549 
523.623108 187.001465 0.915504 
508.976135 189.900452 0.676607 
532.501770 191.368698 0.886325 
18
519.225342 192.799545 0.929862 
522.106995 214.908737 0.880463 
498.682404 213.443756 0.888698 
475.186646 231.062927 0.865569 
476.626312 204.582230 0.803951 
542.765808 216.415421 0.853639 
547.259521 245.799149 0.790061 
557.523315 242.862747 0.687180 
500.117004 267.822388 0.872002 
497.174652 309.028564 0.804655 
503.089508 347.181305 0.790662 
526.588074 273.677765 0.794973 
511.871155 310.403229 0.923085 
511.979767 360.465149 0.819187 
511.954956 185.522736 0.929840 
522.257874 186.976028 0.923220 
508.935303 189.919098 0.659752 
532.464844 191.337814 0.850840 
18
514.872620 192.776276 0.909166 
520.685791 210.517960 0.830057 
498.594330 209.045990 0.867169 
470.726166 216.394531 0.817972 
476.659180 197.256775 0.762541 
539.862732 214.896805 0.834329 
564.814819 228.157516 0.853801 
556.006897 201.688187 0.842495 
500.075226 266.361053 0.857843 
495.740509 307.561462 0.795446 
503.071350 345.807617 0.822914 
525.155640 267.870697 0.776228 
511.887390 308.993958 0.916387 
513.350891 361.921265 0.799104 
511.884460 185.488831 0.945385 
522.187195 186.944504 0.900293 
507.498016 189.903488 0.522604 
531.014404 189.930130 0.806175 
18
514.824524 192.774506 0.909765 
520.714050 206.171692 0.900994 
498.711639 206.060165 0.947006 
472.183533 195.803589 0.900850 
486.888794 172.284576 0.900973 
538.394287 209.063934 0.838727 
567.747070 206.054916 0.946881 
551.603271 179.616180 0.949014 
500.126648 264.894989 0.903546 
497.151550 307.535126 0.785294 
503.077271 345.792114 0.812841 
525.150940 266.356293 0.819380 
511.902893 308.993134 0.896839 
513.342896 361.947388 0.793011 
511.849518 184.079010 0.952162 
522.178528 185.528397 0.889361 
503.114838 188.449295 0.442476 
532.442139 189.918762 0.794077 
18
511.948547 192.816208 0.971417 
520.721008 207.536102 0.900724 
500.174530 206.091019 0.832936 
478.053101 184.046753 0.915029 
486.845062 156.123825 0.940965 
536.887451 209.041763 0.867808 
560.468506 192.860397 0.927198 
555.995178 163.478195 0.898850 
500.208496 263.419098 0.853936 
497.157440 307.509003 0.786435 
503.084869 345.796753 0.789649 
526.595581 264.879730 0.824144 
511.912811 308.977417 0.882235 
511.973541 363.405457 0.808960 
510.413574 185.490051 0.943536 
520.717957 186.962585 0.877246 
500.140961 186.984070 0.235590 
531.009399 191.355225 0.878196 
18
511.918671 192.783249 0.956325 
519.237427 206.061005 0.877724 
500.134338 204.554001 0.832163 
482.488678 179.602097 0.899219 
485.372681 151.698914 0.840063 
535.460083 207.537277 0.886997 
558.909912 182.552216 0.945887 
551.582031 156.095978 0.869941 
501.610291 263.391724 0.837698 
497.163208 306.085175 0.772725 
503.086395 345.798645 0.799858 
526.634644 264.839294 0.818849 
511.922272 308.974823 0.870932 
513.345886 363.413208 0.786969 
510.424500 185.478973 0.946298 
520.702942 185.537628 0.872276 
500.223846 185.519272 0.255156 
528.097351 188.465591 0.857906 
18
511.924408 191.407303 0.954049 
520.725159 206.119415 0.912138 
500.187256 206.067947 0.804224 
476.620911 182.578949 0.965777 
486.855042 153.166092 0.932065 
536.878174 206.145233 0.895864 
558.951599 182.585999 0.991832 
547.260742 156.084641 0.958215 
501.617371 263.425049 0.835723 
497.171997 306.081604 0.778339 
503.080078 345.794495 0.822406 
526.621948 264.855530 0.830393 
511.908051 308.961670 0.866831 
513.347656 364.860107 0.787270 
510.364014 184.069778 0.936796 
520.706665 185.473984 0.884136 
500.187164 187.013428 0.231092 
530.975037 186.983246 0.841478 
18
511.910187 192.790070 0.967171 
519.240112 206.054062 0.898764 
500.094818 203.150696 0.844256 
479.534454 181.086182 0.910282 
483.925751 148.782516 0.898207 
535.470825 206.140839 0.927042 
557.467957 184.027588 0.948413 
547.269592 151.679657 0.899189 
501.599945 263.428711 0.842794 
497.168671 307.524109 0.774629 
503.102844 345.812775 0.793518 
528.061523 264.868439 0.825034 
511.936005 308.966461 0.871075 
513.345703 364.849152 0.808072 
510.391479 185.489349 0.933625 
520.698303 185.524445 0.882240 
501.574127 188.462173 0.218472 
529.518188 188.451294 0.842390 
18
511.926361 191.415390 0.951211 
517.780334 204.631943 0.888582 
498.687531 200.187286 0.763415 
479.581268 179.603394 0.904218 
476.693909 147.226212 0.913787 
535.442017 206.048920 0.930077 
556.031494 181.093277 0.991723 
547.261230 147.308136 0.962487 
501.641815 261.948914 0.803745 
497.163635 306.054565 0.778208 
503.112854 347.183563 0.783420 
528.101563 263.433228 0.811847 
511.910797 307.559875 0.857140 
513.348938 363.412598 0.811363 
510.421600 184.092072 0.943174 
520.706543 185.510315 0.882387 
501.599701 189.914093 0.250118 
528.066956 188.433289 0.830158 
18
511.917755 192.770874 0.954545 
519.222961 204.644333 0.888471 
498.706451 200.228409 0.777828 
478.053955 182.523773 0.950413 
476.660675 150.204300 0.937696 
535.463501 206.054016 0.918999 
557.485352 181.076736 1.027949 
547.210266 148.742859 0.963306 
501.589478 261.976532 0.828320 
497.188416 306.075317 0.780010 
503.102081 345.820007 0.790270 
526.646790 263.457336 0.821900 
511.924896 307.550354 0.852847 
511.990936 363.387909 0.813916 
510.386780 185.480972 0.928483 
520.706482 185.501144 0.890596 
501.597656 191.352280 0.229323 
528.101868 186.997040 0.849357 
18
511.930328 191.409500 0.949808 
516.302307 204.672333 0.899124 
498.655640 201.661194 0.827415 
478.060211 181.060226 0.940479 
476.645477 150.190964 0.944204 
535.400513 206.100281 0.923353 
557.426147 181.074127 1.005701 
547.279114 147.246979 0.960139 
500.185852 263.435852 0.856350 
497.168030 306.074097 0.782287 
503.085876 345.809509 0.794222 
525.195313 264.875977 0.829300 
511.966492 308.990570 0.863730 
511.976471 364.861206 0.821452 
510.406769 184.087051 0.944854 
520.717896 185.520599 0.888897 
501.607666 189.881226 0.373842 
526.620789 189.906174 0.884628 
18
511.945618 192.819778 0.970947 
516.296997 204.643341 0.897654 
498.654266 198.757080 0.785236 
482.465912 178.159653 0.907223 
473.663208 145.817886 0.905654 
535.370544 206.093170 0.901166 
555.968933 181.083389 0.969356 
547.238403 145.845612 0.934034 
501.582184 263.388580 0.840642 
497.178741 306.088623 0.787861 
503.067444 347.189362 0.803546 
526.586121 264.859619 0.828871 
511.938049 308.970795 0.866073 
511.986908 363.426666 0.819614 
510.430115 186.949356 0.949674 
520.724670 188.417618 0.899808 
501.624054 189.911972 0.368168 
526.619080 189.922134 0.869996 
18
511.968689 192.859207 0.967036 
516.320007 204.626480 0.893470 
498.639191 198.746414 0.790087 
482.479156 178.162979 0.903020 
475.052338 145.811035 0.898830 
535.428833 206.060165 0.916024 
556.037659 181.040665 0.980316 
547.272644 147.268738 0.956334 
500.171295 263.378967 0.849515 
497.182373 307.541931 0.798998 
503.079803 345.811127 0.793025 
525.173401 264.836945 0.835944 
511.945618 308.995056 0.861165 
511.992828 363.406097 0.824768 
510.440338 188.425995 0.936275 
520.732849 188.468018 0.904694 
501.631622 191.338409 0.399766 
526.621826 189.924820 0.852451 
18
511.939148 192.860703 0.996722 
514.840454 206.037323 0.900214 
498.610779 203.135651 0.791018 
476.632324 182.527359 0.970693 
482.504791 148.803452 0.893632 
535.379395 206.141479 0.896319 
557.452576 179.640182 0.952072 
555.970886 147.263153 0.899609 
500.193085 263.398315 0.862339 
497.188171 306.076965 0.796182 
503.074646 347.182404 0.800247 
525.179626 264.834412 0.841325 
511.920990 308.950775 0.859805 
513.352356 361.964600 0.810245 
510.392914 188.422852 0.947728 
520.688965 188.463409 0.896906 
501.611084 189.923828 0.517844 
525.176270 191.352890 0.912721 
18
511.913361 192.843643 1.030729 
513.379089 206.039703 0.942696 
497.200989 203.142609 0.773659 
476.556915 181.145187 0.934859 
488.441284 151.669235 0.933668 
533.969604 206.152710 0.903689 
557.424988 179.625870 0.931095 
559.016052 145.805862 0.939575 
500.156677 263.449585 0.876436 
497.219482 307.548492 0.797578 
503.079987 347.194489 0.794562 
525.137695 264.882904 0.853292 
511.964600 308.978638 0.854439 
511.990387 361.954742 0.815221 
510.374878 186.982529 0.953318 
520.662231 188.443344 0.890028 
500.216980 188.440475 0.624209 
525.122314 191.366592 0.912206 
18
511.913971 192.852493 1.022772 
511.976837 204.609970 0.955395 
495.745911 198.753632 0.761802 
476.685211 181.082382 0.905471 
489.860535 151.664185 0.911498 
533.945984 206.102859 0.902648 
556.008545 181.116821 0.924174 
566.287781 148.755127 0.889624 
500.161865 263.428986 0.867084 
498.597382 308.971924 0.801342 
503.096924 347.202454 0.784737 
525.154724 264.845490 0.851196 
511.953308 308.962433 0.846881 
511.983063 363.386566 0.815916 
510.381134 186.989777 0.942475 
519.272034 188.435730 0.876584 
500.205444 186.969971 0.665069 
523.743774 189.920578 0.868140 
18
511.916595 192.862427 1.017840 
513.406982 204.616119 0.931548 
497.183441 197.275101 0.735104 
482.513306 181.020309 0.855746 
489.827423 147.257660 0.920874 
533.994934 206.117233 0.921165 
557.536560 182.595123 0.945268 
558.929199 150.218979 0.912189 
500.179291 263.370728 0.861315 
497.213715 307.531403 0.794777 
503.064117 345.818207 0.774817 
525.175293 263.479340 0.851205 
511.968567 308.967072 0.844177 
511.957520 361.953186 0.827764 
510.393127 187.002319 0.949297 
519.278564 188.451462 0.871023 
501.588440 186.971924 0.565048 
525.143921 189.916824 0.898007 
18
511.968994 192.865570 0.977205 
514.875488 206.079071 0.916213 
498.683411 204.618301 0.764071 
485.431213 179.621307 0.871674 
485.426178 144.358093 0.829466 
535.391846 207.572357 0.920662 
558.886963 182.558182 0.994618 
551.625183 148.797119 0.849059 
500.168793 263.404785 0.867204 
498.583557 307.553009 0.814468 
503.084167 347.201538 0.797388 
525.160156 264.842987 0.855043 
511.955383 308.984436 0.858009 
511.963806 361.958191 0.828696 
510.437744 187.000992 0.962229 
520.709717 188.465469 0.888200 
501.659790 188.435974 0.469514 
525.187500 189.911850 0.905355 
18
511.953979 192.916138 0.962624 
517.798706 204.665451 0.897671 
500.104614 203.135117 0.772582 
482.518311 181.092987 0.899140 
483.943970 147.304413 0.882533 
535.454407 206.085373 0.924094 
557.543030 181.124146 0.977208 
550.119995 153.137711 0.857991 
500.188782 263.358185 0.857160 
498.585358 307.525574 0.797640 
503.068970 347.202667 0.801159 
525.195251 263.466492 0.845402 
511.949341 308.969299 0.854454 
511.978729 361.951080 0.817836 
510.411987 189.895966 0.960877 
520.687805 189.905106 0.886639 
501.629852 188.461517 0.354121 
526.640259 188.419601 0.874033 
18
511.918304 194.266403 0.994547 
517.779175 206.083313 0.903496 
498.717865 204.600098 0.796678 
478.139099 182.576752 0.903489 
486.855530 153.136795 0.916740 
535.440613 207.534622 0.914126 
556.008667 181.130264 0.961152 
550.125061 148.762985 0.907536 
500.199829 263.437836 0.865968 
498.583801 307.553223 0.800269 
503.069031 345.814301 0.805629 
525.193665 264.878052 0.841546 
511.951416 308.984222 0.860550 
511.982330 361.944824 0.828787 
510.367706 189.898132 0.950632 
520.688416 189.931168 0.913927 
500.198853 188.475555 0.303814 
528.067993 189.908722 0.880338 
18
511.892395 194.253510 1.017976 
516.286682 206.047882 0.899913 
498.649475 203.159042 0.802741 
478.136841 181.121033 0.908589 
486.946808 150.255081 0.935215 
535.409485 206.148483 0.911501 
554.536316 181.082092 0.943021 
554.535461 147.257813 0.922211 
500.181213 263.459473 0.866143 
498.606140 308.975220 0.828300 
503.066406 347.197510 0.808439 
525.177490 264.895691 0.842458 
511.954773 309.017578 0.863857 
513.339661 361.917725 0.819157 
510.362762 189.889847 0.946919 
520.668030 191.340775 0.914898 
500.169861 186.976563 0.382449 
525.167053 191.395523 0.886044 
