30
1
18
503.109314 157.493515 0.908145 
501.616852 184.079926 0.903165 
476.692444 184.061737 0.907213 
473.677216 228.164490 0.909541 
464.926239 260.473541 0.869111 
526.583557 185.504822 0.842186 
533.969604 228.077682 0.926269 
535.500916 260.453278 0.851155 
488.373901 253.179016 0.849346 
498.586487 300.211548 0.880252 
500.227295 342.818420 0.860014 
519.265930 253.109604 0.803325 
522.134827 300.146729 0.902423 
526.614624 341.349976 0.805432 
498.728516 148.767914 0.937353 
510.440826 148.788620 0.930292 
489.885010 153.171387 0.791573 
517.785339 154.622192 0.738560 
18
503.102631 157.502426 0.916402 
501.617432 184.094360 0.900421 
476.691711 184.056076 0.917058 
475.082092 228.115738 0.921577 
466.374420 259.029724 0.833784 
526.578857 185.540070 0.841174 
533.922241 228.077835 0.928186 
535.445679 261.909576 0.878533 
488.392700 253.182510 0.855601 
498.609253 300.200623 0.884479 
500.206940 342.829742 0.862282 
520.671692 253.137756 0.819096 
522.123230 300.185577 0.895254 
526.590698 341.365601 0.814498 
498.723999 148.774506 0.938356 
510.441254 148.794647 0.929135 
489.886475 153.167862 0.792576 
519.211426 154.629349 0.755634 
18
503.097321 157.502274 0.916549 
501.621765 184.089127 0.898494 
476.683807 184.060654 0.914791 
475.097961 228.154922 0.901615 
469.248230 261.949432 0.832166 
526.602295 185.526978 0.839239 
533.910706 226.664398 0.920345 
533.921326 260.491089 0.862462 
488.394226 254.615540 0.847099 
498.616913 301.637421 0.873714 
500.204376 344.245148 0.873601 
519.238220 254.578476 0.801697 
522.113159 301.631836 0.857149 
526.608032 342.804077 0.816000 
498.720184 148.768555 0.940632 
510.441193 148.794281 0.928331 
489.877167 153.149796 0.790842 
519.210754 154.629440 0.754175 
18
503.117126 157.498459 0.909561 
501.617004 184.094254 0.892233 
476.685059 184.063904 0.907001 
475.102692 228.135361 0.917431 
472.213257 261.963867 0.841883 
526.591187 185.528717 0.837698 
533.939087 228.058975 0.929392 
532.456421 261.910339 0.848864 
488.391602 254.638641 0.844131 
498.608612 303.102753 0.857556 
500.226715 344.248108 0.862582 
519.223999 254.594696 0.799350 
522.112122 301.708160 0.844918 
526.616333 342.817322 0.817547 
498.735229 148.769623 0.939997 
510.444641 148.789658 0.931007 
489.895142 153.156265 0.791589 
517.786438 154.603577 0.730547 
18
503.110260 157.507202 0.914749 
501.626617 184.090637 0.893820 
476.696960 184.065826 0.899836 
475.114624 228.154892 0.927727 
473.700256 261.949249 0.858515 
526.597534 185.517426 0.832055 
533.938110 226.690872 0.921736 
529.546265 261.931274 0.846784 
488.395111 254.656830 0.840268 
498.613495 303.108154 0.863038 
500.227325 344.267761 0.864836 
517.771423 254.629913 0.777276 
522.128479 303.126404 0.834493 
526.614319 342.808685 0.818110 
498.729401 148.779892 0.934106 
510.440399 148.798141 0.926490 
489.893402 153.157623 0.788013 
517.789551 154.605591 0.733995 
18
503.106842 157.525009 0.921965 
501.639282 185.477524 0.890272 
478.054810 184.053574 0.904735 
475.084839 228.167542 0.919155 
475.121979 261.950073 0.881658 
526.624756 185.536591 0.826358 
533.892273 228.088715 0.911459 
526.595337 263.347137 0.866882 
488.368561 256.098785 0.837458 
498.599060 304.575226 0.852734 
501.582428 344.265472 0.856731 
516.336731 256.054413 0.773544 
522.112732 303.123077 0.838947 
526.601624 342.795227 0.822392 
498.724274 148.806442 0.925302 
510.437561 150.193542 0.923375 
489.895142 153.176773 0.792367 
517.808167 154.611618 0.756008 
18
503.093048 157.550034 0.931159 
501.665863 184.095428 0.887471 
478.074707 184.058075 0.899971 
475.099670 228.156982 0.914531 
475.169342 261.951050 0.889869 
528.064819 185.535278 0.825799 
533.894653 228.079681 0.912317 
525.193237 263.340576 0.862203 
488.376343 256.108551 0.830955 
498.617401 304.594360 0.857044 
501.586029 344.242096 0.855991 
517.778015 256.067047 0.772702 
522.104309 303.124023 0.849708 
526.610046 342.828674 0.831769 
498.712646 150.225601 0.912544 
510.425568 150.214203 0.918193 
489.898041 154.606903 0.773427 
519.212646 154.604034 0.767203 
18
503.057526 157.570953 0.944919 
503.082642 184.052170 0.892415 
478.110077 184.039764 0.894467 
475.074554 228.176041 0.897834 
476.678925 261.957001 0.886129 
528.076599 184.059418 0.833379 
533.942810 226.642059 0.909462 
528.102966 261.926697 0.822983 
488.435638 257.521637 0.800328 
498.603149 303.145691 0.840193 
500.226471 344.233490 0.846043 
519.257263 256.053894 0.774379 
522.110535 303.115967 0.835651 
526.609192 342.819092 0.822916 
498.685638 151.665482 0.900777 
510.398193 150.227097 0.902956 
489.892761 154.617508 0.749540 
517.794128 153.162079 0.760973 
18
501.664459 159.003128 0.951522 
503.102448 184.072220 0.885907 
478.115814 184.083420 0.883243 
473.617706 228.159225 0.884922 
483.930176 261.899597 0.822636 
528.082031 184.053146 0.835725 
533.959229 226.637329 0.921634 
532.439453 261.902985 0.838590 
488.426300 256.101105 0.775816 
498.628052 304.571869 0.831134 
501.588806 344.233429 0.845222 
520.681335 256.060638 0.789027 
522.106018 303.121033 0.830319 
526.591675 342.813110 0.823617 
498.653473 154.632050 0.909729 
510.386780 153.163834 0.902283 
489.845184 156.056992 0.751096 
519.213928 153.163712 0.777051 
18
501.596344 159.074753 0.966291 
504.562592 184.027802 0.878886 
480.999023 182.615921 0.887255 
466.295013 217.911682 0.905020 
483.952332 248.704575 0.828222 
528.083374 184.067520 0.831426 
533.978149 226.664566 0.921572 
533.860596 261.932220 0.870925 
488.444580 254.587265 0.787032 
498.631500 300.255676 0.876328 
500.227203 344.238434 0.860446 
520.664795 254.646378 0.794811 
520.702942 301.673065 0.826748 
526.583069 342.824615 0.827556 
498.602661 156.094421 0.934947 
508.959229 156.049561 0.907688 
489.818176 156.092972 0.587945 
517.787048 154.610306 0.803668 
18
500.197327 159.111130 0.965065 
504.543213 182.637115 0.877994 
479.574341 182.559280 0.911875 
463.362427 217.821838 0.928597 
485.414612 238.382263 0.826349 
528.078979 184.060516 0.832671 
533.975525 226.634933 0.921697 
533.947937 260.491516 0.883942 
488.349304 253.120758 0.866142 
498.602417 300.204285 0.885117 
500.213898 344.245941 0.871356 
517.777954 253.186829 0.793030 
520.749023 300.260925 0.866165 
526.592896 342.812714 0.827714 
497.202271 157.483322 0.937437 
508.910583 156.098083 0.907320 
488.437561 156.086594 0.473203 
517.752136 154.636551 0.801168 
18
500.194122 159.108963 0.966278 
503.092834 182.626526 0.896043 
478.134979 182.551605 0.930846 
461.863739 214.922607 0.879667 
486.935425 226.611481 0.884324 
528.061462 184.068970 0.831924 
533.968872 226.603073 0.920563 
533.989929 259.024933 0.866834 
488.349213 253.165390 0.835828 
498.616821 300.184906 0.881843 
501.587128 342.830139 0.853799 
517.804382 253.173157 0.795827 
522.126343 301.625000 0.868156 
526.599487 342.821991 0.823594 
497.187714 157.486176 0.929989 
507.512909 156.094055 0.899437 
488.436493 156.125931 0.516964 
516.305725 154.617157 0.797014 
18
500.210266 159.078873 0.982759 
503.071442 182.613770 0.908801 
478.115997 182.540070 0.943073 
457.495880 207.527237 0.884797 
486.953308 214.863037 0.844624 
528.048401 184.077850 0.832570 
533.977966 225.196625 0.922058 
533.994324 259.037689 0.882362 
488.367706 253.198166 0.836853 
498.602234 300.197144 0.877858 
500.222137 342.823883 0.856728 
519.241028 253.188110 0.804946 
522.123474 300.242401 0.878721 
526.604797 342.822571 0.826140 
497.204468 156.109940 0.923576 
508.912048 156.069855 0.899160 
488.430084 156.108063 0.633946 
516.290466 154.614182 0.790188 
18
500.183380 159.050659 1.002866 
503.074646 182.557510 0.916662 
479.530396 181.132706 0.934502 
457.519043 204.639297 0.871480 
486.920868 204.644318 0.874680 
526.618591 184.032440 0.849768 
533.983032 225.216934 0.899421 
533.990112 259.020508 0.872604 
488.388031 253.135300 0.844010 
498.608795 300.162354 0.880852 
500.227417 342.833435 0.849774 
519.236450 253.125458 0.799244 
522.121216 300.224548 0.872901 
526.602600 342.832733 0.828387 
497.177277 156.076553 0.917566 
508.897217 156.042160 0.893372 
488.418121 156.089172 0.547392 
514.877747 154.607513 0.777193 
18
500.217438 159.023621 0.987781 
504.526154 182.578018 0.895512 
479.564850 181.133163 0.911639 
456.015778 201.681335 0.823974 
485.401337 200.196304 0.781637 
528.056213 184.050949 0.832170 
533.977234 225.218826 0.897593 
533.981995 259.025696 0.874853 
488.413025 253.174179 0.827626 
498.622101 300.191162 0.879208 
501.583862 344.254791 0.849100 
519.274292 253.161575 0.796658 
522.127319 300.246857 0.865687 
526.621765 344.232147 0.828107 
497.199677 156.053070 0.910608 
508.925018 154.621918 0.881948 
488.431854 156.091095 0.667640 
514.875244 153.155914 0.776294 
18
500.208466 158.998413 0.996050 
503.111298 182.551666 0.906996 
478.137787 181.079636 0.903548 
454.582855 197.272827 0.819853 
488.335938 194.406311 0.839802 
528.077209 184.022278 0.845911 
533.990845 225.183334 0.896015 
533.994202 259.028076 0.874443 
488.422668 253.184418 0.817775 
498.619202 300.202759 0.874519 
500.226563 344.239563 0.851768 
520.690857 253.175308 0.801462 
522.138123 300.251587 0.870699 
526.621460 344.231873 0.830892 
497.198181 154.638000 0.903627 
508.915771 154.589493 0.872130 
488.439758 156.070160 0.600281 
514.862915 153.177307 0.768973 
18
500.207642 157.630859 0.995633 
503.113495 182.531708 0.905367 
478.134125 181.061539 0.908067 
453.071381 195.768814 0.880559 
486.949280 195.771362 0.838927 
528.069519 182.642944 0.847010 
533.994751 225.166077 0.894995 
534.015137 259.018280 0.878024 
488.431732 253.185928 0.813245 
498.610291 300.200195 0.867320 
500.219360 342.838470 0.853647 
520.697754 253.168671 0.798915 
522.131836 300.258942 0.867885 
526.612793 342.823486 0.821667 
497.201385 153.173325 0.894699 
508.920685 151.714554 0.864106 
488.434082 154.627121 0.608762 
514.861267 153.128235 0.772886 
18
500.208679 157.614288 0.988838 
504.530914 182.517532 0.905220 
479.543518 181.042877 0.900743 
453.065399 194.347412 0.892319 
486.886444 194.308426 0.838173 
528.065002 182.628723 0.848390 
534.001465 223.741806 0.889663 
533.999817 259.000641 0.878644 
488.446686 253.175797 0.815615 
498.600281 300.200287 0.866326 
500.209656 344.233826 0.857314 
520.701111 253.159027 0.802108 
522.137878 300.256409 0.866725 
526.604004 342.819458 0.822916 
497.206512 153.150482 0.892579 
508.921753 151.690369 0.865168 
488.437927 154.638718 0.582365 
514.874084 151.712799 0.767645 
18
500.194275 157.622299 0.997159 
504.563477 182.525269 0.898350 
479.579376 181.022446 0.866249 
453.123047 194.276291 0.909336 
485.440063 192.914001 0.837117 
528.090210 184.016220 0.835939 
533.997131 225.167236 0.899366 
533.968384 259.004303 0.875013 
488.434967 253.183212 0.820895 
498.602783 300.182312 0.877682 
500.215149 342.824280 0.853817 
520.677979 253.179886 0.799466 
522.145020 300.235382 0.866364 
526.602478 342.811096 0.829624 
497.204926 153.154938 0.897358 
508.921448 151.707626 0.871285 
488.445374 154.646027 0.454489 
517.756958 153.144272 0.772717 
18
500.194366 157.617630 0.997789 
504.555847 182.537781 0.896533 
479.585083 181.035019 0.862545 
453.106110 192.892639 0.925571 
483.971436 192.853394 0.832384 
528.071899 184.035339 0.832065 
533.990356 223.753769 0.897795 
533.950562 258.981323 0.879835 
488.412018 253.184921 0.830664 
498.586304 300.208923 0.871415 
500.224792 342.836609 0.855930 
519.265869 253.184692 0.794958 
522.137756 301.625824 0.864960 
526.610107 342.819427 0.825182 
497.219971 153.148514 0.899434 
508.922485 153.126205 0.873479 
488.465149 154.641174 0.439450 
517.753052 153.169876 0.768127 
18
500.195709 157.610306 0.996706 
504.561859 182.540466 0.899844 
479.587494 181.035904 0.846459 
453.112396 192.827789 0.923420 
482.466064 192.781296 0.821923 
528.072754 184.034378 0.832617 
533.986267 223.752960 0.898037 
533.953735 259.004974 0.878770 
488.418671 253.184113 0.825471 
498.588043 300.222198 0.867994 
500.221893 344.233459 0.856802 
519.265686 253.194336 0.792580 
522.137085 301.625610 0.863687 
526.621277 342.809357 0.822335 
498.588226 153.139130 0.899913 
508.928101 153.125214 0.877458 
489.821198 154.645157 0.413685 
517.764832 154.588394 0.770151 
18
500.205505 157.612152 0.994275 
504.562103 182.533310 0.903747 
479.589813 181.029358 0.837165 
453.130371 192.789658 0.912891 
482.497314 192.767624 0.823393 
528.072571 184.025528 0.837759 
533.986084 223.747437 0.894673 
533.960693 259.010040 0.879174 
488.412323 253.179886 0.827948 
498.591614 300.214233 0.868948 
500.213257 342.833710 0.860079 
519.255676 253.189911 0.789147 
522.140625 301.642212 0.866670 
526.622498 342.806305 0.820675 
498.595428 153.137436 0.901993 
508.941010 151.715271 0.879710 
489.830444 154.639221 0.423417 
517.781738 153.174225 0.765244 
18
500.202271 157.617722 0.996845 
504.570801 182.531921 0.904164 
481.005371 181.022354 0.837262 
453.117828 191.381546 0.909867 
482.473785 191.389008 0.811452 
528.081055 184.023849 0.836503 
533.984497 225.164124 0.896082 
533.945862 259.018646 0.882051 
488.408813 253.189590 0.833980 
498.585632 300.226105 0.872061 
500.217072 342.836609 0.861631 
519.248230 253.202194 0.788962 
522.138733 301.636475 0.869972 
526.619507 342.805359 0.826818 
498.590851 153.144958 0.903479 
508.942200 153.125595 0.882052 
488.475708 156.038895 0.406872 
517.798706 153.179596 0.766364 
18
500.192230 157.596268 0.996913 
505.998657 182.529144 0.903833 
481.033173 181.022873 0.837076 
453.115173 191.391129 0.909513 
481.036194 191.380966 0.808429 
528.090454 184.021088 0.836050 
533.987854 223.740021 0.896260 
533.951294 259.010620 0.880317 
488.419525 253.181061 0.833576 
498.594238 300.201019 0.880569 
500.218201 342.842896 0.860874 
519.261230 253.196564 0.792323 
522.126160 301.628540 0.867702 
526.621033 342.810913 0.825757 
498.587646 151.706177 0.901405 
508.926636 151.688095 0.878971 
488.474670 156.031906 0.376371 
517.788513 153.166412 0.773615 
18
500.207184 157.591080 0.991270 
506.027863 182.520844 0.907876 
481.030518 179.647690 0.838636 
453.104126 192.791275 0.927217 
481.009827 191.386551 0.825036 
529.552917 184.016983 0.838964 
533.996765 225.171494 0.900478 
533.953857 258.994080 0.884660 
488.423737 253.182800 0.825003 
498.624054 300.202332 0.883475 
500.229431 342.835052 0.853709 
519.279846 253.201538 0.792638 
522.157227 301.661255 0.873736 
526.602600 342.821747 0.830303 
498.594666 151.701508 0.902346 
508.938812 151.669220 0.880944 
489.819794 154.640427 0.416550 
517.781738 153.127411 0.765694 
18
500.205414 157.582550 0.987617 
506.006805 182.527298 0.906715 
481.005005 181.024536 0.852373 
453.092804 192.829269 0.924193 
481.023651 191.406342 0.826065 
529.541504 184.014252 0.839226 
533.998657 225.182266 0.899169 
533.953430 259.011078 0.882642 
488.424103 253.204956 0.820886 
498.622345 300.248718 0.873299 
501.580566 342.835754 0.853269 
520.666809 254.591721 0.790597 
522.158875 301.671265 0.868083 
526.600952 342.819946 0.828943 
498.586884 151.692688 0.898897 
508.929840 150.248627 0.876065 
489.821045 154.637909 0.440674 
517.763367 151.693100 0.769939 
18
500.195984 157.575974 0.990680 
506.021790 182.534058 0.902949 
481.031830 181.047989 0.855547 
453.106903 192.842102 0.925189 
483.932465 192.821625 0.848635 
529.543701 184.009277 0.838873 
534.016724 225.166306 0.892173 
533.960571 259.002075 0.886908 
488.452576 253.196671 0.815540 
498.624176 300.233368 0.877965 
501.580750 344.256714 0.859406 
520.701111 254.584198 0.792546 
522.180054 301.668060 0.871477 
526.613770 342.831787 0.832662 
497.222382 151.681168 0.899894 
508.924103 150.242111 0.877275 
488.474945 154.632416 0.413046 
517.754944 151.707291 0.756750 
18
500.197144 157.568771 0.986969 
506.000305 182.530396 0.904484 
479.589813 181.041733 0.870842 
453.044952 192.878693 0.925113 
483.950043 192.828506 0.854210 
529.538879 184.005295 0.841856 
535.365845 225.170883 0.884187 
533.973267 259.019806 0.884216 
489.823303 254.580612 0.810995 
498.617035 300.220215 0.876560 
500.225067 344.239166 0.855618 
520.713074 254.584946 0.799238 
522.179932 301.656128 0.869433 
526.607849 342.811951 0.827621 
497.224335 151.667099 0.901377 
508.926147 150.236588 0.880103 
488.473419 154.614090 0.432278 
516.331177 153.127319 0.759415 
18
500.202118 157.538574 0.977295 
504.553955 182.522278 0.903658 
479.545776 181.046082 0.895957 
451.654114 194.303070 0.923048 
482.495483 192.922684 0.853877 
529.528564 182.631134 0.852867 
535.359131 225.168091 0.886930 
533.982422 259.008209 0.879922 
489.837006 253.203918 0.810998 
498.628296 300.224060 0.872856 
500.228271 344.240601 0.849409 
520.749207 253.184174 0.809736 
522.193054 301.647034 0.878557 
526.621582 342.823456 0.827519 
498.584015 150.229309 0.905541 
508.916321 150.196945 0.879518 
489.816620 153.177872 0.466926 
516.288391 151.683426 0.764463 
18
501.595306 157.501343 0.951505 
505.989258 182.535522 0.905605 
481.008362 181.059845 0.912125 
453.111664 195.818970 0.894534 
483.946350 200.179703 0.776020 
529.550659 184.003098 0.839230 
535.363464 226.621643 0.902395 
534.002136 260.453705 0.895983 
489.825958 254.591370 0.809678 
498.635529 300.231415 0.872876 
500.218750 344.240204 0.856387 
520.736145 254.582153 0.807013 
522.178711 301.675323 0.875521 
526.619751 342.830750 0.827168 
498.623108 148.802246 0.922161 
508.967407 148.773865 0.903430 
489.872650 153.156631 0.520159 
517.754700 150.252136 0.778810 
18
501.609924 156.112915 0.942538 
504.543457 182.569443 0.899321 
479.559753 181.131653 0.915106 
458.960846 206.050766 0.889947 
485.420471 209.011658 0.817653 
529.535400 184.034515 0.833928 
535.369446 226.628281 0.911726 
534.009033 260.453247 0.887927 
488.438141 253.188873 0.829034 
498.626556 300.199738 0.886649 
500.221222 344.237000 0.855954 
520.722351 253.192917 0.823392 
522.166687 301.631531 0.884020 
526.622009 342.830322 0.833967 
498.646606 148.750015 0.938485 
510.353790 148.737732 0.924260 
489.896088 153.135590 0.533470 
519.212402 151.661057 0.796430 
