29
1
18
651.528564 123.748543 0.942847 
614.782043 158.992767 0.899359 
620.699768 166.359848 0.823825 
622.176575 217.867828 0.881957 
631.029602 261.934845 0.858057 
604.486206 154.641846 0.807684 
628.100952 170.814270 0.114514 
0.000000 0.000000 0.000000 
608.944580 248.707886 0.726256 
606.034607 306.041748 0.825323 
600.094604 358.994904 0.857790 
594.229309 242.822418 0.722463 
592.827637 297.206299 0.834771 
589.818115 344.260071 0.704142 
645.699646 120.779137 0.879475 
0.000000 0.000000 0.000000 
629.601868 123.754539 0.919985 
0.000000 0.000000 0.000000 
18
651.562195 123.728317 0.937475 
614.806458 158.985428 0.908018 
623.620483 166.371674 0.796635 
623.637268 217.873062 0.868836 
629.572693 263.346405 0.894529 
604.461731 154.610367 0.799788 
0.000000 0.000000 0.000000 
0.000000 0.000000 0.000000 
608.925476 248.706024 0.727644 
606.035950 301.688904 0.840998 
598.650146 358.956421 0.862313 
594.177185 241.416000 0.735729 
592.797546 295.781952 0.821797 
588.367676 342.793091 0.696801 
647.187622 119.367996 0.872567 
0.000000 0.000000 0.000000 
631.033264 123.748314 0.908749 
0.000000 0.000000 0.000000 
18
651.583740 123.745659 0.940700 
614.824951 158.989456 0.914895 
625.084412 166.356522 0.802810 
623.631897 217.895615 0.867989 
629.564087 263.404755 0.901161 
604.473694 154.621841 0.806747 
0.000000 0.000000 0.000000 
0.000000 0.000000 0.000000 
607.509705 248.690155 0.724343 
606.009155 303.143829 0.819684 
598.627441 358.976318 0.864529 
592.794495 241.385910 0.755310 
592.757446 295.736359 0.830857 
586.889954 339.878723 0.720336 
648.624084 120.753189 0.888190 
0.000000 0.000000 0.000000 
632.457031 123.747635 0.901944 
0.000000 0.000000 0.000000 
18
651.620544 123.762436 0.948063 
616.214294 159.005493 0.925550 
626.536316 166.390625 0.818455 
625.120483 217.895996 0.879138 
629.548035 263.432312 0.903082 
604.480408 154.626373 0.812398 
619.262634 179.557266 0.064765 
0.000000 0.000000 0.000000 
607.507507 247.262207 0.722822 
606.012573 303.107147 0.820732 
598.638977 358.963562 0.865711 
592.784424 241.370926 0.763748 
592.730774 295.737549 0.830664 
585.447876 341.347748 0.731041 
650.045898 120.770836 0.903047 
0.000000 0.000000 0.000000 
632.494019 123.765663 0.893291 
0.000000 0.000000 0.000000 
18
651.628784 123.774368 0.949261 
616.250000 159.008545 0.937703 
626.576538 167.803314 0.833519 
626.534607 217.904175 0.884359 
629.589172 263.433289 0.903915 
604.512756 154.613419 0.814828 
619.226868 179.595047 0.063040 
0.000000 0.000000 0.000000 
608.916809 247.258301 0.723483 
605.987000 303.138123 0.825705 
598.630554 358.954498 0.864889 
592.803284 241.367340 0.760814 
592.726379 297.195618 0.837413 
586.888245 341.365295 0.711386 
650.055969 120.786278 0.910354 
0.000000 0.000000 0.000000 
633.929810 123.776436 0.888030 
0.000000 0.000000 0.000000 
18
651.636902 123.793282 0.944241 
616.254639 159.024643 0.932622 
626.594849 167.814941 0.838339 
626.545227 219.300308 0.880071 
631.021606 263.453369 0.876378 
604.512695 154.633133 0.816189 
617.794495 181.005768 0.064723 
0.000000 0.000000 0.000000 
608.966370 248.700195 0.719129 
605.996704 304.576172 0.828003 
598.638916 358.949310 0.850467 
594.192932 241.389435 0.748744 
592.755432 297.221008 0.835819 
588.364807 342.841797 0.707583 
650.075378 120.801071 0.918989 
0.000000 0.000000 0.000000 
635.410461 123.772896 0.888817 
0.000000 0.000000 0.000000 
18
652.998779 123.798668 0.937320 
616.270081 158.999100 0.942218 
627.980835 167.817383 0.841881 
625.093140 219.315659 0.863705 
633.913452 263.383209 0.860718 
604.509094 154.602158 0.816826 
619.252747 179.592484 0.079688 
0.000000 0.000000 0.000000 
610.400757 250.145462 0.709452 
606.008118 304.587952 0.805123 
598.627991 358.960449 0.856556 
594.204712 241.429672 0.733779 
592.767212 295.759155 0.826101 
588.339294 342.813263 0.702578 
650.109131 120.811066 0.914642 
0.000000 0.000000 0.000000 
636.875977 123.772446 0.898084 
0.000000 0.000000 0.000000 
18
653.079651 123.758392 0.920312 
617.720642 157.602219 0.942702 
628.042053 167.812134 0.855049 
625.085999 217.931625 0.861987 
636.859680 261.942230 0.868350 
605.977112 151.700241 0.794448 
617.830261 179.617355 0.062599 
0.000000 0.000000 0.000000 
613.316162 248.733780 0.711368 
606.010498 306.073151 0.799660 
597.212769 358.961823 0.872776 
594.228088 241.403732 0.743030 
592.736633 295.780487 0.834466 
585.437256 341.357422 0.709909 
651.542786 120.773857 0.905830 
0.000000 0.000000 0.000000 
639.755493 123.746552 0.920286 
0.000000 0.000000 0.000000 
18
658.923035 123.703346 0.881050 
619.224121 157.586853 0.899517 
629.524353 164.945465 0.856671 
626.566833 217.885300 0.907335 
633.960205 261.914948 0.845994 
607.484192 151.673996 0.780856 
0.000000 0.000000 0.000000 
0.000000 0.000000 0.000000 
611.867554 248.700378 0.715949 
605.996826 306.070404 0.815926 
597.164612 358.982513 0.882387 
594.235840 241.369781 0.749949 
591.317810 297.188538 0.823049 
585.400391 341.361267 0.717343 
653.099609 117.892883 0.875949 
0.000000 0.000000 0.000000 
641.236450 123.697914 0.948156 
0.000000 0.000000 0.000000 
18
663.256653 122.320541 0.901412 
623.640808 157.618378 0.905847 
636.888000 163.456573 0.791647 
626.564392 216.381790 0.883802 
629.498657 260.466003 0.876670 
607.497498 154.605057 0.833461 
594.262451 197.246414 0.286816 
594.241516 229.664368 0.075283 
608.962402 248.697739 0.735566 
605.990356 304.587189 0.828706 
597.175171 358.965729 0.881625 
592.788757 241.369080 0.774946 
591.287292 298.661987 0.839195 
585.426575 342.822479 0.718708 
657.455444 116.427368 0.842902 
0.000000 0.000000 0.000000 
642.805054 122.345650 0.907293 
0.000000 0.000000 0.000000 
18
664.777954 123.757034 0.870701 
628.064514 157.548965 0.950093 
641.255188 160.503220 0.889905 
626.559692 209.005432 0.870565 
619.261597 256.079437 0.857864 
614.800903 151.683426 0.799378 
592.788818 194.370392 0.317342 
591.298706 229.674179 0.188301 
608.942200 248.700027 0.695551 
606.010132 304.603027 0.845245 
597.167725 357.579163 0.859810 
592.789734 241.353027 0.767100 
592.801025 298.758087 0.858021 
591.262390 345.778748 0.693533 
663.251404 120.778664 0.866003 
0.000000 0.000000 0.000000 
651.529846 123.771187 0.943455 
0.000000 0.000000 0.000000 
18
670.702759 126.700325 0.686887 
631.021423 157.625351 0.933785 
647.185242 161.971222 0.813591 
620.683594 206.129547 0.929390 
606.063354 256.051086 0.859695 
617.740295 153.148972 0.826532 
591.274841 176.655518 0.790592 
572.183716 206.109879 0.814395 
617.739258 251.617371 0.746666 
614.758484 304.576202 0.816361 
598.653381 358.949524 0.836678 
594.256226 244.317505 0.686338 
597.206177 298.765228 0.848520 
592.722290 347.233337 0.745845 
666.286133 122.336899 0.819119 
0.000000 0.000000 0.000000 
654.552979 128.155472 0.897022 
0.000000 0.000000 0.000000 
18
675.008240 135.463867 0.744413 
635.420349 164.894409 0.872350 
651.577454 169.310791 0.919677 
620.703003 210.497849 0.825127 
601.602112 253.132935 0.845992 
619.204895 159.030640 0.852191 
588.374390 178.143280 0.797624 
569.264038 207.599609 0.836853 
616.332581 250.211807 0.793718 
625.092957 304.570770 0.870889 
600.089172 358.957520 0.871897 
592.761536 242.848450 0.717390 
605.978333 298.751068 0.885684 
589.841248 342.846558 0.750566 
670.677979 131.119385 0.755754 
0.000000 0.000000 0.000000 
660.390259 135.470490 0.932288 
0.000000 0.000000 0.000000 
18
673.638123 147.294022 0.659438 
636.897034 173.770081 0.886203 
651.585876 181.147110 0.915994 
625.098938 219.335846 0.836210 
597.186523 264.859192 0.841576 
619.263306 169.328583 0.864626 
589.791687 192.815155 0.833919 
569.216003 225.182007 0.823127 
616.326538 256.095917 0.783273 
631.019653 308.990723 0.919080 
602.998291 358.948578 0.918856 
592.752808 251.647720 0.727025 
616.291199 301.679413 0.785794 
594.209595 344.289703 0.748924 
670.677490 144.346573 0.704503 
0.000000 0.000000 0.000000 
660.416321 147.225647 0.951578 
0.000000 0.000000 0.000000 
18
673.571289 157.500534 0.778102 
635.372375 186.947144 0.861834 
648.631775 194.308212 0.864569 
625.125916 238.442566 0.813998 
608.914856 276.694092 0.801380 
619.259949 181.097107 0.854068 
595.678284 214.903458 0.599946 
594.223145 253.163864 0.162085 
616.270020 263.376343 0.772440 
639.775452 310.538788 0.942739 
604.472412 357.534485 0.915696 
592.763977 253.157425 0.778717 
617.799561 307.505157 0.737452 
594.199341 345.777191 0.764782 
666.331909 148.786011 0.797750 
0.000000 0.000000 0.000000 
654.581604 156.109161 0.876118 
0.000000 0.000000 0.000000 
18
664.877380 159.022003 0.764893 
631.037231 192.891541 0.906351 
642.768250 201.677597 0.827302 
629.593018 251.631485 0.865300 
628.063965 286.932251 0.815646 
619.227295 185.538589 0.782813 
611.827820 228.190948 0.077508 
0.000000 0.000000 0.000000 
610.420410 264.933136 0.752278 
642.792175 311.892395 0.886512 
604.476440 357.586975 0.827111 
594.216248 260.478729 0.716503 
629.548523 308.969910 0.617762 
594.197510 345.762177 0.788185 
663.357849 156.069931 0.825236 
0.000000 0.000000 0.000000 
653.018799 159.106323 0.935680 
0.000000 0.000000 0.000000 
18
664.775452 153.133575 0.764474 
629.556335 182.623611 0.936573 
641.294373 191.387009 0.905805 
642.747742 241.342514 0.825734 
663.294983 264.941620 0.722900 
617.778259 179.624298 0.842704 
604.518311 214.910980 0.108794 
0.000000 0.000000 0.000000 
617.731323 260.472961 0.787583 
641.239624 311.927307 0.939256 
604.488770 357.547058 0.908213 
597.209412 253.140625 0.735439 
625.085388 308.975891 0.692468 
594.211426 345.760529 0.804765 
663.288574 147.296432 0.886066 
0.000000 0.000000 0.000000 
651.551575 154.645248 0.917027 
0.000000 0.000000 0.000000 
18
663.344055 131.096207 0.727255 
629.571960 166.350967 0.874999 
641.327576 169.304443 0.896696 
648.646240 222.250946 0.818454 
676.607117 223.733414 0.646045 
617.798950 160.523911 0.809438 
604.522278 200.195740 0.316799 
0.000000 0.000000 0.000000 
626.579407 248.727966 0.746834 
633.923096 306.087250 0.848438 
603.069580 357.534973 0.902252 
605.958923 241.409515 0.769966 
617.707458 300.136749 0.808584 
594.263550 342.825226 0.777466 
661.806763 125.202156 0.772901 
0.000000 0.000000 0.000000 
650.070862 133.964096 0.896417 
0.000000 0.000000 0.000000 
18
663.349731 104.654953 0.435453 
632.478088 136.982681 0.859693 
644.232056 142.838638 0.797054 
651.526672 194.268372 0.937431 
679.543396 181.058701 0.825309 
619.259705 134.099014 0.807267 
608.940430 179.596497 0.208454 
0.000000 0.000000 0.000000 
629.557983 229.603958 0.749044 
625.114136 292.809479 0.806110 
613.357483 348.756531 0.766546 
613.322083 226.632004 0.690569 
611.872314 286.973633 0.740798 
606.056641 341.363953 0.545381 
663.256836 100.187248 0.606321 
0.000000 0.000000 0.000000 
652.989685 103.141693 0.886732 
0.000000 0.000000 0.000000 
18
664.729980 86.932083 0.402836 
635.391846 119.301476 0.851010 
651.623962 120.798927 0.921097 
653.100525 172.252716 0.903543 
675.090698 158.987900 0.808737 
617.742432 116.376862 0.826949 
632.450989 161.965973 0.150674 
0.000000 0.000000 0.000000 
631.020752 211.949188 0.717264 
625.090454 276.656799 0.812220 
617.740601 336.990723 0.806010 
613.351318 206.065704 0.689734 
616.345276 275.113892 0.794390 
607.449036 320.785858 0.659610 
663.295593 79.635078 0.495271 
0.000000 0.000000 0.000000 
653.063477 86.919914 0.890965 
629.599854 86.952682 0.089719 
18
666.283752 70.822319 0.535148 
638.321899 107.572853 0.869086 
653.073486 107.596878 0.904896 
656.029724 159.116913 0.891551 
676.641479 147.216522 0.927450 
617.772339 108.990593 0.823187 
635.399048 150.200394 0.197921 
0.000000 0.000000 0.000000 
630.989685 204.594162 0.768313 
628.009705 267.862854 0.820028 
616.352661 332.491791 0.836286 
611.893677 195.827072 0.674964 
617.792664 263.459351 0.794233 
606.059448 311.927246 0.747090 
664.797241 64.923965 0.712488 
0.000000 0.000000 0.000000 
654.501770 70.801949 0.860031 
0.000000 0.000000 0.000000 
18
669.204956 66.388199 0.627700 
638.322937 103.179245 0.850168 
654.495239 103.152374 0.872356 
653.126709 157.569839 0.945664 
678.055481 156.044724 0.776903 
616.349487 106.110367 0.842529 
611.867310 147.279160 0.376395 
663.352722 156.069260 0.188630 
632.497375 203.133652 0.737733 
628.075134 266.400543 0.861367 
616.268555 329.567200 0.835369 
613.332214 195.786591 0.707518 
617.827698 263.388153 0.808127 
606.074036 309.022156 0.723423 
666.263245 63.390381 0.795069 
0.000000 0.000000 0.000000 
654.528809 64.941940 0.921065 
0.000000 0.000000 0.000000 
18
667.775330 73.711685 0.415890 
638.354065 107.544411 0.863181 
654.511292 109.022934 0.883166 
651.588623 159.104919 0.939866 
686.865906 166.381485 0.767610 
617.778015 106.128975 0.818890 
603.016541 145.828827 0.811114 
619.291199 160.501099 0.066213 
632.498352 204.585999 0.715788 
628.082031 270.753906 0.839224 
616.289429 332.553528 0.875557 
613.362183 197.263214 0.693643 
617.814270 264.863495 0.807308 
608.922607 311.986328 0.661438 
666.273682 64.991241 0.581092 
0.000000 0.000000 0.000000 
655.966919 72.255821 0.885317 
635.404968 75.172218 0.076721 
18
666.340149 82.600845 0.325550 
635.429382 120.771454 0.863708 
653.043823 122.205498 0.919638 
641.356201 172.274246 0.874339 
669.228333 182.579376 0.849661 
616.343506 119.326164 0.813664 
594.249329 151.700195 0.860780 
606.010803 179.617676 0.711438 
633.917175 216.327515 0.737624 
628.101196 279.584503 0.854672 
617.700012 341.367035 0.786282 
614.772095 211.955612 0.686119 
619.206604 276.647461 0.816083 
614.801270 332.525970 0.595727 
664.867493 76.713142 0.520754 
0.000000 0.000000 0.000000 
654.567322 84.037315 0.862292 
631.040588 85.530586 0.083303 
18
0.000000 0.000000 0.000000 
629.574951 138.454376 0.905911 
650.091370 141.415970 0.827037 
639.793457 194.307495 0.907428 
663.373413 207.556076 0.857840 
614.803772 135.581100 0.822796 
594.237488 173.735611 0.819784 
598.649353 216.371475 0.589903 
632.445190 231.096191 0.718367 
629.458984 295.793610 0.862307 
608.943787 357.541870 0.846576 
614.764526 228.150803 0.712608 
617.798767 289.897858 0.775891 
604.578125 342.838593 0.541258 
0.000000 0.000000 0.000000 
0.000000 0.000000 0.000000 
656.021545 100.286179 0.847941 
628.066711 100.250084 0.199007 
18
663.286987 131.079987 0.171788 
629.470337 163.448273 0.917964 
642.758911 167.875580 0.878911 
631.062927 217.896667 0.897403 
654.567017 232.573517 0.855764 
614.813049 159.106293 0.828150 
594.274841 198.724945 0.765897 
589.816895 239.936584 0.817029 
629.520813 253.092438 0.810814 
630.979004 311.920837 0.911023 
603.055298 360.479340 0.888106 
607.489990 250.190414 0.722539 
616.310791 300.213226 0.808530 
594.287598 341.341736 0.776425 
663.255127 123.779915 0.312637 
0.000000 0.000000 0.000000 
653.047485 128.133957 0.922751 
628.112671 123.820663 0.148411 
18
663.285645 135.532852 0.619379 
629.477478 170.853683 0.976043 
641.294128 178.147980 0.882590 
631.045593 228.203674 0.889275 
653.056763 254.590576 0.906074 
616.266357 169.296234 0.869257 
601.610046 209.038269 0.737777 
592.697632 248.686264 0.795000 
629.474304 260.481323 0.766537 
639.760132 311.899689 0.929704 
604.533813 361.933685 0.857911 
606.054565 253.171280 0.723524 
619.214233 301.631592 0.840478 
594.264160 345.732635 0.861860 
660.390808 133.973511 0.702616 
0.000000 0.000000 0.000000 
651.534119 136.957138 0.936261 
0.000000 0.000000 0.000000 
18
663.282532 134.022964 0.629347 
628.098267 169.256256 0.948041 
641.300842 170.870758 0.907722 
638.305359 226.609924 0.862721 
651.634399 263.488800 0.882609 
616.224060 160.555893 0.815735 
601.580017 210.492508 0.171562 
0.000000 0.000000 0.000000 
626.567749 254.580734 0.739825 
632.447266 310.507446 0.867751 
604.508301 360.486237 0.903670 
605.972473 251.650406 0.780958 
616.296814 300.218750 0.847641 
594.210083 345.706665 0.820823 
661.813660 126.729958 0.686777 
0.000000 0.000000 0.000000 
651.532715 133.966217 0.955085 
0.000000 0.000000 0.000000 
18
663.253418 129.612457 0.552061 
626.596313 159.111725 0.909563 
641.270996 164.934387 0.893344 
641.228882 219.293961 0.914612 
648.627808 263.416931 0.819161 
607.509460 158.972137 0.855432 
595.731323 204.630249 0.575511 
604.513550 238.406219 0.217443 
623.645142 250.191330 0.704663 
628.067810 307.548645 0.881144 
604.514343 360.478668 0.883829 
604.465515 244.302139 0.728141 
607.506042 300.139893 0.850376 
594.203186 345.738525 0.817866 
661.814026 123.706421 0.699482 
0.000000 0.000000 0.000000 
651.532471 123.821686 0.956207 
0.000000 0.000000 0.000000 
18
661.889771 123.700798 0.774213 
626.572571 157.569229 0.936083 
641.300537 159.098969 0.914405 
641.299805 216.305786 0.912813 
651.497070 254.633865 0.863997 
606.076172 156.060440 0.847160 
598.635132 198.746536 0.469703 
603.034424 228.161606 0.112238 
619.268066 247.237076 0.744997 
620.718262 308.950684 0.792562 
604.471191 360.477783 0.883845 
601.547913 241.350800 0.727506 
604.597351 297.241150 0.847942 
594.194092 344.279877 0.779144 
660.367981 117.897453 0.780043 
0.000000 0.000000 0.000000 
650.061768 122.215675 0.915875 
0.000000 0.000000 0.000000 
