56
1
18
523.727234 158.974976 0.990578 
522.165222 189.883850 0.885579 
497.203522 189.885376 0.821924 
492.762146 229.615036 0.826170 
500.170502 261.951019 0.812766 
545.783081 189.934616 0.888149 
554.560669 228.196274 0.891074 
555.999817 263.358521 0.931514 
510.395416 261.917877 0.808633 
511.942749 308.976379 0.898299 
513.408081 347.249908 0.881358 
536.885681 260.498535 0.810687 
533.911804 307.554871 0.848944 
535.354309 351.645874 0.857700 
520.730164 153.130692 0.874884 
532.486816 154.612686 0.905667 
510.445282 156.038391 0.846325 
536.911133 157.530411 0.645349 
18
523.746460 158.980423 0.981607 
522.170898 189.901108 0.888504 
497.222076 189.915482 0.828740 
492.806030 229.626450 0.820680 
498.726807 263.353729 0.836400 
545.777161 191.325928 0.889576 
555.950684 228.174774 0.897219 
557.397217 261.979797 0.941241 
510.410553 259.037842 0.791631 
511.949280 307.550140 0.884392 
513.426941 347.242859 0.882390 
536.869080 259.001221 0.806410 
533.926880 307.526459 0.858007 
535.358643 351.623749 0.854256 
520.748901 153.141052 0.879396 
532.502991 154.611343 0.907405 
510.455658 156.039169 0.851916 
536.935242 157.514359 0.610563 
18
525.113464 158.999985 0.973970 
522.192261 189.892792 0.887373 
498.617920 189.882095 0.832869 
492.772644 229.625320 0.823138 
498.605652 263.435608 0.873864 
545.783203 191.330109 0.884466 
555.974915 228.175308 0.901117 
557.401062 261.984283 0.944458 
510.385559 260.464417 0.787905 
511.946167 308.948273 0.884693 
514.842224 347.221191 0.883965 
536.879639 259.005219 0.807780 
533.934814 307.501282 0.866511 
535.355103 351.628143 0.857686 
522.122253 153.170578 0.883807 
532.513184 154.635681 0.910846 
510.470764 156.058487 0.857644 
536.950745 157.531204 0.623816 
18
525.139771 159.000595 0.969225 
522.213501 189.872482 0.887282 
498.617310 189.893356 0.841091 
491.344635 229.624161 0.835998 
495.719360 263.396332 0.809282 
547.154724 189.890945 0.877901 
555.998901 228.176437 0.900782 
557.413818 261.984497 0.935888 
510.380035 258.994720 0.791720 
513.372925 307.514923 0.867343 
514.858887 347.245880 0.887211 
536.891174 257.534363 0.799680 
533.979675 306.077362 0.880076 
535.362610 350.202545 0.868775 
522.151978 153.171936 0.894988 
533.886719 154.647202 0.924893 
510.486481 156.048706 0.846267 
536.950378 157.550201 0.574288 
18
525.140381 159.027237 0.969856 
522.231018 188.431839 0.885459 
498.652039 188.427429 0.845861 
489.893158 229.618454 0.859569 
488.437653 263.344940 0.881349 
547.169495 189.879181 0.874615 
556.000000 228.094055 0.891015 
557.432678 260.454926 0.899268 
508.987518 257.560059 0.791128 
513.347839 306.073364 0.871428 
514.865234 347.242371 0.881472 
536.873352 257.524597 0.805962 
533.965637 306.049652 0.887144 
535.363525 351.619324 0.875975 
522.150513 154.605377 0.904327 
533.890686 156.054794 0.929135 
511.859161 156.067444 0.864409 
538.388367 157.551163 0.699123 
18
525.164185 159.053513 0.958128 
522.250366 188.418396 0.892879 
498.669647 188.421356 0.850437 
491.308472 229.582138 0.848739 
489.901947 261.940521 0.839948 
547.185547 188.449463 0.873127 
557.442078 226.630615 0.900413 
557.462524 254.605057 0.914118 
510.372223 256.104919 0.791674 
511.988068 306.072845 0.862335 
514.877747 347.221863 0.875200 
536.900879 256.056549 0.795945 
533.963440 304.608032 0.886468 
535.368408 350.204407 0.875227 
522.164917 154.637817 0.911741 
533.909302 156.079971 0.941648 
511.861969 156.079346 0.881401 
539.812622 157.550339 0.666500 
18
525.175171 159.043655 0.950866 
523.620483 188.442215 0.900067 
498.683167 188.429688 0.861192 
495.724579 229.622177 0.818224 
500.106659 263.404053 0.811244 
547.249390 188.456696 0.850897 
558.912231 226.615295 0.913121 
557.536560 253.080902 0.968691 
510.428680 259.021606 0.797673 
511.976837 308.948975 0.878098 
514.882629 347.197876 0.885650 
536.932373 258.990173 0.784844 
533.946350 307.520020 0.881397 
534.021606 353.093506 0.867006 
522.180786 154.632782 0.912305 
533.917786 156.076294 0.938145 
511.879761 156.089981 0.879958 
539.818298 157.563278 0.665705 
18
525.189087 159.040649 0.946526 
523.644592 188.439331 0.906093 
500.095673 189.889404 0.880646 
498.650452 231.120468 0.851505 
511.923676 263.427460 0.846596 
547.238892 186.977448 0.853099 
559.022156 220.775116 0.881665 
558.977478 250.193329 0.941126 
511.855927 261.946594 0.769546 
511.988495 308.957153 0.872652 
514.859192 347.212677 0.894811 
536.939209 261.924194 0.795307 
533.954346 308.994019 0.882556 
535.357849 353.129456 0.867525 
522.196533 154.640701 0.913457 
533.925842 156.076096 0.942622 
511.882935 156.094315 0.886501 
538.399475 157.554291 0.616119 
18
526.578918 159.041626 0.940127 
523.675171 186.978439 0.902633 
500.137207 188.445770 0.887870 
498.715302 229.664322 0.875536 
522.247131 261.895966 0.862930 
547.267883 185.517365 0.854815 
559.037476 217.835526 0.910977 
558.966187 245.807037 0.912558 
510.451477 257.535645 0.782741 
513.370544 306.075378 0.856387 
514.859314 347.202606 0.883447 
538.398987 256.089172 0.789395 
533.936523 306.081268 0.864452 
534.026367 353.094788 0.873360 
522.207703 154.646606 0.923733 
533.928162 156.082321 0.949939 
511.874512 156.096619 0.875496 
538.358154 157.556427 0.494422 
18
526.584778 159.049698 0.931148 
523.668396 184.087906 0.923901 
500.135986 188.428818 0.880070 
500.164917 229.665146 0.868015 
529.520142 257.522461 0.824130 
547.243530 182.631866 0.889827 
560.418823 216.289719 0.906982 
558.966736 241.315704 0.987204 
510.436523 254.635345 0.818788 
511.980438 306.057739 0.880495 
514.870728 347.219788 0.879074 
539.826416 254.611633 0.803750 
533.925781 306.054413 0.867916 
535.352905 353.082184 0.871095 
522.200378 156.039856 0.929617 
533.918518 156.088486 0.957022 
511.841583 156.100113 0.855571 
536.933167 157.533905 0.372856 
18
526.587830 159.055695 0.927838 
523.671143 184.032715 0.948740 
500.129150 186.989197 0.886113 
500.162415 229.618851 0.881409 
529.561646 254.630493 0.808005 
547.236511 182.574432 0.902501 
560.412170 214.848770 0.886308 
558.975708 239.839172 0.989306 
510.417236 254.636353 0.820400 
513.346680 306.054108 0.865179 
514.874023 347.234283 0.880302 
538.382202 254.639999 0.791083 
533.937195 306.065521 0.887066 
534.025696 353.096191 0.869144 
522.200745 156.048462 0.931155 
533.914246 156.089355 0.956140 
511.842560 156.100021 0.843925 
536.917603 157.512573 0.340919 
18
526.597778 159.041000 0.923478 
523.685669 182.643585 0.955738 
500.130188 186.956787 0.890712 
500.178925 229.575134 0.883949 
531.017578 253.164124 0.835527 
547.240051 182.535904 0.899862 
560.427124 213.420197 0.868510 
558.985107 238.431015 0.951807 
510.435974 254.607224 0.832669 
513.365906 304.622864 0.862999 
514.870911 347.211945 0.879362 
538.388428 254.600052 0.776452 
533.940857 306.045166 0.883447 
535.355469 353.085205 0.867663 
522.208618 156.043320 0.928030 
533.909851 156.074402 0.947972 
511.852753 156.103668 0.838663 
536.883179 157.497498 0.297755 
18
528.051270 159.039001 0.911776 
523.687500 184.024872 0.949936 
500.134247 186.980820 0.885024 
501.588226 229.556137 0.856448 
533.928223 253.134521 0.875460 
547.245300 182.558273 0.896150 
560.423767 213.404388 0.856323 
558.983398 238.414642 0.935424 
510.462280 256.094086 0.823214 
513.391479 306.044769 0.861538 
516.288391 347.248657 0.884453 
539.822998 254.637802 0.780419 
533.953491 304.596832 0.891978 
534.027466 353.119385 0.874238 
522.238647 156.037201 0.932329 
533.940125 156.065994 0.950363 
511.858673 156.101746 0.846736 
536.873840 157.496307 0.218606 
18
528.099060 159.026474 0.912979 
523.683960 184.056107 0.937188 
500.145966 188.468277 0.875391 
504.547211 229.643097 0.842558 
533.985901 251.690994 0.871659 
547.239075 182.565460 0.901087 
560.443359 211.961090 0.852775 
558.983765 238.394440 0.954716 
510.453949 256.062866 0.834041 
513.383667 304.612854 0.864095 
514.879822 347.242371 0.887997 
538.393860 254.629395 0.792713 
533.954773 304.600433 0.893039 
535.352478 353.096222 0.870849 
523.600525 154.628616 0.926481 
533.971924 156.049561 0.948858 
511.863312 156.074829 0.839726 
536.893860 157.474106 0.176459 
18
529.549133 159.000717 0.918135 
523.695190 184.023056 0.949266 
500.127686 188.415756 0.878387 
504.565002 229.554199 0.844825 
534.006165 251.688232 0.875266 
547.263428 182.549911 0.894939 
560.452271 213.396744 0.854329 
558.954529 238.402878 0.966172 
510.438904 256.098450 0.826353 
513.387817 304.615326 0.857307 
516.283691 347.224976 0.885598 
539.816284 254.646378 0.781783 
533.942810 304.578613 0.885449 
535.357727 351.661407 0.869701 
523.616516 154.597382 0.917997 
533.983032 154.629120 0.931704 
511.875366 156.086670 0.841641 
536.919250 156.112701 0.151170 
18
531.014099 158.984375 0.925256 
523.704529 184.013672 0.941761 
500.148682 188.421356 0.873389 
506.007446 229.611954 0.842218 
535.367188 253.107254 0.902130 
547.254944 182.543167 0.895772 
561.866577 211.986969 0.843707 
558.939148 238.404236 0.957260 
510.436737 256.066284 0.829703 
513.377686 304.609436 0.861590 
514.880371 347.237610 0.891040 
538.390381 254.630859 0.783431 
533.943970 304.569183 0.890627 
535.356445 353.095642 0.870323 
523.652832 153.177155 0.907956 
534.017151 154.601563 0.914944 
511.896362 156.078491 0.840433 
536.941406 154.643616 0.124272 
18
531.035706 158.978058 0.933187 
523.717041 184.044540 0.932836 
500.144165 188.457413 0.875280 
507.463013 229.671280 0.826812 
534.016907 253.159790 0.881293 
548.639771 182.565811 0.879652 
560.481750 213.402908 0.841630 
558.902527 238.423630 0.961534 
510.441101 256.058197 0.833128 
513.349243 306.062500 0.869973 
514.867920 347.242401 0.889020 
538.365112 254.636307 0.788408 
533.928711 304.604706 0.892231 
535.359375 353.106995 0.862613 
523.670227 153.162308 0.905249 
535.372437 154.599823 0.914474 
511.919098 156.072937 0.835277 
539.848267 156.085022 0.148364 
18
532.421204 157.621429 0.934007 
523.729187 184.032349 0.932836 
500.156342 188.436920 0.875696 
507.468628 229.648453 0.823550 
535.377625 253.153732 0.886211 
548.639221 182.549057 0.889023 
561.879517 211.966187 0.840023 
558.918518 238.388870 0.934675 
510.432495 254.644638 0.834313 
513.346802 304.620117 0.867241 
514.879883 347.222168 0.889154 
538.355164 254.619705 0.791658 
533.926819 303.158081 0.892933 
534.025818 353.091644 0.860286 
523.679993 151.715897 0.899976 
535.373169 153.166672 0.911508 
511.922211 156.053635 0.837612 
539.860229 156.083740 0.152120 
18
532.429199 157.575058 0.934547 
523.725525 184.041229 0.921796 
500.142151 189.874390 0.871655 
507.497925 229.680695 0.835201 
535.420532 253.152573 0.918281 
548.653259 182.560638 0.883212 
561.925781 213.409363 0.834915 
557.530762 238.396103 0.925556 
510.440430 254.628662 0.832227 
513.349915 303.159027 0.866609 
514.850037 347.215424 0.881267 
538.379456 254.610458 0.787675 
533.931091 303.111786 0.894591 
535.352905 351.639404 0.860617 
523.678772 151.666641 0.900318 
535.365295 151.683197 0.916590 
511.908661 156.050308 0.850443 
538.373901 156.047180 0.140964 
18
532.421021 157.566589 0.929538 
523.725830 184.034103 0.925627 
500.142151 188.456940 0.867951 
506.017120 229.583694 0.837915 
535.377380 253.130020 0.926066 
548.651489 182.558517 0.891268 
560.458801 213.450958 0.865595 
557.421204 238.419113 0.925803 
510.433105 256.047852 0.824804 
513.367432 304.610443 0.859695 
514.867676 347.211365 0.876550 
538.370789 254.636597 0.779871 
533.942810 304.591431 0.881414 
534.026550 353.081940 0.861030 
523.665405 150.253357 0.905227 
534.019897 151.667984 0.917199 
511.896301 156.062332 0.854831 
536.943176 156.047653 0.132967 
18
531.023621 157.559113 0.922543 
523.719666 184.002777 0.936056 
500.134460 188.443695 0.867804 
504.576660 229.605942 0.831556 
535.391052 253.127838 0.923010 
548.635132 182.516418 0.904004 
560.420166 214.859482 0.880153 
556.040710 238.450333 0.901753 
510.441162 254.614914 0.827059 
513.373535 303.163452 0.863825 
514.864380 347.228271 0.885406 
538.365173 254.604507 0.784833 
533.940430 303.126801 0.897597 
534.021545 353.082306 0.866168 
523.650391 150.242157 0.908055 
534.008545 150.251221 0.922050 
511.885864 156.054520 0.845890 
536.917175 154.641907 0.131904 
18
531.021606 157.555511 0.923036 
523.721619 184.029114 0.935308 
500.120667 189.878693 0.880842 
506.037018 229.604828 0.837084 
535.460144 251.723907 0.925033 
548.658203 182.523666 0.900139 
560.438477 214.845596 0.869501 
556.022339 239.830185 0.909112 
510.442780 256.072144 0.823998 
513.404358 304.594818 0.850296 
514.860046 347.225922 0.882163 
538.387024 254.633759 0.780804 
533.947083 303.160980 0.893348 
534.017395 353.095856 0.865029 
523.649963 150.233612 0.908008 
534.006836 150.244644 0.923263 
511.883240 156.043213 0.847141 
536.907532 154.632355 0.134082 
18
531.015686 157.570999 0.922782 
523.722961 184.009109 0.941461 
500.135803 188.441696 0.886114 
506.026550 229.569931 0.845069 
535.468811 251.708527 0.947603 
548.648621 182.508438 0.902924 
560.411499 214.871124 0.882844 
555.988647 239.845779 0.871186 
510.447357 256.071625 0.823861 
513.388245 304.572418 0.855111 
514.865845 347.225342 0.875545 
538.398743 254.632004 0.777079 
533.954651 303.140472 0.897744 
534.021301 353.081909 0.865385 
523.654358 150.243790 0.909995 
534.013489 151.679489 0.919454 
511.889648 156.038269 0.846390 
538.357056 156.076675 0.150856 
18
530.998840 157.585373 0.918609 
523.707397 182.642487 0.947008 
500.116699 188.426331 0.880678 
506.038483 228.198410 0.843277 
535.493774 251.673111 0.930085 
548.642334 181.152008 0.904022 
558.997864 214.923019 0.897100 
553.077332 241.376724 0.794106 
510.447205 256.079132 0.821514 
513.406738 304.600494 0.848562 
514.852661 347.225464 0.879689 
538.385742 254.634949 0.774754 
533.956177 304.579956 0.892409 
534.020752 353.135040 0.871225 
523.642639 150.257004 0.906985 
534.006409 151.700287 0.917154 
511.882202 156.038483 0.838918 
538.348572 156.073593 0.151760 
18
531.003418 157.631271 0.917176 
523.679688 184.012390 0.935195 
500.116852 188.460266 0.876888 
506.042084 229.601135 0.847087 
535.497559 251.677994 0.899576 
547.262634 182.497223 0.898775 
558.935181 216.443008 0.942846 
548.695801 242.854233 0.764706 
510.458649 256.067627 0.827663 
513.424683 304.592102 0.844805 
516.293823 347.216644 0.874576 
538.372803 254.629730 0.768168 
533.962280 303.146851 0.887305 
534.025696 353.093384 0.869667 
523.646057 153.126450 0.904229 
534.018127 153.163208 0.912900 
511.876465 154.645813 0.834448 
538.371643 156.041748 0.139170 
18
531.029175 158.983124 0.920279 
523.658630 182.643829 0.940325 
500.095245 188.439606 0.876804 
504.558929 229.605103 0.841280 
535.475220 251.711975 0.903166 
547.243591 181.144608 0.910077 
558.881592 216.420883 0.934519 
547.269592 244.347977 0.729621 
510.462006 254.634674 0.830914 
513.413452 304.592255 0.844954 
516.288940 347.219330 0.874988 
538.383240 254.602814 0.762342 
533.967224 303.138336 0.893559 
534.024963 353.091949 0.866859 
523.660583 153.170044 0.908789 
535.359680 154.593430 0.908252 
511.881836 156.057617 0.848321 
536.917725 154.610870 0.110138 
18
531.005432 158.995300 0.920164 
523.668274 182.638672 0.944384 
500.113251 188.451996 0.874938 
504.534546 229.593033 0.837492 
535.442444 253.087280 0.920543 
547.240906 181.131088 0.915036 
557.547241 216.392212 0.925588 
548.652222 244.287476 0.734283 
510.463226 256.059143 0.823596 
513.409607 304.575134 0.846360 
516.289978 347.202606 0.873832 
538.396301 254.611298 0.759734 
533.976013 303.126251 0.884836 
535.351868 351.659119 0.867216 
523.643677 153.181351 0.914311 
534.014343 154.607483 0.921962 
511.866241 156.075287 0.856125 
536.932129 156.038116 0.123859 
18
531.018860 159.061234 0.927613 
523.685120 184.023712 0.942317 
500.099670 188.443314 0.888888 
504.541107 229.618835 0.833468 
535.453979 253.086502 0.928687 
548.641052 182.534073 0.895748 
558.981812 216.303940 0.907697 
554.525879 239.926361 0.860519 
510.453827 256.054047 0.835554 
513.430908 304.583710 0.839991 
516.302185 347.199829 0.874045 
538.387573 254.618973 0.775845 
533.974182 303.131348 0.887549 
534.018188 351.653137 0.871958 
523.658447 154.653900 0.935362 
535.377380 156.072754 0.946292 
511.888855 156.086288 0.859399 
539.835938 156.114685 0.134596 
18
531.012085 159.089645 0.919926 
523.691895 184.026871 0.938924 
500.126953 188.462189 0.887328 
504.533325 229.631699 0.843297 
535.396790 253.112778 0.926489 
547.242920 182.520340 0.898951 
563.348145 207.600601 0.846516 
557.456360 236.926270 0.911991 
510.474945 254.626862 0.842178 
513.416565 303.151825 0.846333 
516.293030 347.191376 0.875391 
539.826355 254.599838 0.775963 
533.978760 303.126617 0.890343 
534.025085 351.637909 0.865276 
523.662048 156.078201 0.948521 
535.375183 156.119583 0.965670 
511.900146 156.106171 0.864775 
541.294861 157.566391 0.175608 
18
530.979553 160.488098 0.909428 
525.104553 184.032898 0.923536 
500.133636 189.885986 0.892778 
504.531891 229.650284 0.839470 
535.390564 253.129257 0.920060 
548.706726 182.508575 0.849753 
563.375610 206.068085 0.851559 
557.483276 231.078018 0.909045 
510.473267 254.607681 0.838451 
513.410889 303.129395 0.856103 
516.314026 347.193298 0.879091 
541.273926 253.191376 0.773635 
533.963623 303.118439 0.893463 
534.020935 351.649902 0.868274 
523.645935 157.475601 0.974586 
535.372620 157.521255 0.987254 
511.917145 157.480728 0.872891 
542.745789 157.630066 0.284928 
18
530.993469 160.512344 0.907375 
525.125854 184.056870 0.914717 
500.148743 188.465637 0.890145 
503.105865 229.604248 0.847047 
535.382324 253.130783 0.918014 
550.134399 182.554352 0.833798 
564.837769 206.091278 0.841851 
557.505859 234.018616 0.906878 
510.467499 256.055664 0.824100 
513.397888 304.601532 0.850436 
516.286316 347.226593 0.879948 
541.274841 254.606873 0.775652 
533.967468 304.574371 0.890482 
535.356689 353.105743 0.868583 
523.651123 157.500916 0.986169 
535.379150 157.540512 0.991631 
511.914032 157.502853 0.879758 
542.758301 158.959381 0.273942 
18
530.983704 160.524567 0.900025 
525.119202 185.485428 0.901520 
500.151306 189.894165 0.892955 
505.996948 229.666489 0.823750 
535.393250 253.141815 0.893578 
550.133362 182.611786 0.832516 
564.826294 207.611145 0.816365 
558.881348 235.506607 0.906489 
510.451874 256.063080 0.827017 
513.393005 304.618256 0.843280 
516.288025 347.215698 0.877141 
538.395752 254.635330 0.777756 
533.969482 303.141327 0.896516 
534.025940 351.650543 0.871316 
523.641785 157.515198 0.986971 
535.372437 157.543716 0.986669 
511.911591 157.518127 0.888048 
542.728333 157.625809 0.299576 
18
530.975403 160.520187 0.896567 
525.142334 185.499359 0.900326 
500.176697 189.909119 0.884299 
506.006683 229.661316 0.827160 
535.376221 253.114426 0.904876 
551.576904 182.629471 0.843745 
563.359314 214.899597 0.849492 
557.534180 239.868561 0.948761 
510.476685 254.642303 0.833975 
513.373352 304.569519 0.856626 
514.875916 347.204529 0.882962 
539.851135 254.613174 0.786206 
533.965881 303.121338 0.897860 
535.352600 351.642639 0.863823 
523.636047 157.515610 0.983398 
535.364929 157.538986 0.982344 
511.908966 157.528931 0.893956 
541.289124 157.616852 0.296424 
18
530.997314 160.523422 0.897116 
523.748901 185.529251 0.901313 
500.154968 189.924576 0.880116 
506.030853 229.649765 0.829791 
535.449707 253.094498 0.922091 
550.123230 184.003220 0.860468 
561.898315 216.387604 0.894982 
557.456421 242.853302 0.886605 
510.483612 254.643066 0.832959 
513.388977 304.580231 0.852748 
516.289917 347.207123 0.878558 
539.850403 254.603409 0.786901 
533.967041 303.103088 0.895932 
535.353394 351.622833 0.864723 
523.649109 157.518921 0.983990 
535.374084 157.541656 0.985016 
511.916901 157.535233 0.886968 
541.297852 157.628464 0.261677 
18
531.007141 160.521057 0.896735 
523.727600 185.522949 0.905185 
500.138916 189.928757 0.881222 
507.474182 231.083557 0.824568 
535.467041 253.204727 0.885190 
548.702881 182.642090 0.866543 
561.885132 216.408539 0.903629 
557.455383 244.310440 0.894157 
510.488586 254.642426 0.834468 
513.393005 304.615112 0.851889 
514.875977 347.229248 0.881054 
541.275940 254.597946 0.784336 
533.962341 303.132263 0.894325 
534.023010 353.088348 0.871356 
523.661865 157.516525 0.980636 
535.376404 157.544388 0.985781 
511.916351 157.526428 0.889499 
541.288269 157.622177 0.233699 
18
531.030640 160.509277 0.905635 
523.747986 185.530106 0.898684 
500.158447 189.914200 0.875797 
506.007355 229.662537 0.826105 
535.409180 253.156128 0.902573 
550.103394 184.028687 0.853902 
561.877808 216.334808 0.873792 
558.955383 241.327682 0.929133 
510.477631 256.072998 0.826431 
513.388550 304.599152 0.851833 
514.872131 347.226898 0.882809 
539.837708 254.650879 0.781886 
533.975464 303.156830 0.887416 
534.018616 353.100006 0.873321 
523.677002 157.500259 0.968553 
535.398621 157.532578 0.979884 
511.929352 157.505478 0.889266 
542.749023 157.611298 0.287474 
18
532.440735 160.501770 0.923890 
525.139465 185.532547 0.889351 
500.175507 189.895874 0.874369 
504.572571 229.638260 0.818584 
535.383301 253.168533 0.886726 
550.160217 184.051926 0.828852 
563.384949 216.292953 0.840509 
559.023804 241.310165 0.929514 
510.468475 256.083527 0.835656 
513.399780 306.066406 0.856403 
514.876526 347.219513 0.885735 
539.824402 256.087524 0.785294 
533.968750 304.599609 0.882176 
534.017212 353.109619 0.873477 
523.698608 157.479309 0.960922 
535.428833 157.522766 0.976044 
511.939148 156.126205 0.882230 
544.206238 157.613342 0.292285 
18
531.039124 160.503250 0.915239 
525.124573 185.515518 0.894468 
500.165863 189.876923 0.868471 
504.578033 229.656464 0.817407 
535.364136 253.146072 0.895594 
550.135193 184.029816 0.843423 
563.382996 216.332703 0.867465 
559.015747 241.391129 0.941185 
510.475464 256.083588 0.835671 
513.413879 306.041199 0.850194 
514.880615 347.212128 0.882845 
539.850952 256.078094 0.786353 
533.972168 304.612549 0.882157 
534.022156 351.665039 0.870166 
523.683960 156.127350 0.960796 
535.421631 157.525070 0.978490 
511.937866 156.117691 0.864466 
544.201172 157.626587 0.321366 
18
531.018433 160.502060 0.910994 
525.117676 186.951752 0.888389 
500.171112 189.900543 0.867379 
504.580750 229.659058 0.817979 
535.391663 253.176208 0.882960 
550.127747 184.061432 0.844574 
563.366211 217.790817 0.870262 
560.393799 244.314697 0.873102 
510.473541 256.090027 0.829339 
513.407227 304.623688 0.855751 
514.874329 347.205658 0.883326 
539.814636 256.083679 0.787287 
533.973450 304.602936 0.888270 
534.017700 351.652405 0.870168 
523.670410 157.479507 0.962320 
535.403564 157.526291 0.980830 
511.924835 157.487427 0.878547 
542.792480 157.632751 0.325770 
18
529.570313 160.503967 0.899501 
525.117065 186.955872 0.889423 
500.175781 189.929169 0.874277 
507.479126 231.078522 0.831408 
535.471313 254.616165 0.836244 
550.118286 184.027878 0.852708 
563.344360 217.813690 0.891121 
559.039307 245.810898 0.885180 
510.481323 256.085052 0.834348 
513.409729 306.042542 0.852710 
516.284302 347.201416 0.879764 
539.842468 256.076080 0.789085 
533.974548 304.581177 0.889655 
534.016846 351.647339 0.871187 
523.641602 157.498322 0.974237 
535.369141 157.533661 0.984174 
511.913300 157.514923 0.898271 
541.300659 157.620804 0.328446 
18
529.539246 160.508240 0.899189 
525.125305 186.977966 0.892820 
500.173828 191.332077 0.878692 
507.488129 231.097931 0.836095 
535.438171 254.616699 0.842484 
550.134094 184.054092 0.846857 
563.337891 217.842453 0.888728 
559.012512 247.257217 0.913849 
510.487213 256.093292 0.838486 
513.411194 306.042023 0.851555 
514.865356 347.216309 0.880685 
539.843628 256.082092 0.786960 
533.973877 304.607300 0.887978 
534.013672 351.637390 0.868404 
523.612305 157.498199 0.976772 
534.019165 157.526932 0.980493 
511.891663 157.526764 0.885446 
541.291443 157.614471 0.313005 
18
528.086426 160.492874 0.900187 
525.119995 186.971420 0.890725 
500.172516 189.929810 0.873655 
507.456543 229.681015 0.839732 
535.406616 253.166412 0.871128 
550.126770 184.059006 0.846866 
564.807556 217.806503 0.892139 
558.948914 247.257095 0.922998 
511.838348 256.074463 0.842267 
513.431885 306.042572 0.848058 
514.875671 347.220703 0.875461 
539.851074 256.074524 0.787233 
533.981934 304.611755 0.894134 
534.020630 353.084167 0.878244 
522.262024 157.480057 0.966027 
534.000427 157.521133 0.979064 
511.878357 157.500778 0.885041 
539.856567 157.599457 0.343453 
18
526.608215 159.054825 0.923362 
525.120117 186.980972 0.888130 
500.162903 189.937256 0.873761 
506.023132 229.680267 0.822192 
535.394043 253.190201 0.873279 
550.152893 184.070465 0.836882 
566.268555 216.437988 0.897111 
558.973389 244.340302 0.930227 
511.852448 256.077362 0.841310 
514.832642 304.616394 0.842614 
516.286987 347.220184 0.867976 
539.863831 256.064728 0.788018 
533.993652 304.567657 0.892664 
534.015442 351.660156 0.880217 
522.211060 156.039368 0.933415 
533.944824 156.077881 0.953678 
511.843842 156.106232 0.865818 
538.357605 157.535812 0.351696 
18
525.128906 157.557281 0.961963 
525.154236 186.995041 0.877874 
500.207275 189.931885 0.855859 
507.458557 231.084320 0.800877 
535.416016 254.620712 0.830561 
551.580444 185.481735 0.835949 
564.849365 217.822159 0.892946 
559.016724 248.723160 0.919930 
511.851166 256.059143 0.843423 
514.838806 306.044739 0.850398 
516.287354 347.215088 0.870068 
541.278992 256.064301 0.800039 
533.993042 304.592377 0.892328 
534.021606 351.662598 0.887769 
522.116028 150.255142 0.879900 
532.507874 150.238663 0.915400 
510.479980 157.482315 0.881260 
536.934814 156.106522 0.607587 
18
523.676270 156.120605 0.970801 
526.586182 188.417847 0.854905 
501.621765 191.367462 0.862460 
507.465607 231.075546 0.795409 
533.988708 254.656296 0.831610 
551.603516 185.498047 0.827774 
567.775269 217.799469 0.927932 
559.036926 247.259674 0.893519 
511.874146 254.634323 0.854883 
514.828735 306.067657 0.859431 
514.864624 347.210785 0.871388 
541.277710 254.642899 0.806600 
533.997314 304.598480 0.898423 
534.019836 350.205200 0.888310 
519.263611 148.808548 0.876076 
530.992065 148.756104 0.904293 
510.428619 157.514053 0.914679 
535.501404 154.640350 0.744730 
18
523.691101 156.084213 0.961082 
525.195007 188.448471 0.855077 
501.594360 191.395187 0.871675 
507.476624 232.547348 0.793867 
532.501404 260.450195 0.804835 
553.038879 185.532120 0.812408 
569.210388 216.382828 0.959460 
560.411377 242.869125 0.938813 
511.912994 256.080231 0.838569 
514.819214 306.062836 0.864985 
514.876892 347.202179 0.876910 
541.302246 256.085571 0.796240 
533.996826 306.047546 0.891522 
534.024597 350.195740 0.891697 
519.274963 148.770462 0.887136 
531.007202 148.720490 0.910353 
510.427460 157.484726 0.899554 
536.876038 154.597137 0.723521 
18
523.742859 156.040436 0.932197 
525.188721 188.459137 0.864581 
500.186829 191.365616 0.868023 
503.099365 231.101456 0.802804 
525.105103 261.963318 0.868458 
553.057800 186.969818 0.809382 
570.654175 214.935181 0.927984 
561.869995 241.441422 0.916953 
511.859711 257.563293 0.824035 
514.860535 307.521637 0.861579 
514.879089 347.201202 0.875497 
539.834473 259.015717 0.785022 
535.390808 308.970306 0.895339 
534.016663 351.634766 0.886119 
520.731018 147.360718 0.918392 
532.486389 147.356415 0.937138 
510.491180 156.075455 0.862066 
538.371460 154.631973 0.750448 
18
525.164734 156.058929 0.905802 
526.605957 188.458221 0.863300 
500.200958 189.932419 0.845675 
500.215179 234.011093 0.793554 
517.771973 264.864197 0.794804 
553.087158 186.999649 0.811047 
570.765686 216.296417 0.910475 
563.360413 241.442627 0.915091 
513.351501 261.945068 0.784835 
514.869751 308.949921 0.845057 
516.303101 347.182495 0.869185 
542.764221 260.477722 0.790154 
535.398315 308.993164 0.887659 
534.020630 351.643707 0.882676 
522.164246 147.360123 0.941394 
533.928833 148.717072 0.952258 
511.902771 156.049057 0.859853 
542.740906 156.059570 0.777407 
18
526.621277 157.487961 0.903979 
526.580750 188.456177 0.877805 
500.150635 189.937363 0.864278 
498.682892 231.081894 0.846617 
504.564148 264.878967 0.784693 
554.530457 188.423508 0.822046 
572.188110 216.348358 0.915917 
564.817871 244.305603 0.855770 
511.958496 257.573761 0.805047 
516.328491 308.953735 0.828590 
516.329773 347.189911 0.871652 
542.783875 256.083557 0.811194 
535.400513 307.512024 0.891263 
535.357483 351.654785 0.888078 
522.225708 148.765366 0.942090 
533.980835 148.788132 0.949167 
511.946289 156.075958 0.863068 
542.783875 156.112381 0.764823 
18
530.997498 157.520630 0.911363 
528.077393 189.888992 0.853925 
501.642456 191.340240 0.841171 
497.215027 231.052704 0.869839 
489.884644 263.438568 0.825436 
554.551514 188.452957 0.816303 
572.225525 216.384842 0.918422 
567.712036 244.330109 0.865781 
511.884766 257.550568 0.839376 
516.300964 307.503387 0.854695 
517.772461 347.209198 0.881340 
542.749939 256.100067 0.790758 
535.460266 307.498840 0.893284 
534.019043 353.086456 0.893002 
523.666687 148.797974 0.931496 
535.398926 150.210663 0.931927 
513.379211 156.102005 0.854683 
544.236450 157.501694 0.738968 
18
532.450867 157.572998 0.945490 
529.560608 189.897644 0.853365 
503.094086 189.915329 0.827819 
491.338898 229.613327 0.857434 
485.397644 260.500641 0.818380 
555.978760 189.897629 0.828767 
575.107971 216.357788 0.905402 
569.149597 244.317337 0.893750 
511.884644 256.081085 0.865711 
516.291992 307.525421 0.851731 
517.758667 347.213501 0.873342 
544.190918 256.081146 0.799380 
535.515564 307.498047 0.867911 
535.372498 351.667358 0.873460 
523.708130 150.247711 0.910381 
535.453003 151.680527 0.915573 
514.835388 157.477173 0.822976 
545.655701 157.530838 0.787903 
18
532.482300 157.630051 0.963159 
530.977600 189.927307 0.855801 
503.096558 189.929321 0.844840 
488.387024 229.578690 0.926976 
476.640869 256.058624 0.896813 
555.971619 189.933517 0.833242 
576.592529 214.916031 0.872472 
569.237366 242.838486 0.950359 
511.891113 256.060333 0.846049 
511.978424 307.510834 0.897223 
514.835449 347.200043 0.866054 
544.226440 256.069061 0.802967 
535.515137 307.510193 0.864571 
535.381531 350.150665 0.872600 
523.724854 151.707794 0.897523 
535.488892 153.168869 0.906624 
514.868225 157.487976 0.816115 
545.702759 157.566269 0.840597 
18
532.482727 158.971878 0.963853 
528.070313 189.883331 0.855434 
501.603851 188.464218 0.855923 
486.940582 228.106323 0.920809 
475.168182 253.094299 0.923230 
554.562134 189.900070 0.835559 
573.680176 214.907959 0.866631 
569.310852 241.436325 0.945070 
510.493011 254.615494 0.850789 
511.886536 306.060883 0.899453 
511.855255 347.302094 0.912758 
542.785706 254.588150 0.807720 
535.447571 307.502594 0.910405 
535.396545 348.749573 0.890487 
523.728394 153.129608 0.892986 
535.488647 154.600037 0.909241 
514.866943 157.492325 0.808090 
545.694153 157.591171 0.827618 
18
531.024292 158.981827 0.938153 
526.583191 188.447754 0.870559 
500.163696 188.461716 0.861969 
486.963989 226.624893 0.859990 
476.552307 251.610352 0.921091 
554.547852 188.459579 0.834463 
570.741272 216.319992 0.899671 
570.745850 242.894012 0.924475 
510.414734 254.607391 0.847944 
511.845612 304.569946 0.897060 
507.486908 347.187378 0.878934 
541.330078 253.189331 0.805364 
535.423523 304.621246 0.897351 
535.394653 350.155487 0.876162 
523.665161 153.158798 0.909528 
535.415283 154.600464 0.920891 
513.402466 157.497437 0.849254 
544.266296 157.566483 0.796476 
18
528.059326 158.987015 0.930246 
523.728210 188.446609 0.904525 
500.131805 189.876877 0.885593 
488.314514 226.685272 0.893886 
476.621979 251.675293 0.919206 
548.714417 188.461044 0.840915 
563.348328 217.873398 0.836470 
569.247559 242.882629 0.916692 
510.375916 254.644287 0.836472 
510.354156 304.618347 0.864315 
500.135315 345.780731 0.904967 
538.399902 254.636810 0.805894 
535.364746 303.162933 0.878029 
535.387085 348.743011 0.856822 
522.245911 153.167877 0.916202 
534.001465 154.615662 0.930469 
511.946533 157.513046 0.895790 
542.788757 157.590454 0.727852 
18
525.124207 158.993057 0.970471 
522.224976 189.927765 0.909039 
498.670013 191.346390 0.871707 
486.935120 228.179382 0.920808 
478.084106 254.596329 0.866537 
547.130737 191.360077 0.900512 
557.515015 219.375076 0.851294 
567.720032 242.899399 0.853987 
506.019135 256.107971 0.788637 
503.113098 308.951721 0.845121 
498.655121 347.213623 0.901195 
535.468018 254.658051 0.830444 
533.975586 303.161255 0.873669 
535.390259 348.730194 0.849034 
522.120117 153.177429 0.882613 
533.882935 154.623093 0.914442 
511.840546 157.516739 0.871302 
539.825378 157.585403 0.748274 
