37
1
18
626.573853 123.732384 0.936793 
591.270447 157.533401 0.878718 
595.765259 163.446396 0.833008 
600.093018 216.321991 0.886704 
613.322021 253.208038 0.900210 
581.048096 151.700104 0.787214 
0.000000 0.000000 0.000000 
0.000000 0.000000 0.000000 
592.743164 241.418884 0.749010 
591.286621 298.695923 0.858836 
582.447021 350.209961 0.884057 
579.532104 239.869766 0.714700 
575.134155 289.874390 0.798320 
567.768982 335.530121 0.770808 
620.677124 119.353966 0.863721 
0.000000 0.000000 0.000000 
605.960388 122.339897 0.975329 
0.000000 0.000000 0.000000 
18
627.979858 123.716972 0.949898 
591.319641 157.606079 0.914589 
598.639465 166.365875 0.813183 
601.567749 216.408493 0.892086 
614.832031 254.660645 0.897475 
581.048523 153.175598 0.807713 
0.000000 0.000000 0.000000 
0.000000 0.000000 0.000000 
594.180847 244.334427 0.735602 
591.239990 298.754639 0.871438 
582.447144 348.762054 0.888306 
581.032471 241.358429 0.751610 
576.580322 292.843933 0.775625 
569.259338 336.923340 0.763686 
622.144714 119.357346 0.859735 
0.000000 0.000000 0.000000 
606.017334 123.692688 0.958196 
0.000000 0.000000 0.000000 
18
628.018250 123.735718 0.933016 
592.746887 158.978775 0.913785 
600.116333 166.372620 0.827091 
603.046082 216.426025 0.919196 
616.224304 257.530762 0.904500 
582.467834 154.607254 0.790330 
0.000000 0.000000 0.000000 
0.000000 0.000000 0.000000 
594.242004 247.239304 0.752423 
591.229370 300.169678 0.853938 
582.435791 350.188690 0.887103 
582.474792 241.417389 0.718025 
580.916321 298.626068 0.809956 
570.763672 339.862366 0.702547 
623.653198 120.764008 0.860106 
0.000000 0.000000 0.000000 
607.495056 123.713600 0.923870 
0.000000 0.000000 0.000000 
18
628.059998 123.759880 0.958914 
592.797180 159.003830 0.908577 
601.585571 166.393219 0.833958 
604.478638 217.784378 0.918257 
616.307129 259.013306 0.908526 
582.527222 154.634018 0.767390 
0.000000 0.000000 0.000000 
0.000000 0.000000 0.000000 
595.690430 247.265213 0.730983 
591.265808 300.169128 0.825474 
582.431458 350.188263 0.875387 
583.956482 242.821045 0.679349 
582.499268 298.704987 0.838852 
572.228149 339.873657 0.667440 
625.093018 120.777397 0.889875 
0.000000 0.000000 0.000000 
607.518555 123.749580 0.914579 
0.000000 0.000000 0.000000 
18
628.066772 123.798912 0.927573 
594.200806 159.064468 0.883756 
603.055969 167.826096 0.861318 
604.525330 217.924530 0.896124 
617.717896 260.506866 0.903574 
583.935059 156.099579 0.749798 
583.942200 209.023132 0.079583 
0.000000 0.000000 0.000000 
595.752869 250.152252 0.724035 
591.255249 300.203430 0.795745 
582.451904 350.202332 0.863039 
583.984192 242.879593 0.645701 
583.943665 300.126221 0.799618 
573.673218 341.325531 0.647152 
625.110901 120.824371 0.902507 
0.000000 0.000000 0.000000 
610.396545 123.811119 0.901329 
0.000000 0.000000 0.000000 
18
628.089478 125.239021 0.896285 
594.221191 159.085480 0.880957 
604.460754 167.827637 0.860261 
605.935120 219.344955 0.878003 
617.743042 261.978058 0.907889 
583.941528 157.509232 0.771648 
582.473511 211.960556 0.089137 
0.000000 0.000000 0.000000 
597.177979 250.179123 0.707107 
591.248108 300.250885 0.794171 
582.437561 350.189850 0.865084 
585.429321 244.315338 0.631212 
583.997864 300.199188 0.772340 
576.585510 341.371918 0.616472 
626.522827 122.257828 0.915742 
0.000000 0.000000 0.000000 
611.856384 125.198868 0.892398 
0.000000 0.000000 0.000000 
18
628.106506 125.247673 0.891482 
594.255249 159.100525 0.876983 
604.488525 169.269485 0.875983 
605.997437 222.277222 0.855527 
617.733459 263.441742 0.930772 
583.979736 157.496048 0.759847 
0.000000 0.000000 0.000000 
0.000000 0.000000 0.000000 
597.171875 250.214417 0.704998 
588.353210 301.688690 0.759695 
582.481812 351.642365 0.865112 
585.430725 244.331131 0.623570 
583.938721 300.241394 0.773580 
575.110352 342.801178 0.626227 
626.546448 122.276917 0.919199 
0.000000 0.000000 0.000000 
613.334656 125.231102 0.879277 
0.000000 0.000000 0.000000 
18
629.457153 126.673683 0.868974 
594.265686 159.107224 0.870483 
604.507141 169.295090 0.881837 
606.002380 222.243118 0.853998 
617.742065 263.444214 0.919220 
583.983704 157.493408 0.763854 
0.000000 0.000000 0.000000 
0.000000 0.000000 0.000000 
595.758301 250.181213 0.696471 
589.802979 301.646240 0.765920 
582.489990 350.163971 0.836234 
585.418274 244.296555 0.613863 
585.426392 300.221771 0.745764 
582.444763 344.309570 0.614845 
626.581543 122.318542 0.919941 
0.000000 0.000000 0.000000 
614.764771 125.254471 0.884209 
0.000000 0.000000 0.000000 
18
629.494141 125.278000 0.859417 
594.308044 160.494461 0.845397 
604.552246 169.313080 0.893253 
606.026062 223.699463 0.853441 
617.759399 264.839569 0.920031 
585.402222 157.517715 0.767905 
0.000000 0.000000 0.000000 
0.000000 0.000000 0.000000 
597.166443 251.608856 0.695208 
589.827148 301.670624 0.762486 
582.487976 350.171112 0.831929 
586.861206 244.330521 0.601479 
585.426025 300.234528 0.742248 
582.445801 344.318024 0.632455 
627.975647 122.305122 0.922116 
0.000000 0.000000 0.000000 
616.219421 125.241440 0.909922 
0.000000 0.000000 0.000000 
18
629.480591 123.770233 0.576798 
595.699524 159.098480 0.842058 
604.545410 169.262848 0.851314 
606.042480 225.173279 0.861296 
617.775085 264.906433 0.919020 
586.910950 156.113693 0.740734 
0.000000 0.000000 0.000000 
0.000000 0.000000 0.000000 
597.203247 250.214050 0.673594 
589.812866 301.645447 0.765526 
582.468323 350.196106 0.826005 
588.347046 244.313110 0.601571 
585.452332 300.208313 0.726233 
582.444702 344.305328 0.609245 
628.027100 120.836349 0.692253 
0.000000 0.000000 0.000000 
617.760071 125.210075 0.935884 
0.000000 0.000000 0.000000 
18
0.000000 0.000000 0.000000 
595.717102 159.102936 0.854018 
605.963135 169.304031 0.864110 
606.068176 225.173737 0.848267 
617.749695 264.869659 0.926306 
585.451050 156.083145 0.771771 
0.000000 0.000000 0.000000 
0.000000 0.000000 0.000000 
597.171204 251.626114 0.700176 
589.847595 301.665070 0.767001 
582.494385 350.175812 0.823383 
585.425964 245.763184 0.606045 
586.862244 300.220245 0.726652 
582.494751 344.307953 0.634026 
0.000000 0.000000 0.000000 
0.000000 0.000000 0.000000 
620.697021 125.241608 0.916199 
597.189453 123.679382 0.207750 
18
0.000000 0.000000 0.000000 
595.754761 159.107498 0.872363 
606.069763 169.290848 0.849982 
607.442993 223.741669 0.842455 
617.734619 264.843475 0.923762 
585.404419 156.088684 0.808100 
0.000000 0.000000 0.000000 
0.000000 0.000000 0.000000 
597.173096 251.655563 0.708465 
591.247192 301.666443 0.782693 
582.478821 350.182739 0.839286 
583.960449 245.790054 0.648156 
583.973083 300.219086 0.776357 
580.998169 344.288330 0.643246 
0.000000 0.000000 0.000000 
0.000000 0.000000 0.000000 
622.151001 126.704102 0.895106 
595.727783 123.702682 0.393790 
18
0.000000 0.000000 0.000000 
597.180725 159.115463 0.868021 
608.924194 169.325073 0.826273 
607.493408 222.264984 0.842807 
617.707764 263.488525 0.914961 
583.979736 156.064758 0.834706 
0.000000 0.000000 0.000000 
0.000000 0.000000 0.000000 
595.761047 251.625351 0.713844 
591.246155 300.250763 0.783854 
582.474304 350.171875 0.850151 
582.495728 244.309052 0.673236 
583.948242 300.161926 0.787222 
581.004761 344.253571 0.625946 
0.000000 0.000000 0.000000 
0.000000 0.000000 0.000000 
625.096558 126.716034 0.866590 
595.734192 122.321327 0.650314 
18
0.000000 0.000000 0.000000 
597.210083 159.072876 0.881411 
610.404114 169.282547 0.799368 
610.381958 222.238632 0.830703 
617.710266 263.467499 0.889748 
583.977783 154.629532 0.829445 
0.000000 0.000000 0.000000 
0.000000 0.000000 0.000000 
597.156921 250.167953 0.714596 
591.270142 300.196808 0.813585 
582.485535 350.176575 0.856811 
582.493591 241.423859 0.686415 
583.955933 298.751190 0.790120 
579.501282 342.823914 0.635874 
0.000000 0.000000 0.000000 
0.000000 0.000000 0.000000 
623.645813 126.700729 0.866937 
595.729797 122.319275 0.629469 
18
0.000000 0.000000 0.000000 
598.626038 159.070374 0.880973 
608.973389 169.265671 0.801557 
608.978455 220.817322 0.830797 
617.805664 263.420074 0.887507 
585.403442 154.637924 0.809267 
0.000000 0.000000 0.000000 
0.000000 0.000000 0.000000 
595.758972 250.156509 0.721763 
591.282593 300.212555 0.807504 
582.497559 350.198456 0.872432 
582.452820 241.413116 0.682801 
582.559937 298.760132 0.797024 
575.139221 342.786896 0.644496 
0.000000 0.000000 0.000000 
0.000000 0.000000 0.000000 
620.735046 125.240372 0.907464 
595.707520 122.347458 0.403409 
18
628.115845 122.277924 0.253209 
598.622681 159.060898 0.864394 
608.941345 169.270477 0.816739 
610.394531 220.783920 0.828398 
617.846375 263.366577 0.883507 
585.424377 154.629242 0.802076 
0.000000 0.000000 0.000000 
0.000000 0.000000 0.000000 
595.759888 250.163849 0.722194 
591.260010 300.225464 0.795240 
582.509888 350.162903 0.870557 
582.469727 242.821274 0.673773 
582.531555 298.761261 0.804323 
576.578796 341.374054 0.643577 
628.031067 119.337509 0.375035 
0.000000 0.000000 0.000000 
619.250183 122.328049 0.935669 
595.704468 122.354477 0.125689 
18
632.438416 122.281990 0.841042 
598.620239 159.052109 0.869135 
607.518616 169.258194 0.857890 
610.398987 219.376358 0.831761 
619.245667 260.508392 0.860745 
586.865662 156.045914 0.792071 
0.000000 0.000000 0.000000 
0.000000 0.000000 0.000000 
597.173584 248.724579 0.718752 
591.265320 300.175537 0.815615 
582.497559 348.753052 0.858720 
582.514404 241.417023 0.673497 
582.546326 298.698639 0.809801 
579.545227 342.831421 0.648510 
629.462769 116.400696 0.872193 
0.000000 0.000000 0.000000 
616.332886 123.696045 0.948855 
0.000000 0.000000 0.000000 
18
631.040405 123.738029 0.963057 
597.194885 159.032471 0.880634 
607.442688 167.887039 0.891965 
610.390503 219.343781 0.843403 
620.685791 257.563660 0.839989 
588.360413 154.648407 0.767345 
0.000000 0.000000 0.000000 
0.000000 0.000000 0.000000 
597.186157 247.272186 0.713678 
591.300537 300.161804 0.825191 
582.507935 350.150787 0.866638 
583.945068 241.411621 0.658502 
582.554016 298.660492 0.798303 
576.579285 339.905518 0.650349 
628.077515 120.751854 0.946823 
0.000000 0.000000 0.000000 
611.872131 123.695862 0.868872 
0.000000 0.000000 0.000000 
18
630.978516 123.805252 0.946006 
597.195557 159.004593 0.870582 
606.053711 166.410233 0.879720 
608.948730 217.855453 0.881707 
620.713684 256.079376 0.847850 
589.831116 154.641373 0.756152 
0.000000 0.000000 0.000000 
0.000000 0.000000 0.000000 
598.658813 248.710144 0.714091 
591.304321 300.142822 0.818578 
582.497253 350.155579 0.848276 
588.349731 242.832886 0.621349 
583.960938 298.653961 0.774833 
579.511353 342.821503 0.644085 
627.984985 120.829460 0.941873 
629.604004 120.821632 0.370256 
606.050598 122.344879 0.927890 
0.000000 0.000000 0.000000 
18
629.561035 125.262817 0.920647 
597.205994 158.979080 0.843314 
606.027039 166.359497 0.872865 
608.956055 217.854691 0.877290 
620.721375 254.658875 0.863375 
591.264526 154.604675 0.731257 
585.422241 206.096329 0.052965 
0.000000 0.000000 0.000000 
598.629150 248.696396 0.713657 
591.318420 300.153259 0.820417 
582.518005 350.183990 0.854713 
586.904968 242.819336 0.628996 
583.943604 298.659210 0.791161 
575.115234 341.349976 0.658301 
626.531738 122.240891 0.903931 
630.978333 122.248764 0.708946 
604.593079 122.323402 0.968380 
0.000000 0.000000 0.000000 
18
629.501160 126.694794 0.922234 
597.210938 157.625061 0.838627 
606.019592 164.924545 0.869636 
610.395264 217.858734 0.869281 
619.281006 254.614243 0.873462 
591.272217 154.599640 0.722497 
0.000000 0.000000 0.000000 
0.000000 0.000000 0.000000 
597.178162 247.226685 0.726116 
592.677673 298.760742 0.817316 
582.515442 350.170624 0.853059 
585.410583 241.392105 0.650537 
583.936218 297.255737 0.773051 
578.053223 341.350616 0.635417 
623.654053 122.280899 0.879641 
629.590332 122.282814 0.803398 
604.548462 123.712944 0.987790 
0.000000 0.000000 0.000000 
18
629.603210 126.669022 0.902581 
597.207031 158.975479 0.840837 
606.020203 164.943344 0.869976 
610.399170 217.877533 0.864147 
617.844788 254.603210 0.888615 
591.277954 154.607224 0.723915 
0.000000 0.000000 0.000000 
0.000000 0.000000 0.000000 
597.178650 247.232956 0.719505 
591.295593 300.127777 0.819691 
582.523682 350.161133 0.844468 
588.329590 241.401657 0.648815 
583.959961 298.675659 0.781132 
579.515259 342.839935 0.644983 
626.598511 122.260864 0.933084 
630.990906 122.278252 0.604300 
605.958923 123.692596 0.951957 
0.000000 0.000000 0.000000 
18
632.469482 123.773941 0.939537 
598.625671 157.627090 0.849313 
606.022949 166.390808 0.869164 
610.406311 217.889511 0.865245 
617.783020 254.590652 0.887441 
591.309265 154.596558 0.746193 
0.000000 0.000000 0.000000 
0.000000 0.000000 0.000000 
597.158203 245.804672 0.719178 
591.309448 300.132050 0.819887 
582.525452 350.172485 0.838840 
588.342773 241.389130 0.654705 
583.917419 298.650543 0.793624 
576.575500 341.366394 0.653676 
628.056335 120.816841 0.951153 
631.015869 120.777863 0.260697 
607.483704 123.738869 0.904288 
0.000000 0.000000 0.000000 
18
633.922729 122.328819 0.946654 
598.640686 157.623489 0.867155 
606.024414 167.840256 0.887468 
610.393188 217.920883 0.852203 
617.745605 254.601517 0.896704 
591.316223 154.592026 0.769344 
0.000000 0.000000 0.000000 
0.000000 0.000000 0.000000 
595.762207 247.223679 0.725161 
591.295288 300.134277 0.822659 
582.502991 350.154022 0.841496 
586.861877 241.393417 0.668845 
582.513916 298.646881 0.814169 
579.539795 342.829071 0.651985 
629.461243 117.892014 0.928116 
0.000000 0.000000 0.000000 
614.813293 123.785957 0.903861 
0.000000 0.000000 0.000000 
18
632.485474 122.221832 0.790363 
597.213989 157.595596 0.842413 
606.019714 166.404205 0.868374 
608.927612 217.891235 0.876863 
617.739685 254.629898 0.886894 
591.276245 153.144577 0.744961 
0.000000 0.000000 0.000000 
0.000000 0.000000 0.000000 
595.730652 245.769089 0.724803 
591.253845 298.759247 0.812133 
582.506958 348.745178 0.850038 
585.407166 241.351273 0.677668 
582.482117 297.246857 0.789488 
581.012146 344.278931 0.649663 
629.523071 114.943687 0.856359 
0.000000 0.000000 0.000000 
617.768738 123.710648 0.950403 
0.000000 0.000000 0.000000 
18
0.000000 0.000000 0.000000 
597.205444 157.609451 0.856277 
606.027527 167.829941 0.862956 
607.501160 217.862701 0.886773 
617.730469 254.624573 0.887829 
591.252625 151.702652 0.742358 
0.000000 0.000000 0.000000 
0.000000 0.000000 0.000000 
595.700867 245.781509 0.720011 
591.255737 298.754272 0.806273 
582.522034 348.729095 0.840187 
583.983093 241.363556 0.674162 
582.498596 297.266083 0.817319 
579.541626 342.833405 0.646107 
0.000000 0.000000 0.000000 
0.000000 0.000000 0.000000 
622.161560 123.777725 0.898464 
601.599487 122.336967 0.100947 
18
0.000000 0.000000 0.000000 
597.205261 157.610550 0.866920 
606.039001 167.814316 0.846218 
607.497864 217.874161 0.890575 
617.694214 257.535217 0.871859 
589.833923 151.707458 0.742948 
0.000000 0.000000 0.000000 
0.000000 0.000000 0.000000 
595.734375 247.245026 0.713967 
591.245422 300.137665 0.814353 
582.520874 348.761322 0.843473 
583.976990 241.389374 0.672878 
582.461609 298.641693 0.833191 
579.499268 342.822510 0.644605 
0.000000 0.000000 0.000000 
0.000000 0.000000 0.000000 
623.657288 123.814850 0.915783 
598.684631 122.207993 0.266900 
18
0.000000 0.000000 0.000000 
598.619934 157.615479 0.863977 
606.055054 167.824905 0.846697 
607.471741 217.894852 0.895269 
616.319336 256.097137 0.881830 
589.836609 151.697144 0.745999 
0.000000 0.000000 0.000000 
0.000000 0.000000 0.000000 
595.734070 247.251984 0.716977 
591.240295 300.147552 0.829857 
582.518799 350.150696 0.852852 
583.989990 241.400513 0.672227 
582.467468 298.676392 0.854596 
578.073242 342.812347 0.652144 
0.000000 0.000000 0.000000 
0.000000 0.000000 0.000000 
623.635925 123.802429 0.918715 
600.098450 122.210495 0.255415 
18
629.495728 122.266739 0.455312 
597.212952 157.587082 0.843650 
606.044556 167.821274 0.860842 
607.464966 217.854980 0.910233 
616.324890 254.618164 0.905486 
591.250000 151.685455 0.738708 
0.000000 0.000000 0.000000 
0.000000 0.000000 0.000000 
595.762451 247.253342 0.722907 
591.235779 300.149872 0.819165 
582.518250 348.752289 0.843187 
585.426941 241.408493 0.663017 
582.495300 298.683411 0.845740 
579.545227 344.251099 0.655317 
628.083679 117.857903 0.552513 
0.000000 0.000000 0.000000 
619.250977 122.287964 0.917441 
0.000000 0.000000 0.000000 
18
632.468994 122.256317 0.878594 
598.628967 157.585236 0.835511 
606.003113 167.810196 0.872645 
607.470154 217.828354 0.914287 
616.331238 254.589890 0.913345 
591.320435 153.124252 0.724209 
616.222107 169.341843 0.056625 
0.000000 0.000000 0.000000 
595.728638 245.780304 0.723818 
591.281433 298.749634 0.827628 
582.519287 348.729401 0.846527 
585.425232 241.370163 0.666682 
582.531372 298.641785 0.824670 
579.504028 342.817780 0.657416 
629.498291 114.953743 0.897840 
0.000000 0.000000 0.000000 
616.350037 122.308968 0.951231 
0.000000 0.000000 0.000000 
18
631.015991 123.686081 0.968399 
598.630127 157.627243 0.840911 
605.996155 166.414444 0.869867 
607.463684 217.828491 0.907930 
617.706726 254.616348 0.913570 
592.716248 154.605225 0.735197 
0.000000 0.000000 0.000000 
0.000000 0.000000 0.000000 
595.743286 247.231293 0.729083 
591.295654 298.763824 0.842549 
582.515625 348.741272 0.849380 
585.428650 241.394577 0.663717 
582.490051 298.640320 0.843033 
579.546814 342.837372 0.665541 
628.064453 117.882668 0.930967 
0.000000 0.000000 0.000000 
608.977234 122.296417 0.870604 
0.000000 0.000000 0.000000 
18
629.602600 123.725090 0.975825 
598.654053 157.593674 0.813810 
605.983276 164.916306 0.867770 
607.445862 217.795990 0.919515 
617.706238 254.622513 0.910720 
592.751160 153.165695 0.712173 
0.000000 0.000000 0.000000 
0.000000 0.000000 0.000000 
595.730408 245.796112 0.731280 
591.274963 298.762177 0.849439 
582.519714 350.153595 0.856720 
585.437927 241.371552 0.653241 
582.428101 297.247894 0.830351 
576.607056 341.362610 0.658446 
626.577332 119.320221 0.879711 
629.602905 119.319016 0.496102 
605.970154 122.263031 0.952131 
0.000000 0.000000 0.000000 
18
629.549805 123.756302 0.978708 
598.656799 157.571243 0.807176 
605.965149 163.440277 0.863003 
607.438232 216.416748 0.922236 
617.705383 254.606415 0.915657 
592.755920 153.155930 0.706339 
0.000000 0.000000 0.000000 
0.000000 0.000000 0.000000 
595.704834 245.755676 0.737238 
591.290588 298.730682 0.859034 
582.518372 350.156525 0.860598 
585.412537 241.344727 0.664070 
581.052429 297.198578 0.819059 
575.115662 339.907288 0.668233 
625.124390 119.338722 0.862318 
629.575562 119.348763 0.610715 
604.592590 122.254395 0.963046 
0.000000 0.000000 0.000000 
18
629.598877 123.782745 0.956581 
598.652344 157.556259 0.801032 
605.941650 162.006577 0.861586 
606.034973 216.369202 0.953423 
616.341064 253.204590 0.934313 
592.768616 153.136978 0.704118 
0.000000 0.000000 0.000000 
0.000000 0.000000 0.000000 
595.698486 244.325241 0.736118 
591.289063 298.729950 0.848101 
582.520691 348.740448 0.862424 
585.418518 241.330444 0.653857 
582.427185 297.220947 0.828847 
575.139771 339.902924 0.664150 
626.582336 120.762894 0.893621 
630.978699 120.777779 0.562311 
605.983887 122.262146 0.956243 
0.000000 0.000000 0.000000 
18
631.042847 123.779579 0.945913 
598.637024 157.569382 0.812225 
605.942688 163.443634 0.851564 
606.028564 216.370804 0.947470 
616.307678 253.193207 0.936193 
592.758667 153.147766 0.713890 
0.000000 0.000000 0.000000 
0.000000 0.000000 0.000000 
595.705627 244.323105 0.731009 
591.290649 298.716858 0.847748 
582.518188 348.746460 0.861965 
585.438843 241.326981 0.651045 
581.055786 295.788666 0.825117 
573.670959 339.885345 0.682286 
628.028198 120.768272 0.929892 
631.038574 119.369499 0.410157 
606.070313 122.251595 0.918701 
0.000000 0.000000 0.000000 
18
633.956543 123.685486 0.949985 
598.633850 157.564957 0.811664 
604.567749 164.908676 0.853156 
606.024475 216.371918 0.950513 
616.304871 253.196152 0.943710 
592.806030 153.146683 0.697928 
0.000000 0.000000 0.000000 
0.000000 0.000000 0.000000 
595.719666 245.758804 0.725492 
591.288818 298.731659 0.848964 
582.506226 348.734619 0.865962 
586.895508 241.348145 0.636928 
582.444336 297.235199 0.832875 
578.040527 341.372070 0.662082 
629.513794 117.858078 0.914011 
0.000000 0.000000 0.000000 
614.789612 122.278824 0.901398 
0.000000 0.000000 0.000000 
18
635.410461 122.335571 0.900033 
598.623291 157.526077 0.805848 
604.574707 164.929474 0.859922 
606.024170 216.382401 0.960826 
616.311707 253.212189 0.944351 
592.786865 151.657822 0.699427 
0.000000 0.000000 0.000000 
0.000000 0.000000 0.000000 
595.743286 245.758484 0.713679 
591.295959 298.712524 0.838838 
582.502441 348.742798 0.862786 
586.899292 241.347046 0.641000 
582.485046 297.230530 0.830691 
576.578613 341.330414 0.657288 
629.585510 117.867363 0.878829 
0.000000 0.000000 0.000000 
617.717651 122.329857 0.956678 
0.000000 0.000000 0.000000 
18
632.469971 120.818932 0.666244 
598.633240 157.531235 0.799644 
604.590576 166.352051 0.838326 
606.028870 216.406097 0.957579 
616.309326 254.590942 0.938122 
592.768311 150.235901 0.703045 
0.000000 0.000000 0.000000 
0.000000 0.000000 0.000000 
597.153381 244.332321 0.705358 
591.288330 298.710815 0.845902 
582.499573 348.737946 0.859847 
586.909790 241.336258 0.635778 
582.440857 297.208618 0.828893 
576.607178 341.348541 0.656482 
629.579163 114.912994 0.775761 
0.000000 0.000000 0.000000 
619.287231 122.258011 0.891524 
0.000000 0.000000 0.000000 
