49
1
18
523.676758 157.494629 0.937056 
513.429626 170.806519 0.911446 
486.826477 170.869522 0.895208 
475.119568 222.279449 0.872800 
470.701355 264.921173 0.889744 
545.753052 170.744278 0.908673 
556.013245 216.366058 0.920906 
532.487183 231.144333 0.774996 
500.078888 261.941681 0.817288 
500.189392 314.902435 0.875774 
504.561737 364.875793 0.824616 
535.367249 260.456635 0.791454 
533.873352 313.437744 0.889435 
535.413818 361.960815 0.840363 
519.245239 147.318222 0.891981 
530.999878 147.335846 0.913956 
501.628815 139.930496 0.852307 
536.880432 135.555038 0.050630 
18
523.676636 157.506729 0.943930 
513.434204 170.807449 0.906892 
486.834198 172.240555 0.898376 
475.121216 225.191971 0.881112 
470.737000 264.931641 0.894012 
545.752075 169.393143 0.913274 
557.420959 216.332550 0.932049 
533.929749 229.679886 0.811935 
500.100494 261.931763 0.818103 
500.221313 314.912872 0.857376 
504.573517 364.859222 0.821159 
535.377075 260.452148 0.793819 
532.506470 313.450592 0.884609 
535.401123 361.956055 0.838446 
519.248657 147.327347 0.885879 
531.005432 147.355652 0.906807 
501.641541 141.374603 0.845289 
0.000000 0.000000 0.000000 
18
523.701050 157.503189 0.933887 
514.840210 170.811966 0.902490 
486.851044 172.240891 0.907606 
475.127533 225.207321 0.885849 
472.163727 264.920441 0.900929 
545.776917 170.748535 0.920664 
557.442017 216.366486 0.942648 
532.463318 229.657288 0.799113 
500.092834 261.924652 0.825846 
501.589569 316.365540 0.847605 
504.578491 364.885010 0.816221 
535.370972 259.029572 0.799259 
533.869324 313.445343 0.886501 
535.411865 361.962219 0.836977 
520.662903 147.334930 0.891731 
531.029114 147.350662 0.909376 
501.670197 141.397614 0.837165 
0.000000 0.000000 0.000000 
18
523.732788 157.518143 0.921973 
514.864502 170.812683 0.894273 
486.859344 170.861954 0.918105 
475.163239 220.791840 0.881175 
472.160950 264.877930 0.913861 
547.145203 170.785583 0.917651 
557.521118 216.372101 0.965139 
532.434814 229.547699 0.805610 
500.108429 261.925995 0.824227 
500.222290 316.352203 0.849817 
506.009247 364.886261 0.822065 
535.385010 260.460693 0.800257 
533.875122 313.437012 0.885636 
535.401001 361.948303 0.840046 
520.696411 147.348572 0.895747 
532.440796 147.361099 0.911608 
503.068176 142.860260 0.845190 
0.000000 0.000000 0.000000 
18
523.750183 157.548553 0.913213 
516.302429 170.799835 0.884113 
486.873688 170.835068 0.923826 
475.202881 219.324280 0.904739 
472.164612 264.835419 0.910234 
547.165222 170.778214 0.917050 
558.936584 216.388550 0.977196 
533.918030 225.184448 0.742188 
500.145905 261.949738 0.823832 
501.602997 316.358582 0.841661 
506.013641 364.883972 0.823476 
535.425232 261.906586 0.812893 
533.876038 313.447510 0.879082 
535.394104 361.954041 0.835908 
520.721436 148.729691 0.885190 
532.456360 148.737732 0.908286 
503.086884 142.871674 0.846310 
0.000000 0.000000 0.000000 
18
525.126831 157.592957 0.900429 
516.335938 170.791412 0.884729 
486.885223 170.845947 0.920960 
475.181915 219.365662 0.891910 
472.181458 263.469666 0.903439 
547.174377 170.745880 0.922526 
559.009888 216.414703 0.955718 
533.953247 216.406265 0.804336 
500.162781 261.936188 0.811984 
501.613770 316.365997 0.844292 
506.037506 364.889069 0.821492 
535.405701 260.476227 0.807238 
533.879761 313.464813 0.870225 
535.400696 361.954193 0.823939 
520.742920 148.781281 0.868926 
532.499207 148.771347 0.907105 
504.571411 142.851959 0.828797 
536.871460 139.882721 0.054759 
18
525.145203 159.005249 0.884985 
517.780029 170.774368 0.889524 
486.913330 170.824860 0.936003 
475.174774 220.786560 0.880753 
473.632233 264.886780 0.930023 
547.195740 169.365021 0.915004 
559.013000 216.378021 0.947418 
533.966736 207.554367 0.804820 
500.144379 260.480560 0.808111 
501.628876 314.916290 0.846195 
506.002197 364.864502 0.818255 
535.417664 258.994568 0.789701 
533.908203 313.470612 0.879859 
535.411987 363.417816 0.838616 
522.108337 151.667709 0.840724 
533.895081 150.224945 0.890377 
507.469696 144.314789 0.864646 
536.877319 142.859726 0.078528 
18
528.094299 159.116913 0.826544 
517.763245 170.736206 0.902238 
486.917816 170.863281 0.918137 
476.549744 219.334488 0.911939 
473.666290 264.835358 0.933408 
547.172485 169.278656 0.917578 
559.001770 216.371460 0.959262 
535.452026 200.180664 0.787370 
500.164215 260.487976 0.795714 
501.641296 316.361328 0.837515 
506.037292 364.876740 0.820464 
535.443848 258.997925 0.779258 
533.911194 314.862946 0.871883 
535.408081 363.407898 0.840631 
522.225708 156.035675 0.870012 
533.976685 153.172302 0.816601 
508.906952 145.735397 0.882799 
0.000000 0.000000 0.000000 
18
530.983215 160.536697 0.802269 
516.302795 169.384079 0.899849 
486.916748 170.855850 0.917146 
476.593964 219.330643 0.921649 
475.070770 264.886139 0.952344 
545.757874 169.248840 0.902383 
558.957153 216.378876 0.964937 
535.372803 192.820435 0.818256 
500.180634 261.953674 0.797593 
501.667786 317.813751 0.827315 
507.453522 366.309509 0.819803 
535.467346 259.025055 0.764492 
533.911499 314.904327 0.863627 
535.411438 363.428101 0.844671 
523.654175 157.473633 0.891713 
535.359070 156.113831 0.795991 
510.363892 145.828781 0.933949 
0.000000 0.000000 0.000000 
18
526.632629 160.491669 0.651341 
516.307434 169.349503 0.921231 
486.925812 170.820633 0.942558 
476.630310 222.262558 0.884645 
475.145081 264.902252 0.955367 
545.779297 167.862015 0.927307 
558.924805 216.371246 0.984306 
535.406189 182.612091 0.828922 
500.188812 261.952240 0.780436 
503.054138 317.825409 0.825610 
507.448975 364.891907 0.811669 
535.493896 259.023926 0.762409 
533.924316 316.338959 0.859774 
535.409485 363.428497 0.846656 
522.211609 156.115540 0.675154 
533.938232 157.492920 0.679459 
510.354156 145.745819 0.823450 
538.358093 147.288467 0.086185 
18
528.063538 159.066528 0.542942 
519.221375 169.324768 0.916954 
488.336090 170.804749 0.926779 
476.701141 219.330643 0.894054 
476.571564 264.907257 0.956794 
547.152405 166.398636 0.907975 
557.543762 216.304031 0.974825 
535.490662 181.049637 0.819477 
501.587860 260.475769 0.750966 
501.668549 316.366241 0.832395 
507.460846 364.888519 0.815585 
536.866882 257.533142 0.760219 
533.926208 314.923004 0.864707 
535.416809 364.857788 0.846761 
522.189453 156.029816 0.523578 
533.960449 156.054230 0.558310 
510.361084 145.735092 0.786896 
541.299316 147.337723 0.150173 
18
525.131592 159.094498 0.641795 
520.725037 169.295227 0.934206 
488.446747 170.772766 0.927657 
478.095886 217.925888 0.902037 
476.644897 264.865295 0.951205 
547.220947 166.385483 0.900095 
558.882019 214.914932 0.967530 
538.381531 181.058075 0.801383 
501.620514 258.997009 0.735191 
503.060455 314.922607 0.830352 
507.452393 364.891998 0.816097 
536.867798 256.073425 0.768580 
533.928894 314.873413 0.874165 
535.416687 364.845001 0.846661 
520.720398 154.643188 0.633664 
533.915955 156.086212 0.654979 
510.396393 145.736145 0.806060 
542.793823 147.312057 0.257680 
18
531.028503 159.014130 0.681321 
520.744873 169.297653 0.935061 
488.457520 170.770020 0.922150 
478.139496 217.931656 0.889616 
478.063446 264.857269 0.938610 
547.248291 166.357361 0.873887 
558.925171 216.291977 0.949894 
542.752808 181.097824 0.817472 
501.661530 257.559509 0.734172 
503.074585 314.913116 0.823954 
507.457977 366.319763 0.818609 
536.920105 256.066742 0.758497 
533.925476 314.870880 0.875788 
535.415283 364.848938 0.848308 
523.639771 153.164230 0.657511 
535.420471 151.693573 0.671861 
510.414764 145.796738 0.847067 
545.715637 147.217514 0.169008 
18
532.498840 157.575287 0.629449 
522.175720 169.326294 0.939790 
489.886292 170.767807 0.900360 
478.142731 217.917618 0.886204 
478.109802 264.844299 0.929434 
548.677673 167.807571 0.834245 
558.954712 216.331802 0.953375 
544.214539 181.107010 0.802878 
503.073517 260.483429 0.742323 
503.091675 316.335693 0.811303 
506.046204 364.856140 0.813801 
536.937683 259.008759 0.756434 
533.921814 314.906189 0.872721 
535.419128 364.854004 0.850253 
523.707520 150.210037 0.617160 
535.485352 148.778656 0.632951 
510.488495 145.792633 0.859176 
545.704895 145.852234 0.164060 
18
533.964844 157.501633 0.472664 
522.204956 169.311966 0.933651 
489.902893 170.770447 0.881676 
479.590240 217.914886 0.870993 
478.120941 263.489502 0.924100 
550.123108 166.396790 0.824696 
558.981384 214.916397 0.936563 
544.197632 181.035599 0.782520 
504.541779 260.466064 0.732934 
503.112061 314.912292 0.807034 
506.043610 364.847687 0.804123 
538.359863 258.997681 0.744839 
533.944336 314.878784 0.879237 
535.423950 363.423309 0.844940 
528.090027 148.761246 0.468354 
536.938660 147.329819 0.462276 
511.923553 144.353943 0.797822 
544.200745 144.315796 0.100511 
18
533.969055 157.555588 0.628487 
522.244507 169.314163 0.951583 
491.311615 170.783005 0.882125 
482.478210 219.295532 0.868963 
478.110474 263.477203 0.919992 
551.598083 166.407684 0.825663 
559.015930 214.932159 0.932368 
544.226563 181.031219 0.826115 
505.998901 260.456482 0.736346 
504.531982 314.902100 0.800919 
507.461823 364.851807 0.807441 
538.386230 259.004974 0.742039 
533.942444 314.872131 0.884714 
535.426819 363.427429 0.847995 
528.079102 150.219803 0.595084 
538.364014 147.345398 0.617759 
513.369995 144.362518 0.826841 
545.761597 144.337906 0.264347 
18
533.994080 157.564133 0.757983 
523.649231 169.306458 0.962235 
494.244080 170.764420 0.873108 
483.949432 219.322693 0.871355 
478.129303 263.437653 0.913173 
553.092468 167.811050 0.848044 
560.467834 214.904404 0.895727 
544.242371 181.051956 0.779752 
506.031342 259.025177 0.737150 
504.546875 314.913391 0.798736 
506.045288 363.421478 0.807954 
539.828613 259.007355 0.738282 
533.951599 314.901093 0.881305 
535.414795 363.409851 0.851509 
528.096191 150.211746 0.704499 
538.361084 148.734909 0.715808 
513.388611 145.736313 0.856596 
545.750671 144.320251 0.178155 
18
533.942444 157.500107 0.847098 
523.685120 169.307755 0.961790 
495.703125 170.775711 0.886764 
483.970245 222.247147 0.851412 
478.140564 263.358673 0.907857 
554.554016 167.819244 0.839838 
563.347717 214.930634 0.874808 
544.201904 181.124985 0.830211 
506.047668 260.480042 0.739048 
504.563568 316.364044 0.793464 
507.463562 364.859558 0.809609 
541.275330 260.464355 0.734178 
533.963501 314.923584 0.874128 
535.419678 363.417969 0.847617 
526.623596 147.363678 0.822298 
536.947876 147.334747 0.797563 
513.381653 142.890060 0.852098 
545.731018 139.912308 0.107679 
18
533.882141 157.551346 0.860888 
525.104309 169.359024 0.940442 
497.146240 170.761658 0.892760 
485.397278 219.369507 0.877038 
478.141174 263.373688 0.912845 
556.038818 169.276306 0.879502 
564.822144 216.333511 0.903124 
545.709473 181.105942 0.836458 
507.482727 260.478180 0.742551 
506.008118 316.355652 0.781275 
507.475647 364.874969 0.807744 
541.286743 261.904541 0.735217 
533.979431 316.363861 0.872033 
535.436218 364.859467 0.851512 
525.148560 148.755310 0.863038 
536.906311 148.755386 0.839498 
513.418640 142.876633 0.853621 
545.788696 142.871719 0.356243 
18
533.892700 157.530701 0.868819 
525.192200 169.358765 0.914926 
498.607910 169.394409 0.920045 
485.447754 219.362381 0.872249 
481.026703 263.371399 0.899454 
557.458923 169.300217 0.904998 
564.846924 216.358719 0.906613 
545.696045 181.063873 0.830337 
508.898285 259.036407 0.735417 
506.042816 316.369720 0.780653 
507.479950 364.882629 0.802306 
541.290833 261.908386 0.730154 
533.994629 316.346405 0.868981 
535.435608 363.422577 0.844754 
525.136902 147.358276 0.884642 
536.946533 148.715881 0.849712 
514.815063 142.868469 0.830281 
547.203369 142.885437 0.523021 
18
532.481323 157.570389 0.866743 
525.182312 169.339417 0.913549 
498.608795 169.397156 0.919434 
486.853210 219.326111 0.899951 
482.464935 261.950623 0.868415 
557.446655 169.253769 0.907727 
566.267212 216.304031 0.896745 
545.741516 181.025452 0.800542 
508.911865 259.005646 0.747390 
507.458923 316.376190 0.788775 
507.486053 364.885193 0.803535 
541.299988 260.459503 0.726538 
534.005859 316.340149 0.878370 
535.431091 364.855743 0.851908 
523.746277 148.755554 0.894535 
536.902283 148.769699 0.847754 
514.849243 141.414825 0.810020 
547.138428 142.877502 0.541171 
18
533.965637 157.575287 0.815379 
526.625854 169.347870 0.912823 
498.651886 169.391754 0.928822 
486.876129 219.356461 0.888381 
482.484406 261.964508 0.874368 
557.478516 169.277252 0.921366 
566.274536 214.898788 0.887769 
545.744934 178.170761 0.813211 
508.924225 259.002289 0.749362 
507.463593 316.365479 0.793174 
507.488037 366.329315 0.811544 
541.321045 259.030884 0.725176 
534.023804 314.914246 0.886561 
535.439880 364.857544 0.855027 
526.636902 148.793335 0.777225 
539.810669 148.785629 0.769217 
517.786316 141.407318 0.805156 
547.216614 142.874100 0.492182 
18
535.479126 157.571060 0.798954 
528.060364 169.331238 0.916400 
498.688110 169.394958 0.928821 
486.906677 220.782562 0.874263 
485.390015 261.953247 0.878816 
557.490356 169.253799 0.921576 
566.306641 214.911331 0.893358 
545.699585 178.161484 0.789153 
508.963135 258.993347 0.758505 
507.475189 316.366180 0.795740 
507.500702 366.308472 0.803405 
542.749023 259.026794 0.727239 
534.022278 314.910522 0.890300 
535.446716 364.869690 0.852560 
532.479187 150.189362 0.775850 
544.213440 148.775986 0.777793 
520.675781 141.411118 0.829218 
547.192993 142.858322 0.216093 
18
535.396851 157.625641 0.776485 
528.086548 169.310074 0.905539 
498.697845 169.380783 0.940549 
486.916504 219.314041 0.907906 
485.438538 261.971222 0.918600 
557.512390 167.864899 0.912230 
566.287903 216.323380 0.903991 
545.683899 179.617966 0.772664 
510.344360 260.452606 0.771035 
507.506042 316.383942 0.798742 
507.494995 366.323059 0.805765 
542.765015 260.481750 0.737862 
535.358887 316.344421 0.885786 
535.437683 364.870483 0.856209 
531.016846 151.683167 0.723200 
541.326477 151.680130 0.699305 
520.708618 142.833527 0.824220 
547.204529 144.347031 0.306937 
18
536.927124 157.595978 0.754607 
529.533386 169.301819 0.901053 
500.082916 169.379425 0.945601 
486.940735 219.313934 0.902309 
485.460510 263.374939 0.919002 
557.533630 167.865494 0.905844 
566.261353 216.298676 0.884562 
545.653748 179.631683 0.749420 
510.368958 259.005341 0.773521 
508.916687 316.365997 0.803548 
507.497070 366.335541 0.806838 
544.186707 259.034790 0.738102 
535.381958 314.903748 0.890046 
535.435364 364.861450 0.855128 
533.965149 151.661423 0.742845 
544.275757 150.225662 0.714606 
522.212280 144.308319 0.846553 
547.154236 144.313446 0.165355 
18
536.927612 157.615845 0.665281 
529.562439 169.316360 0.913240 
500.111633 169.388947 0.952635 
486.942902 219.371872 0.894543 
486.842773 261.957245 0.919447 
557.539795 167.870026 0.911427 
566.271667 216.318680 0.891223 
545.667358 178.166626 0.750579 
510.375519 259.017639 0.780285 
508.930969 316.354980 0.806548 
507.507172 366.358643 0.811084 
542.791443 260.459320 0.737698 
535.392639 314.875854 0.899247 
535.423584 364.878571 0.857081 
533.974365 151.702438 0.651491 
545.627136 151.668716 0.640831 
522.249329 144.287292 0.827210 
547.207642 144.344498 0.265928 
18
536.923157 159.028610 0.828634 
529.536011 169.283249 0.892938 
500.111755 169.380630 0.957237 
486.963684 217.903030 0.936229 
486.839325 261.911957 0.910162 
557.540344 166.404236 0.913098 
566.297424 216.310440 0.898922 
545.648132 178.168594 0.717938 
510.372192 259.011536 0.770856 
508.933350 316.342712 0.811175 
507.492798 366.339294 0.805174 
542.786194 260.457550 0.734874 
535.391846 314.870178 0.900628 
535.425476 364.888092 0.859154 
533.973755 153.161240 0.819343 
545.639160 153.169510 0.769056 
522.240356 144.353485 0.906287 
548.641724 145.736160 0.160120 
18
538.355652 159.009995 0.732180 
531.021729 169.253036 0.895525 
500.157776 169.352142 0.942969 
486.969940 219.331650 0.903229 
486.875214 263.347198 0.936648 
558.918518 166.380875 0.906148 
566.316406 216.312424 0.901871 
545.635864 175.216370 0.715691 
510.403625 259.008636 0.777807 
508.953308 316.331451 0.812946 
507.493317 366.347473 0.800308 
544.201843 260.452576 0.737800 
535.397827 313.470367 0.901350 
535.425537 364.888947 0.852780 
534.005493 153.136490 0.719621 
545.679260 153.158585 0.705656 
523.625366 144.332291 0.876670 
548.692261 145.747986 0.220762 
18
542.746033 159.027023 0.834910 
532.457092 169.259766 0.899223 
500.191254 169.354523 0.931269 
488.347351 217.855423 0.954603 
486.886780 260.512146 0.914552 
558.962952 166.398407 0.899019 
567.748474 214.928543 0.917185 
547.129639 179.627808 0.733726 
510.418945 260.452576 0.777334 
508.956665 314.922211 0.815128 
507.503754 366.352997 0.804330 
544.251038 260.467865 0.750367 
535.399048 313.471771 0.891311 
535.425903 364.858643 0.850526 
535.406982 153.138336 0.848833 
547.177429 151.670761 0.824148 
522.246948 145.733047 0.921066 
557.491089 145.810242 0.233344 
18
544.191895 157.611221 0.890581 
533.883728 169.280106 0.911387 
501.591980 169.370102 0.918623 
488.363037 217.850937 0.951341 
486.877167 260.508881 0.911458 
559.028259 167.823792 0.871085 
567.775513 216.338791 0.931415 
545.773865 179.604340 0.701651 
510.435760 260.492523 0.785861 
508.976227 314.912079 0.819028 
507.488739 366.357574 0.802360 
544.273438 261.908875 0.755850 
535.400879 313.470154 0.891089 
535.425232 364.862488 0.850530 
535.421204 148.803619 0.916196 
547.237671 148.775558 0.881444 
523.616516 145.752457 0.945308 
557.504395 145.764404 0.316964 
18
545.644592 157.573639 0.922059 
533.894897 169.312881 0.920452 
501.620819 169.388641 0.903679 
488.406830 217.880493 0.942398 
486.890778 260.474731 0.909478 
559.022461 167.847946 0.871793 
567.794800 216.317307 0.926705 
547.169861 181.042801 0.775289 
510.451294 261.901398 0.791884 
508.980652 316.347046 0.819591 
507.487762 366.344666 0.793947 
545.655457 261.923187 0.762872 
535.411316 314.887573 0.880161 
535.436340 364.866730 0.854668 
536.869080 148.783524 0.903090 
548.629272 148.739304 0.895276 
523.623474 145.766586 0.950013 
0.000000 0.000000 0.000000 
18
545.633362 157.577316 0.932090 
533.930420 169.291306 0.920239 
501.657867 169.374802 0.892197 
488.390839 217.934052 0.919428 
486.851624 260.478607 0.888658 
560.404358 167.852509 0.861301 
569.176880 216.314957 0.931434 
547.204041 181.109680 0.774813 
510.432434 260.490112 0.784114 
510.344543 316.354126 0.819223 
507.479553 366.336456 0.795263 
545.646606 261.909210 0.751204 
535.424438 314.873932 0.887748 
535.432739 364.874359 0.855140 
535.495117 148.759705 0.925307 
548.665039 148.727203 0.911783 
523.663452 145.767410 0.952319 
557.549805 145.719803 0.392124 
18
544.254822 157.615936 0.921810 
533.932983 169.262466 0.903604 
503.066193 169.350540 0.885348 
488.411926 217.919434 0.927233 
486.832031 259.039459 0.888757 
559.027954 167.834503 0.859468 
569.196045 216.323853 0.932584 
547.176575 181.106003 0.749613 
510.454132 260.457123 0.782699 
510.350800 316.355255 0.818202 
507.482422 366.355835 0.799800 
545.644043 260.490509 0.748336 
535.427673 314.876129 0.882538 
535.434448 364.870697 0.855577 
535.486755 150.190781 0.928212 
548.645203 148.772629 0.887989 
523.697510 145.737183 0.912786 
557.544067 144.293167 0.373302 
18
544.250000 157.610062 0.918088 
533.964783 169.271042 0.915793 
503.097870 169.339417 0.877173 
488.403778 217.897552 0.939246 
486.831940 259.011169 0.886619 
560.423645 167.872849 0.868927 
569.199951 216.395569 0.963265 
547.226257 181.067413 0.748337 
510.467621 259.021393 0.776627 
510.353455 316.351105 0.821556 
507.487000 366.349457 0.796758 
545.677368 260.469574 0.761304 
535.443604 313.460602 0.885988 
535.438904 364.869171 0.852548 
535.452332 150.209488 0.928710 
547.270508 148.734314 0.907872 
523.682922 145.815826 0.910648 
557.469177 142.862427 0.452607 
18
544.236450 157.568771 0.935716 
534.005615 169.286896 0.913077 
503.107178 169.341217 0.870530 
488.420380 217.857773 0.954702 
486.846954 259.004272 0.900867 
561.867737 167.887207 0.834479 
569.285889 217.791992 0.975963 
548.673462 184.051666 0.712041 
510.474884 260.484711 0.790019 
510.350067 316.342896 0.827618 
507.468719 366.355988 0.794272 
545.697571 261.934021 0.771051 
535.426758 314.880066 0.880579 
535.429688 364.874695 0.856271 
535.421265 148.782394 0.940441 
547.240784 147.335693 0.943921 
523.666077 145.848434 0.905615 
557.433472 144.289017 0.510317 
18
544.234436 157.527725 0.936270 
535.369568 169.301682 0.932373 
504.536255 169.351471 0.881345 
488.434998 217.825470 0.954741 
486.845703 257.561798 0.903781 
561.924805 167.884506 0.840436 
569.282654 217.803955 0.973479 
548.671753 182.616211 0.806155 
510.468109 260.458679 0.772169 
510.349945 316.347443 0.824659 
507.479797 366.356323 0.795745 
545.696106 261.917206 0.756356 
535.432617 314.878326 0.879019 
535.432007 364.859467 0.856551 
535.408997 148.743866 0.950184 
547.216614 147.295715 0.983042 
523.647400 145.833588 0.912827 
556.001099 142.872223 0.403789 
18
544.278259 157.585281 0.928403 
534.016846 169.315399 0.942221 
504.551208 169.356476 0.883466 
489.820282 217.832764 0.946606 
486.846375 259.015686 0.908877 
563.358398 169.271103 0.848358 
569.246521 217.808258 0.979883 
548.664551 181.076675 0.782556 
510.482025 259.034546 0.766544 
510.361420 316.373230 0.832587 
507.470459 367.779114 0.800536 
545.700195 260.498383 0.754067 
535.450439 314.905853 0.879373 
535.418396 364.882446 0.855622 
535.487122 148.787277 0.928777 
548.651672 148.722031 0.892040 
523.671875 145.771469 0.943301 
557.469727 144.270355 0.235352 
18
545.744934 157.529327 0.921603 
533.970825 169.268402 0.943571 
503.100708 169.326630 0.868637 
489.828033 217.895218 0.927696 
486.851776 259.015564 0.904719 
561.867981 167.885696 0.857800 
569.266785 216.431458 0.984141 
548.658020 182.517334 0.855045 
510.489563 257.550873 0.763458 
510.373444 316.337219 0.839444 
507.462891 367.800293 0.808079 
545.717285 259.003967 0.753776 
535.455750 314.884277 0.877098 
535.422424 364.878021 0.845634 
538.404053 148.735336 0.868008 
550.163574 147.356049 0.902135 
525.170593 144.340378 0.797850 
557.517456 144.349213 0.179367 
18
548.710999 156.056015 0.769312 
533.980713 169.265808 0.956237 
504.526672 169.315598 0.869096 
489.829010 217.873062 0.935583 
486.833252 257.568237 0.893454 
561.871460 167.829468 0.870615 
569.236389 216.415894 0.975031 
548.638428 181.085770 0.864582 
510.490662 257.546478 0.766589 
510.380798 316.335510 0.839387 
507.468628 367.783600 0.807017 
545.708679 258.995697 0.753953 
535.466492 313.467346 0.885267 
535.433105 364.854584 0.850953 
545.698914 147.330261 0.843397 
555.976013 147.253021 0.783057 
526.600891 145.732086 0.803744 
0.000000 0.000000 0.000000 
18
550.127563 156.092575 0.571335 
534.019958 169.287720 0.954591 
506.020752 169.291733 0.869290 
489.831055 217.822418 0.947097 
486.835266 257.530182 0.900683 
561.919250 167.887390 0.850858 
569.233154 216.426590 0.965450 
548.644409 181.032532 0.849144 
510.491882 258.995422 0.766225 
510.389465 316.342651 0.842684 
507.472046 367.781647 0.805123 
545.708252 260.458038 0.756442 
535.453552 314.866516 0.874499 
535.428711 364.848724 0.848517 
547.152344 148.744080 0.594714 
556.016357 147.281601 0.551505 
533.956360 144.363678 0.685982 
551.588989 139.938873 0.070840 
18
556.028870 148.794678 0.570788 
534.013794 169.281845 0.949652 
505.996521 169.267395 0.866658 
489.816132 217.801849 0.949840 
486.820435 256.093628 0.908542 
561.901306 167.880676 0.853441 
569.204224 216.409653 0.964585 
548.693909 181.011734 0.836089 
510.483551 258.990479 0.768111 
510.396545 316.349823 0.844899 
507.467224 367.795502 0.811982 
545.703613 260.458130 0.756568 
535.449280 314.884247 0.875882 
535.425293 364.840881 0.850891 
548.685852 147.237045 0.571635 
557.469482 145.796265 0.497288 
535.425659 144.362976 0.615215 
0.000000 0.000000 0.000000 
18
547.230286 151.684036 0.416362 
534.005310 169.269272 0.945248 
504.547668 169.265991 0.866358 
489.824280 217.795181 0.950188 
485.458435 256.061432 0.904997 
561.923828 167.876648 0.835454 
569.165649 216.392578 0.953895 
550.143005 181.034317 0.833104 
510.487152 256.089447 0.766384 
510.391632 314.907715 0.848693 
507.476746 367.783478 0.807177 
545.687378 257.549194 0.753492 
535.450439 313.454346 0.885999 
535.431763 364.847168 0.851463 
544.243408 145.847244 0.388068 
551.590393 145.843811 0.440736 
528.088867 141.402191 0.524180 
557.421692 145.701370 0.342322 
18
545.701416 150.245071 0.530051 
533.986938 169.263885 0.938182 
504.524567 169.285782 0.875984 
489.828339 217.794601 0.957848 
485.454773 256.083435 0.909156 
561.889465 169.248230 0.836786 
569.188354 216.394073 0.964341 
550.156982 181.057480 0.829273 
510.497772 257.530121 0.769351 
510.373932 316.345337 0.842239 
507.492889 367.800049 0.821288 
545.698547 258.995239 0.751107 
535.462463 313.458679 0.887926 
535.429565 364.863159 0.861124 
538.368652 145.785568 0.514825 
548.651917 145.834152 0.562495 
525.171509 139.922073 0.678056 
557.471863 144.361389 0.442700 
18
545.674255 154.609299 0.575545 
533.978638 169.292801 0.949547 
503.110535 169.300903 0.874875 
488.442413 217.828201 0.964915 
485.455719 257.535889 0.905450 
560.474243 169.288116 0.854360 
569.244446 216.409271 0.978889 
548.720703 181.109192 0.855607 
510.479889 259.002869 0.777373 
510.366760 316.366425 0.832134 
507.490845 367.803009 0.811427 
545.697876 260.456116 0.754425 
535.456421 313.459747 0.888525 
535.421570 364.869812 0.859258 
538.339905 147.253036 0.583615 
547.275513 147.266891 0.612735 
525.167725 142.833771 0.656523 
557.463196 144.354980 0.360806 
18
545.770508 153.151413 0.570776 
533.985107 169.299210 0.949840 
503.117706 169.307098 0.874742 
488.434235 217.827499 0.968062 
485.455627 257.561096 0.903590 
561.872864 169.282745 0.844460 
569.230896 216.396286 0.972359 
550.115967 181.104050 0.858414 
510.475739 259.020264 0.776423 
510.365936 316.358002 0.829375 
507.488068 367.789276 0.808981 
545.692810 260.478607 0.754624 
535.454529 314.871033 0.879196 
535.429016 364.853027 0.859746 
541.286560 147.219620 0.565380 
548.712952 147.206680 0.609174 
525.167480 142.851242 0.685333 
557.482422 144.358353 0.291707 
18
547.153198 153.155701 0.495062 
533.982239 169.277191 0.944238 
503.107941 169.280609 0.870375 
488.432556 217.838211 0.962338 
485.439484 257.532898 0.900195 
561.869141 169.268188 0.855836 
569.183350 216.385834 0.962414 
550.101501 181.061935 0.843029 
510.475159 258.990967 0.769352 
510.373260 316.377411 0.827485 
507.487396 367.777893 0.803384 
545.685486 259.031708 0.749885 
535.449951 313.461731 0.883308 
535.424805 364.852386 0.853253 
542.752869 147.222733 0.482026 
550.102356 147.217285 0.518354 
526.607300 142.853027 0.630716 
557.425476 144.333054 0.249035 
18
545.645386 154.592468 0.479512 
534.020081 169.260056 0.924319 
505.992004 169.253769 0.866073 
488.423615 217.861679 0.957714 
485.418549 257.537506 0.882791 
563.347229 169.246262 0.819032 
569.190979 216.378616 0.951076 
551.582947 181.017776 0.801938 
510.470032 257.553894 0.773422 
510.380219 316.349426 0.837035 
507.490326 367.766846 0.804080 
545.678162 260.459320 0.751569 
535.450134 313.447693 0.887169 
535.427856 364.844055 0.851892 
536.940247 147.224319 0.476237 
547.220337 147.291626 0.511845 
525.172607 142.853104 0.599895 
555.962830 145.719498 0.303191 
18
547.141846 153.135254 0.562949 
534.001282 169.267624 0.936228 
504.546356 169.280365 0.880084 
488.430695 217.799713 0.964970 
485.405365 257.547058 0.891165 
561.894592 169.253159 0.835022 
569.210266 216.357544 0.957838 
550.159302 181.018982 0.795009 
510.484161 256.101532 0.783188 
510.378998 314.908203 0.843172 
507.480560 366.369202 0.803892 
545.703552 258.992920 0.757779 
535.455994 313.429565 0.893871 
535.427002 364.851837 0.857261 
541.325623 147.215378 0.567506 
548.711182 145.866501 0.574535 
525.164368 144.345886 0.692225 
557.436707 144.351837 0.147573 
18
545.683105 154.597717 0.673663 
533.987488 169.285156 0.941793 
503.118805 169.302032 0.879492 
488.427094 217.813156 0.965520 
485.422638 257.569489 0.896512 
561.895142 169.262192 0.832874 
569.214600 216.374725 0.963604 
550.111328 179.651276 0.812908 
510.476654 258.994141 0.779134 
510.384277 316.335205 0.843440 
507.485931 367.803894 0.819634 
545.682373 260.450531 0.757337 
535.454956 313.462738 0.889134 
535.437561 364.893188 0.860924 
536.912720 147.250610 0.687425 
547.262573 147.233810 0.719460 
523.729553 145.751343 0.758958 
557.494141 145.723160 0.303955 
