67
1
18
514.817871 198.756271 0.856308 
514.841003 217.937012 0.870009 
495.706451 219.337250 0.861726 
498.661072 256.066956 0.895925 
523.662781 276.671631 0.967256 
535.508362 219.297394 0.867128 
545.660156 251.648911 0.904785 
542.786011 275.242188 0.885596 
510.459808 269.322144 0.781969 
522.178833 298.649811 0.841842 
516.294983 338.423737 0.761780 
535.439880 267.862915 0.756268 
536.943542 298.748596 0.835150 
533.871887 356.021271 0.826410 
510.480194 194.335281 0.966464 
520.734741 194.314728 0.915069 
504.577057 194.400436 0.762489 
525.175537 194.354218 0.809399 
18
516.338623 195.795502 0.877143 
514.841187 219.305893 0.867585 
494.282684 219.316010 0.852030 
498.650146 256.079468 0.891904 
523.710815 276.675629 0.978063 
536.873962 219.319183 0.858067 
544.266724 251.684097 0.904490 
544.186462 275.240570 0.885984 
510.431061 270.785858 0.785505 
523.651855 298.651123 0.776664 
517.805115 338.400299 0.678309 
535.382813 269.311401 0.764767 
536.948853 300.122681 0.809622 
532.489502 356.036346 0.715125 
511.912262 192.872269 0.969094 
522.201843 192.884613 0.945479 
507.470245 194.271103 0.829890 
528.078491 194.319107 0.782755 
18
520.688354 194.365555 0.942458 
513.430603 217.935806 0.880346 
494.261444 217.915253 0.858952 
498.626007 256.054626 0.889724 
523.709229 276.677368 0.963773 
535.491577 219.337677 0.869409 
544.218933 251.700043 0.903431 
542.775024 275.237122 0.887503 
510.404388 270.764496 0.778508 
523.638611 297.260742 0.796968 
517.784363 338.395874 0.731512 
533.971802 267.874329 0.756365 
538.367493 298.707764 0.810100 
532.497131 356.061188 0.803057 
513.388977 192.778427 0.916569 
523.656433 192.826126 0.958931 
508.918793 192.834518 0.889138 
531.020081 194.294373 0.786978 
18
522.129822 194.328537 0.985848 
514.871948 219.302307 0.866502 
495.718323 219.296539 0.854833 
498.663177 256.059845 0.877952 
523.720093 276.692932 0.950770 
536.876282 219.369751 0.842505 
544.231140 253.092957 0.900155 
542.767944 275.242828 0.885163 
510.408081 269.310364 0.781052 
523.623596 297.253296 0.809343 
517.774353 336.987091 0.748117 
534.016052 267.839325 0.766451 
538.388000 298.708405 0.810359 
532.489929 356.064209 0.804348 
514.872864 191.382950 0.891330 
523.740112 192.799164 0.947729 
510.348541 192.817993 0.873062 
532.497131 194.316223 0.792357 
18
522.174072 194.318497 1.000977 
517.761414 217.934143 0.865869 
497.147400 217.903992 0.867832 
498.648590 254.646805 0.879424 
523.704468 276.685181 0.951810 
536.952271 219.375992 0.819027 
544.240784 253.124634 0.898610 
542.768066 276.601898 0.879595 
510.395691 269.289490 0.782986 
523.612122 298.628052 0.829299 
517.776794 336.957672 0.767813 
534.011597 267.861206 0.770024 
538.392517 298.727112 0.815013 
533.863525 356.057678 0.826872 
516.338318 191.367615 0.892101 
525.150391 192.796936 0.938004 
510.399292 192.806137 0.874018 
533.909851 194.315323 0.830421 
18
522.203979 194.313995 1.000599 
519.253540 219.301575 0.873436 
497.171539 217.918930 0.884081 
498.611084 254.591843 0.906998 
523.690247 276.651642 0.965726 
541.290588 219.361664 0.817721 
545.638123 253.114700 0.899237 
542.749207 275.235901 0.861877 
510.385651 267.857269 0.795763 
522.224731 297.249268 0.796104 
517.792236 336.974121 0.721519 
535.388367 267.859772 0.772430 
538.349426 298.699554 0.814387 
532.492920 356.049988 0.772803 
517.783875 191.356079 0.888389 
525.192078 192.789658 0.923456 
510.423187 192.821930 0.853533 
533.954407 194.346313 0.836701 
18
522.220703 194.292084 1.005449 
520.698792 219.297302 0.890332 
497.223328 217.908249 0.891033 
498.661407 253.210358 0.941550 
523.691772 276.664795 0.953211 
542.755615 219.360123 0.833158 
545.664490 253.146301 0.915085 
542.750061 276.662201 0.870712 
510.367157 269.322357 0.809105 
522.107727 297.234589 0.831186 
517.778992 335.453857 0.801458 
535.375793 270.778168 0.797811 
536.900452 298.759399 0.825147 
532.497498 357.454926 0.828049 
517.804321 191.339218 0.885343 
526.580505 192.764954 0.913648 
510.449371 192.821136 0.854094 
533.956909 194.319260 0.843211 
18
522.243042 194.290573 1.003507 
522.114258 217.926132 0.908122 
498.637115 217.868301 0.898396 
498.659882 253.139633 0.951528 
523.647278 276.643860 0.975610 
544.199341 219.353516 0.850037 
545.672302 253.121994 0.911058 
542.738159 276.642151 0.871961 
510.410156 267.856781 0.817254 
517.787598 295.756592 0.787424 
514.851196 335.461823 0.830899 
535.425781 270.755188 0.790911 
535.496826 298.743591 0.875621 
532.450745 356.055695 0.824875 
519.223511 191.340622 0.889812 
526.597961 191.400421 0.903442 
510.468689 192.820816 0.832187 
533.984619 194.281479 0.845244 
18
522.257874 194.318573 0.992506 
522.142151 217.911362 0.920469 
498.689087 217.853760 0.910718 
497.226471 253.106476 0.930104 
522.233826 275.231140 0.989971 
544.209717 219.337967 0.851779 
545.676331 253.112366 0.924111 
539.827332 276.623901 0.868830 
508.922302 266.378937 0.809189 
511.985870 291.388733 0.791559 
511.958252 339.865479 0.803796 
533.994690 267.865723 0.805305 
535.398499 298.729095 0.883600 
531.030701 357.484985 0.819136 
519.246643 191.386200 0.899795 
526.614929 192.775192 0.901539 
511.845062 192.877426 0.817194 
535.365051 194.296753 0.898836 
18
523.648254 194.350845 0.980834 
522.157349 217.919205 0.913979 
498.705994 217.847412 0.914827 
497.181641 253.117767 0.899557 
522.179871 276.659698 0.971479 
544.218689 219.377365 0.838187 
545.657959 253.143433 0.909286 
538.338501 276.611603 0.863323 
506.010284 266.358551 0.805867 
511.875122 295.755554 0.790441 
511.856476 342.827087 0.865970 
532.495972 269.336060 0.782194 
533.941284 301.638367 0.864893 
531.013916 357.482208 0.809094 
520.684753 192.769333 0.913795 
528.088562 192.796326 0.897215 
511.886841 192.889832 0.839105 
535.411926 194.262985 0.881922 
18
523.691711 194.368774 0.968819 
522.193848 217.915268 0.925131 
500.080597 217.821609 0.924957 
497.176880 253.092499 0.902270 
520.721069 276.671448 0.922132 
544.240112 220.795547 0.837569 
545.635681 253.166794 0.889014 
536.900330 276.661957 0.872716 
507.461121 267.846466 0.782888 
510.371826 300.169098 0.744634 
510.386292 345.784393 0.897871 
532.495056 272.233856 0.774918 
533.874512 306.073151 0.822344 
531.031555 357.505188 0.828521 
520.741150 192.780853 0.929917 
530.973755 192.807114 0.898953 
511.940857 192.880569 0.837019 
535.477295 194.258469 0.874322 
18
523.709900 194.364639 0.970083 
522.225342 217.935089 0.932354 
500.132965 217.850754 0.926199 
497.228333 253.138275 0.910459 
517.785400 278.120239 0.873058 
544.262512 220.830856 0.840346 
544.255066 253.138458 0.903724 
535.451965 276.637665 0.940647 
506.017212 270.758606 0.765576 
508.945251 304.595520 0.788343 
504.555786 351.627350 0.802303 
531.033630 273.703918 0.770271 
531.036682 308.996490 0.797414 
531.012451 358.970245 0.875740 
522.112549 192.781845 0.930406 
531.001953 192.791183 0.901361 
511.969238 192.900833 0.808527 
536.888184 192.905045 0.900975 
18
523.733032 194.346954 0.976459 
522.239563 217.922028 0.938568 
500.155243 217.829956 0.934914 
497.209900 253.138702 0.887364 
514.856873 278.128052 0.888208 
544.268921 222.236603 0.846838 
544.219238 253.134262 0.894888 
535.375916 276.598846 0.940183 
501.656830 269.282349 0.794230 
504.532654 306.069061 0.808680 
501.612793 353.103607 0.830095 
529.557495 273.670288 0.748034 
528.093628 300.245850 0.797276 
529.554993 357.554413 0.849577 
522.133118 191.412598 0.928262 
532.427979 192.769211 0.911401 
513.350647 192.898392 0.777367 
536.932922 192.903961 0.906316 
18
525.107971 194.324921 0.969938 
523.594177 217.918762 0.946993 
500.184265 217.821609 0.931290 
497.162231 253.117844 0.887350 
513.367981 278.146973 0.907492 
545.656128 222.253433 0.857244 
544.181946 253.150787 0.898408 
533.977051 276.646088 0.940240 
501.608795 270.762238 0.806273 
501.591003 306.060150 0.835040 
501.601654 351.617889 0.828550 
528.084717 273.745239 0.766809 
525.199707 303.127197 0.813785 
529.535156 358.950012 0.858445 
522.167969 191.388535 0.930544 
532.454407 191.401382 0.914692 
513.383484 192.887909 0.764126 
538.341553 192.908524 0.908002 
18
525.114136 194.343842 0.972722 
523.593140 217.927658 0.943323 
500.191498 217.839005 0.925447 
497.147949 253.101776 0.870894 
511.941895 278.118805 0.913732 
545.653809 222.263290 0.859776 
542.795837 253.135086 0.906016 
533.960083 276.613281 0.937425 
500.197174 272.224609 0.820050 
500.101898 310.416229 0.860155 
500.198273 356.074615 0.863599 
526.623474 275.156982 0.786053 
525.153992 308.989288 0.820191 
529.522278 358.999634 0.865831 
522.171570 191.408691 0.940148 
532.457886 192.766266 0.923218 
513.385010 192.892166 0.762068 
538.355164 192.893265 0.903294 
18
525.116333 194.373016 0.963017 
523.616699 217.914078 0.934416 
501.591217 217.805511 0.917900 
495.719757 251.662323 0.856295 
511.905853 276.663818 0.905318 
545.663635 222.267944 0.856490 
542.778870 253.142242 0.898532 
533.940979 276.644623 0.945563 
500.172363 270.776001 0.832194 
500.081848 308.969574 0.832681 
500.075958 358.959106 0.887824 
525.189453 275.163666 0.794223 
523.744873 310.440155 0.840051 
528.053467 359.022034 0.870962 
522.165405 192.795395 0.945778 
532.450684 192.787338 0.923309 
513.379028 192.909622 0.744913 
538.354736 192.876923 0.894777 
18
523.751465 195.774765 0.944906 
523.634766 217.903412 0.926427 
501.637238 216.433868 0.914850 
494.280457 250.207001 0.853989 
510.473358 275.113403 0.896225 
545.663940 222.285309 0.850129 
542.749939 253.129883 0.896350 
533.972351 276.618195 0.961991 
500.170410 269.292542 0.839157 
500.115234 307.538727 0.852542 
498.667023 358.974731 0.914943 
525.152832 275.147491 0.821005 
523.719788 310.490723 0.895035 
526.583130 358.992737 0.895785 
522.165222 192.842682 0.956138 
532.438904 192.837967 0.919473 
513.387756 194.284210 0.724622 
538.346069 192.919983 0.894509 
18
525.121643 195.850769 0.931634 
523.651672 217.918762 0.914541 
503.063690 216.433838 0.899696 
495.715851 248.731155 0.853097 
507.489594 272.218414 0.846466 
545.678528 223.733810 0.851431 
542.740601 253.141479 0.900180 
533.935669 276.626831 0.961881 
500.124969 270.762054 0.841765 
500.121063 311.915039 0.896664 
498.681610 358.993713 0.908979 
525.123840 275.172791 0.840735 
523.735535 313.430908 0.893391 
525.133484 358.970459 0.925894 
522.193909 192.902100 0.979517 
532.464600 192.895676 0.925628 
514.816711 194.330399 0.706667 
538.358521 194.289154 0.872464 
18
525.124573 201.652115 0.900724 
523.666931 219.339859 0.912001 
503.075623 217.856888 0.897915 
495.695038 247.276505 0.832100 
500.142914 267.870667 0.852961 
545.712097 223.751053 0.851043 
544.266052 253.066711 0.929282 
533.880920 275.253052 0.926370 
501.610046 272.219696 0.801287 
500.146729 311.924103 0.938494 
500.087860 357.457703 0.883113 
526.614990 275.161194 0.804453 
523.683289 312.004852 0.893192 
523.615845 357.543427 0.953166 
522.191223 194.364700 0.970901 
532.475403 194.356445 0.920039 
513.401306 194.411362 0.732080 
538.375977 194.378967 0.839337 
18
525.121033 204.545258 0.935080 
523.717529 219.321640 0.924943 
504.542969 217.841476 0.912018 
494.256958 247.266388 0.831436 
498.618561 269.311584 0.861463 
545.761475 223.721802 0.863589 
545.694092 251.728699 0.956214 
533.880432 275.227020 0.920453 
503.097321 267.826294 0.794876 
500.172546 308.961975 0.858092 
500.148651 353.129791 0.859834 
529.538086 273.675140 0.762362 
523.681335 309.010254 0.859946 
522.158264 354.549469 0.904760 
522.202454 197.258606 0.929188 
532.453003 197.261169 0.878836 
514.851318 197.274017 0.559420 
538.368835 198.707397 0.821359 
18
525.115356 206.084351 0.976369 
525.163757 219.352661 0.889796 
504.556732 217.912766 0.923167 
494.261688 251.625504 0.841544 
489.896545 278.110413 0.874854 
547.214600 223.750061 0.875484 
545.677368 253.143723 0.937578 
532.444519 276.642059 0.927975 
507.445343 264.909363 0.827316 
500.205261 303.139984 0.858502 
500.210205 353.129272 0.834735 
531.038147 269.313477 0.733039 
523.701233 306.056610 0.845969 
520.705994 351.666046 0.873863 
522.190491 203.138306 0.976156 
532.464539 203.138412 0.927361 
514.825134 203.095657 0.426194 
539.840576 203.099518 0.851972 
18
525.102356 211.938400 0.917905 
526.617554 222.272446 0.833058 
505.990784 220.796082 0.862682 
494.232697 257.539001 0.729951 
488.438843 289.942719 0.893852 
548.658142 226.623184 0.855515 
545.678894 254.587051 0.908013 
531.033447 276.707733 0.940416 
506.035004 264.955048 0.780935 
501.655792 304.595490 0.738728 
501.601471 353.103546 0.814709 
532.481995 269.306580 0.711366 
525.112122 306.055206 0.849402 
520.672546 353.092743 0.840246 
522.180847 206.057678 0.999926 
532.452393 206.051346 0.949659 
514.822998 204.609558 0.370494 
539.854675 204.601974 0.922258 
18
523.751892 216.356934 0.943728 
528.068481 226.651108 0.855304 
506.021912 225.211166 0.830892 
495.728882 263.457092 0.759679 
488.364655 298.713074 0.982591 
550.103455 228.087219 0.842507 
545.721191 256.063110 0.889942 
532.468750 278.184570 0.925020 
508.931763 264.902679 0.732739 
505.984192 304.600464 0.682030 
501.644196 356.022522 0.774232 
535.385742 266.386169 0.711497 
528.047241 301.686554 0.843093 
520.729126 353.117828 0.818827 
522.170837 210.471802 0.919134 
532.430725 209.059555 0.865715 
514.818237 207.604828 0.397732 
539.860046 207.586227 0.876739 
18
523.700745 219.303207 0.953652 
528.051697 229.627228 0.832902 
508.934875 235.478653 0.821790 
497.225861 272.265564 0.776939 
488.361633 303.153107 0.938480 
548.647949 228.184723 0.828570 
547.132690 256.104279 0.845503 
533.929077 279.629944 0.940868 
511.927887 266.406982 0.732972 
507.505768 300.160553 0.609829 
501.634521 356.053345 0.772231 
539.820313 264.950867 0.671473 
530.971863 298.760895 0.867705 
522.109436 354.564453 0.838431 
520.740295 216.390182 0.986889 
530.986267 216.350632 0.929363 
513.358215 216.348969 0.408441 
538.359619 214.885498 0.866396 
18
523.674011 228.073669 0.953471 
525.148560 232.553436 0.790077 
507.467499 239.952209 0.765523 
498.613037 276.723694 0.800173 
488.431274 309.005554 0.891568 
547.256897 228.185715 0.828251 
547.194336 257.516937 0.828403 
535.372253 279.620239 0.981653 
513.398560 264.863098 0.691618 
506.019623 300.221008 0.517657 
500.204590 357.459503 0.775966 
542.786011 264.854919 0.671468 
532.444519 298.703430 0.910936 
520.744934 354.575745 0.842871 
519.272400 220.799026 0.901929 
529.523682 219.372543 0.868773 
511.852814 217.869125 0.582086 
536.893372 217.860779 0.890547 
18
522.195984 229.695526 0.934065 
523.707825 234.012573 0.777012 
506.018341 245.764511 0.599624 
498.586670 285.456085 0.797274 
489.826813 310.529572 0.869885 
547.165039 228.191376 0.844572 
550.161438 254.635864 0.754615 
536.874878 282.521301 0.974102 
511.881531 263.407043 0.708121 
510.364960 303.123138 0.596386 
500.203796 357.536499 0.805620 
542.767883 263.399567 0.746347 
533.945496 300.193756 0.895496 
520.742920 354.602509 0.825397 
514.882263 228.148804 0.951016 
525.128113 228.104889 0.905514 
510.419525 222.278366 0.422451 
535.416260 222.286331 0.879698 
18
519.229736 238.436722 0.872177 
522.251160 238.409805 0.827496 
501.632019 251.711365 0.705785 
497.217010 288.431061 0.802347 
494.275177 319.275879 0.778983 
545.653442 229.608963 0.844137 
553.047241 254.627762 0.828245 
538.370178 282.548920 0.968004 
511.889160 266.363342 0.689620 
510.416931 308.982178 0.655035 
500.224182 357.465485 0.805245 
542.790588 264.892029 0.772807 
535.392395 306.061188 0.870867 
520.696899 355.993958 0.842373 
511.962769 234.008926 0.868411 
522.202820 231.127899 0.839851 
508.901764 229.579941 0.367531 
532.489136 228.081436 0.780492 
18
516.306396 242.824509 0.860584 
522.139099 244.313446 0.857974 
500.188141 259.020477 0.780037 
497.205109 295.764465 0.808970 
497.157379 323.765564 0.845351 
539.848083 238.385284 0.786980 
551.595093 258.998901 0.784425 
539.817932 281.097351 0.927713 
516.303894 273.682678 0.641754 
510.446716 310.471405 0.690442 
500.167114 359.005341 0.761917 
544.255249 269.298553 0.744216 
535.472656 303.147491 0.893329 
520.695129 353.136993 0.865456 
511.891663 239.965363 0.926445 
522.121277 239.887299 0.857465 
507.445038 239.825729 0.337504 
528.103516 234.029053 0.712638 
18
513.372314 250.134521 0.821828 
520.725952 245.773697 0.846352 
500.143799 261.910980 0.834833 
498.622772 298.679657 0.854372 
497.199280 328.129272 0.774049 
538.344482 236.953400 0.786274 
555.954529 256.100403 0.781501 
541.306396 279.635559 0.904578 
519.241882 273.737183 0.617453 
510.379364 309.008728 0.582389 
500.196503 357.481537 0.697024 
545.732422 266.403351 0.753779 
536.879089 301.636597 0.890239 
520.718384 353.102051 0.886797 
510.411407 244.313019 0.796238 
516.335388 241.450012 0.780559 
500.184052 241.352020 0.212294 
523.728943 239.824677 0.749352 
18
513.422241 253.077927 0.840076 
520.666138 247.235733 0.815714 
500.094696 263.357758 0.812206 
498.634277 300.140869 0.829213 
497.176453 333.953491 0.667121 
536.900269 238.427719 0.790016 
550.131042 257.523682 0.766116 
539.866089 279.593262 0.910784 
519.229492 273.740112 0.623599 
508.941071 307.525208 0.604925 
500.169647 357.511047 0.725825 
545.679565 267.844391 0.752645 
536.886841 301.688995 0.900425 
520.746033 351.674194 0.886176 
510.465179 251.593964 0.818581 
519.241760 248.702835 0.760787 
501.587006 245.794540 0.240900 
523.724548 241.335388 0.750696 
18
514.861084 254.618256 0.824984 
517.792419 250.164536 0.822600 
498.678894 264.859741 0.819131 
498.664978 300.243408 0.795901 
497.202911 335.471863 0.681548 
535.478333 239.883041 0.820354 
547.223511 257.529907 0.786825 
536.946167 281.060852 0.943899 
514.862305 275.122192 0.624594 
508.922211 306.080261 0.671918 
500.216614 356.065857 0.715464 
544.270630 266.403076 0.737156 
536.892639 301.661072 0.898218 
522.117554 353.129333 0.881521 
511.839020 253.093292 0.872190 
519.274963 251.626877 0.815570 
501.593872 251.616989 0.503594 
523.707642 242.835678 0.704535 
18
511.980316 260.480133 0.844735 
516.325195 251.683334 0.800431 
498.618347 267.830170 0.785471 
498.631317 303.140198 0.798697 
497.162994 336.931274 0.633535 
535.473328 241.375671 0.796843 
548.685913 256.077240 0.738574 
536.930237 279.634277 0.934488 
516.304993 273.713409 0.537345 
508.911285 307.549072 0.667063 
500.198883 357.492889 0.733798 
545.690918 264.934845 0.672556 
536.887451 301.626007 0.879453 
522.112183 353.112183 0.872309 
510.354156 254.609116 0.819462 
516.303345 253.140915 0.822668 
498.699432 253.082764 0.487878 
523.652161 247.250458 0.704611 
18
511.928253 261.903595 0.877146 
516.295837 253.124756 0.836747 
497.217102 267.822174 0.806752 
497.213226 303.113098 0.787391 
497.174225 335.477142 0.731136 
535.437805 242.841599 0.809946 
550.106384 257.539032 0.731094 
536.922729 281.076233 0.966259 
514.864624 275.217407 0.544062 
507.509369 310.433319 0.661636 
500.219452 358.978607 0.665850 
545.722412 266.367340 0.668257 
536.878784 301.664398 0.865299 
520.740112 354.592468 0.851868 
508.953308 254.659683 0.810692 
514.824158 253.187393 0.834779 
498.683502 253.166046 0.447722 
522.247559 248.715820 0.734082 
18
511.885681 261.951111 0.874071 
513.399536 251.626587 0.846574 
492.793701 264.883545 0.739477 
498.589172 301.686584 0.794770 
497.227234 334.040710 0.724504 
535.431946 241.391556 0.807793 
547.235596 257.526978 0.765353 
535.497620 281.078369 0.984289 
510.451263 275.125702 0.488749 
503.065826 307.527557 0.522404 
500.216370 357.536987 0.623059 
544.249878 263.464386 0.620563 
535.373169 300.149200 0.869564 
520.681641 356.006042 0.836551 
507.512238 256.088928 0.764366 
513.396790 254.584717 0.816610 
498.616241 253.160858 0.449584 
522.219849 248.710999 0.709188 
18
510.473633 261.954346 0.854796 
513.346191 250.193787 0.865296 
489.897125 263.402130 0.749204 
497.159668 301.656036 0.796290 
498.581573 333.976013 0.736489 
535.413452 241.369583 0.820802 
548.654114 257.557465 0.732737 
535.421265 281.099640 0.981216 
511.895691 273.698059 0.499107 
501.642822 307.550018 0.476245 
500.227783 358.996185 0.623569 
545.708252 263.442993 0.618443 
533.947021 300.178955 0.825126 
520.688171 354.605042 0.840482 
506.025391 256.106567 0.736650 
511.986664 254.603165 0.813541 
497.206268 253.151474 0.407035 
522.174255 248.705414 0.711239 
18
510.422638 261.960541 0.847104 
511.943420 248.721466 0.838305 
489.849457 260.463959 0.711924 
495.727203 300.154846 0.778707 
498.647491 333.938385 0.757156 
534.019592 241.376968 0.808747 
545.761780 260.474152 0.711674 
533.974915 282.565399 1.005330 
513.362732 269.308716 0.490921 
501.593872 306.064453 0.497349 
500.239105 360.459351 0.594925 
545.727844 261.977386 0.621385 
533.922058 300.156525 0.794018 
520.682129 356.010101 0.838662 
504.527496 257.523773 0.712794 
511.918793 254.622055 0.818120 
497.150543 253.096909 0.330368 
522.128235 247.259430 0.701318 
18
510.441956 260.476440 0.825157 
511.889832 248.693832 0.868595 
489.854858 259.030609 0.738244 
494.278442 300.148071 0.788262 
498.737000 335.460724 0.671577 
533.939026 239.951279 0.817913 
545.754822 259.022278 0.722249 
533.937988 281.074371 0.964472 
513.376831 269.311554 0.504020 
500.203369 303.122406 0.526187 
501.613647 357.527649 0.655749 
545.704224 261.976868 0.646327 
532.509949 298.734924 0.810885 
520.713257 354.600494 0.827913 
504.549561 254.648560 0.716233 
511.893555 253.196991 0.837592 
497.208893 251.734573 0.328522 
520.681213 244.353851 0.698789 
18
510.425293 260.478241 0.825670 
511.874268 248.709137 0.852556 
489.897583 261.949615 0.737403 
494.252380 300.143158 0.779685 
498.720917 336.923004 0.624319 
533.892700 239.939301 0.807243 
545.661682 260.457428 0.764935 
533.905090 281.084503 0.954693 
511.907379 270.767120 0.515087 
500.171753 303.126099 0.515734 
501.616119 357.476257 0.672251 
544.252869 263.412872 0.659502 
532.503113 298.742798 0.846184 
520.750305 354.567444 0.840569 
503.114532 254.652451 0.745479 
511.891968 253.185608 0.859929 
497.191406 251.704498 0.363230 
519.279053 244.344116 0.687745 
18
510.438141 258.992920 0.801752 
510.465027 247.255554 0.873771 
488.437225 261.953247 0.737673 
494.236053 300.179260 0.767861 
498.717224 336.937164 0.634552 
532.446533 239.863861 0.796946 
545.675720 259.032440 0.771302 
533.916870 281.086731 0.959810 
511.911469 269.307678 0.506926 
500.144348 301.649536 0.544581 
501.631256 356.029572 0.638621 
544.263123 263.394653 0.670498 
532.494934 298.717224 0.836914 
520.744629 354.585602 0.831092 
504.527008 254.583725 0.748626 
511.892883 253.131073 0.846761 
497.184845 251.652908 0.401945 
519.236877 242.888718 0.673563 
18
510.422424 258.983429 0.807390 
510.460602 248.698196 0.871765 
489.831665 263.402802 0.784742 
492.812897 300.182892 0.798579 
500.116180 335.429657 0.674780 
532.450378 239.872009 0.791874 
545.690735 259.020172 0.777948 
533.913574 282.525177 0.949438 
510.439941 272.213531 0.553479 
500.155029 301.660645 0.551482 
503.120331 357.475647 0.653449 
542.786072 263.451996 0.672315 
532.489136 298.734833 0.857663 
520.735779 354.605469 0.827861 
503.110718 253.223541 0.778722 
511.893066 253.127518 0.865517 
497.180481 251.653946 0.457615 
519.248779 244.305618 0.693082 
18
508.963898 256.090057 0.772635 
510.420166 247.254440 0.889314 
488.421722 261.929749 0.769074 
492.760529 298.769165 0.777320 
500.113464 332.521088 0.721535 
531.018066 239.865723 0.773484 
545.659912 259.020477 0.768565 
533.888428 282.532715 0.946364 
510.460938 272.256439 0.611527 
500.189972 301.674500 0.553590 
503.118652 358.967407 0.633901 
544.222107 263.449615 0.686130 
532.450562 298.765106 0.816471 
520.698547 356.012482 0.850869 
501.635559 253.169464 0.776745 
510.472260 253.083786 0.824739 
497.148926 251.628815 0.392269 
517.793457 242.873657 0.710771 
18
510.362030 257.534943 0.788535 
510.447266 247.268570 0.891906 
489.854126 261.968048 0.772860 
494.244263 300.138580 0.793212 
500.135590 331.049561 0.759821 
531.010498 239.870514 0.786036 
544.231140 260.466614 0.767344 
532.506409 282.548645 0.955468 
511.910065 272.256165 0.589579 
501.616241 303.122406 0.538733 
504.548431 359.003571 0.646871 
544.269409 263.438507 0.687295 
531.019226 300.175598 0.789899 
520.686157 356.035583 0.849771 
501.661346 253.203705 0.783352 
510.496063 253.109772 0.840121 
497.167847 251.635803 0.399130 
517.794495 242.877838 0.683789 
18
510.387360 257.546539 0.781313 
510.447388 248.697586 0.902188 
488.441986 261.924286 0.791751 
492.766510 298.766296 0.790402 
500.119080 333.987305 0.722238 
532.450378 239.896347 0.804046 
544.248657 260.486847 0.757346 
533.886963 282.545624 0.955693 
511.896667 272.246979 0.586137 
500.177002 301.660248 0.534834 
504.538330 357.508972 0.638223 
544.257751 263.468719 0.690735 
530.996094 298.743134 0.809806 
520.721924 356.005524 0.837108 
503.068207 253.218689 0.748643 
511.839447 253.120331 0.840557 
497.167084 251.670166 0.365988 
517.807068 242.880539 0.701480 
18
508.978546 259.007111 0.817506 
510.471252 250.154358 0.895522 
489.855164 261.975677 0.795470 
491.332550 300.141235 0.799415 
498.707611 333.979584 0.724421 
532.468445 241.333145 0.811349 
544.252258 261.898529 0.749632 
533.883362 282.528595 0.952936 
510.462677 273.708221 0.608111 
500.151978 301.677795 0.568961 
501.668732 357.518616 0.656031 
542.787903 264.924988 0.685071 
529.550293 298.752960 0.824402 
520.702820 354.605408 0.850218 
501.653442 254.586212 0.792338 
510.489563 253.146637 0.889738 
497.170074 251.689133 0.345352 
519.217041 244.333038 0.708199 
18
508.952637 258.995697 0.799413 
510.429016 250.162537 0.900170 
488.417633 263.410339 0.802490 
491.348328 300.171692 0.813519 
498.716064 335.433685 0.707063 
532.464783 241.345322 0.804701 
544.271912 261.915314 0.762680 
533.884338 282.564697 0.961975 
510.408386 273.694275 0.580584 
500.111633 301.666168 0.537635 
501.671234 357.473755 0.640014 
542.759644 264.938110 0.671543 
530.977783 298.741028 0.839959 
520.738342 354.584717 0.849145 
501.628723 254.574997 0.785984 
510.476166 253.137680 0.866441 
495.750885 251.665207 0.355505 
519.224670 244.315506 0.721911 
18
508.941010 259.031738 0.808323 
510.438904 250.149872 0.881980 
488.428497 263.412048 0.780743 
491.337280 300.176575 0.804674 
498.732452 335.436188 0.680232 
532.468079 241.330322 0.811170 
545.667419 260.490295 0.754817 
533.893616 283.979126 0.969434 
511.900757 272.265778 0.602570 
500.169586 301.668945 0.556794 
503.056091 356.071747 0.642333 
544.251404 264.894653 0.679165 
530.993591 298.759949 0.824364 
520.732361 354.594971 0.846253 
501.612122 254.607010 0.794529 
510.459839 253.151627 0.884412 
495.712219 251.695282 0.354024 
517.789246 244.306595 0.747784 
18
508.939392 259.037292 0.802267 
510.455200 250.166153 0.889476 
489.832886 263.407379 0.789549 
491.339203 298.766327 0.808654 
498.732758 331.081482 0.750253 
532.465027 241.341278 0.803962 
545.666321 260.502533 0.745974 
533.899841 283.980743 0.959770 
511.906769 273.686462 0.617853 
501.603119 301.679108 0.556891 
503.081604 357.531006 0.643065 
544.266235 264.884918 0.674998 
531.015869 300.149506 0.824836 
520.688232 354.606323 0.853069 
501.614136 254.619949 0.783055 
510.450897 253.160797 0.873410 
495.732300 251.714767 0.347660 
517.771912 244.324478 0.735788 
18
507.502777 259.000366 0.787063 
510.448059 248.715637 0.890961 
489.824951 261.941132 0.771139 
491.326324 298.705383 0.777593 
498.690399 332.541290 0.708756 
532.430054 239.938782 0.787109 
544.273193 260.492615 0.755740 
533.908325 283.998627 0.967023 
511.944580 273.685974 0.616658 
501.597382 301.664032 0.588338 
501.667145 356.062775 0.643166 
545.676758 264.875458 0.697470 
532.475586 298.754486 0.837844 
520.702454 354.566956 0.852943 
500.216980 254.582672 0.796719 
510.419006 253.135086 0.866317 
495.694916 251.682190 0.306971 
517.747742 242.892822 0.730213 
18
508.933289 256.079407 0.752321 
510.416656 247.230179 0.903116 
488.415527 261.933746 0.754799 
489.880829 298.710663 0.805019 
498.594757 332.549194 0.754429 
531.022644 239.875748 0.802832 
542.787903 261.920654 0.773406 
533.889648 284.021820 0.967665 
511.873657 272.243286 0.631042 
501.592712 301.686371 0.565789 
501.634705 357.488983 0.634781 
542.783142 264.872070 0.691876 
532.473755 300.146271 0.861664 
520.683289 354.591431 0.864205 
501.603485 253.162247 0.756975 
510.443573 251.729660 0.792888 
495.705994 251.634537 0.356432 
517.755798 242.841309 0.701560 
18
507.509247 254.655746 0.709632 
510.425171 245.803070 0.898192 
488.414886 261.914734 0.761343 
489.868256 298.742920 0.803941 
489.897034 331.074799 0.763807 
531.042603 239.872238 0.788415 
544.207520 260.499634 0.764134 
533.880798 284.020355 0.969882 
511.912323 272.263275 0.636196 
501.636993 307.530823 0.632386 
501.639801 359.025513 0.681630 
544.218811 264.878113 0.719567 
533.876709 300.215820 0.826162 
520.690186 353.095825 0.832599 
501.584747 253.143448 0.692046 
510.403717 251.722549 0.716644 
495.706177 251.641785 0.260194 
517.752686 242.830353 0.657431 
18
508.941071 257.533386 0.748420 
510.460114 248.692398 0.887354 
488.421936 263.371948 0.783646 
489.846954 300.216309 0.852412 
488.405762 335.407562 0.849473 
532.481995 239.911057 0.805424 
544.204041 261.936523 0.774061 
532.508362 284.019745 0.968932 
511.902344 272.222412 0.602285 
503.067596 304.621765 0.592301 
503.075226 354.592499 0.560155 
544.249695 264.884460 0.700609 
532.459595 300.177277 0.843701 
520.684082 351.668060 0.821642 
501.619141 253.206039 0.730996 
510.456848 253.115616 0.789290 
495.717407 251.666275 0.263910 
519.235718 242.874466 0.691760 
18
508.972473 257.566040 0.763188 
510.464203 248.691833 0.885786 
488.421539 261.975250 0.786061 
489.846008 300.218811 0.856847 
488.439728 336.910461 0.831254 
532.491638 239.891693 0.809958 
544.223267 261.926270 0.789277 
533.882324 284.011780 0.963968 
511.884338 272.228607 0.597696 
501.604279 303.142456 0.634110 
501.617523 348.695587 0.547000 
544.227417 264.880554 0.695250 
532.470886 300.161896 0.846066 
520.683411 351.644867 0.841852 
501.634399 254.581375 0.742472 
510.486115 253.131729 0.802728 
497.143158 251.694427 0.304555 
519.251221 242.874619 0.691468 
18
510.448486 257.572296 0.773737 
510.432129 247.227631 0.909363 
488.361328 261.922852 0.790254 
491.308502 300.250458 0.794503 
491.316254 339.870178 0.776557 
532.444336 238.452042 0.811440 
542.794678 261.936829 0.802732 
533.876587 284.015839 0.996416 
510.445160 270.750366 0.550771 
500.097443 303.147614 0.636943 
500.095367 345.737091 0.513421 
544.215881 263.422363 0.679994 
532.495789 300.186462 0.822635 
520.694763 351.632111 0.825666 
504.536682 254.591431 0.712463 
511.905182 253.130402 0.789517 
497.193726 251.648331 0.432260 
519.254578 242.876541 0.666252 
18
510.391510 261.906555 0.785199 
510.407288 247.231140 0.887335 
486.940857 260.464142 0.768220 
492.758362 300.180084 0.758417 
495.719757 339.879333 0.779472 
532.448364 239.876328 0.778457 
542.790588 261.931824 0.784299 
533.896423 284.036530 1.014493 
510.460754 267.857422 0.513533 
498.699829 306.077789 0.597480 
500.111755 345.760162 0.488359 
544.237854 261.936127 0.636431 
532.506836 300.218506 0.816001 
520.707397 353.142670 0.814444 
503.074554 256.105652 0.661383 
511.842438 254.573715 0.771129 
495.709839 253.067017 0.348948 
519.235168 245.767517 0.651752 
18
510.404846 261.937836 0.816499 
510.459900 248.696594 0.827889 
491.303253 263.415558 0.736516 
494.267334 300.195587 0.728229 
497.189545 342.813782 0.753817 
531.020020 239.882370 0.768780 
542.744751 261.912445 0.821831 
533.908447 284.012177 1.038481 
514.840393 266.376312 0.452620 
498.691132 303.141541 0.530289 
500.136078 345.791870 0.496338 
545.742737 257.561829 0.602864 
533.891785 300.185394 0.792961 
522.097595 351.654236 0.802252 
503.102142 257.563477 0.672086 
511.844208 254.602417 0.787935 
498.601563 253.123688 0.331837 
517.789001 247.265625 0.642451 
18
510.413147 261.971954 0.830855 
510.479034 248.725647 0.803994 
491.344116 263.450134 0.712284 
497.152527 301.678558 0.701099 
497.164215 344.244080 0.747627 
530.995483 239.911957 0.769496 
541.329163 261.907501 0.827353 
533.904358 284.018433 1.023417 
517.776611 264.926270 0.461564 
500.089081 307.507568 0.550702 
500.111450 347.208313 0.512010 
545.718689 257.572693 0.602042 
532.472046 300.220856 0.775014 
520.742188 353.110321 0.808202 
503.114319 259.018738 0.697733 
511.861359 254.635849 0.800566 
497.217407 253.208557 0.373168 
517.803406 248.734634 0.623522 
18
510.446899 261.954224 0.833507 
510.442108 248.724121 0.796639 
491.310913 264.881683 0.674772 
495.751923 300.223938 0.719348 
497.196777 342.799133 0.746758 
530.983276 239.888031 0.781991 
542.742737 260.507538 0.827511 
533.914795 284.022644 1.026280 
511.888977 267.825134 0.434246 
498.723053 304.576569 0.505357 
500.124969 345.782928 0.496971 
542.788330 260.479248 0.559416 
532.448914 300.199280 0.781469 
522.108521 351.673523 0.821292 
504.551941 257.571655 0.708855 
511.902710 254.606201 0.814200 
497.195496 253.221039 0.456859 
519.219727 248.704620 0.607979 
18
510.476776 259.026276 0.839675 
511.859528 245.807465 0.821368 
491.335022 261.927216 0.693620 
495.727173 298.743225 0.736102 
497.208435 341.330170 0.752632 
531.013855 238.433578 0.789623 
542.764099 260.509033 0.837843 
533.889832 284.008240 0.998158 
511.909149 269.294861 0.468615 
498.727814 301.661621 0.485398 
500.147339 345.729919 0.491556 
544.224121 261.948669 0.610846 
532.462097 300.150787 0.780830 
522.114685 351.641571 0.828836 
504.559082 254.615173 0.773665 
511.936951 253.127167 0.873354 
497.187988 253.082947 0.443137 
519.232788 244.291473 0.638917 
18
510.446594 253.128464 0.913608 
511.888550 245.763229 0.822064 
495.689178 263.389954 0.717359 
494.228516 301.681915 0.724989 
498.575104 336.976563 0.822124 
532.471069 238.398102 0.766136 
542.746826 260.489929 0.822905 
533.959045 283.996033 1.003151 
510.398560 270.763000 0.517363 
498.659363 303.134613 0.443117 
500.139893 344.289795 0.441380 
539.861450 263.466644 0.663372 
531.005432 300.211487 0.733075 
520.719604 353.116486 0.809038 
503.112244 251.648468 0.888128 
511.954346 250.171341 0.850741 
497.189331 247.238266 0.503676 
520.740540 241.350067 0.690280 
18
510.430603 247.232376 0.880943 
510.447968 241.396271 0.872209 
489.874573 257.547668 0.675268 
489.904510 298.722870 0.771339 
498.579865 334.007294 0.815942 
532.492371 235.509323 0.778222 
542.747620 260.481659 0.816387 
533.973511 284.014679 1.010759 
507.474457 267.815704 0.605080 
498.605133 301.650665 0.522247 
500.180054 353.111786 0.475100 
538.350647 264.882538 0.694137 
530.986267 301.675598 0.762527 
520.681763 354.565521 0.818124 
503.114807 241.456131 0.858684 
511.948975 241.359879 0.891128 
495.743744 239.923523 0.581924 
522.122986 235.508606 0.716237 
18
510.424438 239.823517 0.966599 
510.492554 236.966812 0.851398 
489.887909 250.141525 0.738181 
489.872192 292.847107 0.728454 
492.811798 325.197144 0.784241 
533.888916 229.634888 0.843139 
541.277893 257.556793 0.794254 
533.967896 285.422699 0.989971 
508.984283 267.851288 0.742687 
507.464264 310.498413 0.637296 
501.635559 358.965027 0.730129 
536.905762 264.894348 0.725212 
531.029663 304.592804 0.757408 
520.721985 354.547028 0.835681 
503.071838 234.020065 0.874871 
511.963318 231.112701 0.893623 
495.747559 229.662277 0.701906 
522.158813 228.085907 0.765234 
18
510.458099 228.197845 1.015028 
510.469452 229.659485 0.864629 
489.868347 236.966446 0.726604 
488.425446 288.396729 0.673409 
489.827209 317.846802 0.775755 
532.505981 228.149368 0.850599 
539.834412 256.072693 0.824511 
533.954407 285.436035 0.981504 
506.019623 267.855927 0.714438 
508.931946 311.930023 0.733877 
501.633667 357.572754 0.819148 
533.950623 264.953186 0.734609 
531.020935 308.976685 0.789018 
520.731140 353.132996 0.821422 
503.099945 226.612717 0.937701 
513.355103 223.723953 0.907855 
497.181702 220.802063 0.800981 
522.208740 217.886429 0.833797 
18
511.850739 217.898697 1.015911 
511.874084 228.097198 0.898748 
491.343872 229.638260 0.774025 
489.861816 275.164185 0.679068 
488.382935 310.444366 0.871806 
533.911621 226.639145 0.849976 
539.834229 254.589325 0.837498 
533.955566 285.428864 0.960886 
507.501770 272.207886 0.744010 
510.383759 310.528870 0.778193 
503.062561 357.557678 0.795569 
533.892883 266.401917 0.728260 
532.434021 307.505554 0.815439 
522.118835 353.119354 0.842597 
505.993744 216.355957 0.955644 
513.412598 214.925247 0.918395 
498.642487 216.316513 0.800074 
522.217712 211.983368 0.812808 
18
510.477600 209.013245 0.945525 
511.887695 226.619202 0.872290 
491.328094 229.568512 0.830748 
488.415070 272.237854 0.743188 
486.968628 304.611206 0.894781 
533.936768 220.764404 0.853784 
539.819946 253.139633 0.865320 
533.951111 284.002136 0.945319 
505.990997 273.687927 0.767274 
510.394653 310.480011 0.790075 
503.057465 357.512787 0.803122 
532.452942 269.316284 0.722377 
532.427429 307.498535 0.813288 
522.124451 353.133789 0.841799 
503.118378 206.079636 0.940033 
513.371582 204.633484 0.952236 
498.624847 207.572479 0.829952 
522.167542 204.578171 0.884602 
18
510.462280 203.105026 0.960034 
511.857513 223.743591 0.876084 
489.858612 229.561539 0.868684 
488.343536 266.364563 0.834864 
486.925934 300.181000 0.982152 
533.904846 217.876923 0.893642 
538.373291 253.123260 0.874236 
533.903748 284.009705 0.932727 
503.052063 273.727325 0.808661 
510.360901 310.437378 0.792058 
503.080353 357.505676 0.817625 
530.984253 270.797791 0.710877 
530.974731 306.065674 0.782081 
522.123779 353.127991 0.851004 
503.109680 197.270264 0.865325 
513.339539 194.374329 0.957761 
498.609619 203.146088 0.863716 
522.119812 195.778427 0.751570 
18
510.441284 194.409149 0.980941 
511.883850 219.361130 0.910702 
489.883148 226.665161 0.833692 
485.461761 261.967621 0.881557 
488.312836 294.279358 0.936967 
533.949585 217.820633 0.923381 
538.342834 251.703934 0.880539 
533.886963 282.525940 0.900998 
507.482269 275.108887 0.807349 
510.349548 311.956940 0.843591 
503.082581 357.536621 0.823766 
531.035156 272.260590 0.734480 
529.559570 310.418671 0.762782 
522.110535 354.569702 0.862247 
503.075439 192.902649 0.928851 
511.980743 192.781052 0.950386 
498.628265 195.839554 0.859520 
522.190674 192.827759 0.896029 
18
510.479065 192.858246 1.010568 
511.899719 217.889465 0.934837 
491.290497 220.765121 0.843825 
488.369965 254.637039 0.883523 
491.333191 286.963501 0.908770 
533.967896 217.825104 0.938426 
536.928650 251.696503 0.899051 
532.489319 281.070587 0.897827 
504.540253 273.679565 0.800105 
508.956604 311.927155 0.820932 
501.637268 357.564056 0.833152 
528.086182 270.798340 0.744840 
528.082581 310.416779 0.797010 
522.121216 356.000671 0.877119 
504.579742 189.911911 0.872815 
513.393494 188.422302 0.890037 
498.694794 194.275269 0.900157 
522.212952 191.408264 0.863193 
