50
1
18
523.663696 154.592651 0.939280 
522.262024 175.191116 0.885202 
488.431641 172.290619 0.896507 
476.608826 225.209778 0.878464 
489.890869 264.839081 0.906101 
557.413025 178.141327 0.818847 
560.448181 228.093414 0.849853 
547.249756 267.836914 0.857516 
501.644440 264.875549 0.759594 
503.060181 320.750580 0.878504 
501.651917 369.230286 0.879477 
535.503906 263.476501 0.822186 
535.485413 319.314758 0.864010 
536.919373 369.216858 0.867029 
519.216614 145.827332 0.895867 
532.449219 147.216415 0.956322 
507.516388 139.914703 0.829481 
539.824890 144.350403 0.714440 
18
523.648438 153.159576 0.940974 
523.596313 175.210251 0.884814 
488.433807 172.307953 0.887033 
476.609009 226.656174 0.904845 
491.288422 264.886780 0.902929 
557.414185 178.148041 0.819600 
560.437744 228.116089 0.861441 
547.237000 269.277649 0.861030 
501.656464 264.888123 0.763069 
503.058472 320.782959 0.881087 
501.665314 369.243622 0.876203 
535.502319 264.858673 0.819599 
535.469055 319.312836 0.865445 
536.940491 369.260620 0.865005 
517.783936 145.806168 0.890644 
532.428711 145.859314 0.937055 
508.903687 139.906601 0.829891 
539.811768 144.315262 0.741080 
18
523.635986 153.156982 0.942356 
523.601074 175.209625 0.885629 
488.442200 172.305542 0.883836 
476.621765 226.649033 0.905842 
491.296875 264.883820 0.902801 
557.419128 178.145584 0.818741 
560.437561 228.121964 0.856054 
547.246338 267.849152 0.859293 
501.640778 264.893280 0.765332 
503.059998 320.789001 0.882350 
503.053558 369.242920 0.878497 
535.499756 264.850006 0.824633 
535.466858 319.288727 0.865750 
536.931641 369.238922 0.867633 
517.767822 145.799957 0.889046 
531.034180 145.857315 0.930199 
508.902069 138.491669 0.829597 
539.816467 144.316254 0.759149 
18
523.628906 153.153259 0.940958 
523.598511 175.194382 0.886479 
488.438690 172.290680 0.890178 
476.622467 226.635834 0.902646 
491.288483 264.879639 0.904023 
557.415833 178.141602 0.814378 
560.428528 228.114746 0.856154 
547.239685 267.841980 0.866912 
501.638245 264.874969 0.761196 
501.667816 320.776367 0.874437 
503.063171 369.250610 0.875281 
535.505676 264.843719 0.816173 
535.459839 319.298798 0.864491 
536.922729 369.246887 0.863522 
517.760315 145.795761 0.886414 
531.028564 145.855087 0.925810 
508.905701 138.483368 0.834711 
539.824951 144.320938 0.770694 
18
523.626892 153.154037 0.943489 
523.594421 175.216599 0.886152 
488.430328 172.302673 0.891949 
476.627655 226.638550 0.902010 
491.296936 264.877258 0.902887 
557.414490 178.158600 0.818137 
560.436279 228.118942 0.855096 
547.211853 266.413910 0.876878 
501.640289 264.878876 0.760231 
501.662537 320.780151 0.881704 
503.061523 369.235168 0.875910 
535.510742 264.844940 0.809553 
535.449280 319.303680 0.870318 
536.938232 369.252441 0.859650 
517.764099 145.796814 0.887932 
531.024780 145.860291 0.926104 
508.914734 139.900299 0.820876 
539.827271 144.342041 0.772838 
18
523.634888 153.147247 0.944440 
523.595459 175.236511 0.882068 
488.432861 172.307388 0.891667 
476.619690 226.639359 0.898173 
489.898438 264.860504 0.903643 
557.407654 179.568359 0.821480 
561.876526 228.096176 0.853865 
547.215881 266.360962 0.893336 
501.653137 264.901154 0.762496 
503.052979 322.158722 0.886212 
503.058075 369.240875 0.879861 
535.511230 264.869019 0.808591 
535.454956 320.718811 0.874075 
536.937317 369.236084 0.866265 
517.777588 145.797012 0.891489 
531.034363 145.858521 0.929798 
508.919556 139.910156 0.827225 
539.826965 144.345093 0.775402 
18
523.640869 153.145706 0.945152 
522.262024 176.683990 0.893454 
488.427948 172.317505 0.895876 
476.547058 226.613525 0.875515 
488.371918 263.485474 0.974290 
556.022583 179.595215 0.822631 
566.318604 226.622803 0.836645 
547.250061 264.895874 0.936716 
503.085327 264.911835 0.762277 
503.065918 322.157867 0.880154 
503.065216 369.263947 0.877954 
536.885742 264.849152 0.785458 
535.456238 320.720337 0.875526 
536.925903 369.250885 0.885394 
517.791443 145.790070 0.886754 
531.041077 145.856522 0.928848 
508.934296 138.473618 0.843347 
539.857117 144.324585 0.773581 
18
523.654053 153.150177 0.934288 
522.242310 176.676453 0.888450 
488.412811 172.314713 0.898917 
475.193176 223.738602 0.864957 
483.937042 263.358643 0.931495 
556.013672 179.620651 0.823308 
569.230652 228.073120 0.901919 
547.209290 263.435516 0.926849 
503.111511 264.873535 0.786676 
503.059357 320.783417 0.876835 
503.079132 369.233276 0.874999 
536.887268 263.475037 0.778390 
535.453735 320.728119 0.882005 
536.916809 369.263092 0.877733 
517.796509 145.795624 0.882391 
532.436279 145.851944 0.935907 
508.927948 138.487839 0.831408 
541.278992 144.313965 0.769289 
18
523.649231 153.181580 0.932580 
522.239197 175.186111 0.874334 
488.431854 172.257065 0.901997 
475.106903 219.296021 0.874945 
475.156799 259.011414 0.919113 
556.009216 178.163635 0.805174 
572.212585 223.701553 0.845395 
548.693726 257.563629 0.860106 
501.604553 261.967621 0.792336 
501.655975 320.723450 0.884445 
503.068207 369.221863 0.882708 
536.927307 261.977020 0.765165 
535.454346 319.305634 0.881779 
536.944763 369.264221 0.877968 
517.788147 145.817032 0.882522 
532.435120 145.869141 0.939127 
508.929382 139.920410 0.814970 
539.856262 144.329941 0.768374 
18
523.640564 154.593338 0.939382 
522.248657 172.324478 0.880534 
489.821594 170.848343 0.903527 
473.649811 216.320663 0.830463 
463.400757 253.205948 0.837128 
556.001282 178.126205 0.787779 
578.059814 217.847092 0.885373 
550.151184 251.617966 0.864584 
500.194031 261.954956 0.793049 
503.056122 320.741516 0.879980 
503.062195 369.227020 0.875232 
536.926758 261.945221 0.769835 
535.464905 319.303650 0.882166 
536.943237 369.290405 0.869012 
517.771545 145.823364 0.879652 
532.429565 145.869354 0.936010 
508.915161 139.907776 0.819192 
541.278625 144.307892 0.777042 
18
523.625366 153.156601 0.935404 
522.213928 170.869705 0.906378 
489.820801 170.830429 0.891150 
467.800720 216.320496 0.834013 
444.287842 242.821411 0.786448 
553.084595 172.263947 0.799390 
581.049866 207.592422 0.884912 
554.544556 241.383804 0.884793 
500.204010 261.962158 0.792860 
501.658020 320.710907 0.868801 
503.065308 369.237701 0.876105 
536.920959 261.920563 0.745364 
535.457214 319.265289 0.881864 
536.927307 369.248962 0.867038 
516.328186 145.804077 0.881245 
531.028076 145.835129 0.929645 
507.513367 138.474625 0.824828 
541.276367 144.293610 0.807108 
18
523.627808 151.683823 0.938205 
523.665039 170.816147 0.891928 
491.340240 170.763123 0.825211 
463.379669 204.567017 0.767877 
428.134125 226.676270 0.679616 
557.413269 172.266739 0.802434 
582.499146 206.056503 0.904231 
557.497070 235.508698 0.848113 
501.647339 261.922028 0.757872 
503.053864 320.731964 0.864259 
503.065643 369.247620 0.873071 
536.942505 261.908936 0.742224 
535.467651 317.808502 0.872023 
536.947998 369.251862 0.854968 
516.325195 145.769867 0.890538 
531.020264 145.782852 0.922785 
508.928314 138.478088 0.804788 
539.832336 142.825378 0.795513 
18
523.635010 150.222260 0.937571 
523.667175 169.274475 0.884128 
495.701996 167.858444 0.790450 
454.605682 191.404434 0.514317 
428.123199 201.664093 0.221649 
554.504578 169.358063 0.816632 
585.441162 198.763947 0.799651 
563.353516 229.580841 0.823091 
504.558594 261.930511 0.753017 
503.064392 320.776764 0.868330 
503.102234 369.230713 0.853041 
538.365845 259.036774 0.742362 
535.467957 317.838928 0.866021 
536.948608 369.233124 0.854599 
516.333130 145.741714 0.900420 
531.032776 145.745697 0.924479 
508.947510 139.896744 0.833617 
539.830688 141.371613 0.817067 
18
523.633911 150.210663 0.950262 
523.740356 169.289871 0.899283 
498.645966 169.277039 0.863762 
467.817535 179.593369 0.642116 
428.124969 189.897079 0.280999 
554.538147 169.364059 0.837317 
589.832825 195.813385 0.844306 
569.271240 225.169495 0.836342 
506.042084 260.467712 0.735711 
503.058655 320.745850 0.857337 
503.092896 369.230255 0.848835 
539.847778 260.468475 0.732160 
535.455383 317.813904 0.870222 
536.945313 369.229401 0.851545 
516.331848 145.750229 0.911303 
531.029541 145.744965 0.931586 
510.349762 139.903809 0.788967 
539.861267 141.374557 0.843042 
18
523.688293 151.661179 0.914089 
523.715576 167.845062 0.897306 
498.621887 167.864807 0.854703 
470.748627 181.146301 0.836140 
486.942261 163.463058 0.489565 
554.524780 169.251297 0.836746 
585.434937 191.383301 0.808711 
582.505737 211.949585 0.810172 
507.483582 260.458435 0.716561 
503.063446 320.776337 0.855107 
503.083557 367.835724 0.839175 
539.830383 258.992737 0.712071 
535.433777 317.850494 0.864519 
536.935120 369.240692 0.846155 
517.805847 145.786102 0.907131 
532.482361 145.756775 0.956295 
510.394623 141.376083 0.796841 
542.768677 139.935944 0.856916 
18
523.714844 151.699188 0.903682 
523.691467 163.462860 0.884368 
497.197723 166.384216 0.825343 
464.852997 181.127090 0.689659 
420.778534 195.832001 0.536217 
554.513672 160.549957 0.832931 
579.520020 181.090073 0.654120 
592.801575 192.821991 0.818151 
506.041321 259.000885 0.718569 
503.058777 320.754364 0.847371 
503.095093 369.208649 0.840281 
539.817139 256.083344 0.726728 
535.434326 317.808167 0.864542 
536.944336 369.253510 0.846799 
519.273682 145.832947 0.909817 
532.500549 145.777679 0.937208 
510.479431 141.405258 0.719159 
544.187378 138.461884 0.896094 
18
525.124878 154.583145 0.904470 
526.636841 166.374435 0.829780 
498.617157 164.927719 0.833699 
467.810394 181.098236 0.680746 
428.133728 195.838364 0.347276 
558.921997 164.940582 0.844475 
588.349365 186.951920 0.553116 
601.574402 186.953217 0.617784 
503.096710 260.460052 0.722735 
501.667694 320.723694 0.842927 
503.076691 369.236481 0.860800 
538.357056 260.468109 0.736501 
535.419739 317.835846 0.867842 
536.940552 369.271790 0.854606 
520.700928 145.872116 0.945176 
533.915955 145.793961 0.972537 
511.841156 139.934341 0.595237 
545.643738 137.011505 0.949880 
18
525.154297 156.032196 0.872569 
525.178040 167.876907 0.871756 
497.220276 164.928360 0.829960 
463.406921 182.642227 0.593580 
476.625183 176.660675 0.652563 
557.432495 169.294067 0.860888 
594.200562 173.760025 0.634453 
616.255371 179.560196 0.716168 
501.612671 259.016876 0.741765 
501.660645 320.721405 0.847188 
503.060791 369.238495 0.863344 
536.905945 259.010925 0.756455 
535.410522 317.851135 0.878936 
536.957397 369.255493 0.849734 
520.729492 147.266342 0.915766 
533.937439 145.861954 0.960173 
511.832764 142.890411 0.704639 
545.630005 139.906525 0.904034 
18
523.751587 157.491867 0.907977 
526.588196 169.312927 0.875963 
498.683838 166.370956 0.842000 
476.647156 182.627914 0.783341 
486.845398 175.228439 0.631018 
557.454102 170.778687 0.865616 
592.772400 175.222610 0.412607 
616.313110 179.573730 0.477217 
501.585846 259.019196 0.745418 
501.644531 320.716675 0.851508 
503.064880 369.248932 0.866899 
535.508545 260.455688 0.765695 
535.407166 317.830383 0.871069 
536.942444 369.253418 0.847049 
520.687073 147.334366 0.897212 
533.905212 147.278488 0.968132 
510.492065 144.299942 0.646908 
545.631104 139.956848 0.913554 
18
523.722900 157.539032 0.914896 
525.115540 169.300415 0.902817 
497.187653 166.408615 0.839108 
475.110901 192.847870 0.754263 
0.000000 0.000000 0.000000 
556.036011 170.749039 0.870930 
581.019287 181.044357 0.664195 
614.836670 182.527267 0.737302 
500.203735 260.466309 0.756338 
501.648956 320.759033 0.865197 
503.071991 369.238098 0.865461 
535.506531 260.466675 0.778770 
535.421692 319.271149 0.877091 
536.925476 369.245941 0.850407 
520.693604 148.755432 0.858310 
532.513794 147.347672 0.908147 
510.503998 144.321793 0.690182 
544.227234 141.420151 0.898352 
18
523.652039 157.551636 0.937653 
523.744324 169.268707 0.888981 
497.166321 166.357727 0.834173 
478.082397 192.834595 0.675625 
483.964142 182.573395 0.446356 
556.018005 169.378265 0.903796 
573.640808 191.412155 0.695722 
614.796387 194.350571 0.297447 
500.197815 260.464752 0.755202 
501.655975 320.763794 0.864062 
503.070831 369.256927 0.874602 
536.885132 260.465942 0.775965 
535.442261 319.261292 0.874027 
536.921509 369.252319 0.858601 
517.799561 148.746811 0.848899 
532.433899 148.728165 0.884174 
510.438293 144.306610 0.715659 
542.764465 142.888565 0.864011 
18
522.250793 157.568085 0.952866 
525.110901 169.255737 0.884725 
497.153381 164.944489 0.833146 
476.662781 192.822800 0.683119 
0.000000 0.000000 0.000000 
557.406128 169.363235 0.912055 
572.174255 194.292664 0.776568 
0.000000 0.000000 0.000000 
500.207184 260.468964 0.745155 
503.052826 320.780426 0.862912 
503.093231 369.257538 0.864534 
536.918518 260.488373 0.766731 
535.460205 319.310883 0.873904 
536.940125 369.273895 0.854985 
516.291077 148.770721 0.863869 
529.554749 148.740982 0.854900 
510.364044 144.357620 0.681073 
539.869873 144.278748 0.868119 
18
522.193665 157.569565 0.959325 
525.119934 169.255676 0.890660 
497.153931 166.350372 0.832200 
476.630432 194.269165 0.691647 
0.000000 0.000000 0.000000 
556.037170 169.376617 0.893715 
573.642090 200.193069 0.710955 
583.923950 210.516296 0.305766 
501.641449 257.531342 0.728727 
503.058655 320.730713 0.852461 
503.086639 369.264679 0.869747 
538.382507 259.007599 0.738384 
535.459839 317.844269 0.878923 
536.922424 369.252991 0.860661 
513.423584 148.776215 0.892193 
528.048218 148.720581 0.854955 
508.947937 145.753113 0.545074 
538.369568 142.849152 0.858540 
18
522.160828 157.573776 0.955128 
525.116577 169.326340 0.910879 
495.727905 167.872208 0.845334 
475.148895 203.130219 0.638897 
486.924194 176.682419 0.433115 
557.434021 170.733688 0.909140 
570.687073 204.557861 0.743233 
570.772644 203.135422 0.220505 
503.064697 259.020325 0.733209 
503.075226 320.712006 0.855394 
503.078003 369.238922 0.869313 
542.755371 260.458191 0.739869 
535.479126 317.829254 0.872373 
536.947021 369.258209 0.863190 
513.374756 148.790649 0.904337 
525.187500 148.721024 0.875298 
507.493378 145.775497 0.436135 
536.934753 142.851807 0.868198 
18
522.168152 157.599258 0.962609 
525.119934 169.347107 0.908503 
494.257629 169.281433 0.847765 
473.638611 204.622101 0.672079 
457.509827 238.429825 0.236882 
557.453857 170.757767 0.915735 
569.278015 207.610336 0.751034 
570.709167 209.011978 0.236388 
504.534729 257.549561 0.714790 
503.058105 320.710144 0.848830 
503.096436 369.216522 0.846954 
542.800720 259.028229 0.735481 
535.487610 317.833252 0.871831 
536.934814 369.253662 0.865296 
513.379700 150.229233 0.899238 
525.168640 148.746017 0.881900 
508.893402 145.777847 0.437059 
536.901978 142.841721 0.896629 
18
522.170898 157.596893 0.967766 
525.117859 170.738174 0.910911 
494.230530 169.355896 0.866562 
475.123352 206.109848 0.725768 
475.138397 251.629349 0.443298 
557.475281 170.801682 0.924797 
564.821594 216.358353 0.825545 
580.976868 248.707886 0.469218 
506.029480 259.016022 0.721351 
503.061554 320.743042 0.855096 
503.065338 369.238739 0.865360 
542.791443 260.502197 0.735960 
535.491455 319.295166 0.863274 
536.935913 369.215881 0.857526 
513.378601 150.230026 0.903098 
525.162720 148.748520 0.880220 
508.907288 145.753799 0.433904 
536.903625 141.412628 0.897576 
18
522.182312 157.573502 0.965848 
525.125549 170.771774 0.904344 
494.266357 169.384674 0.859630 
478.098175 204.585327 0.700560 
482.532684 182.584930 0.226714 
557.484497 170.841248 0.909675 
558.960144 216.370529 0.817283 
558.979614 238.444962 0.141062 
506.017609 260.456421 0.732257 
503.066467 320.740814 0.850382 
503.064880 369.240082 0.862743 
542.777710 261.938904 0.752814 
535.496460 319.314392 0.863706 
536.944458 369.240814 0.853917 
513.395386 150.198456 0.894437 
525.175720 148.720627 0.879067 
508.933624 145.764145 0.392021 
536.936707 141.404221 0.873078 
18
522.159180 157.542053 0.962166 
525.118896 170.797043 0.910969 
492.786835 170.740479 0.877352 
479.534332 207.557755 0.718627 
486.857330 251.673920 0.290939 
557.507751 170.872086 0.904845 
558.902954 216.318298 0.709896 
548.679443 239.919983 0.100495 
504.559937 259.008087 0.708918 
503.084290 320.765717 0.850958 
503.065704 369.228424 0.856781 
542.786499 260.491882 0.742110 
535.488892 319.268372 0.861079 
536.946167 369.227539 0.852351 
513.371216 148.751434 0.907601 
525.161560 147.330444 0.896823 
508.924713 144.324371 0.302124 
538.363831 141.373520 0.861570 
18
522.130432 157.522766 0.947322 
525.139465 170.791473 0.907174 
494.233429 170.753662 0.864818 
481.042389 207.567917 0.762790 
491.315277 217.863495 0.103760 
557.500916 170.861649 0.909560 
558.968811 214.879913 0.686935 
0.000000 0.000000 0.000000 
504.525513 259.011078 0.719560 
503.060455 320.759186 0.861493 
503.062317 369.247009 0.859301 
542.759644 260.488953 0.740329 
535.478455 317.848419 0.872768 
536.952515 369.229431 0.856979 
513.357605 148.727951 0.913098 
525.126282 147.326492 0.909622 
508.957458 144.299744 0.202618 
538.364014 141.392975 0.866009 
18
522.119141 157.514420 0.937492 
525.178833 170.794327 0.893279 
494.263428 170.756577 0.855950 
483.928040 207.577423 0.765987 
498.616150 232.556671 0.185356 
557.519592 170.860641 0.913465 
559.018982 216.340027 0.708228 
0.000000 0.000000 0.000000 
503.090363 257.536957 0.722198 
503.075592 320.731598 0.850304 
503.065918 369.243164 0.863379 
542.749695 259.033112 0.733879 
535.500061 317.849213 0.865531 
536.960449 369.234589 0.853232 
513.359070 148.724304 0.912422 
523.749756 147.325394 0.916919 
508.970551 144.301773 0.142744 
538.352966 141.379257 0.862862 
18
520.740906 157.521637 0.926241 
525.189880 170.808105 0.896501 
494.261292 170.750244 0.866630 
483.948059 213.449524 0.771089 
486.860016 256.063629 0.372355 
557.525574 172.250046 0.897318 
559.008972 216.334839 0.733293 
0.000000 0.000000 0.000000 
503.062195 257.533722 0.725865 
503.091858 319.320038 0.830068 
503.071899 369.242920 0.860745 
542.739563 258.989838 0.725896 
535.477661 316.359833 0.865206 
536.951904 369.249969 0.848324 
511.971771 148.727051 0.913699 
523.714539 147.324966 0.931769 
508.945496 141.388321 0.098860 
538.361328 139.927750 0.868258 
18
520.735840 157.507996 0.925928 
526.602112 170.810455 0.893766 
495.718903 170.761536 0.873484 
485.402985 214.879333 0.769578 
486.898041 256.051849 0.384602 
557.538513 172.250381 0.898479 
558.988708 214.876358 0.716678 
0.000000 0.000000 0.000000 
501.658112 257.534729 0.725108 
503.115234 320.708313 0.826643 
503.059357 369.213013 0.848326 
541.321045 259.009155 0.725670 
535.466980 317.796204 0.875573 
536.948914 369.261505 0.855583 
511.964294 148.718201 0.928306 
523.705322 147.307816 0.941975 
508.952179 139.965240 0.099293 
536.952454 139.916275 0.872855 
18
520.712158 157.519287 0.920641 
526.627319 170.806808 0.891467 
497.151367 170.750549 0.888715 
485.451050 214.857178 0.778053 
488.427338 254.623154 0.253233 
558.885681 172.265823 0.895429 
558.989136 216.321274 0.733269 
0.000000 0.000000 0.000000 
501.658661 256.071228 0.734111 
503.100922 319.292938 0.832757 
503.073914 369.218536 0.850152 
541.300049 257.538513 0.721990 
535.469849 316.370758 0.878348 
536.946899 369.254913 0.866703 
511.949524 148.724686 0.929928 
523.684631 147.321365 0.940456 
508.937744 139.950851 0.105244 
536.936218 139.908875 0.882532 
18
520.690552 157.525406 0.914800 
528.050232 170.809540 0.889639 
497.166321 170.757919 0.889876 
486.829346 214.880402 0.786650 
489.823975 254.617966 0.238620 
558.900513 172.259399 0.902322 
559.012878 216.327560 0.761606 
0.000000 0.000000 0.000000 
503.058197 256.082306 0.732072 
503.091583 319.298340 0.831450 
503.074493 369.222107 0.856277 
541.328003 257.534607 0.726323 
535.487366 316.348816 0.864772 
536.953308 369.254272 0.859114 
511.945923 148.742538 0.921405 
523.655823 147.331467 0.947226 
510.339935 138.514374 0.069905 
536.925781 139.906982 0.882443 
18
520.674133 157.541443 0.909516 
528.062012 170.810669 0.893817 
497.206085 170.753891 0.901768 
485.439117 213.417252 0.768768 
486.906494 257.536560 0.186382 
558.885620 172.271484 0.897399 
560.407898 216.365295 0.737080 
0.000000 0.000000 0.000000 
501.662262 257.527893 0.735924 
503.096466 319.308289 0.838937 
503.074860 369.232117 0.860890 
541.317261 258.989258 0.726627 
536.875549 317.801605 0.857440 
538.343018 369.269623 0.860558 
511.942932 148.755997 0.925424 
523.647278 147.352921 0.936413 
510.342712 139.941193 0.072761 
536.922302 139.950348 0.885026 
18
519.260498 157.583435 0.906903 
528.092834 170.807281 0.891151 
498.623871 170.749008 0.930088 
485.422821 213.450821 0.815052 
482.493317 257.525604 0.388732 
558.890137 172.272018 0.886484 
563.350342 214.929382 0.758090 
0.000000 0.000000 0.000000 
501.665314 257.521881 0.734793 
503.080963 319.273499 0.834765 
503.056366 369.242096 0.867187 
542.747009 259.000397 0.725489 
536.874207 316.359650 0.850005 
538.341309 369.267090 0.854482 
511.917816 148.801498 0.919788 
523.634155 148.756332 0.927156 
508.969116 139.944183 0.066613 
536.914063 141.395309 0.900127 
18
519.253296 157.580429 0.900792 
529.518188 170.793381 0.902769 
498.655823 169.381363 0.938784 
486.844208 210.499374 0.823194 
476.567474 251.622208 0.511082 
557.533020 172.286652 0.871702 
567.778931 211.967575 0.756738 
556.017334 219.358093 0.091826 
501.659515 256.099518 0.741962 
503.080414 319.312500 0.838757 
501.655121 369.222687 0.873996 
541.299194 259.012909 0.721771 
535.507324 319.262054 0.856336 
536.954590 369.257507 0.861671 
511.918365 148.802536 0.915611 
523.629944 148.748215 0.932583 
508.939056 141.436707 0.064277 
536.898010 142.835907 0.910243 
18
519.270569 157.601395 0.905723 
529.530945 170.793350 0.902134 
498.675690 170.730942 0.939038 
486.871368 214.887329 0.844684 
476.669952 253.123596 0.550715 
557.530579 172.260056 0.879693 
570.708008 206.108521 0.930504 
556.034912 228.186005 0.736122 
503.078796 257.530640 0.735899 
503.073883 319.307251 0.851976 
503.054352 369.235168 0.871336 
541.313049 257.554016 0.715002 
535.500122 319.260925 0.858979 
536.954285 369.269897 0.865878 
511.919586 150.226456 0.903257 
523.634705 148.767563 0.927305 
507.503479 142.906052 0.062752 
536.891235 142.824036 0.907564 
18
519.271606 158.975296 0.912900 
529.529541 170.791626 0.905449 
498.676605 170.744904 0.941052 
486.868195 210.520370 0.777906 
483.979126 239.906784 0.162575 
557.522705 170.882736 0.879303 
578.089539 204.623245 0.925164 
557.400818 226.670044 0.771389 
503.054047 257.553009 0.738452 
503.095856 319.299927 0.835883 
501.665924 369.240509 0.873275 
539.845032 260.473328 0.727337 
535.487122 319.271332 0.874167 
536.936890 369.261505 0.877224 
511.915131 151.699051 0.904189 
523.637695 150.204132 0.910301 
508.919342 144.342087 0.075267 
536.870605 142.859756 0.921974 
18
516.312500 159.032425 0.883967 
528.096680 170.780273 0.915399 
498.674408 169.394974 0.940726 
486.819366 206.040787 0.817379 
476.619843 216.369186 0.343981 
557.537964 172.258698 0.861321 
583.981750 203.128647 0.886982 
558.940063 229.681885 0.845127 
501.665588 258.995209 0.743430 
504.522675 319.302399 0.834758 
501.659393 369.231903 0.872835 
538.403931 261.927399 0.753002 
535.485168 319.271423 0.875132 
536.945374 369.259552 0.866838 
511.857819 154.600067 0.876658 
522.239380 153.129654 0.887997 
0.000000 0.000000 0.000000 
535.491028 144.360245 0.962793 
18
516.285156 159.099335 0.872577 
528.051941 170.775421 0.921425 
498.688324 169.371414 0.951056 
485.378021 201.678207 0.743312 
476.611694 209.009003 0.730846 
557.503418 170.878326 0.872867 
591.265686 204.525772 0.904983 
572.185730 235.480652 0.841154 
503.084656 259.028320 0.740653 
504.524048 319.296875 0.844519 
501.655823 369.232178 0.872355 
539.816284 261.926971 0.752581 
536.873596 319.261688 0.876061 
536.940369 369.243256 0.863137 
511.838776 156.097931 0.886344 
522.208740 154.644531 0.899150 
0.000000 0.000000 0.000000 
535.467651 145.761551 0.987144 
18
513.431885 159.087738 0.876742 
528.079163 170.768677 0.923576 
498.712830 169.345062 0.948981 
483.960327 200.224838 0.690743 
476.630341 207.532043 0.753325 
557.513855 170.871216 0.876728 
594.198364 204.616547 0.975299 
581.053467 242.879730 0.880256 
504.526001 257.544983 0.729684 
504.540497 319.261627 0.822798 
501.664917 369.228790 0.856743 
539.841370 260.482941 0.749056 
535.499329 319.276703 0.878990 
536.935974 369.234222 0.869758 
510.479034 156.058243 0.857386 
522.171387 154.649765 0.881876 
0.000000 0.000000 0.000000 
535.460999 145.789398 0.997111 
18
513.408264 159.069351 0.897427 
530.979919 170.767593 0.919288 
500.085388 169.306259 0.949916 
478.120850 203.127991 0.817845 
464.850891 226.675003 0.570336 
558.944092 172.288757 0.859298 
594.238953 206.132721 0.962246 
582.488159 251.608948 0.910649 
506.003418 256.092590 0.746472 
504.568756 319.320770 0.823573 
503.071930 369.282013 0.860495 
541.283081 260.454590 0.741809 
536.885132 317.840546 0.867480 
536.941162 369.224640 0.858875 
510.470459 154.615356 0.842227 
522.179993 154.636856 0.892176 
0.000000 0.000000 0.000000 
535.515503 145.811874 0.983308 
18
516.287903 159.036224 0.882386 
531.027222 170.795044 0.912917 
500.104980 169.344131 0.948230 
478.107452 203.098923 0.827985 
464.893707 226.659012 0.577780 
559.002686 172.327744 0.833699 
592.764954 213.438019 0.919459 
580.988159 259.032318 0.902898 
505.995544 259.011505 0.731170 
506.018158 320.739777 0.829281 
501.662750 367.840912 0.848969 
542.757324 261.925110 0.761225 
536.911011 319.258820 0.866553 
536.931763 369.243011 0.865912 
511.861542 153.168488 0.885966 
522.240601 153.177856 0.902120 
0.000000 0.000000 0.000000 
536.916321 145.804108 0.964818 
18
519.269531 159.010376 0.900980 
532.468445 170.815140 0.917502 
500.167755 169.348602 0.935492 
478.139679 201.679886 0.799247 
467.811279 219.317337 0.624190 
559.027100 173.775528 0.811954 
586.909729 217.925812 0.879670 
564.857117 263.434570 0.883997 
507.508240 257.553680 0.742466 
506.017822 320.777405 0.825285 
501.668091 369.232086 0.853693 
542.791687 261.927979 0.765026 
536.938782 319.312592 0.858639 
536.948547 369.242920 0.848449 
511.955200 151.708481 0.899165 
523.668518 153.153854 0.892121 
510.382751 142.909592 0.061709 
539.848938 145.830200 0.938865 
18
522.132080 158.993317 0.944233 
533.931396 170.829086 0.934606 
501.666779 169.278534 0.886700 
478.134369 201.687378 0.777556 
469.255188 217.859009 0.600334 
560.440430 178.121979 0.794960 
579.541870 228.144714 0.960458 
547.201294 259.029816 0.851933 
510.387360 259.032440 0.756665 
507.487274 320.757294 0.842590 
503.062866 369.231354 0.836605 
542.770874 263.367035 0.749134 
536.924561 319.283173 0.848352 
538.343933 369.281464 0.854373 
514.857239 151.683960 0.819863 
525.135742 153.146118 0.863101 
0.000000 0.000000 0.000000 
544.225586 145.792419 0.953594 
18
522.227112 157.559448 0.929633 
533.973999 170.799469 0.938971 
504.555725 167.871674 0.864600 
476.684753 203.102676 0.792001 
467.776367 216.397049 0.495408 
560.439636 178.128372 0.794629 
570.687500 229.604095 0.952170 
535.382446 251.595581 0.852190 
510.429382 257.548920 0.771083 
508.911743 320.712921 0.831802 
503.085266 369.227020 0.833117 
544.274719 263.361847 0.785541 
536.959290 319.294830 0.856837 
536.944702 369.281921 0.874548 
519.265015 148.758011 0.795431 
526.633484 150.197952 0.827237 
0.000000 0.000000 0.000000 
545.674133 145.769455 0.983500 
18
523.651367 157.492401 0.946492 
533.984619 170.805573 0.942530 
506.025146 167.844315 0.866609 
478.068878 201.671600 0.777622 
472.201233 216.393524 0.497811 
560.427246 178.159256 0.803951 
561.928711 229.639771 0.876267 
526.576965 244.349228 0.870672 
510.417053 256.063141 0.794100 
508.970032 320.714081 0.839165 
503.080963 369.239868 0.838249 
544.229309 261.957367 0.784974 
538.346191 317.844574 0.847195 
536.959229 369.253906 0.862676 
520.745972 147.316269 0.905712 
532.435852 148.741425 0.892161 
0.000000 0.000000 0.000000 
545.777893 145.716476 0.971176 
18
523.684937 154.614410 0.904543 
534.018005 170.807358 0.940196 
507.474548 167.816574 0.845020 
476.555908 203.124527 0.818504 
473.677155 216.382736 0.478308 
560.468689 178.151749 0.798622 
558.937744 229.593628 0.928877 
523.747070 241.448517 0.897064 
510.387695 254.643143 0.759398 
510.365234 314.918152 0.832396 
503.103119 369.282074 0.830494 
544.236511 261.936188 0.778432 
536.953308 319.288940 0.849416 
536.958923 369.286682 0.858419 
522.164551 145.861221 0.954839 
532.508850 147.260727 0.956956 
0.000000 0.000000 0.000000 
547.191101 144.342972 0.940958 
18
525.175110 153.149216 0.869588 
535.375671 170.819885 0.944135 
507.488312 167.828537 0.843113 
475.202606 203.114761 0.806987 
472.195862 210.493896 0.426124 
561.911926 178.160858 0.796505 
557.527771 229.570892 0.943691 
523.615662 242.828552 0.879127 
510.426697 257.540039 0.766007 
508.945892 314.900787 0.782097 
503.080933 369.245117 0.803665 
545.668152 261.940308 0.787748 
536.932007 319.274323 0.829970 
538.351074 369.287933 0.834700 
523.597839 145.823654 1.008748 
533.989441 147.218521 0.995818 
520.678467 135.483063 0.068438 
548.630005 144.297592 0.899206 
18
528.051025 150.224075 0.865392 
535.379456 170.799957 0.956622 
507.501160 167.822449 0.857485 
475.109741 203.155167 0.865707 
469.262238 216.374649 0.338019 
563.342468 176.679840 0.794430 
557.500854 229.549057 0.955932 
520.689514 248.688629 0.838405 
510.488190 257.549530 0.745757 
508.939545 313.448364 0.776313 
504.528442 369.217468 0.764060 
545.777344 263.367126 0.798005 
538.354248 319.276764 0.811465 
538.343506 369.301788 0.832005 
523.661438 145.734863 1.005768 
535.383484 145.833878 0.988171 
520.726379 135.431046 0.102262 
548.705933 144.285522 0.869504 
