23
1
18
639.836975 131.091278 0.903655 
604.454041 160.548004 0.849595 
610.435791 169.287231 0.870021 
611.848938 223.722290 0.846741 
619.275391 266.397552 0.846959 
592.784546 157.572144 0.815882 
591.265564 213.404938 0.072067 
0.000000 0.000000 0.000000 
598.672546 253.120819 0.736783 
594.201172 310.478088 0.880731 
591.258850 363.416718 0.845467 
583.953003 248.715393 0.688504 
581.000488 300.183960 0.828833 
573.641602 347.203491 0.710834 
638.288330 123.763100 0.944509 
0.000000 0.000000 0.000000 
620.737732 128.167282 0.861945 
0.000000 0.000000 0.000000 
18
639.832703 131.084137 0.900801 
604.454529 160.536469 0.862506 
610.423706 169.319214 0.871318 
610.431885 225.205551 0.831566 
623.632324 264.950195 0.855614 
592.789856 157.543549 0.809414 
592.768982 214.876648 0.072413 
0.000000 0.000000 0.000000 
598.653625 253.138977 0.735878 
594.191223 310.519104 0.868873 
591.247681 364.845184 0.828157 
582.504944 248.743942 0.722110 
580.951843 300.185455 0.823072 
575.117004 347.199951 0.705032 
638.281311 123.769180 0.943563 
0.000000 0.000000 0.000000 
620.729309 128.188553 0.866805 
0.000000 0.000000 0.000000 
18
639.829407 129.644485 0.885289 
604.469788 160.520691 0.867170 
610.407227 169.313141 0.874755 
613.333069 225.167969 0.838729 
626.609985 264.880615 0.907416 
592.817688 157.525818 0.794155 
594.230713 214.861374 0.063955 
0.000000 0.000000 0.000000 
600.109375 253.117432 0.727970 
594.166748 311.893707 0.868154 
591.241333 363.404144 0.826669 
582.528137 248.736435 0.708255 
580.963806 300.182190 0.833357 
576.578674 347.222900 0.706221 
636.887939 123.747185 0.936068 
0.000000 0.000000 0.000000 
620.718079 128.178802 0.872174 
0.000000 0.000000 0.000000 
18
639.817566 129.627838 0.882204 
604.466553 160.507324 0.869971 
610.393555 169.291672 0.866245 
613.368286 223.750641 0.854087 
628.033264 264.836426 0.919300 
592.820068 157.524918 0.799718 
594.236023 214.875885 0.074753 
0.000000 0.000000 0.000000 
601.587646 253.132126 0.732206 
592.829712 311.935883 0.872704 
591.244446 363.431824 0.814096 
583.927490 250.150681 0.711265 
580.953186 300.238251 0.819318 
578.065491 348.686157 0.670663 
636.874390 123.737915 0.937572 
0.000000 0.000000 0.000000 
620.714661 128.147690 0.875356 
0.000000 0.000000 0.000000 
18
639.804138 128.192673 0.875000 
604.463684 160.509277 0.869108 
610.395630 169.293381 0.869574 
614.766235 223.742645 0.857413 
628.105713 263.422729 0.925170 
592.813049 157.526398 0.799391 
594.249878 214.872421 0.075548 
0.000000 0.000000 0.000000 
601.607483 253.093338 0.735742 
592.831116 311.927307 0.868979 
589.828430 364.852600 0.807417 
583.948181 248.728104 0.698086 
580.989075 300.228516 0.827621 
578.044373 347.282776 0.671222 
636.851074 123.724968 0.926641 
0.000000 0.000000 0.000000 
620.698669 128.136368 0.871178 
0.000000 0.000000 0.000000 
18
639.783691 129.611008 0.858276 
604.465088 160.493988 0.871358 
610.386169 169.288162 0.867084 
614.760498 223.750488 0.854990 
629.462891 263.430328 0.929030 
592.821533 157.504211 0.792961 
616.278564 179.607605 0.053209 
0.000000 0.000000 0.000000 
601.602905 253.099335 0.738573 
592.829163 311.942017 0.874595 
589.820435 364.848999 0.809219 
583.950195 248.736389 0.698929 
580.941467 300.230927 0.809215 
576.600220 347.252686 0.674422 
636.843140 123.734573 0.911182 
0.000000 0.000000 0.000000 
620.709473 126.721840 0.868531 
0.000000 0.000000 0.000000 
18
639.776611 129.646240 0.862650 
603.085754 160.495346 0.863770 
608.967712 169.291672 0.866571 
614.760925 225.194473 0.857753 
628.053955 264.853363 0.921728 
592.803101 157.508179 0.788439 
595.713440 214.880157 0.066753 
0.000000 0.000000 0.000000 
601.563904 253.107437 0.739949 
592.830994 311.910492 0.870689 
591.248962 363.423615 0.825086 
582.524902 248.729843 0.705311 
580.973328 300.241516 0.818926 
575.111816 347.234467 0.712275 
636.833252 123.756134 0.904906 
0.000000 0.000000 0.000000 
620.685669 128.146164 0.867422 
0.000000 0.000000 0.000000 
18
639.783081 129.609695 0.867320 
604.447205 160.495682 0.866505 
610.388306 169.309265 0.867341 
613.339722 226.623291 0.847023 
627.986267 264.868011 0.895176 
592.789063 156.120682 0.784949 
594.229614 214.870270 0.067934 
0.000000 0.000000 0.000000 
600.103210 253.085358 0.732055 
594.168945 311.892731 0.867380 
591.248962 363.406616 0.826147 
582.502686 248.686523 0.704895 
580.952332 300.186798 0.827361 
575.125916 347.221100 0.712790 
636.833496 123.732643 0.909532 
0.000000 0.000000 0.000000 
620.679810 126.721436 0.868114 
0.000000 0.000000 0.000000 
18
639.792236 128.173676 0.864850 
603.083252 160.510208 0.872748 
610.414978 169.299149 0.860138 
608.932373 225.211121 0.836061 
628.060852 261.937561 0.903238 
592.770752 157.528809 0.807416 
592.755737 214.877228 0.079769 
0.000000 0.000000 0.000000 
601.588135 253.101456 0.743999 
592.831238 311.916382 0.873915 
591.235291 363.429932 0.820217 
582.541931 248.704376 0.705504 
580.968201 300.195435 0.831370 
575.149719 347.216034 0.711328 
636.840088 123.712540 0.911164 
0.000000 0.000000 0.000000 
620.699402 126.717468 0.872633 
0.000000 0.000000 0.000000 
18
639.818848 128.190750 0.884458 
604.471680 160.539902 0.877291 
611.849731 169.341080 0.879021 
605.958618 222.262909 0.911301 
628.106262 248.716400 0.948264 
592.803406 157.532333 0.819614 
0.000000 0.000000 0.000000 
0.000000 0.000000 0.000000 
603.043152 253.100296 0.772470 
594.169800 310.491974 0.883525 
591.242188 363.399841 0.821107 
583.984985 248.690292 0.695098 
580.962158 300.150604 0.825071 
573.681396 345.805939 0.718908 
636.881348 123.718597 0.932417 
0.000000 0.000000 0.000000 
622.146179 126.715424 0.865114 
0.000000 0.000000 0.000000 
18
639.857422 131.071014 0.892407 
604.490051 160.516174 0.881182 
611.885437 169.300598 0.873275 
604.514099 222.272583 0.866326 
629.508484 238.407318 0.926641 
592.819275 157.524185 0.834479 
592.750183 214.914932 0.202243 
626.520142 226.654404 0.184880 
601.594238 253.122009 0.770411 
592.821777 310.485474 0.896722 
589.850220 363.402435 0.822069 
583.958740 250.156555 0.732272 
580.954773 300.191711 0.838771 
573.685852 347.184692 0.735870 
638.328796 123.748520 0.951003 
0.000000 0.000000 0.000000 
623.637329 126.706795 0.865135 
0.000000 0.000000 0.000000 
18
639.876465 131.085144 0.897433 
604.532837 160.518646 0.902332 
613.323669 169.293320 0.881349 
607.523804 223.740997 0.843823 
638.291809 228.198624 0.861949 
594.240295 157.531570 0.840804 
601.576599 209.029068 0.255463 
628.097839 217.856445 0.540136 
600.128113 253.090820 0.773882 
592.806763 310.502716 0.903216 
589.846069 363.424805 0.814061 
582.541565 248.688812 0.729501 
580.936035 301.664551 0.809339 
576.581482 347.268341 0.691896 
638.357422 123.761383 0.951602 
0.000000 0.000000 0.000000 
625.094482 128.138840 0.864449 
0.000000 0.000000 0.000000 
18
641.257935 131.093231 0.888569 
604.571838 159.067581 0.914924 
614.803711 166.411407 0.852621 
616.330750 226.613617 0.903791 
638.309509 216.386032 0.773501 
594.278992 156.093597 0.822709 
601.593262 203.135254 0.174057 
0.000000 0.000000 0.000000 
600.116333 251.710526 0.758183 
592.823181 310.497864 0.899756 
589.824097 363.421082 0.808582 
582.494568 245.799530 0.726773 
579.521423 301.688293 0.784454 
578.059082 348.684509 0.656651 
639.766174 123.773064 0.961781 
0.000000 0.000000 0.000000 
626.573242 126.701271 0.878030 
0.000000 0.000000 0.000000 
18
641.339844 132.520905 0.872835 
605.984680 158.991348 0.937599 
616.250549 166.382935 0.862598 
620.713867 226.643250 0.862530 
636.837646 204.601181 0.671492 
595.703125 154.610107 0.792969 
611.861450 185.507751 0.138383 
0.000000 0.000000 0.000000 
597.213196 251.658737 0.770000 
592.803955 310.478302 0.907611 
589.821838 363.389984 0.806394 
581.020874 242.854996 0.738099 
576.615540 301.648560 0.747843 
576.591675 347.263855 0.661832 
639.851624 123.809708 0.958463 
0.000000 0.000000 0.000000 
628.052551 126.698463 0.891233 
0.000000 0.000000 0.000000 
18
645.718201 133.990784 0.876422 
607.455750 158.980270 0.895543 
616.317261 164.935135 0.856556 
627.989502 225.177063 0.893722 
639.769775 197.276474 0.604564 
598.658813 154.610382 0.760791 
606.025818 194.309616 0.145099 
0.000000 0.000000 0.000000 
595.734619 251.614304 0.803011 
592.783325 310.456299 0.889260 
589.832336 363.394531 0.809257 
580.937439 242.823181 0.752298 
575.125610 300.181396 0.790884 
573.665405 345.800964 0.708822 
642.772705 125.247978 0.889113 
0.000000 0.000000 0.000000 
629.523132 128.169006 0.907043 
0.000000 0.000000 0.000000 
18
650.118286 134.011368 0.900927 
608.967163 158.999222 0.847611 
617.759399 166.368484 0.852296 
629.533264 226.633041 0.903286 
626.569275 216.385269 0.104288 
603.007996 154.622177 0.772001 
597.177612 195.827698 0.070366 
0.000000 0.000000 0.000000 
594.267212 250.218002 0.812109 
592.729736 310.498657 0.879338 
589.843628 363.397186 0.810124 
578.074524 241.421539 0.739019 
572.175903 300.205231 0.827181 
572.201782 345.812714 0.737443 
647.187622 126.691063 0.871607 
0.000000 0.000000 0.000000 
631.048340 131.115356 0.877079 
0.000000 0.000000 0.000000 
18
653.020508 135.570450 0.892580 
613.332397 159.038773 0.877044 
619.239990 167.820099 0.828416 
629.543762 226.662964 0.909860 
607.470642 228.050064 0.179710 
604.476868 154.624039 0.812907 
594.230957 195.807236 0.065232 
0.000000 0.000000 0.000000 
594.198669 250.160538 0.791350 
592.703613 310.514343 0.854493 
589.835449 363.424652 0.797390 
575.140808 241.339996 0.737563 
572.220764 300.230896 0.795486 
572.228271 347.198700 0.727841 
651.532227 132.543930 0.902432 
0.000000 0.000000 0.000000 
636.876526 134.003311 0.905300 
0.000000 0.000000 0.000000 
18
657.465271 141.415802 0.819224 
616.281921 159.053253 0.921885 
626.523743 169.286087 0.810648 
628.081726 228.083298 0.956531 
608.967041 226.643875 0.321043 
606.040588 154.601624 0.807020 
614.764282 186.964035 0.053963 
0.000000 0.000000 0.000000 
592.765625 247.258667 0.776768 
591.309631 311.902496 0.826778 
589.842102 364.850739 0.799390 
573.659058 239.927094 0.728456 
570.777771 300.238190 0.824476 
572.179321 347.225769 0.746625 
654.541382 135.469727 0.895552 
0.000000 0.000000 0.000000 
641.246826 135.468506 0.960449 
0.000000 0.000000 0.000000 
18
661.880737 145.865555 0.889051 
617.765686 160.525955 0.855671 
628.003784 170.758896 0.841608 
625.133911 228.178329 0.872920 
608.955444 226.688324 0.287194 
608.955200 156.058899 0.775456 
616.206726 188.417496 0.072810 
0.000000 0.000000 0.000000 
591.313904 248.735062 0.769480 
591.304932 310.486664 0.831593 
589.804199 363.426880 0.787250 
572.231262 241.330704 0.717382 
578.083862 303.122437 0.721641 
575.145508 347.276062 0.665832 
661.815674 139.915756 0.862357 
0.000000 0.000000 0.000000 
645.679993 137.032867 0.873899 
0.000000 0.000000 0.000000 
18
664.841187 154.633408 0.834795 
620.687927 167.817459 0.841458 
629.582581 175.211548 0.830296 
619.230652 229.649170 0.912727 
610.411316 229.574707 0.125892 
610.414978 157.599701 0.795998 
0.000000 0.000000 0.000000 
0.000000 0.000000 0.000000 
588.348511 247.265152 0.746512 
589.815186 310.518768 0.784535 
588.358948 363.402039 0.800196 
570.684631 239.900818 0.735404 
575.120300 301.660858 0.718458 
572.204651 347.245331 0.697971 
664.830261 147.249756 0.910397 
0.000000 0.000000 0.000000 
651.630188 145.803650 0.948939 
0.000000 0.000000 0.000000 
18
667.784485 159.053207 0.763392 
626.559631 169.314407 0.877854 
632.468750 179.635498 0.813821 
617.742920 234.014069 0.872204 
606.028320 232.549759 0.108696 
616.341492 159.021225 0.791637 
0.000000 0.000000 0.000000 
0.000000 0.000000 0.000000 
585.418152 244.319916 0.730386 
588.337708 310.441925 0.761387 
588.370972 363.381195 0.801203 
569.238220 238.394257 0.710668 
578.088379 301.651520 0.683964 
572.210693 347.242126 0.672492 
669.210083 154.630569 0.775804 
0.000000 0.000000 0.000000 
655.984314 148.796021 0.870251 
0.000000 0.000000 0.000000 
18
672.146912 170.795700 0.861345 
628.108582 170.838531 0.907584 
636.896057 182.542328 0.813084 
617.696838 236.965500 0.844126 
604.534546 239.875427 0.138973 
619.279297 160.555084 0.762526 
0.000000 0.000000 0.000000 
0.000000 0.000000 0.000000 
583.922974 244.291641 0.756347 
585.409790 309.008820 0.781015 
588.351746 361.966217 0.798303 
569.217529 235.503845 0.670396 
579.544067 301.688446 0.650712 
573.647705 347.259491 0.636231 
673.646790 164.914001 0.833962 
0.000000 0.000000 0.000000 
661.889954 157.603592 0.921494 
0.000000 0.000000 0.000000 
18
675.070679 178.181396 0.659932 
630.983948 176.701004 0.850920 
639.857422 188.437241 0.830948 
614.825806 239.830872 0.806331 
604.601563 238.410690 0.278123 
625.132813 164.932495 0.733960 
0.000000 0.000000 0.000000 
0.000000 0.000000 0.000000 
582.448425 244.299210 0.753808 
583.972534 308.989655 0.804316 
588.349670 363.387543 0.808621 
567.771545 235.471313 0.636116 
581.010193 304.594391 0.616060 
573.664673 347.277100 0.610775 
676.522827 170.823380 0.737814 
0.000000 0.000000 0.000000 
664.829590 166.393585 0.923599 
0.000000 0.000000 0.000000 
