60
1
18
539.834595 153.167542 0.888072 
516.318604 191.359695 0.727928 
520.722595 194.335892 0.848212 
523.594910 239.823273 0.951686 
535.398804 269.292725 0.972229 
513.403198 186.960129 0.612395 
0.000000 0.000000 0.000000 
0.000000 0.000000 0.000000 
520.752380 263.375153 0.761951 
531.000366 309.028687 0.869543 
511.943909 353.088257 0.817584 
511.854950 259.020447 0.661865 
511.943420 307.550934 0.807683 
511.922333 350.176910 0.658984 
534.020447 147.281479 0.972257 
0.000000 0.000000 0.000000 
520.712097 154.602402 0.800271 
0.000000 0.000000 0.000000 
18
538.389648 151.677231 0.877835 
516.319153 192.787476 0.738733 
520.703552 194.376053 0.850693 
522.228699 239.830704 0.960039 
534.017700 269.287354 0.983036 
514.822205 188.418976 0.603821 
0.000000 0.000000 0.000000 
0.000000 0.000000 0.000000 
522.124695 263.398132 0.768314 
530.985046 310.408173 0.870981 
511.961121 351.664612 0.812538 
511.877441 260.461426 0.660056 
511.944580 308.963654 0.828301 
511.931366 350.170105 0.651223 
533.985229 147.243530 0.962996 
0.000000 0.000000 0.000000 
520.696289 154.622803 0.791245 
0.000000 0.000000 0.000000 
18
538.379700 151.710861 0.875476 
516.311890 192.784988 0.743087 
520.722961 194.371307 0.848303 
522.230652 239.845306 0.968856 
534.011230 267.862671 0.979723 
513.389465 188.433060 0.620147 
0.000000 0.000000 0.000000 
0.000000 0.000000 0.000000 
522.131531 263.401642 0.769050 
530.972351 310.399475 0.869871 
513.345093 351.619781 0.787331 
511.870270 260.467743 0.664578 
511.954468 308.980103 0.846943 
511.934113 350.169037 0.675279 
533.982178 147.262543 0.962839 
0.000000 0.000000 0.000000 
520.690613 154.641098 0.791919 
0.000000 0.000000 0.000000 
18
538.344299 153.132980 0.876945 
514.877136 192.801453 0.753887 
520.730957 194.386978 0.843310 
522.234070 239.845642 0.972185 
534.014038 267.874939 0.970709 
511.956055 189.869019 0.636853 
0.000000 0.000000 0.000000 
0.000000 0.000000 0.000000 
522.133667 263.405701 0.776735 
531.001465 309.007935 0.862974 
513.363098 350.148834 0.791140 
510.456512 260.477417 0.682426 
511.953491 308.956207 0.853265 
511.926971 350.149902 0.696856 
533.966370 147.269012 0.962664 
0.000000 0.000000 0.000000 
520.698364 154.641876 0.795047 
0.000000 0.000000 0.000000 
18
538.358093 153.138245 0.878801 
514.878723 192.813583 0.757976 
520.731995 194.385651 0.853078 
522.254211 239.844940 0.969655 
535.371582 269.315918 0.968164 
513.355713 189.894638 0.638480 
0.000000 0.000000 0.000000 
0.000000 0.000000 0.000000 
522.133057 263.400055 0.775518 
531.012390 309.017334 0.873176 
513.362366 350.184296 0.786713 
510.466034 260.468201 0.682126 
511.947388 308.970306 0.849274 
511.917999 350.175079 0.709662 
533.974609 147.270584 0.969882 
0.000000 0.000000 0.000000 
520.693604 154.642075 0.798433 
0.000000 0.000000 0.000000 
18
538.376953 153.130783 0.880536 
514.880249 192.808975 0.766276 
522.120911 194.390884 0.859564 
523.598328 239.847748 0.963793 
535.387817 270.778595 0.963345 
511.951599 189.888763 0.653411 
0.000000 0.000000 0.000000 
0.000000 0.000000 0.000000 
522.143188 263.397308 0.772681 
530.986206 310.405273 0.872000 
513.354980 350.194916 0.790365 
510.449646 260.460571 0.690782 
511.955566 308.976959 0.843734 
511.923920 350.172211 0.698558 
533.985046 147.265594 0.972449 
0.000000 0.000000 0.000000 
520.694885 154.622772 0.802693 
0.000000 0.000000 0.000000 
18
538.368591 150.232346 0.883054 
514.848572 192.800171 0.783162 
522.175293 194.395782 0.881218 
523.637390 239.847824 0.959280 
535.393005 270.764404 0.951522 
511.858917 189.876617 0.677754 
0.000000 0.000000 0.000000 
0.000000 0.000000 0.000000 
520.711426 263.396118 0.770688 
532.427002 310.396667 0.887807 
511.950928 353.095062 0.816061 
508.976166 260.458435 0.682345 
511.898621 308.982666 0.836383 
511.883728 351.624146 0.642437 
533.957336 147.236496 0.965021 
0.000000 0.000000 0.000000 
520.683228 156.072342 0.818095 
0.000000 0.000000 0.000000 
18
536.916321 150.201553 0.898111 
514.819824 192.792419 0.784254 
522.172058 195.766037 0.876018 
523.661316 239.862259 0.964210 
535.445129 270.793213 0.968868 
510.482452 189.868256 0.676875 
0.000000 0.000000 0.000000 
0.000000 0.000000 0.000000 
520.732422 263.391235 0.780684 
532.422119 309.026123 0.882280 
511.948608 351.655914 0.829545 
508.968170 260.457703 0.691809 
511.924591 307.551514 0.818305 
511.902466 350.162201 0.638942 
533.918701 145.872971 0.957138 
0.000000 0.000000 0.000000 
520.684387 154.618347 0.797285 
0.000000 0.000000 0.000000 
18
535.489319 148.760788 0.937013 
514.858765 192.845596 0.792908 
522.152466 195.792633 0.862512 
523.648499 238.404846 0.887802 
535.465942 267.875885 0.947634 
511.921906 191.363358 0.694187 
532.450745 229.628555 0.337982 
545.648010 241.356018 0.629397 
520.669128 263.367065 0.761779 
532.435486 309.002625 0.869714 
511.959717 351.663177 0.815147 
508.966492 257.574310 0.660818 
511.948975 308.952026 0.817260 
511.918427 350.183014 0.650385 
533.871582 145.839493 0.936698 
0.000000 0.000000 0.000000 
520.698181 154.628342 0.807543 
0.000000 0.000000 0.000000 
18
535.435486 148.749588 0.967499 
514.835205 191.406570 0.794740 
520.716064 195.769653 0.842531 
523.662659 235.508270 0.849326 
535.485901 270.760651 0.917691 
511.950806 189.894821 0.691741 
532.484009 223.717819 0.578212 
548.690735 229.660339 0.918739 
519.276184 261.928528 0.759456 
532.429871 308.960968 0.852632 
511.947632 353.097687 0.801069 
507.496948 256.103363 0.648063 
511.960571 307.502716 0.798130 
511.932587 350.200104 0.659234 
532.462158 145.849350 0.929358 
0.000000 0.000000 0.000000 
520.669434 156.053055 0.814407 
0.000000 0.000000 0.000000 
18
535.450928 148.751022 0.953203 
514.828186 191.343704 0.809249 
522.185608 194.355499 0.880297 
523.669739 238.388260 0.925972 
535.501221 267.862762 0.949856 
511.859039 186.966110 0.739823 
532.493896 206.120575 0.338437 
550.153137 206.112228 0.788995 
520.710999 261.973297 0.772561 
530.994263 309.012085 0.857169 
511.972809 351.653931 0.801518 
508.930969 257.551086 0.686547 
511.954712 307.533447 0.818963 
511.942383 350.186188 0.686493 
532.494690 145.849884 0.927198 
0.000000 0.000000 0.000000 
520.676575 154.651657 0.819254 
0.000000 0.000000 0.000000 
18
535.461487 148.763031 0.948262 
513.354736 185.536377 0.832835 
520.693787 192.801849 0.855076 
523.625854 233.997269 0.900313 
541.322083 263.378448 0.943680 
510.399811 182.577209 0.769750 
533.942627 206.059662 0.506294 
548.677917 189.926376 0.859452 
520.708740 259.016724 0.783117 
531.006592 307.543884 0.844870 
513.345154 351.633118 0.776227 
508.909882 254.597321 0.716609 
511.950684 304.609894 0.813836 
511.938904 350.189545 0.679102 
533.873352 145.857803 0.932605 
0.000000 0.000000 0.000000 
520.737793 154.598938 0.836150 
0.000000 0.000000 0.000000 
18
535.491028 148.739822 0.908633 
513.416382 182.583817 0.785643 
514.857117 185.510269 0.833488 
520.734375 229.678604 0.835508 
547.249573 241.446747 0.921908 
516.316528 181.067825 0.632372 
541.270081 206.048767 0.750550 
545.716919 175.223465 0.867182 
519.220215 257.540833 0.742966 
530.976135 307.559448 0.837455 
511.966919 353.101105 0.794308 
510.461823 253.193481 0.694211 
511.972076 304.578003 0.784998 
511.937805 350.179260 0.656944 
533.884888 145.861786 0.950138 
536.949097 145.786942 0.110489 
520.674622 151.713028 0.792797 
0.000000 0.000000 0.000000 
18
535.436462 147.290283 0.902249 
517.777283 181.130707 0.801479 
511.952087 184.041641 0.860053 
522.258118 229.552109 0.956724 
553.098694 216.395721 0.943681 
522.231567 179.631577 0.766464 
545.739014 203.141876 0.906417 
544.248352 172.247070 1.022068 
516.323364 254.641602 0.736745 
526.621521 307.512634 0.833293 
511.946472 353.092377 0.824242 
514.823425 253.161224 0.646209 
511.953064 303.122528 0.757392 
511.908234 348.710114 0.631975 
532.485779 145.804565 0.878493 
0.000000 0.000000 0.000000 
520.665955 150.223755 0.773609 
0.000000 0.000000 0.000000 
18
535.502625 147.324738 0.835498 
517.780029 184.053162 0.752403 
514.815369 188.462341 0.840593 
533.973511 226.638992 0.926274 
547.227478 194.320786 0.905503 
520.739014 182.596405 0.712219 
533.975891 214.909042 0.137849 
0.000000 0.000000 0.000000 
516.336731 254.616699 0.758836 
526.613647 307.500122 0.844051 
511.940979 353.089386 0.822563 
511.897583 253.116241 0.670811 
511.948608 301.691528 0.785050 
511.940308 348.697632 0.648476 
532.483826 145.802429 0.813568 
536.967773 145.820435 0.296525 
519.247314 153.155380 0.731604 
0.000000 0.000000 0.000000 
18
538.374756 148.738434 0.845560 
516.288391 186.987930 0.677284 
513.421448 192.786240 0.866260 
544.202332 217.841278 0.940702 
544.220947 182.632370 0.922328 
519.240417 184.037811 0.591688 
533.985718 216.388931 0.143950 
0.000000 0.000000 0.000000 
517.803772 256.090210 0.774887 
526.620178 307.501312 0.838171 
511.939270 351.651825 0.819034 
510.464020 253.196243 0.643185 
511.968384 303.117981 0.741481 
511.969604 347.293030 0.642960 
532.514709 147.256424 0.878298 
538.378418 145.800888 0.365422 
519.252197 157.579407 0.837030 
0.000000 0.000000 0.000000 
18
536.894409 148.766388 0.834039 
511.929291 188.412537 0.727747 
514.867859 192.779419 0.881431 
545.761963 216.310638 0.959310 
536.931641 181.034164 0.940021 
510.417145 182.590927 0.593931 
535.429138 214.901138 0.119858 
0.000000 0.000000 0.000000 
520.659302 256.087860 0.796993 
526.613037 307.511108 0.849336 
511.936310 351.657440 0.831835 
508.940338 253.182449 0.673839 
511.960388 303.104706 0.755067 
511.971344 347.285583 0.638943 
532.504089 147.282944 0.854939 
535.534790 145.830734 0.226621 
520.710449 157.588791 0.867827 
0.000000 0.000000 0.000000 
18
535.487488 151.670349 0.823880 
511.906403 189.885742 0.758898 
514.866272 192.815445 0.890221 
547.154724 216.343033 0.994284 
536.883179 181.092178 0.926008 
508.967743 184.035202 0.605192 
536.892029 214.897430 0.123664 
0.000000 0.000000 0.000000 
520.683838 256.095825 0.803542 
526.612854 307.541595 0.855265 
511.946289 353.088867 0.828207 
510.357727 253.193054 0.687115 
511.945618 303.145447 0.746846 
513.357727 348.688477 0.646598 
532.488281 147.334381 0.856121 
535.484741 145.874863 0.273218 
519.262024 157.531937 0.811457 
0.000000 0.000000 0.000000 
18
536.875061 161.959473 0.775074 
514.820801 192.787079 0.751655 
514.865845 192.883743 0.939495 
545.778870 216.339478 0.997776 
535.514648 184.012009 0.894165 
511.913910 188.449097 0.571041 
544.230835 211.976257 0.173402 
0.000000 0.000000 0.000000 
520.696350 256.104156 0.802827 
528.046265 308.964569 0.853498 
511.945984 354.557068 0.822831 
510.454895 254.579117 0.679293 
511.960083 304.600861 0.731105 
513.393005 348.707031 0.609682 
533.884766 159.069214 0.846726 
538.393494 157.593781 0.504665 
522.116760 167.857300 0.834431 
0.000000 0.000000 0.000000 
18
536.908875 158.981750 0.836546 
513.363708 191.395432 0.724677 
514.860229 192.867188 0.890421 
545.754089 216.364182 0.988094 
535.498352 184.077667 0.846067 
511.879272 188.437485 0.580227 
541.325317 214.898331 0.152762 
0.000000 0.000000 0.000000 
520.704834 257.530884 0.794426 
526.632690 309.029938 0.858561 
511.944702 354.562469 0.813668 
510.475800 254.602814 0.674812 
511.973663 307.502808 0.726068 
513.379333 348.720703 0.623791 
533.941650 156.095093 0.822695 
539.814331 154.629883 0.244604 
522.134766 160.490402 0.802780 
0.000000 0.000000 0.000000 
18
536.937195 159.062180 0.821621 
513.378296 191.403580 0.746359 
514.874512 192.888916 0.901689 
547.150513 216.338409 1.001933 
536.888611 182.612411 0.864080 
511.883667 188.423279 0.582548 
538.398926 214.918396 0.125167 
0.000000 0.000000 0.000000 
520.690857 256.110260 0.803130 
526.623718 308.964783 0.857410 
511.947998 354.558350 0.821375 
510.447876 254.585587 0.667499 
513.355408 304.618347 0.721513 
513.397949 348.695892 0.635139 
533.960083 157.544418 0.855433 
539.860779 157.474884 0.266444 
522.116028 161.968491 0.801686 
0.000000 0.000000 0.000000 
18
536.891296 157.542603 0.836606 
511.946228 189.916901 0.756207 
514.866394 192.834244 0.905618 
547.162109 214.920868 0.975001 
536.913269 181.064423 0.906540 
510.412659 184.063568 0.592070 
536.912170 214.859039 0.118680 
0.000000 0.000000 0.000000 
520.688843 256.098969 0.805183 
526.605652 308.961609 0.854323 
511.954285 353.105591 0.809110 
510.382660 253.191635 0.680787 
511.973236 304.590576 0.748120 
513.363342 348.703400 0.655697 
533.888245 154.595581 0.819761 
538.358826 150.199646 0.406454 
520.692078 159.068573 0.839063 
0.000000 0.000000 0.000000 
18
535.493347 157.540039 0.767947 
511.969238 189.877991 0.718628 
514.842346 192.794891 0.905732 
547.221680 213.406937 0.921894 
536.888916 178.176453 0.911158 
510.464294 184.060699 0.570234 
535.466736 214.868729 0.091848 
0.000000 0.000000 0.000000 
520.697693 257.527161 0.797182 
526.614380 307.539276 0.847087 
511.950745 351.657806 0.812916 
510.402740 254.590561 0.673819 
511.963562 303.157837 0.744478 
511.955261 348.692963 0.647886 
532.495667 154.602371 0.754718 
536.943542 148.808762 0.494707 
520.670898 159.035461 0.797721 
0.000000 0.000000 0.000000 
18
535.481384 153.176987 0.607417 
511.935944 186.974457 0.718103 
513.430481 191.400375 0.868119 
548.639954 210.477203 0.881273 
535.481628 176.697662 0.959931 
510.433563 182.598511 0.582881 
541.284668 209.029160 0.083784 
0.000000 0.000000 0.000000 
520.689697 256.079865 0.783240 
526.617493 307.558258 0.845513 
511.949097 351.661346 0.800876 
510.392487 253.180084 0.677771 
511.950317 304.575317 0.750134 
511.969299 348.715057 0.653876 
532.506653 148.786606 0.660920 
535.527893 147.242004 0.313977 
522.137939 157.590149 0.762493 
0.000000 0.000000 0.000000 
18
536.872375 153.168869 0.603021 
511.971100 186.957794 0.714575 
514.820496 191.372559 0.849013 
547.233032 210.509979 0.901656 
535.483826 178.142517 0.915488 
511.877014 182.603363 0.584458 
541.277344 209.025742 0.084471 
0.000000 0.000000 0.000000 
520.696838 256.059814 0.794736 
526.635376 307.534485 0.846144 
511.947510 353.102783 0.824217 
510.391815 253.159912 0.673742 
511.927521 301.707428 0.754197 
513.348511 348.697418 0.605405 
533.891541 148.769653 0.669981 
0.000000 0.000000 0.000000 
522.130554 157.550919 0.794103 
0.000000 0.000000 0.000000 
18
535.481018 148.810196 0.452339 
511.925568 188.465073 0.723720 
514.825195 192.804016 0.883774 
547.236511 211.987442 0.926638 
535.454895 178.158630 0.927920 
510.416931 184.045547 0.587241 
536.919312 213.415680 0.083633 
0.000000 0.000000 0.000000 
520.713318 256.104034 0.800569 
528.051941 308.967407 0.840642 
511.951355 353.095764 0.816439 
508.977692 253.199615 0.678128 
511.950439 304.581085 0.745108 
513.364502 348.700470 0.624647 
533.872498 147.342911 0.529725 
0.000000 0.000000 0.000000 
522.183167 157.568924 0.739458 
0.000000 0.000000 0.000000 
18
535.460876 150.260498 0.455003 
511.958008 189.879745 0.713362 
513.419067 192.814758 0.896277 
547.214905 213.419373 0.951517 
536.906433 179.570038 0.923197 
510.474945 184.051239 0.576121 
538.377319 213.445221 0.091121 
0.000000 0.000000 0.000000 
520.703491 256.090820 0.802827 
529.520325 307.538269 0.835690 
511.951599 351.634064 0.810744 
510.393433 253.190720 0.680093 
511.964294 303.128021 0.764499 
511.966370 348.699097 0.639568 
533.889160 148.738403 0.551363 
0.000000 0.000000 0.000000 
522.237183 157.560349 0.783798 
0.000000 0.000000 0.000000 
18
535.469788 147.302429 0.595692 
511.901123 188.465729 0.725743 
513.414246 192.819687 0.897078 
547.240540 214.848389 0.935454 
536.879517 178.159744 0.972216 
508.985687 184.019119 0.579573 
535.420227 214.874649 0.081489 
0.000000 0.000000 0.000000 
520.707703 256.091888 0.807971 
526.634460 307.523834 0.841516 
511.954102 351.640625 0.825164 
508.969727 253.190674 0.692392 
511.955994 303.124908 0.762345 
513.352722 347.292664 0.642823 
532.466675 147.233215 0.619307 
0.000000 0.000000 0.000000 
522.148193 157.577759 0.770828 
0.000000 0.000000 0.000000 
18
534.004944 148.779419 0.719030 
511.977631 186.986450 0.715295 
513.396057 192.801315 0.889505 
547.217102 214.867081 0.949731 
538.378662 173.776886 0.886235 
513.349854 182.585999 0.561592 
534.009033 214.858154 0.089085 
0.000000 0.000000 0.000000 
520.688293 256.071960 0.796419 
526.635986 307.532562 0.844607 
511.938660 353.089417 0.822176 
510.412811 253.166855 0.680833 
511.965027 303.123993 0.747197 
511.974823 348.698181 0.636987 
528.066833 147.332077 0.761549 
535.495850 145.855896 0.299774 
517.771362 157.535156 0.776478 
0.000000 0.000000 0.000000 
18
535.425171 148.808121 0.607050 
511.946106 188.441498 0.725194 
513.403320 192.836700 0.874945 
547.272156 211.942734 0.889093 
538.345947 173.762878 0.936347 
510.448059 182.605667 0.567012 
533.937012 213.416580 0.075284 
0.000000 0.000000 0.000000 
520.713989 256.091736 0.791293 
526.639465 308.948608 0.836814 
511.947937 353.095795 0.812411 
510.365173 253.186310 0.675563 
511.946533 304.582184 0.747430 
511.975739 348.716400 0.630706 
529.535706 148.741348 0.659073 
0.000000 0.000000 0.000000 
520.677734 159.002609 0.754386 
0.000000 0.000000 0.000000 
18
538.356140 150.235825 0.500575 
511.973358 186.951508 0.716444 
513.424072 192.790024 0.893938 
548.711365 207.609070 0.876098 
536.903870 175.196808 0.946838 
511.878357 182.577347 0.583442 
536.875793 204.628204 0.064663 
0.000000 0.000000 0.000000 
520.717468 256.064606 0.787768 
528.101196 308.968903 0.834719 
511.972260 353.097809 0.785006 
510.418152 253.163895 0.677574 
511.940674 304.606659 0.749606 
513.349060 350.147308 0.642224 
535.362183 148.773392 0.625762 
0.000000 0.000000 0.000000 
523.716858 158.992188 0.866252 
0.000000 0.000000 0.000000 
18
536.910156 148.753265 0.737489 
513.361206 186.955460 0.708393 
513.393799 191.413391 0.888252 
548.710449 207.573166 0.879812 
536.875427 175.220901 0.941089 
513.380554 182.597672 0.568256 
542.760620 204.639420 0.083018 
0.000000 0.000000 0.000000 
520.701477 256.055328 0.774528 
528.085938 307.559326 0.830896 
511.975616 351.634979 0.780894 
511.887756 253.176849 0.677543 
513.344055 303.148224 0.752243 
511.978119 348.712219 0.668827 
533.894836 147.311371 0.768083 
535.539124 145.764328 0.175728 
522.130066 157.610382 0.828083 
0.000000 0.000000 0.000000 
18
536.899109 150.248199 0.695955 
513.377686 186.983200 0.699244 
513.412048 191.397125 0.892725 
548.652832 209.030350 0.869288 
536.929688 176.696640 0.923342 
513.371399 182.632584 0.561304 
539.835815 209.042480 0.088802 
0.000000 0.000000 0.000000 
520.704651 256.060669 0.779177 
529.558350 306.087738 0.827250 
513.375916 350.183411 0.762412 
511.886841 253.177414 0.671650 
513.343750 303.146088 0.781433 
511.968872 350.153412 0.697287 
533.888367 148.728516 0.750925 
536.905273 145.871048 0.333952 
522.129333 159.000168 0.811212 
0.000000 0.000000 0.000000 
18
535.468018 153.181641 0.538228 
511.926300 186.985748 0.713550 
513.400452 192.790344 0.906908 
548.643799 209.034531 0.874642 
536.926514 175.197159 0.941990 
510.425964 182.601898 0.556296 
533.988831 210.486801 0.068355 
0.000000 0.000000 0.000000 
520.710022 256.057343 0.787750 
529.553162 306.083557 0.827732 
513.356140 350.183533 0.764696 
510.449402 253.164230 0.679834 
511.972382 303.108154 0.781999 
511.970367 348.746948 0.674999 
532.508057 150.219238 0.601396 
0.000000 0.000000 0.000000 
522.193604 159.000168 0.792845 
0.000000 0.000000 0.000000 
18
536.887024 153.158188 0.440716 
511.979828 185.530014 0.706067 
514.833008 192.774139 0.887887 
548.708130 207.540329 0.893889 
536.957764 172.318787 0.930520 
511.889099 182.588120 0.561810 
535.454712 204.612228 0.056812 
0.000000 0.000000 0.000000 
520.712952 254.636032 0.786173 
529.540344 306.077789 0.825398 
513.375977 350.171173 0.753694 
510.440308 253.147354 0.693149 
511.965698 303.115997 0.797043 
511.972443 350.163177 0.693720 
533.942444 150.202820 0.553166 
0.000000 0.000000 0.000000 
523.636475 158.982330 0.841790 
0.000000 0.000000 0.000000 
18
536.911072 156.045914 0.384688 
511.964966 185.499466 0.754965 
514.827515 191.358948 0.879893 
548.715210 204.658752 0.935057 
538.371338 172.292252 0.911333 
511.868134 182.597977 0.593454 
544.220764 198.749374 0.076008 
0.000000 0.000000 0.000000 
520.713867 254.624329 0.803937 
528.076172 307.510834 0.835980 
511.956848 353.091461 0.784234 
510.398346 253.136078 0.695486 
511.950378 303.103668 0.785493 
513.351074 350.148010 0.671313 
535.420837 150.244019 0.526292 
0.000000 0.000000 0.000000 
525.108887 157.615280 0.899653 
0.000000 0.000000 0.000000 
18
538.384460 153.144730 0.447903 
513.366516 184.064651 0.759978 
514.832825 191.334534 0.853837 
550.123596 204.532928 0.904176 
538.347168 172.268860 0.901122 
511.928619 182.559082 0.604966 
545.707886 197.270187 0.114474 
0.000000 0.000000 0.000000 
520.713745 254.629822 0.794393 
529.518860 306.085938 0.830025 
513.385010 350.201935 0.771936 
510.451752 253.150879 0.695330 
511.952881 301.708221 0.801821 
511.974579 350.158966 0.688044 
535.471008 148.756775 0.614531 
0.000000 0.000000 0.000000 
525.146667 157.536453 0.886038 
0.000000 0.000000 0.000000 
18
539.814270 151.682877 0.472402 
513.387939 184.075699 0.754238 
514.859497 191.343109 0.852980 
550.121338 204.601746 0.925232 
538.369080 173.732941 0.897873 
511.926117 182.564972 0.607324 
545.688843 198.732819 0.101090 
0.000000 0.000000 0.000000 
520.709900 254.623718 0.796368 
529.537231 307.507294 0.832303 
513.349915 351.636230 0.774335 
511.849152 253.139786 0.692363 
511.966553 303.104218 0.781922 
511.955872 350.162018 0.675238 
535.475159 148.757202 0.635116 
0.000000 0.000000 0.000000 
525.184937 157.572678 0.898333 
0.000000 0.000000 0.000000 
18
539.824829 153.173294 0.457542 
513.372009 185.478653 0.739384 
514.850281 191.383972 0.874241 
548.660950 204.664322 0.947634 
539.826355 172.274048 0.899522 
511.931366 182.567871 0.594387 
544.246704 200.215149 0.095914 
0.000000 0.000000 0.000000 
520.689026 254.624374 0.791717 
529.520020 307.500000 0.829139 
513.355530 351.640015 0.771756 
510.472504 253.139587 0.686112 
511.955139 301.699524 0.786941 
511.966492 350.166077 0.668653 
535.451782 150.223129 0.610908 
0.000000 0.000000 0.000000 
525.127319 158.979507 0.911831 
0.000000 0.000000 0.000000 
18
538.355896 153.156677 0.494043 
513.379395 185.499527 0.740746 
514.829346 191.380829 0.866221 
547.267639 206.025757 0.960909 
541.302185 172.269012 0.918061 
513.357300 182.573624 0.603347 
544.235901 200.237320 0.100307 
0.000000 0.000000 0.000000 
520.684265 254.649689 0.776511 
529.524109 306.089325 0.822724 
513.358032 351.627289 0.773047 
510.464111 253.163239 0.688733 
511.961853 303.123657 0.786911 
511.965759 350.162903 0.679869 
535.402222 150.206299 0.640637 
0.000000 0.000000 0.000000 
523.719910 158.996323 0.909222 
0.000000 0.000000 0.000000 
18
535.421082 147.306885 0.623568 
511.950623 182.609360 0.771306 
513.400452 189.901154 0.861022 
547.236145 206.056671 0.961371 
538.366211 170.823364 0.934026 
511.891479 181.064133 0.597598 
542.750427 198.750229 0.092520 
0.000000 0.000000 0.000000 
519.280273 254.617310 0.778867 
528.057922 307.520233 0.837302 
511.949707 353.093201 0.807060 
510.421417 253.121918 0.687592 
511.950378 303.103729 0.765603 
511.974823 348.721649 0.638149 
532.484253 147.242416 0.664143 
0.000000 0.000000 0.000000 
522.209961 156.108353 0.825217 
0.000000 0.000000 0.000000 
18
535.494812 151.686264 0.679425 
513.370544 184.085129 0.735568 
513.409363 191.366745 0.891438 
547.213440 206.058960 0.962726 
536.926697 172.321045 0.915358 
513.394470 182.546432 0.598108 
538.402954 204.624695 0.098348 
0.000000 0.000000 0.000000 
519.263000 254.636993 0.768350 
528.065674 307.511108 0.833005 
511.961182 353.081482 0.788525 
511.852386 253.141922 0.674384 
511.956604 303.103241 0.758783 
513.355957 348.724701 0.651325 
533.905457 148.772003 0.754279 
0.000000 0.000000 0.000000 
522.180359 158.993271 0.906579 
0.000000 0.000000 0.000000 
18
536.885925 154.639816 0.613607 
511.946655 185.517700 0.726442 
514.831055 192.776764 0.870975 
547.210449 206.063934 0.965367 
536.902771 173.716888 0.924667 
510.441772 182.549316 0.589815 
533.975220 204.566696 0.069174 
0.000000 0.000000 0.000000 
520.694458 256.055420 0.779148 
528.076477 306.067383 0.823532 
511.974396 351.646362 0.805220 
510.394653 253.159988 0.687636 
511.934296 301.701019 0.794725 
511.947815 348.717987 0.652381 
533.939148 151.668518 0.697258 
0.000000 0.000000 0.000000 
522.197571 159.003479 0.894341 
0.000000 0.000000 0.000000 
18
535.490662 151.671112 0.623125 
511.917084 184.045670 0.737706 
513.399902 191.386261 0.879390 
547.197388 206.100586 0.958743 
536.886963 172.321136 0.931374 
510.424408 181.080002 0.570591 
535.455872 203.132324 0.082138 
0.000000 0.000000 0.000000 
520.696716 254.645462 0.783009 
528.068237 306.085449 0.825189 
511.968872 351.632294 0.810727 
510.442139 253.153152 0.695892 
511.935944 301.704834 0.768275 
511.926788 348.702209 0.628539 
533.892212 148.761108 0.694698 
0.000000 0.000000 0.000000 
522.144409 157.607529 0.825091 
0.000000 0.000000 0.000000 
18
535.403259 150.210297 0.836670 
513.374268 184.081223 0.731183 
513.415527 191.387161 0.886628 
547.216858 207.554169 0.900615 
536.917053 176.652725 0.892980 
513.396667 181.129868 0.591310 
536.890747 206.056213 0.085558 
0.000000 0.000000 0.000000 
519.279724 256.051361 0.776083 
526.630249 307.523346 0.839305 
511.964783 351.665527 0.813212 
510.450958 253.157806 0.664560 
511.921539 303.103394 0.766679 
511.940125 348.710175 0.633206 
529.571838 147.364090 0.825625 
535.330994 145.816559 0.258080 
519.226990 158.999466 0.853912 
0.000000 0.000000 0.000000 
18
535.410889 147.364456 0.864461 
511.965393 184.043930 0.724275 
514.840759 191.393600 0.873354 
547.242249 207.584656 0.885283 
535.499451 175.230835 0.936406 
511.859894 181.100082 0.583613 
533.961304 207.548401 0.064680 
0.000000 0.000000 0.000000 
520.663391 254.621323 0.782929 
528.049683 306.053162 0.833924 
511.979706 351.632202 0.798651 
510.402191 253.118317 0.684474 
511.928558 301.684143 0.797093 
511.928375 348.733521 0.649518 
530.985229 147.281921 0.837683 
534.043091 145.753967 0.191636 
519.246277 157.598312 0.878022 
0.000000 0.000000 0.000000 
18
535.423523 147.349533 0.873473 
513.369690 185.481750 0.701022 
514.844788 191.380096 0.868885 
547.246704 206.147858 0.904427 
535.498108 175.234482 0.943171 
513.344788 182.543503 0.589222 
536.914734 207.542969 0.089447 
0.000000 0.000000 0.000000 
519.276855 254.623199 0.781229 
526.627258 306.075623 0.838630 
513.342163 351.644379 0.795196 
510.422638 253.125092 0.677855 
511.943848 301.704254 0.795340 
511.946228 348.737946 0.653921 
531.000854 147.262314 0.838672 
534.053833 145.766800 0.212869 
519.277893 157.602188 0.869988 
0.000000 0.000000 0.000000 
18
535.401367 147.343384 0.838549 
511.921478 185.498337 0.733532 
514.875183 192.784058 0.869943 
548.646851 207.607132 0.867374 
535.510742 175.213165 0.938500 
510.408142 182.529984 0.606323 
533.971375 211.951019 0.064109 
0.000000 0.000000 0.000000 
519.278687 254.638947 0.785994 
526.625183 307.496857 0.836855 
511.960388 353.092896 0.808978 
508.961304 253.134109 0.688134 
511.921112 301.697601 0.788746 
511.938416 348.733917 0.634137 
530.989075 147.262573 0.822610 
0.000000 0.000000 0.000000 
519.273743 157.550125 0.856789 
0.000000 0.000000 0.000000 
18
535.421631 147.330750 0.843916 
513.385010 188.428513 0.679439 
514.825073 192.803406 0.884373 
547.238037 210.500275 0.876423 
536.871704 179.571274 0.937430 
513.387512 184.019608 0.548924 
541.292358 211.955627 0.088164 
0.000000 0.000000 0.000000 
520.680786 256.068573 0.782718 
528.065247 307.509155 0.838197 
511.964233 353.114410 0.799613 
510.383606 253.158997 0.668599 
511.919464 303.117096 0.779707 
511.957520 350.172058 0.632021 
531.013000 147.219269 0.795518 
0.000000 0.000000 0.000000 
520.675781 157.535339 0.809875 
0.000000 0.000000 0.000000 
18
534.007202 147.315353 0.828878 
513.358276 186.992325 0.689847 
514.823486 191.399384 0.875934 
547.207336 211.940918 0.891928 
535.498779 178.148285 0.944049 
511.956543 184.008331 0.573730 
539.822083 211.949921 0.094039 
0.000000 0.000000 0.000000 
520.681702 256.076447 0.786061 
528.054077 307.511047 0.832665 
513.347229 351.641327 0.796043 
510.384216 253.169937 0.671857 
511.916595 303.154449 0.770944 
511.957642 350.148560 0.645520 
528.098877 147.228760 0.778625 
0.000000 0.000000 0.000000 
519.275635 157.558807 0.799742 
0.000000 0.000000 0.000000 
18
533.993042 145.866104 0.776352 
511.924042 186.955566 0.712189 
514.838501 192.793259 0.860294 
548.664063 210.493027 0.855215 
535.504211 176.659958 0.951790 
510.435577 182.577805 0.592276 
535.433533 213.438278 0.086047 
0.000000 0.000000 0.000000 
520.685608 256.062286 0.789892 
528.062927 306.073181 0.832869 
513.342224 351.632385 0.801529 
508.944763 253.149063 0.688922 
511.908112 303.100220 0.775913 
511.938538 348.733490 0.637745 
528.078491 145.785355 0.714699 
0.000000 0.000000 0.000000 
519.278748 156.060852 0.777485 
0.000000 0.000000 0.000000 
18
533.992981 147.272537 0.901112 
513.393433 186.973175 0.689710 
514.861938 191.394241 0.869676 
548.634521 211.990753 0.888856 
536.921692 178.156357 0.922015 
513.382385 182.628738 0.584715 
536.930481 214.860291 0.108416 
0.000000 0.000000 0.000000 
519.273804 256.063873 0.775966 
526.596191 307.532013 0.850538 
511.960022 353.086853 0.821261 
508.967926 253.156937 0.675797 
511.906525 303.146973 0.758947 
511.974518 348.701324 0.629543 
528.078796 145.834885 0.830709 
533.953674 145.814087 0.154661 
517.785645 156.112518 0.809230 
0.000000 0.000000 0.000000 
18
533.954712 147.323029 0.914768 
513.384521 188.418182 0.699982 
516.293823 191.406265 0.859395 
547.241333 213.428299 0.899800 
536.936707 179.647461 0.922241 
511.945435 184.045212 0.584505 
536.916138 213.412537 0.109440 
0.000000 0.000000 0.000000 
520.714722 254.650970 0.794505 
526.604126 307.509125 0.848367 
511.964478 351.635956 0.825879 
508.964783 253.144455 0.697773 
511.920013 301.700562 0.771275 
511.957947 347.292297 0.636742 
525.184631 145.870712 0.861922 
533.898438 145.799500 0.257958 
514.846924 157.500290 0.815353 
0.000000 0.000000 0.000000 
18
533.975891 147.283920 0.944080 
513.377075 188.415024 0.698303 
516.331299 192.784943 0.858304 
547.245300 213.463531 0.901473 
536.945007 181.065750 0.944121 
511.901733 184.020096 0.577724 
536.909973 213.447037 0.106332 
0.000000 0.000000 0.000000 
520.741150 256.050781 0.803065 
526.598694 307.525757 0.850329 
511.941345 353.083588 0.823649 
510.372772 253.151215 0.703188 
511.915131 303.123230 0.765489 
511.933014 348.699371 0.627475 
526.580994 145.826019 0.869126 
533.956543 145.814499 0.206970 
514.852722 156.115311 0.835254 
0.000000 0.000000 0.000000 
18
533.968323 148.734940 0.912269 
513.369690 188.428360 0.700443 
517.772278 191.406723 0.863577 
547.241089 214.884491 0.934253 
536.940186 181.082916 0.962991 
511.877014 184.043289 0.578393 
535.485229 214.876541 0.106863 
0.000000 0.000000 0.000000 
522.118713 254.648376 0.812831 
528.054565 307.545349 0.841533 
511.941528 353.120117 0.823037 
510.388580 253.149002 0.710869 
511.941223 301.700287 0.778218 
511.940979 348.734528 0.634901 
525.169678 147.296341 0.865827 
533.909485 145.816391 0.332564 
514.861572 157.615845 0.834080 
0.000000 0.000000 0.000000 
18
535.365356 148.745773 0.938773 
513.393433 189.885986 0.727594 
517.775085 192.796326 0.889364 
547.232239 214.900024 0.959983 
538.393677 181.084671 0.930281 
511.904205 184.075531 0.602629 
535.471741 214.888718 0.109923 
0.000000 0.000000 0.000000 
522.135681 256.056824 0.825831 
528.093445 307.523499 0.834867 
511.943298 353.105164 0.817211 
510.412842 253.166000 0.714708 
511.955505 303.109772 0.778305 
511.945557 348.741913 0.646854 
528.066223 147.268097 0.887322 
533.986328 145.792877 0.204508 
516.294800 157.598007 0.866660 
0.000000 0.000000 0.000000 
18
534.011353 147.273849 0.948039 
511.948364 185.484070 0.745040 
517.790771 192.781555 0.873376 
547.218811 214.870926 0.924228 
539.823608 179.594437 0.927231 
508.975922 181.079926 0.611626 
523.627747 182.609192 0.101158 
0.000000 0.000000 0.000000 
522.126953 254.620300 0.821162 
528.074219 307.527649 0.835415 
511.953247 353.099640 0.806130 
510.393127 253.123795 0.707754 
511.947144 303.115540 0.773860 
511.939148 348.742615 0.641305 
526.614441 147.213593 0.874171 
533.991333 145.716278 0.363390 
514.850586 157.559784 0.874139 
0.000000 0.000000 0.000000 
18
535.432739 147.348709 0.888868 
513.387451 185.506180 0.715541 
516.339600 192.773056 0.878932 
547.215881 213.437515 0.917585 
538.362305 178.134827 0.931270 
511.923126 182.523727 0.577930 
533.927307 213.436783 0.079000 
0.000000 0.000000 0.000000 
522.109253 254.617310 0.799545 
529.516663 307.512634 0.830775 
511.962891 351.655762 0.793798 
510.467987 253.124603 0.690515 
511.963501 303.127319 0.771723 
511.939636 348.730164 0.651931 
529.554993 147.289734 0.846126 
535.359497 145.800232 0.303785 
517.805115 158.988251 0.883707 
0.000000 0.000000 0.000000 
18
535.428894 148.789047 0.869536 
513.380371 185.515640 0.697351 
514.830811 191.394577 0.904509 
547.209778 213.452576 0.941561 
536.898499 179.620132 0.954125 
513.393066 182.575272 0.563075 
536.927673 213.429703 0.098166 
0.000000 0.000000 0.000000 
520.747070 254.628387 0.797694 
529.552734 307.503265 0.833995 
511.970184 351.658936 0.779009 
511.851776 253.134750 0.691607 
511.962646 303.112854 0.784643 
511.925934 350.148041 0.655591 
532.425598 147.304611 0.864327 
534.053162 145.795013 0.127762 
519.248901 157.506226 0.861842 
0.000000 0.000000 0.000000 
18
535.472900 148.782806 0.879926 
514.823425 185.517319 0.690770 
514.826416 191.410706 0.892826 
547.206665 213.457672 0.941426 
536.901245 179.570358 0.951243 
517.759521 182.575333 0.571159 
535.480652 214.843674 0.103464 
0.000000 0.000000 0.000000 
520.704529 254.635483 0.784844 
529.556091 307.497437 0.831436 
513.346252 351.645050 0.768251 
511.907928 253.145187 0.671402 
511.970612 303.133698 0.780413 
511.921295 350.168457 0.664180 
532.441284 147.296036 0.876565 
535.380493 145.810638 0.149660 
519.225037 157.540558 0.858360 
0.000000 0.000000 0.000000 
