23
1
18
533.930054 144.286743 0.910020 
529.554565 172.310349 0.848773 
498.696167 172.249771 0.935290 
488.426514 225.166779 0.883296 
489.897308 266.339417 0.902978 
558.962524 173.730911 0.896743 
569.224548 226.677979 0.915122 
569.258606 273.658203 0.843166 
510.475616 264.874115 0.822106 
510.491974 320.745911 0.884050 
511.855621 363.412231 0.865443 
545.771057 264.873871 0.828382 
538.372925 317.821564 0.821655 
542.776428 363.428864 0.810423 
525.139099 135.502716 0.918646 
536.957458 135.524124 0.906298 
513.425293 135.568649 0.977960 
547.145569 135.596664 0.883833 
18
533.970032 144.295151 0.927896 
530.979126 172.320145 0.848964 
498.706268 172.266403 0.932159 
488.415649 225.162735 0.881717 
489.848328 264.960999 0.926927 
558.975098 172.328232 0.891047 
569.232605 226.646881 0.908467 
570.727295 273.734711 0.900732 
511.846100 264.857574 0.824706 
511.835815 320.732605 0.869690 
511.872986 364.871246 0.871416 
547.177124 264.849579 0.830456 
538.358398 314.897003 0.833777 
542.743347 363.389282 0.810323 
525.177124 135.511856 0.909428 
538.383850 135.530106 0.902940 
513.429871 135.569351 0.973265 
547.161194 135.575882 0.845126 
18
535.356934 144.304749 0.939318 
531.011047 172.303574 0.860435 
500.073212 172.245392 0.941990 
489.834686 222.251938 0.866626 
488.409760 266.361694 0.932261 
558.980103 172.316406 0.893085 
569.223816 226.619354 0.907657 
570.800049 275.138367 0.895434 
511.888245 264.846954 0.821802 
511.862091 320.737122 0.867409 
511.861542 364.886169 0.865435 
547.219482 264.855042 0.824224 
538.345764 314.902649 0.835908 
541.314514 363.390717 0.812527 
526.630249 135.518845 0.892675 
539.863770 135.542267 0.898637 
514.853760 135.547516 0.968214 
547.191772 135.555756 0.776193 
18
535.387939 144.309937 0.946602 
532.423523 172.299133 0.865996 
500.100281 170.880142 0.951263 
489.835938 223.729279 0.860029 
488.344696 266.361969 0.934659 
558.994324 172.325119 0.889256 
569.245422 226.666382 0.918253 
572.175781 275.193024 0.905079 
511.901367 264.853333 0.820807 
511.884399 320.736206 0.864313 
511.877563 364.895416 0.863863 
547.246216 264.878448 0.812152 
538.386047 314.905243 0.828650 
542.739563 363.394501 0.813712 
528.078674 135.525192 0.882934 
541.313171 135.546249 0.900442 
514.881042 135.536301 0.962527 
547.210693 135.543915 0.760064 
18
535.423767 144.298080 0.945921 
532.427246 172.298981 0.868821 
500.106476 170.884399 0.951689 
489.853363 222.256561 0.858040 
486.973022 266.368347 0.938465 
558.997131 172.328171 0.887008 
569.259033 226.666534 0.918287 
572.162781 275.163086 0.898473 
511.888062 264.850677 0.827176 
511.873718 320.730682 0.866884 
511.885254 366.319366 0.862264 
547.235901 264.874298 0.817277 
539.809143 314.907196 0.835472 
542.761169 363.411530 0.816623 
529.541016 135.523788 0.885059 
542.759583 135.539749 0.917610 
516.291016 135.540909 0.956565 
547.212646 135.531006 0.678679 
18
535.442200 142.884338 0.934959 
532.462830 172.289841 0.881456 
500.117096 170.877045 0.956013 
488.457001 222.287903 0.869644 
488.310699 266.392792 0.931932 
560.404480 173.716537 0.869934 
569.288269 228.083389 0.918914 
572.171631 275.118286 0.877906 
511.901611 263.455597 0.817751 
511.871094 319.304169 0.853471 
511.875610 366.316101 0.853367 
547.245178 264.862732 0.810481 
539.821716 314.906555 0.835223 
542.744507 363.394287 0.811174 
530.977417 135.503448 0.892641 
542.789124 135.523148 0.928770 
516.325989 135.549301 0.949618 
547.228577 135.549423 0.676542 
18
535.496765 142.842224 0.917473 
532.455322 172.272049 0.882017 
500.123352 170.880615 0.954146 
488.459320 222.261948 0.872174 
486.961151 266.381622 0.938928 
560.390869 172.299210 0.880335 
569.219910 228.105591 0.889342 
573.683777 270.803375 0.815995 
511.929108 263.403503 0.809587 
511.897400 317.828979 0.846487 
511.878845 366.314728 0.854177 
547.271118 263.444489 0.808940 
541.291077 314.874512 0.841614 
541.311096 363.384766 0.806955 
532.433960 135.473511 0.921192 
544.220886 135.493011 0.968402 
517.759399 135.514603 0.945081 
547.208252 135.512711 0.474629 
18
536.888062 142.880997 0.912142 
532.452637 170.876068 0.891718 
500.121338 170.852798 0.960193 
489.825897 222.283356 0.871339 
488.347656 266.397522 0.921593 
559.031494 172.249481 0.887951 
569.242798 226.659729 0.887291 
580.932678 269.301605 0.839788 
511.966064 263.442017 0.811048 
511.905853 319.274933 0.856764 
511.880676 366.306824 0.857150 
548.635681 263.463867 0.820430 
541.317566 314.924164 0.833907 
541.306335 363.400848 0.803649 
532.490417 135.488846 0.948834 
544.260437 135.509094 0.983646 
517.779358 135.472916 0.936950 
547.161621 135.471893 0.288427 
18
536.924744 142.889923 0.903705 
532.431091 170.832184 0.905958 
500.112488 170.832703 0.961567 
489.882935 225.187073 0.858998 
488.416382 267.815155 0.909990 
559.026978 170.829102 0.902811 
570.796509 216.388474 0.958009 
583.994202 261.967163 0.870608 
511.961853 263.391663 0.817634 
511.913055 319.257507 0.853827 
511.879211 364.900238 0.855693 
548.637146 263.385071 0.816767 
542.761292 314.876373 0.841198 
542.739624 363.386658 0.801630 
533.886292 135.475571 0.972085 
545.647888 135.525833 0.992386 
519.246948 134.092529 0.933236 
547.166016 135.485260 0.241264 
18
536.955872 142.873840 0.888221 
531.016479 170.760880 0.933105 
500.122528 170.799454 0.970416 
489.881134 220.824905 0.854163 
488.384338 264.938354 0.951664 
558.963196 169.387024 0.942141 
572.180054 206.089508 0.923533 
586.880066 239.826767 0.872724 
511.963440 263.358856 0.821942 
511.920013 319.259369 0.851336 
511.874390 364.884460 0.856537 
547.261047 261.931671 0.779725 
542.770203 313.441406 0.856858 
542.759583 361.916321 0.811943 
533.924561 135.458054 0.985213 
545.677185 135.523987 0.997251 
520.681885 134.064926 0.949518 
547.243103 135.476578 0.263018 
18
536.950073 142.838806 0.881199 
531.002319 169.373383 0.935405 
500.118896 170.803757 0.968508 
489.862762 220.810394 0.864368 
488.391968 264.848053 0.979889 
558.924866 169.255890 0.902562 
570.759705 192.869003 0.912710 
585.392944 214.893295 0.866349 
511.937134 261.947815 0.807517 
511.885010 316.365997 0.857351 
511.872253 364.893311 0.853304 
547.240356 260.460510 0.766631 
542.779053 313.435974 0.854404 
542.745483 361.935150 0.814477 
533.927429 134.103500 0.978198 
545.682617 135.519348 0.991078 
520.726257 134.034485 0.953077 
548.628540 135.504044 0.308156 
18
538.345581 141.419556 0.872757 
531.003784 169.343323 0.921473 
500.135773 170.780930 0.972138 
489.889435 219.340729 0.875316 
488.372925 263.474274 0.975418 
558.923035 167.839569 0.886255 
572.163086 184.031158 0.799476 
582.548340 194.289291 0.901055 
511.892639 263.367523 0.821005 
511.868744 317.842163 0.854651 
511.863251 364.889862 0.849769 
547.177246 261.947815 0.791497 
542.757874 313.474548 0.836862 
542.776184 361.950470 0.809065 
533.948486 134.085663 0.984153 
545.704895 135.525711 0.990470 
520.746582 134.019150 0.949710 
548.697449 135.558990 0.284494 
18
538.339722 141.412384 0.875700 
530.984619 169.329056 0.921540 
500.137115 170.773087 0.976250 
489.907013 220.765594 0.845293 
488.343811 263.392090 0.965179 
557.538086 166.414734 0.890349 
572.159180 181.069153 0.658944 
581.033386 182.628723 0.750238 
511.891846 261.969482 0.821032 
511.883972 319.268677 0.849735 
511.872864 366.314575 0.860067 
547.207153 261.919922 0.782281 
541.321716 313.443268 0.842082 
542.792786 361.957245 0.818384 
533.939941 134.075531 0.979251 
545.708984 135.518707 0.996811 
520.747925 134.022156 0.956760 
548.711792 135.584488 0.297612 
18
538.359741 141.398163 0.873698 
531.020752 169.331619 0.921548 
500.165833 170.762482 0.960158 
491.341187 217.895874 0.885224 
486.948822 261.959564 0.947162 
558.929260 167.836655 0.910820 
573.680786 182.587509 0.597201 
583.988281 184.072342 0.805381 
511.881104 261.922180 0.801566 
511.883972 317.840851 0.855827 
511.874634 366.312073 0.859942 
547.161438 260.477020 0.776514 
542.762939 313.434479 0.844657 
542.761292 361.928406 0.818512 
533.960510 134.070999 0.983476 
545.719177 135.515930 0.994589 
522.114502 134.014786 0.952953 
550.122437 135.585938 0.289162 
18
538.369202 141.382080 0.868296 
530.996460 169.320694 0.921870 
500.148621 170.752487 0.968675 
492.779541 217.866104 0.887613 
486.884460 261.946198 0.944415 
557.532959 166.400803 0.886289 
576.592834 181.090271 0.655182 
580.954224 188.422028 0.839945 
511.897827 261.927704 0.805511 
511.886536 319.273102 0.853890 
511.887024 366.309052 0.849470 
547.200256 260.501892 0.766365 
542.748962 313.414124 0.843586 
542.780457 360.516083 0.821524 
533.965454 134.069153 0.983907 
545.708069 135.505142 0.996317 
520.733704 134.008331 0.938595 
548.646240 135.503433 0.194083 
18
538.357239 139.942734 0.868709 
530.997986 169.320908 0.921154 
500.163391 170.734589 0.970542 
492.777832 217.824722 0.905000 
486.861511 261.922791 0.937493 
557.512878 167.819534 0.880502 
572.156128 181.060608 0.685134 
578.046509 191.389313 0.872205 
511.875793 261.928986 0.812961 
511.903564 319.279724 0.853539 
511.874146 364.886810 0.852509 
547.179749 260.505188 0.773770 
542.766724 313.407867 0.843010 
542.795227 361.917908 0.821788 
533.959961 134.053070 0.972756 
545.699402 135.487869 0.991964 
520.739258 133.970276 0.932656 
547.238342 135.459641 0.215856 
18
536.939514 138.473038 0.884994 
530.999634 169.323151 0.920106 
500.166595 169.399170 0.967500 
491.355103 217.796082 0.905891 
486.846649 261.921234 0.939692 
557.522461 167.857239 0.895778 
572.222473 182.585373 0.688415 
579.489868 192.861282 0.892958 
511.874512 261.903656 0.811330 
511.895020 319.266876 0.853802 
511.870087 364.896149 0.848342 
547.187195 260.477539 0.769804 
542.767334 313.413818 0.849173 
542.774597 361.933807 0.818988 
533.916504 134.013382 0.949598 
545.676514 135.445908 0.984100 
520.709045 133.956741 0.918396 
547.263123 135.441803 0.297923 
18
536.942932 138.437073 0.889946 
531.010498 169.310333 0.918602 
500.173187 169.385605 0.968479 
491.304596 217.786728 0.913895 
485.459625 260.457886 0.911207 
557.520142 167.830429 0.895062 
572.156372 182.616837 0.713845 
576.587158 192.836044 0.868349 
511.891479 261.904358 0.804837 
511.896851 319.269836 0.854728 
511.888733 364.877411 0.844800 
547.208618 260.476166 0.763975 
542.786743 313.403198 0.851525 
542.761414 361.918213 0.818737 
533.913818 133.995087 0.942209 
545.670105 134.092316 0.983069 
520.704956 133.964035 0.917500 
547.265259 135.436569 0.319239 
18
536.936096 137.041473 0.891108 
531.015137 169.311630 0.919990 
500.178925 169.382385 0.966200 
491.305511 216.418579 0.914772 
485.453033 259.035828 0.909861 
557.532715 167.848846 0.901965 
572.208862 185.503159 0.716221 
576.591614 194.306778 0.855846 
511.904205 260.474518 0.799870 
511.887512 317.820068 0.858293 
511.880920 364.869354 0.847637 
547.206055 259.028595 0.770071 
542.761230 313.411011 0.850196 
542.765503 361.949463 0.815059 
533.912659 133.987045 0.941156 
545.662292 134.087082 0.982789 
520.702820 133.955460 0.919865 
547.260925 135.444565 0.329943 
18
536.940369 137.045563 0.887682 
531.029907 169.309204 0.921593 
500.181488 169.387985 0.965995 
491.314667 216.412231 0.909132 
486.819824 260.487823 0.921937 
558.887634 167.826126 0.892256 
570.772095 184.055267 0.730419 
575.140686 194.273544 0.880562 
511.888428 260.484192 0.805247 
511.906769 317.803314 0.857277 
511.891602 364.864899 0.854081 
547.190186 260.461121 0.775188 
542.743103 312.025085 0.853042 
542.752441 361.948303 0.821442 
533.917786 133.994781 0.943298 
545.660950 134.086914 0.982115 
520.709534 133.960693 0.925397 
547.255981 135.429916 0.334092 
18
536.943726 138.429230 0.888199 
532.420227 169.303665 0.926927 
500.200226 169.378235 0.959268 
492.788910 216.357391 0.897611 
486.850098 261.901794 0.939021 
557.537170 167.812073 0.886690 
570.750671 184.060013 0.721425 
575.098267 194.286224 0.877087 
511.883850 259.030212 0.799371 
511.896545 317.806824 0.855597 
511.893311 364.873749 0.847812 
547.178894 259.006683 0.772081 
542.742310 312.027832 0.857084 
542.759705 361.944672 0.818100 
533.916504 133.997513 0.946521 
545.663879 134.087891 0.986023 
520.717224 133.966812 0.930109 
547.249084 134.128220 0.320347 
18
536.933167 137.045135 0.895203 
531.038391 169.290710 0.923147 
500.195282 169.372360 0.963275 
492.794128 216.382233 0.910607 
486.874786 260.461456 0.928208 
558.894653 166.407257 0.890074 
570.735291 184.068970 0.730990 
573.681396 194.284729 0.885282 
511.874939 260.475250 0.798771 
511.883484 317.815308 0.855174 
511.889404 364.871368 0.848299 
547.169067 259.026886 0.765616 
542.758362 313.397003 0.850611 
542.749146 361.925629 0.817750 
533.911011 133.991684 0.939033 
545.660950 134.088455 0.987234 
520.721008 133.958008 0.932820 
547.269714 135.450851 0.377133 
18
536.931030 137.043945 0.900020 
532.428345 169.288422 0.925040 
500.206696 169.362106 0.955396 
494.250946 216.357956 0.900788 
486.914978 257.571075 0.922470 
558.894897 166.416016 0.891932 
570.768066 185.509445 0.723785 
575.121582 194.311157 0.879041 
511.885193 260.467285 0.789972 
511.869537 317.808655 0.857716 
511.886902 364.877838 0.849602 
547.166138 259.009521 0.765867 
542.762512 313.407593 0.847240 
542.752930 361.954742 0.817017 
533.907104 133.987152 0.939049 
545.660828 134.083176 0.988179 
520.720947 132.599228 0.931541 
548.631470 135.435760 0.387016 
