32
1
18
544.239807 214.940109 0.821035 
510.479034 241.377197 0.883875 
511.899292 250.209824 0.822854 
522.235413 300.170837 0.916436 
558.991577 300.216248 0.919105 
508.964844 236.984329 0.770695 
523.629395 257.554077 0.647926 
545.711182 264.923126 0.947483 
513.379150 311.941864 0.611429 
586.861267 309.010590 0.892305 
567.752808 358.992310 0.882609 
513.367249 298.723907 0.367704 
573.639893 279.602356 0.808507 
561.884949 347.295746 0.257619 
538.404053 210.480957 0.817083 
0.000000 0.000000 0.000000 
525.113159 216.384232 0.951273 
0.000000 0.000000 0.000000 
18
544.237610 216.300583 0.793669 
511.847260 241.389038 0.872521 
511.915070 250.210922 0.827118 
522.245728 300.216522 0.915546 
560.401245 300.202454 0.940099 
508.978455 236.977859 0.769772 
522.232178 259.013336 0.644555 
545.714905 264.917755 0.931605 
513.397522 311.940308 0.603748 
586.880737 309.010803 0.896308 
567.706970 359.034912 0.863730 
513.371277 298.721527 0.362572 
573.641357 279.600555 0.788538 
560.413757 348.732788 0.255397 
539.832397 210.500214 0.800549 
0.000000 0.000000 0.000000 
525.197388 216.407959 0.923873 
0.000000 0.000000 0.000000 
18
544.243713 216.381836 0.797759 
511.843170 241.411118 0.874228 
511.946960 251.626968 0.832296 
522.264893 300.227997 0.915055 
560.391052 300.196655 0.943526 
508.963745 238.397141 0.778254 
522.220947 260.467529 0.626537 
545.721985 264.905884 0.901632 
516.339294 310.505646 0.567812 
586.876953 310.399933 0.887727 
567.743530 359.060059 0.875161 
513.373901 298.725433 0.351796 
573.661804 279.625641 0.781230 
570.675842 303.092224 0.062869 
539.846985 213.399918 0.799161 
0.000000 0.000000 0.000000 
526.594666 216.425232 0.924989 
0.000000 0.000000 0.000000 
18
544.242554 216.362137 0.795231 
511.857574 241.426376 0.861681 
511.926849 251.629868 0.834317 
522.267212 300.227905 0.917883 
560.401794 300.213959 0.938174 
510.383759 238.413330 0.770881 
522.230652 260.475342 0.633732 
545.716431 264.911743 0.910974 
514.865295 311.915863 0.577715 
586.869690 310.426117 0.912151 
566.319641 360.456268 0.837797 
513.400391 298.718903 0.361005 
573.686768 279.624329 0.765855 
569.323242 313.461853 0.063591 
539.863098 211.972260 0.795322 
0.000000 0.000000 0.000000 
526.641357 216.417191 0.911178 
0.000000 0.000000 0.000000 
18
544.243774 216.351959 0.730961 
511.850739 241.434189 0.867208 
511.950012 251.659912 0.832379 
523.590027 300.230438 0.911739 
560.410400 300.208527 0.937002 
508.975250 238.412903 0.785805 
522.206360 260.451935 0.639461 
545.721558 264.896454 0.946050 
514.877319 311.937225 0.582589 
586.873413 310.447662 0.915983 
567.707458 359.069824 0.862558 
511.921051 300.175934 0.354755 
573.653137 279.625610 0.743819 
569.264709 303.081970 0.056077 
541.290894 211.972595 0.753341 
0.000000 0.000000 0.000000 
528.096497 216.443619 0.908658 
0.000000 0.000000 0.000000 
18
544.235596 216.363419 0.710065 
511.861237 241.415436 0.866385 
511.931854 251.636093 0.829785 
523.620850 300.232086 0.916618 
560.426025 300.216644 0.926964 
510.388275 238.399109 0.779435 
522.226563 259.030945 0.635953 
545.704468 264.902252 0.936209 
514.864990 311.913025 0.572531 
586.904541 310.447052 0.912178 
567.709778 360.440857 0.850523 
513.383179 298.700226 0.356705 
573.671082 279.613159 0.772521 
569.331787 313.465332 0.062579 
541.303223 211.989990 0.737659 
0.000000 0.000000 0.000000 
529.545044 216.420944 0.908343 
0.000000 0.000000 0.000000 
18
544.243469 216.348923 0.688013 
511.850006 241.393280 0.862844 
511.915436 251.631393 0.836538 
525.166443 300.132446 0.892593 
564.819397 301.677460 0.820535 
510.382507 236.965805 0.754100 
523.656982 257.541473 0.632910 
545.674866 264.924133 0.905551 
513.371521 310.484863 0.637431 
588.340881 310.456512 0.893493 
567.733582 360.440247 0.841696 
519.243103 295.777863 0.372591 
573.684265 279.623657 0.798951 
570.722595 311.964752 0.079904 
542.749451 211.943329 0.729291 
0.000000 0.000000 0.000000 
531.036133 216.366623 0.907427 
0.000000 0.000000 0.000000 
18
544.228699 216.387466 0.680019 
510.478546 241.415451 0.847140 
510.473267 251.625900 0.831989 
533.955811 294.328552 0.901406 
570.743530 297.254639 0.662853 
510.431305 238.381454 0.722909 
525.161133 256.100250 0.670890 
547.137512 266.359650 0.940422 
511.902832 311.974640 0.751699 
585.433777 310.431610 0.922976 
567.748108 359.060944 0.871305 
520.701965 298.739777 0.424620 
576.570313 279.597290 0.774412 
561.902954 353.115601 0.269451 
542.753113 211.987823 0.727372 
0.000000 0.000000 0.000000 
531.019897 216.367279 0.907236 
0.000000 0.000000 0.000000 
18
544.253052 216.437988 0.732207 
511.860382 241.359375 0.892674 
510.486786 250.198166 0.831841 
545.703552 288.371735 0.872969 
582.541931 288.473969 1.007207 
510.472076 236.932999 0.723320 
532.453979 257.530731 0.685976 
547.196777 263.462097 0.859789 
511.884521 311.933929 0.792728 
586.905396 310.406219 0.761658 
567.773926 359.077637 0.743030 
522.183289 300.185913 0.528885 
583.942261 303.102814 0.557639 
566.270020 357.551239 0.520251 
541.300476 214.873413 0.783965 
0.000000 0.000000 0.000000 
528.070007 217.793228 0.915711 
0.000000 0.000000 0.000000 
18
545.670715 217.876862 0.767377 
510.489166 239.930664 0.861556 
510.457031 248.743759 0.798967 
555.964905 278.132904 0.909900 
595.703857 276.734711 0.966629 
510.434204 234.019913 0.607039 
544.215759 251.660080 0.286877 
560.445496 261.950958 0.128015 
511.914337 310.493164 0.774126 
585.401978 310.532959 0.829927 
567.738220 359.037476 0.786210 
523.678406 298.681030 0.587408 
582.432983 310.445801 0.464848 
566.311035 357.507324 0.419089 
542.756592 214.936584 0.816848 
0.000000 0.000000 0.000000 
528.053650 217.812454 0.923766 
0.000000 0.000000 0.000000 
18
545.732788 217.903702 0.740779 
510.458221 239.884109 0.864265 
511.849091 250.192734 0.822396 
557.489075 267.868591 0.928706 
603.070679 264.899292 0.970884 
507.465881 232.528671 0.617817 
548.706909 229.649826 0.285918 
591.277649 251.596512 0.329051 
511.922699 311.894531 0.770138 
585.391602 311.984406 0.818101 
566.271301 359.066254 0.761572 
523.632935 298.675720 0.555055 
582.462891 310.412994 0.571792 
567.755432 357.482208 0.401276 
544.206970 216.303070 0.813091 
0.000000 0.000000 0.000000 
529.561157 217.834824 0.946608 
0.000000 0.000000 0.000000 
18
545.684692 217.889664 0.623681 
510.478027 239.872269 0.865367 
511.856781 250.183807 0.828464 
557.429016 263.363831 0.888107 
597.176025 251.647278 0.767202 
506.016663 231.119019 0.610823 
545.731201 259.033081 0.192309 
579.506409 247.253601 0.278626 
513.385010 310.446869 0.749122 
586.885315 311.982483 0.901114 
564.831970 359.043823 0.808428 
526.585327 294.280701 0.573172 
579.546814 279.621582 0.751210 
567.769165 353.110840 0.314560 
542.797424 216.331146 0.738793 
0.000000 0.000000 0.000000 
532.500977 217.867203 0.974726 
0.000000 0.000000 0.000000 
18
545.740295 217.897522 0.751910 
511.867828 238.447845 0.836094 
511.884827 250.172424 0.826791 
563.356445 258.993835 0.811952 
598.625061 239.928696 0.977814 
508.976349 229.637146 0.607520 
545.711853 248.721634 0.159764 
559.035156 231.118637 0.307849 
516.304871 307.532562 0.688108 
586.907471 312.004395 0.871427 
566.315796 359.082275 0.801898 
528.064270 291.349731 0.600801 
578.079956 285.473358 0.753258 
567.743958 355.992706 0.387719 
544.215271 216.312012 0.820710 
0.000000 0.000000 0.000000 
532.469666 217.825333 0.926429 
0.000000 0.000000 0.000000 
18
547.122131 219.314896 0.616698 
511.844391 239.883499 0.812525 
511.893005 250.198776 0.830955 
567.754028 254.643021 0.909318 
591.243347 231.108505 0.902332 
507.470062 231.090759 0.591819 
525.137573 248.719086 0.086145 
0.000000 0.000000 0.000000 
516.306030 307.549133 0.681395 
588.328796 311.952179 0.883185 
566.299438 360.446411 0.795870 
526.615479 292.831543 0.564402 
579.537903 285.462494 0.745165 
567.779236 355.994171 0.393532 
545.640991 216.379562 0.755433 
0.000000 0.000000 0.000000 
533.950012 217.891571 0.976113 
0.000000 0.000000 0.000000 
18
547.195862 222.249420 0.615201 
511.854218 239.853668 0.805151 
511.865326 248.742477 0.806080 
567.732727 253.067047 0.945030 
582.532471 226.678024 0.881795 
508.942017 229.675827 0.581738 
522.183777 242.860992 0.094567 
0.000000 0.000000 0.000000 
514.823242 309.011169 0.709484 
586.905579 311.948914 0.881782 
566.322998 359.080627 0.816081 
525.140808 295.755157 0.561260 
579.484192 282.527771 0.743645 
567.753967 354.567841 0.401257 
545.736877 217.806458 0.803122 
0.000000 0.000000 0.000000 
533.975769 217.923279 0.953969 
0.000000 0.000000 0.000000 
18
547.246826 222.234436 0.495070 
511.892700 239.892548 0.813195 
513.356689 248.741760 0.769879 
566.309021 251.624466 0.918402 
581.016907 219.333374 0.877570 
506.003418 231.087952 0.597267 
522.153564 242.883957 0.133327 
0.000000 0.000000 0.000000 
514.844788 309.025482 0.693433 
588.341248 311.937256 0.878720 
566.320923 359.069733 0.808165 
523.711792 295.765839 0.510567 
579.477417 281.089417 0.709426 
569.184448 356.005432 0.428534 
547.144592 216.424789 0.711521 
0.000000 0.000000 0.000000 
535.411316 219.311935 0.947888 
0.000000 0.000000 0.000000 
18
547.226868 219.354904 0.353030 
511.913361 239.884232 0.806898 
513.412903 248.739441 0.749499 
566.265015 250.136765 0.851446 
575.119629 217.824142 0.867894 
506.003540 231.088043 0.606438 
522.181274 239.936340 0.150266 
0.000000 0.000000 0.000000 
517.757874 307.544189 0.673461 
588.330811 311.944672 0.880760 
566.273926 360.438568 0.793032 
523.706360 295.749054 0.499393 
578.080811 281.080017 0.738777 
569.178772 356.002747 0.412730 
547.127380 216.426987 0.537803 
0.000000 0.000000 0.000000 
535.402954 220.799042 0.869864 
0.000000 0.000000 0.000000 
18
545.750305 223.707932 0.295259 
511.874939 239.894821 0.813782 
513.389038 250.160843 0.763343 
564.813354 248.739243 0.830453 
570.643982 216.389221 0.881746 
503.102722 232.526993 0.616355 
522.172668 239.854523 0.155428 
0.000000 0.000000 0.000000 
516.334717 307.539825 0.679223 
588.331909 311.934113 0.879007 
566.293579 360.438812 0.789721 
523.691956 295.731781 0.493409 
578.083862 282.524506 0.722610 
567.777588 356.015198 0.419532 
545.700989 217.871735 0.433401 
0.000000 0.000000 0.000000 
535.371948 222.231461 0.863842 
0.000000 0.000000 0.000000 
18
548.673462 222.266159 0.171136 
511.862946 239.898254 0.783544 
513.348083 248.734619 0.789376 
563.390198 250.130325 0.852132 
567.802185 217.818085 0.824798 
504.562622 231.098923 0.578802 
522.169739 238.413940 0.119529 
0.000000 0.000000 0.000000 
519.232483 307.531799 0.677878 
588.336304 311.919128 0.903109 
567.716492 360.452057 0.814822 
525.154846 294.279968 0.487763 
578.060425 281.071442 0.730177 
567.737549 354.580536 0.375563 
547.219055 217.819107 0.293031 
0.000000 0.000000 0.000000 
535.409058 222.246353 0.820578 
0.000000 0.000000 0.000000 
18
555.980774 223.689835 0.202361 
511.852386 239.892441 0.785965 
513.366882 248.745956 0.775760 
563.391663 250.144241 0.842667 
569.169678 217.832916 0.811915 
503.088287 231.080475 0.617491 
522.099854 239.912537 0.128230 
0.000000 0.000000 0.000000 
516.306519 308.990967 0.690529 
588.337524 311.892151 0.894422 
566.283203 360.466980 0.799023 
523.660828 295.749725 0.476583 
576.602356 281.060913 0.708433 
566.309509 354.588379 0.374242 
551.615601 217.820801 0.340340 
0.000000 0.000000 0.000000 
535.476074 222.241211 0.874169 
0.000000 0.000000 0.000000 
18
547.185425 225.184875 0.227434 
510.483032 239.885605 0.808491 
513.382446 250.179642 0.787058 
563.351379 250.163635 0.848672 
567.785828 217.919968 0.837029 
501.667969 231.085846 0.641650 
522.118530 238.402466 0.168501 
0.000000 0.000000 0.000000 
516.325806 309.027008 0.705209 
588.357117 310.526001 0.892681 
566.301208 360.444397 0.813318 
522.239014 297.225098 0.464015 
576.567627 279.623199 0.716331 
567.757080 354.541656 0.364684 
547.160278 217.901077 0.355476 
0.000000 0.000000 0.000000 
533.994141 222.271881 0.817117 
0.000000 0.000000 0.000000 
18
547.192810 223.748123 0.317558 
511.850311 239.913116 0.806079 
513.403870 250.167572 0.775269 
563.368896 248.750000 0.844430 
569.153564 217.815033 0.825188 
501.665924 231.125534 0.628795 
520.736450 239.895218 0.149286 
0.000000 0.000000 0.000000 
516.310852 310.431152 0.697464 
588.383301 310.474823 0.890246 
566.284790 360.448975 0.797176 
522.225159 297.237732 0.455317 
575.138733 279.596313 0.732802 
567.772400 354.582672 0.388460 
545.752930 217.898361 0.454842 
0.000000 0.000000 0.000000 
533.970276 222.247299 0.816479 
0.000000 0.000000 0.000000 
18
547.172607 223.719345 0.250413 
511.856415 239.916473 0.817636 
514.820251 250.210617 0.765108 
564.801819 245.799057 0.815419 
567.773010 216.334610 0.817854 
501.644012 232.526093 0.661098 
522.124817 238.434998 0.166170 
0.000000 0.000000 0.000000 
517.770569 309.017578 0.685407 
589.786316 310.472656 0.894988 
566.275208 359.078094 0.794267 
522.216553 297.236328 0.450867 
575.104248 279.589508 0.712537 
567.773865 354.588409 0.410419 
545.720093 217.903076 0.365786 
0.000000 0.000000 0.000000 
533.954529 222.245819 0.837234 
0.000000 0.000000 0.000000 
18
539.844849 228.085968 0.238573 
510.484558 239.912292 0.851280 
514.843079 251.636047 0.781643 
563.381165 244.319824 0.814313 
567.734741 216.332611 0.845855 
501.601654 231.118057 0.704517 
522.179199 235.475769 0.198589 
0.000000 0.000000 0.000000 
516.330078 309.006042 0.690490 
588.377563 310.483643 0.893279 
566.269165 359.073212 0.794945 
522.196289 297.235352 0.448849 
575.110779 279.597198 0.706778 
567.790466 355.992798 0.406856 
538.391113 222.270935 0.309892 
0.000000 0.000000 0.000000 
532.487244 223.751297 0.766716 
0.000000 0.000000 0.000000 
18
539.822876 228.050568 0.132398 
510.463257 239.942673 0.837643 
513.404358 251.631500 0.782308 
563.372986 244.344925 0.808114 
567.789551 216.335220 0.839245 
501.588440 232.570129 0.696268 
520.731567 239.889465 0.177999 
0.000000 0.000000 0.000000 
516.310303 309.017914 0.698080 
588.360840 310.486389 0.902875 
566.319092 360.470062 0.801117 
522.192566 297.247314 0.454369 
575.098083 279.595276 0.695683 
566.284058 354.593506 0.387777 
542.761658 220.796890 0.196460 
0.000000 0.000000 0.000000 
533.950806 225.177017 0.853558 
0.000000 0.000000 0.000000 
18
538.345337 228.107803 0.094975 
510.454590 239.927170 0.834759 
513.355652 251.625565 0.789747 
561.906799 245.766739 0.799270 
567.794922 216.383408 0.836605 
501.625671 232.568405 0.672473 
522.195862 241.342865 0.186632 
0.000000 0.000000 0.000000 
514.858765 310.429596 0.703557 
588.373169 310.483765 0.898995 
566.291870 360.448975 0.806984 
522.195862 297.232300 0.450786 
575.130310 279.593658 0.701547 
566.281921 354.564667 0.368997 
541.303101 223.709534 0.138883 
0.000000 0.000000 0.000000 
533.956482 225.222504 0.794008 
0.000000 0.000000 0.000000 
18
541.307983 226.677139 0.128491 
510.450531 239.911377 0.827036 
511.975861 251.640244 0.795931 
561.902161 245.782349 0.791593 
569.162292 217.797134 0.854334 
501.620880 232.526184 0.679901 
522.177734 239.892059 0.193235 
0.000000 0.000000 0.000000 
514.841187 309.018585 0.702879 
588.364502 310.492462 0.919750 
566.292297 359.074738 0.818141 
522.193237 295.774414 0.457234 
575.106201 279.608765 0.713570 
566.293762 354.560516 0.367528 
544.236633 219.363937 0.200428 
0.000000 0.000000 0.000000 
533.959656 225.178253 0.818717 
0.000000 0.000000 0.000000 
18
538.352661 228.134857 0.119088 
510.443726 239.908478 0.824035 
511.969360 251.648758 0.808518 
563.341187 244.345779 0.790078 
569.222229 216.342514 0.870631 
501.612579 231.093246 0.676378 
522.195435 239.881042 0.191216 
0.000000 0.000000 0.000000 
514.822266 310.420166 0.703606 
588.374146 310.508179 0.903032 
566.289673 360.435699 0.806349 
522.199036 295.782867 0.454755 
575.129456 279.598114 0.700930 
567.747192 354.554016 0.353136 
541.307861 222.284683 0.165941 
0.000000 0.000000 0.000000 
533.951477 225.183411 0.799915 
0.000000 0.000000 0.000000 
18
538.351257 228.149323 0.125789 
510.439270 239.897415 0.835171 
511.976288 251.663437 0.812607 
563.353821 244.306671 0.800773 
569.242676 214.921631 0.868507 
501.611328 231.084503 0.689018 
523.638733 235.480484 0.205190 
558.988464 210.511124 0.305170 
516.310242 308.973724 0.680195 
588.376648 310.503479 0.899479 
566.302795 359.059662 0.824067 
522.223877 295.761383 0.457595 
575.142822 279.611206 0.723811 
567.757751 353.085602 0.326178 
539.857605 223.747437 0.172857 
0.000000 0.000000 0.000000 
533.933716 225.193192 0.789092 
0.000000 0.000000 0.000000 
18
542.759827 228.058899 0.170479 
510.443542 239.906250 0.831860 
511.970184 251.639053 0.808227 
563.347046 244.300217 0.801926 
569.246033 216.326324 0.871522 
501.624329 231.121155 0.671452 
522.199158 238.426865 0.197746 
0.000000 0.000000 0.000000 
516.292969 309.001953 0.689274 
588.358032 310.502502 0.903886 
566.285217 359.072540 0.812430 
522.230835 295.780701 0.464358 
575.131104 279.614380 0.711652 
566.316406 354.551147 0.353189 
544.231934 220.809494 0.248763 
0.000000 0.000000 0.000000 
533.943298 225.176956 0.796501 
0.000000 0.000000 0.000000 
18
544.214294 223.731705 0.187961 
510.466736 239.910782 0.840049 
513.358093 251.636490 0.810656 
563.341980 245.765457 0.790214 
569.307861 216.410889 0.933612 
501.643250 231.117828 0.667632 
522.175415 238.406479 0.192845 
0.000000 0.000000 0.000000 
516.305481 309.014252 0.695104 
588.368591 310.516113 0.903293 
567.713623 359.083160 0.813740 
522.224915 297.224823 0.466772 
575.145630 279.614899 0.697508 
567.732056 354.592255 0.396297 
544.207458 217.937271 0.289866 
0.000000 0.000000 0.000000 
533.913879 223.726288 0.830117 
0.000000 0.000000 0.000000 
18
545.656189 219.352570 0.275796 
510.459076 239.874466 0.828259 
511.964478 251.611038 0.812438 
560.469849 248.732803 0.831236 
570.746643 217.887009 0.914361 
501.665222 231.098633 0.653924 
519.269348 239.878098 0.190110 
0.000000 0.000000 0.000000 
516.331116 308.982025 0.696450 
588.366272 310.526428 0.898551 
566.264709 359.078796 0.792579 
523.637695 295.771942 0.486981 
576.585571 279.605652 0.734070 
567.736206 354.592041 0.388729 
544.194214 217.835342 0.421943 
0.000000 0.000000 0.000000 
532.495422 222.271362 0.838959 
0.000000 0.000000 0.000000 
