69
1
18
536.928040 160.514481 0.909439 
513.385071 192.867096 0.775580 
510.446228 194.388168 0.893894 
520.668762 234.030930 0.888637 
545.685791 219.301392 0.805078 
520.724609 192.792252 0.639518 
526.622986 216.383469 0.322042 
544.215088 213.458313 0.511903 
510.452515 260.484009 0.787535 
511.861969 307.539398 0.831239 
510.407623 347.272919 0.800287 
520.711853 257.572144 0.682549 
513.407715 306.040222 0.697595 
510.374969 344.278259 0.701392 
534.007935 157.517136 0.931339 
541.297058 157.508530 0.224277 
520.663940 157.586212 0.801548 
0.000000 0.000000 0.000000 
18
536.941956 160.563766 0.893991 
513.349182 192.792297 0.774599 
510.431061 194.350510 0.896130 
519.225159 235.467377 0.866247 
544.256836 219.336609 0.754633 
520.678284 189.924286 0.622917 
528.049072 210.515488 0.373506 
544.236023 213.428131 0.579868 
510.462097 259.024231 0.783763 
511.909576 306.077271 0.818655 
510.475159 347.264282 0.859846 
520.683533 256.073334 0.671792 
513.419006 304.571198 0.691528 
510.375427 342.800507 0.654668 
535.370605 157.557831 0.943112 
541.300476 157.527634 0.192017 
520.678284 157.581146 0.810652 
0.000000 0.000000 0.000000 
18
536.906799 161.980270 0.898905 
511.940308 191.369019 0.777212 
510.431274 194.319305 0.908080 
517.770874 234.051895 0.862056 
544.200623 219.372070 0.720141 
517.764465 188.426971 0.597759 
526.584351 209.059418 0.421509 
544.208008 211.973160 0.620313 
510.458008 259.040375 0.776770 
511.899292 307.512085 0.817351 
510.474640 347.251984 0.853100 
519.225830 256.085968 0.641761 
513.352234 304.586121 0.682971 
510.383087 342.814056 0.656033 
534.022278 157.580444 0.952401 
539.831909 157.543488 0.218848 
520.666382 157.544724 0.806527 
0.000000 0.000000 0.000000 
18
536.891174 161.960754 0.901512 
511.952026 191.404648 0.784623 
510.438538 194.328690 0.907961 
516.324890 235.464859 0.866825 
544.218628 220.805069 0.707256 
517.778259 189.908386 0.610486 
526.626892 210.532089 0.414109 
544.256836 211.945618 0.617374 
510.473999 260.468719 0.782798 
511.936768 306.067688 0.808703 
510.451965 347.220154 0.854536 
519.253906 257.525574 0.646146 
513.371765 303.155518 0.685088 
510.370270 341.375824 0.658701 
534.008850 157.559174 0.947879 
539.818176 157.559006 0.257137 
520.665222 157.522339 0.804642 
0.000000 0.000000 0.000000 
18
536.914795 160.523514 0.918520 
513.346497 191.389069 0.784636 
510.417114 194.321808 0.910575 
516.290833 232.587631 0.863451 
542.793579 220.779572 0.701681 
519.267578 189.886612 0.639221 
529.516541 210.523315 0.445651 
545.660645 210.479004 0.644457 
510.477905 260.453247 0.777089 
511.943054 306.055450 0.802734 
510.450043 347.212524 0.853701 
520.688660 256.093597 0.671826 
513.355591 303.140930 0.685560 
510.366974 341.371155 0.662850 
535.360229 157.517395 0.941623 
539.871399 157.506271 0.215855 
520.668701 157.512100 0.812216 
0.000000 0.000000 0.000000 
18
536.939331 160.511108 0.919145 
513.363403 191.401031 0.818400 
510.390381 194.331909 0.908556 
517.763733 234.012115 0.857773 
544.244263 222.263321 0.683439 
520.706970 189.907593 0.697976 
532.486755 210.484848 0.570377 
547.224060 207.528656 0.782685 
511.858002 259.028931 0.779463 
511.928741 306.061127 0.805097 
510.454712 347.221191 0.869448 
520.695862 254.647705 0.673328 
513.355652 303.140076 0.687548 
510.357208 341.346375 0.639526 
535.365906 157.518738 0.942847 
541.293762 157.487595 0.246088 
520.666016 157.535721 0.818944 
0.000000 0.000000 0.000000 
18
538.347961 160.502213 0.917679 
511.975800 189.917725 0.810440 
510.399963 194.300430 0.900299 
517.786377 234.047592 0.863497 
544.256104 225.189957 0.635751 
519.256104 185.533249 0.676567 
529.516479 207.585327 0.462561 
544.254150 206.154434 0.737255 
511.882813 259.013123 0.798192 
511.916595 307.505310 0.822892 
510.443848 347.279144 0.865156 
522.154846 254.636795 0.715604 
513.388550 304.580780 0.695549 
510.398926 342.797394 0.643372 
534.021362 157.521759 0.947285 
541.295837 157.491302 0.388828 
519.221252 157.537704 0.804354 
0.000000 0.000000 0.000000 
18
538.365540 159.116562 0.925245 
511.977020 191.341293 0.809009 
510.405212 194.317657 0.926003 
519.238281 234.007980 0.843399 
538.352722 222.241623 0.597540 
519.243286 186.978546 0.675383 
526.615479 207.570633 0.493327 
542.796753 204.629410 0.796614 
511.900208 257.574097 0.786311 
511.937378 306.033112 0.809099 
510.450775 347.234589 0.868516 
520.734924 254.615158 0.701481 
513.398438 303.121338 0.692225 
510.381897 341.351501 0.642573 
535.373474 157.503876 0.932929 
541.332581 157.477585 0.373175 
519.240540 157.553833 0.808919 
0.000000 0.000000 0.000000 
18
538.344666 159.106155 0.940886 
513.368286 189.920517 0.816177 
510.402191 194.325073 0.921876 
520.685364 234.003250 0.858437 
542.752258 222.274979 0.599463 
520.686707 185.517609 0.703934 
530.997070 207.569458 0.567780 
545.668152 203.165146 0.865589 
511.888062 259.002045 0.778401 
511.932037 306.044739 0.807735 
510.445496 347.217072 0.866362 
520.718079 254.631714 0.696937 
513.374207 303.131836 0.701564 
510.371094 341.351715 0.641096 
535.360596 157.505341 0.930471 
541.310913 157.457672 0.314951 
519.273438 157.567047 0.814721 
0.000000 0.000000 0.000000 
18
536.924255 159.125336 0.937565 
513.385986 188.445068 0.817229 
510.418823 194.301620 0.905327 
520.711609 232.564896 0.847619 
539.834595 225.166504 0.657455 
520.723206 184.044327 0.728574 
533.909424 206.141937 0.710374 
547.136536 198.736160 0.884469 
511.870911 257.527679 0.784606 
511.922211 304.611481 0.803216 
510.437164 347.220154 0.859342 
520.734070 253.200333 0.713876 
513.398438 303.114349 0.695068 
510.357758 341.344238 0.628608 
534.008728 157.521698 0.944165 
539.828857 157.461121 0.251987 
519.262756 157.543701 0.810848 
0.000000 0.000000 0.000000 
18
536.906494 159.093903 0.955471 
513.383179 189.895645 0.803492 
510.440704 194.304977 0.928706 
522.174866 231.105896 0.920323 
545.656860 219.318848 0.681765 
520.692139 185.498550 0.688141 
532.483948 209.025787 0.525745 
545.692932 203.118759 0.814655 
511.886719 257.542847 0.787578 
511.927155 306.038513 0.804310 
510.427948 347.209503 0.860621 
520.721313 254.587555 0.705645 
513.343567 303.126862 0.703492 
508.954651 341.335297 0.617521 
533.977112 156.127808 0.934980 
538.382996 156.098251 0.329530 
517.784912 157.520523 0.795848 
0.000000 0.000000 0.000000 
18
536.870544 159.085358 0.958002 
513.381470 189.919281 0.804283 
510.416382 194.319763 0.921788 
522.178833 231.129990 0.906840 
544.247803 217.832001 0.735930 
520.721985 185.519775 0.691230 
532.454712 209.056305 0.482569 
545.763367 203.164856 0.744943 
511.878235 257.569366 0.785832 
511.910858 306.042938 0.799907 
510.427063 347.205780 0.851726 
520.745972 254.630142 0.704781 
513.344055 303.135559 0.706140 
508.980713 341.367249 0.643631 
533.943237 156.115707 0.932187 
536.953308 156.089737 0.298374 
517.760559 157.529922 0.786830 
0.000000 0.000000 0.000000 
18
535.475464 159.098801 0.943603 
513.374084 188.447464 0.810143 
510.404572 194.284027 0.893389 
522.202942 231.132050 0.893888 
544.273010 216.361801 0.745229 
520.728149 184.067322 0.706819 
529.546997 210.519409 0.440130 
545.705261 206.074127 0.686058 
511.881470 257.530884 0.782259 
511.922333 306.043365 0.806459 
510.460480 347.271667 0.869424 
522.139526 254.594452 0.718142 
513.382751 303.135651 0.688267 
510.398010 341.372345 0.616617 
533.885254 157.498703 0.926347 
536.913940 156.104813 0.466862 
514.861084 157.511566 0.798911 
0.000000 0.000000 0.000000 
18
535.447083 160.551178 0.933570 
511.934784 189.882141 0.807305 
510.352509 194.279068 0.884339 
522.129211 229.665237 0.919024 
544.248474 217.867981 0.697493 
519.235962 185.495148 0.679898 
525.179626 214.906570 0.434009 
542.795410 207.537521 0.684667 
511.865509 258.986359 0.791528 
511.921478 307.515625 0.813303 
510.462189 347.283112 0.857774 
522.124268 254.649261 0.726253 
511.968628 304.599609 0.691059 
510.377350 342.806213 0.614166 
533.885071 157.578827 0.947890 
536.868347 157.536865 0.396434 
514.842468 157.553726 0.798896 
0.000000 0.000000 0.000000 
18
535.444702 160.534698 0.932044 
513.359192 189.929520 0.813667 
510.359894 194.307739 0.907053 
522.144043 229.698257 0.914343 
544.265137 217.802124 0.711361 
520.739319 186.957657 0.709946 
526.624329 216.365051 0.440246 
544.243530 207.580994 0.639960 
511.879089 259.006775 0.794850 
511.926788 307.508148 0.819452 
510.474640 347.280701 0.877785 
522.158325 256.062622 0.740628 
513.353516 304.585999 0.691645 
508.982635 341.366943 0.611918 
533.871277 157.565399 0.943296 
536.881348 157.517059 0.471600 
514.818420 157.537857 0.802926 
0.000000 0.000000 0.000000 
18
535.436829 160.518860 0.937210 
513.355957 189.922562 0.817140 
510.369537 194.289337 0.917322 
520.742737 229.698486 0.899657 
544.214905 217.809967 0.684695 
520.710571 186.958466 0.709521 
526.586060 216.359161 0.451117 
544.202759 207.547028 0.683264 
511.888123 259.010681 0.798294 
511.920135 307.533813 0.830015 
510.461548 347.287048 0.855241 
522.146057 256.049469 0.741877 
513.375610 304.613525 0.695127 
508.987274 342.817902 0.637084 
532.502563 157.559845 0.939311 
536.880493 157.506454 0.521142 
514.825623 157.559021 0.806112 
0.000000 0.000000 0.000000 
18
535.394592 161.956100 0.918604 
513.382446 191.382309 0.835032 
510.356354 194.325287 0.914326 
520.707153 229.680969 0.899916 
542.783325 217.830002 0.676984 
522.151550 188.444870 0.725669 
528.072937 214.905624 0.461306 
544.260193 207.557037 0.702678 
511.876160 259.001740 0.798333 
511.925873 307.529633 0.825761 
510.449646 347.289032 0.858093 
522.151733 254.656021 0.745200 
513.370056 304.610901 0.696838 
510.377136 342.826721 0.643460 
532.449158 157.595139 0.934185 
535.516846 157.543655 0.623385 
513.381714 157.566849 0.826783 
0.000000 0.000000 0.000000 
18
535.408142 161.984940 0.920149 
513.368164 191.390121 0.830059 
510.359131 194.327591 0.907055 
520.718567 231.062073 0.896226 
544.205505 217.867889 0.697469 
522.145081 189.874573 0.717093 
526.624817 216.349915 0.428061 
544.221191 207.586700 0.688307 
511.869110 259.007446 0.795337 
511.927216 307.506836 0.820042 
510.457062 347.269562 0.859941 
522.140625 256.052460 0.737381 
513.382141 304.591949 0.703571 
510.399048 342.790680 0.644073 
532.478210 157.600830 0.942379 
536.874634 157.569870 0.582611 
513.397034 157.557739 0.819656 
0.000000 0.000000 0.000000 
18
535.415222 161.977264 0.917703 
513.398743 192.784027 0.834040 
510.355743 194.347183 0.918166 
520.696045 229.699448 0.901493 
541.315857 217.881134 0.695469 
522.191833 189.891510 0.733012 
530.989075 211.957764 0.450680 
544.236511 209.012360 0.670294 
511.853912 257.556122 0.793944 
511.924652 304.606293 0.820313 
510.439941 347.238007 0.873808 
522.204468 254.632813 0.782927 
514.866089 303.135895 0.705705 
510.367249 341.365417 0.638999 
532.464844 157.603714 0.939361 
536.877869 157.568481 0.622902 
513.376465 157.607040 0.821732 
0.000000 0.000000 0.000000 
18
535.436951 162.009613 0.914421 
513.395752 191.375580 0.837853 
510.368134 194.343903 0.913209 
520.738892 231.100494 0.888563 
542.756775 217.907394 0.711671 
522.177429 188.412918 0.739096 
532.474365 209.025650 0.514945 
545.702942 209.056183 0.669162 
511.854889 257.552460 0.785946 
511.934601 304.612244 0.813347 
510.433533 347.244751 0.869772 
522.174683 254.619766 0.764935 
514.822876 303.119629 0.699628 
510.368378 341.365540 0.628937 
532.506470 157.619980 0.956415 
536.904419 157.590729 0.610206 
513.424133 157.587646 0.813839 
0.000000 0.000000 0.000000 
18
535.456421 163.442734 0.910304 
513.395935 191.326630 0.823377 
510.380310 194.319351 0.900933 
520.716553 231.130157 0.886980 
542.747925 217.879990 0.734321 
522.176147 185.533112 0.741534 
532.472351 209.043518 0.510019 
545.710449 211.951187 0.668108 
511.868805 257.528259 0.783156 
511.950378 303.157166 0.814460 
510.430634 347.240997 0.873125 
522.191528 254.593231 0.770958 
516.297607 301.695953 0.683019 
510.373474 341.348145 0.628110 
533.890503 158.969070 0.963562 
536.921448 157.621109 0.558500 
514.848083 157.578705 0.801251 
0.000000 0.000000 0.000000 
18
535.461914 163.455856 0.911361 
513.403320 189.936646 0.826697 
510.391022 194.323975 0.915365 
520.694336 232.579269 0.851604 
539.843384 220.764893 0.672029 
522.153687 185.518112 0.748798 
532.486267 207.609253 0.606775 
545.740784 210.491028 0.757827 
511.867584 257.528809 0.776589 
511.945068 304.588165 0.802973 
510.447723 347.235229 0.879054 
522.134644 254.586487 0.735735 
514.841248 301.699432 0.686880 
510.377472 339.904510 0.620404 
533.892212 158.977188 0.964381 
536.942749 157.621658 0.589969 
514.861450 157.583603 0.794925 
0.000000 0.000000 0.000000 
18
535.488647 163.430374 0.908743 
513.385498 191.364365 0.833085 
510.383087 194.346649 0.910787 
519.250488 232.568802 0.850485 
539.857849 222.238403 0.672500 
522.132751 186.978363 0.732185 
532.489502 209.013611 0.596342 
545.736206 209.035507 0.751985 
511.864471 257.566193 0.777155 
511.943481 304.614624 0.808604 
510.450989 347.257904 0.882552 
522.146362 254.624435 0.741838 
514.840393 303.113861 0.696541 
510.372498 341.343933 0.630452 
533.918274 157.629440 0.974427 
536.960144 157.608582 0.534643 
516.290588 157.592117 0.798845 
0.000000 0.000000 0.000000 
18
535.502563 163.435867 0.901059 
513.351257 191.359024 0.820205 
510.364990 194.337814 0.911689 
520.675293 232.548386 0.871402 
541.317810 219.338821 0.649734 
520.719299 186.994553 0.706421 
528.081543 210.491760 0.461279 
544.200134 209.034698 0.693522 
511.874817 257.574921 0.785509 
511.937439 306.041443 0.806919 
510.445679 347.253235 0.877721 
522.137573 254.637924 0.722950 
514.821472 303.121765 0.688028 
510.380219 341.335297 0.625418 
533.938538 157.629120 0.978124 
536.966553 157.612015 0.495937 
516.308167 157.579773 0.797130 
0.000000 0.000000 0.000000 
18
535.495483 163.444626 0.907866 
511.974274 191.368927 0.821282 
510.377350 194.347580 0.921192 
519.270203 232.563522 0.861183 
539.848083 222.276779 0.633823 
519.265442 186.996429 0.684259 
528.073059 209.021484 0.475240 
544.212646 207.591461 0.743903 
511.884521 260.461670 0.777096 
511.922882 308.944702 0.820357 
510.423492 347.276245 0.848246 
520.711792 256.070984 0.677428 
513.353455 306.046173 0.681775 
508.965057 344.246246 0.631191 
533.933777 158.971298 0.975017 
536.959595 157.617233 0.475887 
516.295410 157.595032 0.799288 
0.000000 0.000000 0.000000 
18
535.482666 164.889145 0.909913 
513.345459 191.396866 0.814596 
510.366608 194.356277 0.908344 
519.248291 232.549606 0.855552 
538.402466 220.814743 0.653129 
520.691895 188.449677 0.690793 
526.611389 209.051819 0.439932 
541.319458 209.045258 0.684418 
511.860687 260.456848 0.780805 
511.910126 307.536530 0.814980 
510.448395 347.259705 0.842774 
522.137878 256.091492 0.715734 
513.396057 304.618530 0.678688 
508.981964 342.804688 0.623827 
533.929932 158.988037 0.979503 
536.954468 157.643646 0.482585 
516.297607 157.596466 0.797133 
0.000000 0.000000 0.000000 
18
535.488831 164.914093 0.911245 
511.965881 191.378967 0.827137 
510.352417 194.342438 0.908263 
519.240417 232.567902 0.845721 
538.395081 222.236526 0.649277 
520.666626 188.445053 0.695743 
528.081726 209.013168 0.505486 
542.768921 209.062225 0.743184 
511.851776 259.014679 0.772058 
511.924347 307.501099 0.804029 
510.439728 347.242432 0.840248 
520.739807 256.055420 0.715334 
513.379089 304.575409 0.682026 
508.970490 342.795959 0.625530 
533.932495 158.995132 0.977303 
536.966614 158.974991 0.534400 
514.879883 157.583252 0.794460 
0.000000 0.000000 0.000000 
18
535.463745 166.364471 0.921982 
511.966797 192.791443 0.826291 
510.350067 194.362350 0.906600 
519.241577 232.543167 0.857035 
539.822205 220.818466 0.649313 
520.669495 189.904587 0.694931 
528.062622 209.055283 0.486769 
542.760437 209.042007 0.747223 
511.860260 259.023102 0.775020 
511.935944 306.085114 0.801618 
510.441162 347.231689 0.847408 
520.738831 256.064392 0.713884 
513.373352 304.570648 0.685244 
508.986633 341.368256 0.627336 
533.914429 159.019455 0.971314 
536.962646 159.017670 0.579591 
514.866455 157.586807 0.799823 
0.000000 0.000000 0.000000 
18
535.466003 166.357788 0.918136 
511.961609 192.795700 0.824852 
510.359833 194.353897 0.911852 
519.256531 232.559998 0.860679 
539.843811 220.777420 0.631164 
519.256165 189.920517 0.685719 
526.611145 210.490128 0.447061 
542.768982 207.607468 0.715079 
511.874451 260.455505 0.782150 
511.912689 307.495026 0.803989 
510.436737 347.224945 0.851274 
522.119690 256.089874 0.704601 
513.398254 304.575043 0.688129 
508.976715 341.366486 0.632833 
533.907471 159.011429 0.968691 
538.347717 159.009018 0.609998 
514.856995 157.587234 0.803206 
0.000000 0.000000 0.000000 
18
535.469482 166.349991 0.916552 
511.963501 192.819611 0.841162 
510.356537 194.379807 0.908145 
519.216797 232.567505 0.841851 
538.380798 220.798004 0.650270 
519.264099 191.333176 0.698453 
530.973267 209.063126 0.511075 
544.252563 207.582382 0.755894 
511.865326 259.036438 0.778531 
511.925262 306.057220 0.800160 
510.433289 347.209015 0.858608 
520.747803 256.066681 0.714326 
514.826538 303.138611 0.687028 
510.368652 341.350189 0.642975 
533.910950 159.010590 0.966955 
538.342468 159.001556 0.580975 
514.853760 157.589951 0.807680 
0.000000 0.000000 0.000000 
18
535.451660 166.389603 0.929789 
511.959534 192.833694 0.840472 
508.990631 194.375992 0.909020 
519.225708 232.539154 0.866759 
539.826355 219.320541 0.664448 
520.667542 191.364182 0.697607 
526.625122 211.972580 0.439216 
542.766541 209.028687 0.694047 
511.850433 259.033508 0.782498 
511.896362 306.083130 0.807197 
510.449860 347.250610 0.844465 
522.116943 256.078705 0.720915 
513.423523 304.583038 0.693194 
510.394348 342.790833 0.636216 
533.900940 159.041306 0.971174 
536.948914 159.034760 0.578897 
514.835693 157.623993 0.813867 
0.000000 0.000000 0.000000 
18
535.442444 167.806595 0.942256 
511.958740 192.839081 0.847539 
508.973511 194.386322 0.905210 
517.807129 232.553680 0.854670 
538.377808 219.327255 0.668290 
520.686462 191.356918 0.710537 
529.519409 210.516205 0.477939 
542.797729 209.049301 0.708431 
510.485992 260.461945 0.776882 
511.901001 307.496918 0.807175 
510.453156 347.234589 0.867592 
522.131592 256.096741 0.733916 
514.825012 304.575287 0.686319 
510.381256 341.352570 0.635351 
533.897217 159.063171 0.968496 
536.929016 159.057632 0.559270 
514.833191 157.623642 0.804001 
0.000000 0.000000 0.000000 
18
535.447754 167.818100 0.948854 
511.964417 192.831192 0.851190 
508.972595 194.368439 0.910871 
517.789734 232.550385 0.850810 
538.380798 220.774521 0.674791 
520.699219 191.354538 0.719429 
531.002380 210.496445 0.523786 
545.648499 207.575867 0.741476 
510.486206 259.018738 0.778727 
511.913544 306.041229 0.806839 
510.462189 347.215088 0.878706 
522.146057 256.054169 0.753089 
514.863708 303.132416 0.698021 
510.375427 339.904266 0.631394 
533.907776 159.074570 0.971394 
536.916077 159.058990 0.514865 
514.834900 158.986053 0.810384 
0.000000 0.000000 0.000000 
18
535.461670 167.796066 0.940395 
511.935028 192.793686 0.835761 
508.986084 194.348358 0.909597 
517.753235 232.536118 0.840536 
538.341064 219.360672 0.658667 
519.231689 189.913757 0.689463 
528.081177 209.029068 0.494136 
542.793701 207.584381 0.756740 
511.871338 258.990417 0.779716 
511.925812 304.603241 0.807511 
510.430450 347.214325 0.853777 
522.124329 254.637741 0.728119 
514.850830 303.109985 0.698802 
510.361725 341.355927 0.640232 
533.936279 159.056870 0.978380 
536.919556 159.041412 0.429971 
516.297546 157.606155 0.804355 
0.000000 0.000000 0.000000 
18
535.469299 166.382721 0.934886 
511.936890 192.812119 0.827687 
510.348816 194.368286 0.908488 
519.232788 232.532959 0.865981 
541.292847 219.331085 0.669349 
519.219177 191.333725 0.676921 
528.089355 210.504669 0.467211 
544.230652 209.051254 0.713010 
511.865509 259.020905 0.784368 
511.934418 304.602539 0.810244 
510.448303 347.209839 0.868880 
520.742004 256.060242 0.717235 
514.829529 303.108673 0.690751 
510.379944 341.329010 0.628833 
533.928345 159.030380 0.979520 
536.944336 159.019867 0.475119 
514.868896 157.615936 0.813018 
0.000000 0.000000 0.000000 
18
535.469910 166.376495 0.934254 
511.935272 191.410156 0.825710 
508.984833 194.352509 0.906100 
520.665710 232.529984 0.874289 
542.755859 219.294830 0.694622 
519.229980 189.887238 0.681424 
530.971863 210.494888 0.475858 
545.663025 210.477325 0.705166 
511.846039 260.452301 0.777096 
511.928986 306.050171 0.804986 
510.460114 347.216644 0.874738 
522.114197 256.091339 0.723142 
514.823608 303.128967 0.689544 
508.983948 339.896362 0.617496 
533.924622 159.019684 0.981434 
536.961243 159.013168 0.534900 
514.881042 157.587616 0.803134 
0.000000 0.000000 0.000000 
18
535.474060 166.394638 0.928284 
511.975494 191.391769 0.819189 
510.347565 194.346802 0.895410 
519.213989 232.538254 0.858111 
541.282410 219.330215 0.705322 
520.709045 188.434998 0.693810 
531.004883 209.040100 0.437431 
545.653442 213.431671 0.616655 
511.853424 257.574371 0.781870 
511.949341 304.608063 0.814949 
510.456482 347.264496 0.853966 
522.146362 254.636810 0.748354 
516.299072 303.113159 0.690831 
510.415039 342.805908 0.660240 
533.930786 159.040771 0.980179 
536.957764 159.021606 0.498221 
516.302063 157.615219 0.809176 
0.000000 0.000000 0.000000 
18
535.478455 166.381866 0.926633 
511.959717 191.364990 0.818329 
510.354889 194.324570 0.907552 
516.334534 232.551056 0.844415 
539.823486 220.786240 0.701534 
519.266846 186.996872 0.686286 
530.997009 207.613495 0.482006 
545.678772 211.983170 0.656012 
511.863983 257.571808 0.781231 
511.975677 304.585083 0.808451 
510.445496 347.239594 0.882087 
520.749146 254.632721 0.718594 
514.848877 301.700165 0.682225 
510.384979 341.326752 0.626834 
533.925293 159.034363 0.979147 
536.959778 159.009262 0.531358 
514.878540 157.623886 0.805508 
0.000000 0.000000 0.000000 
18
535.471191 166.367233 0.926383 
511.948730 191.354050 0.823174 
508.980713 194.316071 0.894597 
517.779907 232.535492 0.847663 
539.814331 219.358765 0.691960 
519.273499 186.980927 0.694691 
530.971497 207.606781 0.488580 
545.644714 210.524841 0.670177 
511.852386 258.995911 0.779888 
511.977936 304.588623 0.812812 
510.435730 347.244720 0.870904 
522.125305 254.634583 0.726936 
516.311646 303.102051 0.677257 
510.416901 341.345245 0.634707 
533.929199 159.030258 0.980350 
536.936279 159.000336 0.477595 
516.304138 157.614532 0.800762 
0.000000 0.000000 0.000000 
18
535.471924 166.346909 0.923732 
511.942200 191.366791 0.823419 
508.976379 194.310425 0.899262 
517.802002 231.089676 0.873702 
539.839355 219.326614 0.676290 
519.268677 188.431244 0.685203 
526.630127 211.959274 0.432293 
542.778748 210.508362 0.653432 
511.858246 258.988037 0.790398 
511.945496 304.617065 0.811315 
510.425934 347.244720 0.862681 
522.164917 254.647705 0.756267 
514.863708 303.126038 0.688087 
510.383240 341.369110 0.636744 
533.933044 159.015137 0.981204 
536.937378 158.986328 0.457025 
516.317017 157.603317 0.798636 
0.000000 0.000000 0.000000 
18
535.473572 166.345779 0.928888 
511.940796 191.367508 0.813210 
508.979462 194.318298 0.892475 
519.220276 231.111694 0.875536 
541.317017 220.772659 0.687061 
519.262695 188.427139 0.679568 
526.631104 211.979797 0.427162 
542.795044 210.489304 0.674963 
511.864288 257.574585 0.794695 
511.939392 306.036682 0.815214 
510.440735 347.240417 0.874399 
522.169067 254.650070 0.750594 
514.815002 303.127258 0.691941 
510.370972 341.361481 0.637814 
533.940613 159.016006 0.985764 
536.932007 158.970154 0.409848 
516.326721 157.611557 0.798844 
0.000000 0.000000 0.000000 
18
535.467468 164.931564 0.929333 
511.949890 191.408981 0.826755 
508.965515 194.344376 0.890338 
517.776062 232.527893 0.859446 
541.296265 219.336792 0.712151 
520.676636 189.895584 0.688386 
529.523193 210.490891 0.437688 
544.231323 211.958740 0.649294 
511.858002 258.989044 0.792709 
511.937866 306.039978 0.818254 
510.441254 347.241486 0.876625 
522.180237 254.642136 0.760939 
514.834229 303.129578 0.693562 
508.975983 341.359802 0.629811 
533.930054 159.009735 0.981747 
536.928833 158.969284 0.415754 
516.322510 157.602905 0.800234 
0.000000 0.000000 0.000000 
18
535.470337 164.939346 0.924633 
511.962769 191.400055 0.822793 
508.979004 194.323059 0.895052 
517.794434 231.099884 0.866422 
541.322937 220.766846 0.699142 
520.696960 189.882523 0.682871 
528.051453 211.974915 0.421687 
544.196716 211.974197 0.628527 
510.472870 259.006165 0.794766 
511.900330 307.509674 0.819688 
510.451294 347.256866 0.849624 
522.153381 256.052002 0.762030 
514.833008 304.591583 0.693374 
510.363037 342.822540 0.639762 
533.918335 159.013077 0.982035 
536.930725 158.976196 0.468939 
514.871582 157.616867 0.807305 
0.000000 0.000000 0.000000 
18
535.473206 164.927322 0.920801 
511.971039 191.401276 0.825282 
508.979950 194.339508 0.897837 
517.792480 231.116379 0.859559 
539.825500 220.773926 0.674296 
520.709656 188.453903 0.696413 
528.055359 211.965988 0.446214 
542.759216 211.976913 0.660721 
510.466858 259.020660 0.783953 
511.903748 307.538818 0.824039 
510.459229 347.276825 0.836968 
522.142883 256.068207 0.748189 
514.823975 304.613617 0.681703 
510.384949 342.843109 0.648307 
533.925293 159.012421 0.979431 
536.930298 158.971603 0.451398 
516.303223 157.625183 0.800266 
0.000000 0.000000 0.000000 
18
535.462280 164.903046 0.917398 
511.969635 191.399414 0.825761 
508.984833 194.351547 0.902873 
517.792603 231.123947 0.857726 
538.397949 220.771805 0.636881 
520.691040 188.453995 0.695364 
528.044983 209.053528 0.472942 
541.314758 209.051773 0.727064 
511.847809 259.007690 0.789552 
511.922333 306.078522 0.813437 
510.449280 347.245514 0.854222 
522.132935 254.646988 0.733730 
513.416260 304.570343 0.678381 
508.978699 342.799713 0.631848 
533.908264 158.996414 0.971730 
536.948425 158.969772 0.518977 
516.288940 157.606964 0.790624 
0.000000 0.000000 0.000000 
18
535.455688 164.913040 0.924843 
511.943787 191.390579 0.827699 
508.964661 194.338364 0.900524 
519.219727 231.128571 0.867270 
539.854126 219.305527 0.665386 
520.686829 189.875916 0.693445 
528.091797 210.522705 0.467900 
544.202271 209.039795 0.680396 
510.476105 259.007416 0.788675 
511.914215 306.055939 0.815185 
510.448578 347.246765 0.857713 
522.145142 254.652069 0.750191 
514.850220 303.146057 0.690742 
510.371094 342.795349 0.639240 
533.910706 158.996033 0.973975 
536.925781 158.971344 0.469147 
514.877014 157.587006 0.795231 
0.000000 0.000000 0.000000 
18
535.458252 164.926010 0.916294 
511.929657 191.361130 0.818577 
508.978149 194.320251 0.910367 
517.780640 231.089935 0.851786 
538.365540 217.893173 0.715451 
519.258118 188.433395 0.685495 
528.074341 209.052582 0.475590 
542.771973 209.031876 0.666822 
510.475250 258.991547 0.784068 
511.919769 306.064484 0.812263 
510.475983 347.255615 0.863203 
522.121887 254.638474 0.734884 
514.817810 303.141785 0.682721 
510.377075 341.373718 0.628297 
533.912354 159.007187 0.974250 
536.929565 158.983658 0.499725 
514.882446 157.588913 0.793882 
0.000000 0.000000 0.000000 
18
535.453491 164.919693 0.921602 
511.937988 191.371017 0.832837 
508.963226 194.329346 0.913030 
516.296204 231.123627 0.842261 
538.346313 217.879562 0.721765 
520.668518 188.440430 0.706343 
529.564392 209.043716 0.520385 
545.669006 209.008652 0.717277 
510.487610 257.569183 0.781592 
511.915375 304.609955 0.815538 
510.451843 347.231476 0.867667 
522.158630 254.617493 0.765384 
514.851013 303.122101 0.697176 
510.359619 341.364594 0.627499 
533.896545 159.004288 0.969466 
536.926086 158.984253 0.541405 
514.857178 157.591034 0.798617 
0.000000 0.000000 0.000000 
18
535.458679 164.941650 0.918696 
511.953613 191.361649 0.820618 
508.982178 194.317215 0.910013 
516.308655 231.120544 0.848700 
536.949890 217.889511 0.715271 
520.679688 188.428467 0.685058 
529.545715 209.039215 0.487986 
544.234924 207.577942 0.674494 
510.474762 259.021606 0.775097 
511.863068 307.512512 0.818305 
510.440735 347.256409 0.846980 
522.122925 256.056824 0.724067 
513.422791 304.602356 0.692688 
510.378204 342.826050 0.655955 
533.900452 159.011826 0.972982 
536.940369 158.990829 0.570663 
514.855652 157.574783 0.791361 
0.000000 0.000000 0.000000 
18
535.456482 166.348679 0.925604 
511.947632 191.332794 0.817551 
508.977753 194.298660 0.899741 
514.856873 231.118378 0.851786 
539.810669 220.767273 0.709291 
520.681396 186.969131 0.695004 
530.981934 209.013199 0.502392 
544.269104 209.045151 0.647741 
510.481689 257.550629 0.779603 
511.889709 304.573944 0.803355 
510.459808 347.203308 0.857086 
522.140198 254.603775 0.742568 
514.844177 301.699921 0.704639 
510.372955 341.345123 0.645134 
533.917786 159.021576 0.974449 
536.913452 158.992828 0.446406 
516.309265 157.593170 0.798577 
0.000000 0.000000 0.000000 
18
535.487976 164.927994 0.919854 
511.977753 191.345520 0.813226 
510.356171 194.300568 0.898195 
514.830383 231.100922 0.852839 
539.819275 222.238052 0.721078 
520.711365 186.964935 0.705460 
531.032959 207.606888 0.511967 
544.267212 211.969696 0.607236 
510.488129 257.566010 0.783535 
511.903381 304.571228 0.810131 
510.437958 347.199921 0.853921 
522.149536 254.614120 0.744382 
514.862244 301.699524 0.696092 
510.391296 341.345184 0.649526 
533.958923 159.018433 0.984935 
536.927856 158.962646 0.342734 
517.805664 157.622360 0.809813 
0.000000 0.000000 0.000000 
18
535.488892 164.938644 0.915554 
511.977692 191.333542 0.803264 
510.354034 194.292801 0.880455 
514.866028 231.119858 0.837220 
539.851135 220.813354 0.720615 
520.725037 185.527130 0.696970 
530.989502 209.024124 0.444080 
544.220520 213.421951 0.545628 
510.463257 257.565247 0.786018 
511.882813 306.060944 0.809211 
510.451477 347.227448 0.851433 
522.167786 254.622131 0.757734 
514.840515 303.149261 0.688443 
510.369049 341.372925 0.637277 
533.957581 159.023926 0.976217 
536.916992 158.953964 0.320359 
517.799255 157.623169 0.799645 
0.000000 0.000000 0.000000 
18
536.878235 164.923645 0.900372 
513.361084 189.936707 0.785029 
510.366119 192.908005 0.889008 
514.872314 231.106201 0.844382 
539.860046 219.358902 0.733975 
522.124268 185.523560 0.685365 
530.986877 207.612503 0.418289 
542.798096 211.977692 0.505824 
510.460419 257.543915 0.787143 
511.889648 306.055176 0.805509 
510.461884 347.224091 0.847848 
522.157654 254.612823 0.747065 
514.819946 303.147400 0.689439 
510.368958 341.366882 0.641969 
534.004578 159.006882 0.970248 
538.365845 157.640320 0.289420 
519.275940 157.614182 0.799031 
0.000000 0.000000 0.000000 
18
536.892700 163.420471 0.893132 
513.369568 191.377625 0.814589 
510.354523 194.310684 0.895398 
516.285217 231.112839 0.841641 
539.857727 220.769669 0.719223 
522.133972 188.424866 0.699643 
531.028015 209.035538 0.476985 
544.266052 213.414505 0.577419 
510.477020 257.558167 0.785158 
511.903198 306.046692 0.811692 
510.454681 347.213318 0.872910 
522.166077 254.624512 0.757218 
514.831299 303.135437 0.692037 
510.371735 341.335907 0.634999 
533.996826 157.618393 0.960152 
538.401123 157.598267 0.306655 
520.661621 157.601486 0.796534 
0.000000 0.000000 0.000000 
18
536.899414 161.951996 0.902618 
513.377869 191.375885 0.826160 
510.371368 194.341370 0.901510 
516.299988 232.536545 0.835421 
538.389893 222.248123 0.691483 
522.128357 186.992065 0.713648 
532.462830 207.603683 0.582775 
545.712769 210.492401 0.686642 
510.464844 257.566284 0.777417 
511.893799 304.567169 0.805241 
510.422729 347.188751 0.848691 
522.163025 254.622711 0.758368 
514.846558 301.695007 0.712025 
508.984070 341.345306 0.650767 
533.984375 157.597260 0.954142 
538.367920 157.554581 0.300105 
519.248230 157.620712 0.798864 
0.000000 0.000000 0.000000 
18
536.903748 160.531937 0.907353 
513.371399 191.383163 0.811877 
510.360474 194.345901 0.904439 
516.329224 232.542542 0.832681 
539.830566 219.331116 0.699879 
522.126526 188.428879 0.695882 
529.551575 209.026917 0.480148 
544.197144 210.511963 0.622307 
510.470276 257.551849 0.781216 
511.898254 304.614014 0.803165 
510.466980 347.220428 0.866856 
522.167664 254.616577 0.753361 
514.841675 303.116302 0.703397 
510.370880 341.349121 0.644066 
533.987305 157.559494 0.947477 
538.380859 157.522385 0.288609 
519.249695 157.591888 0.787298 
0.000000 0.000000 0.000000 
18
536.908936 160.528000 0.911140 
513.380615 191.364258 0.811574 
510.382080 194.323425 0.916118 
516.301758 231.115616 0.855408 
538.402100 219.351532 0.677339 
522.128906 188.414719 0.695188 
529.548035 209.010742 0.487247 
544.243225 207.585999 0.665477 
510.471405 257.563965 0.781262 
511.887878 306.047791 0.806371 
510.448395 347.208099 0.859225 
522.157776 254.629822 0.746096 
514.848206 303.135193 0.697066 
508.979797 341.353607 0.639001 
533.971497 157.551102 0.954919 
538.399658 157.531693 0.426091 
517.775818 157.568924 0.786248 
0.000000 0.000000 0.000000 
18
536.879822 160.561325 0.908289 
513.364380 191.378021 0.816202 
510.381744 194.314560 0.913977 
514.875977 231.095139 0.854042 
539.825012 219.317383 0.658133 
520.702454 188.447800 0.688524 
531.025818 210.484802 0.542991 
545.740540 206.154953 0.740577 
511.847931 257.572235 0.780230 
511.923126 306.072327 0.805125 
510.449829 347.226501 0.860797 
520.738892 254.640793 0.721381 
513.402100 303.147064 0.680767 
508.963684 341.366364 0.631265 
533.934814 157.582001 0.950733 
538.365173 157.559540 0.487962 
516.306641 157.608337 0.786069 
0.000000 0.000000 0.000000 
18
535.495911 163.448776 0.913154 
511.951843 191.365402 0.814191 
510.359436 194.311157 0.887402 
516.320068 231.085373 0.844960 
541.308411 217.882629 0.632552 
519.242676 188.426956 0.679660 
532.464355 210.514679 0.597852 
547.189026 206.116974 0.796555 
511.853912 258.995728 0.780349 
511.932465 306.071625 0.800177 
510.450500 347.230103 0.851418 
520.714600 254.636902 0.704088 
513.395874 303.145874 0.682226 
510.359528 342.786926 0.634291 
533.962219 158.983154 0.948003 
536.925293 157.596725 0.213508 
519.216797 157.613220 0.794642 
0.000000 0.000000 0.000000 
18
535.486633 163.452911 0.920587 
511.968994 191.362885 0.813295 
510.346436 194.303680 0.887171 
516.292236 231.079575 0.856042 
541.313110 217.903137 0.669907 
520.669922 188.429825 0.689613 
532.484314 210.526291 0.619776 
547.211975 206.142685 0.794265 
511.848663 257.570557 0.785742 
511.923737 306.062500 0.809578 
510.461548 347.237671 0.861618 
522.136353 254.629272 0.747876 
514.841125 303.135468 0.688843 
510.382080 341.367432 0.640767 
533.953003 158.981720 0.962776 
536.913086 157.617966 0.287561 
519.216980 157.600677 0.795617 
0.000000 0.000000 0.000000 
18
535.471497 164.890152 0.920382 
511.960083 191.354858 0.821485 
510.343689 194.313828 0.890071 
514.835754 231.099182 0.845349 
538.376160 219.340195 0.648636 
520.670105 188.421829 0.687045 
532.443237 209.052765 0.595020 
547.149170 206.142792 0.800550 
511.863190 257.549896 0.797295 
511.937317 303.121033 0.825036 
510.438690 347.200409 0.877815 
522.187317 254.602692 0.778478 
517.751709 301.653534 0.720229 
510.391388 339.887329 0.642857 
533.921204 158.990891 0.973530 
536.943481 157.646133 0.456466 
516.306580 157.582062 0.790235 
0.000000 0.000000 0.000000 
18
535.473022 163.468506 0.921833 
511.950562 191.373260 0.827772 
508.981201 194.311356 0.883871 
514.872620 231.099792 0.838247 
538.360046 220.771515 0.636129 
519.261169 188.451721 0.690344 
532.457031 210.505829 0.595053 
547.165833 206.109161 0.810223 
511.868378 257.557648 0.797501 
511.942505 303.151306 0.820760 
510.430237 347.202698 0.872194 
522.159302 254.611435 0.768058 
516.300659 301.683563 0.704491 
510.395782 339.898407 0.649154 
533.921997 158.982208 0.969118 
536.933411 157.639450 0.407182 
516.302246 157.581726 0.792722 
0.000000 0.000000 0.000000 
18
535.489868 164.898026 0.924810 
511.950562 191.380341 0.825622 
508.978607 194.332108 0.891244 
514.843811 231.083511 0.853380 
538.351868 219.336777 0.664081 
519.270447 188.438446 0.681131 
530.975281 209.038269 0.530942 
545.660767 207.570587 0.750348 
511.861908 257.560333 0.791557 
511.942078 303.135040 0.818942 
510.438507 347.205200 0.875720 
522.167908 254.615723 0.762468 
516.319458 301.671936 0.709076 
510.374329 339.892731 0.636125 
533.955200 159.003510 0.978141 
536.939026 157.636093 0.316874 
517.775574 157.618134 0.790778 
0.000000 0.000000 0.000000 
18
535.497864 164.899109 0.914017 
511.956421 191.368454 0.824536 
508.986511 194.321854 0.891857 
513.418152 231.109299 0.848142 
536.901001 222.241486 0.661857 
520.672058 188.429382 0.696345 
530.984253 207.577179 0.551345 
545.656616 206.145905 0.780862 
511.849152 257.569092 0.787241 
511.922882 303.146393 0.815982 
510.430725 347.202637 0.870201 
522.168213 254.632050 0.763126 
516.309082 301.684082 0.707350 
510.369568 341.331940 0.647078 
533.970398 159.005417 0.979686 
536.948059 157.627747 0.298348 
519.216309 157.621170 0.793336 
0.000000 0.000000 0.000000 
18
535.502319 164.897690 0.911199 
511.966187 191.363998 0.819050 
508.987274 194.314178 0.895307 
514.851685 231.060226 0.860974 
538.372009 220.807404 0.661381 
520.688843 188.420685 0.696342 
529.558594 209.022507 0.537104 
545.649109 207.566879 0.770861 
511.850800 257.547089 0.797142 
511.926910 303.108002 0.822086 
510.443756 347.175171 0.874125 
522.189514 254.613892 0.780373 
517.765381 301.651825 0.716764 
510.399872 339.872986 0.654295 
533.972168 159.001587 0.977906 
536.956604 157.630829 0.311192 
517.798584 157.622070 0.789418 
0.000000 0.000000 0.000000 
18
535.502014 163.466919 0.908908 
511.946777 191.370514 0.817768 
508.983856 194.315460 0.896024 
514.830139 231.107117 0.857030 
538.380615 219.341949 0.679840 
519.268738 188.429459 0.680915 
528.081055 209.049545 0.484520 
544.228088 207.602203 0.705200 
511.850861 257.555511 0.797283 
511.940369 303.117554 0.821131 
510.448120 347.179352 0.873998 
522.171936 254.618103 0.770634 
517.759705 301.655609 0.717105 
510.385132 339.873901 0.651376 
533.966553 158.989929 0.978574 
536.949707 157.615479 0.304708 
517.796387 157.627243 0.797992 
0.000000 0.000000 0.000000 
18
535.491211 164.906296 0.921279 
511.935272 191.356796 0.829137 
508.978149 194.300430 0.882704 
516.318787 231.094788 0.843925 
539.845032 219.341064 0.643846 
519.242126 186.992310 0.682687 
529.531799 209.052612 0.482593 
544.262512 209.031586 0.689458 
511.887390 257.553650 0.799703 
511.961609 303.156860 0.815013 
510.443756 347.226501 0.877456 
522.155945 254.611252 0.747315 
514.870789 301.687958 0.704907 
510.411224 341.327698 0.644733 
533.960449 159.008209 0.976572 
536.921997 157.628922 0.294377 
517.787476 157.613937 0.802428 
0.000000 0.000000 0.000000 
18
535.500549 163.472855 0.920891 
511.974213 191.397339 0.830705 
508.973816 194.342667 0.881909 
514.880493 231.139099 0.835040 
539.815613 222.265442 0.667418 
520.708191 188.439651 0.704156 
532.458740 207.588089 0.605922 
545.739746 207.596878 0.769750 
511.853180 257.574005 0.787403 
511.947632 304.592865 0.814466 
510.437103 347.206390 0.874768 
522.181702 254.623154 0.772952 
516.326111 301.703705 0.697293 
510.387177 339.893585 0.627495 
533.973145 159.008041 0.969892 
536.914978 157.593140 0.209488 
519.230408 158.996918 0.804718 
0.000000 0.000000 0.000000 
18
536.869019 163.455933 0.910363 
513.373352 191.394791 0.818447 
510.363342 194.343567 0.887503 
516.319153 231.137985 0.837314 
539.845581 220.805008 0.679471 
522.124634 188.440430 0.704942 
532.448730 207.611679 0.550730 
545.716919 210.509338 0.690444 
511.854462 257.556152 0.785913 
511.940186 304.580414 0.811343 
510.456940 347.211639 0.871989 
522.194946 254.616501 0.781407 
517.766418 301.683990 0.707005 
510.410858 339.887665 0.630898 
533.995300 158.996582 0.965708 
536.939514 157.584671 0.191811 
520.673584 158.989929 0.808340 
0.000000 0.000000 0.000000 
