40
1
18
510.411285 158.971008 1.016106 
508.914581 186.994156 0.860003 
483.951935 184.063156 0.864478 
475.155609 228.129166 0.927801 
472.180725 261.932220 0.851808 
532.450867 189.934570 0.853285 
535.433960 229.690781 0.916645 
533.953003 264.870697 0.956520 
488.440948 260.465515 0.825123 
497.141876 306.046448 0.841498 
495.725189 347.247375 0.862696 
519.274475 260.503174 0.785113 
513.380432 304.606201 0.811075 
511.982452 347.288940 0.883088 
501.670868 153.156204 0.864722 
513.416626 154.615250 0.895047 
497.166992 156.104507 0.804974 
522.221375 157.559723 0.826395 
18
510.404083 158.980713 1.014049 
507.499817 186.992310 0.853997 
482.514832 184.078888 0.855360 
475.160278 228.141129 0.933763 
473.679749 261.956238 0.881418 
531.031982 189.899353 0.841505 
535.407166 229.674423 0.929006 
533.932373 264.875793 0.957975 
488.457764 260.477783 0.817212 
497.142792 307.503998 0.853259 
495.697388 347.264923 0.850107 
520.667419 261.900879 0.788529 
513.401123 306.048248 0.806779 
511.968689 347.303925 0.892461 
501.662537 153.176727 0.869563 
513.400085 154.629517 0.900756 
497.146973 156.116669 0.814857 
522.201721 157.567368 0.802423 
18
510.401794 159.018600 1.006415 
507.484528 186.987045 0.852797 
482.492645 184.060928 0.859907 
475.188477 229.562851 0.950389 
475.059509 263.365875 0.881251 
531.025330 189.915161 0.836757 
535.402283 229.681442 0.929819 
533.935669 264.880005 0.951287 
489.822571 260.456177 0.816240 
497.150726 307.537842 0.863222 
495.705597 347.287079 0.846063 
520.664917 260.487244 0.789429 
513.409119 306.073669 0.800682 
511.947998 347.305542 0.887359 
503.057129 154.627182 0.870731 
513.410583 156.071091 0.907077 
497.167511 156.115067 0.833113 
522.208435 157.602432 0.837982 
18
510.398163 159.030807 1.004227 
507.485016 188.424927 0.854144 
482.495514 184.077545 0.853787 
475.190338 229.634003 0.948686 
475.096649 263.446228 0.933372 
531.026978 191.336258 0.841042 
535.392395 229.683151 0.929417 
533.925354 264.874725 0.954459 
489.834625 261.928284 0.817835 
495.744598 308.979370 0.866963 
495.702942 347.289032 0.849347 
519.265259 261.928497 0.796619 
513.369751 306.088013 0.809437 
511.959717 348.701996 0.885120 
503.056763 154.641663 0.872365 
513.412476 156.089737 0.910626 
497.161652 156.111282 0.833371 
522.206848 157.617523 0.840573 
18
510.390076 159.037750 1.000914 
507.470276 188.423065 0.853902 
482.484375 184.076874 0.854448 
475.196808 229.619232 0.946613 
475.114990 263.443329 0.946703 
531.014282 191.330170 0.837052 
535.384399 229.687958 0.928138 
533.916077 264.888062 0.950557 
488.455475 261.952820 0.822558 
495.743713 309.000153 0.872749 
495.703033 347.289948 0.849191 
519.252991 261.933929 0.792353 
513.373291 307.515778 0.801368 
511.952087 348.703247 0.882534 
501.665344 154.650345 0.877447 
513.405945 156.097137 0.914590 
497.141296 156.120377 0.828195 
522.198914 157.625610 0.827574 
18
510.383423 159.034210 1.000931 
507.460846 188.422653 0.854080 
482.473816 184.075470 0.854211 
475.190399 229.645309 0.940692 
475.127258 263.479797 0.954580 
531.010925 191.332687 0.836660 
535.373718 229.681274 0.922768 
533.938538 264.873535 0.954216 
489.819031 261.965790 0.821668 
495.721649 309.001648 0.870952 
495.699219 347.278137 0.857694 
519.247803 261.942902 0.794870 
513.375793 307.506805 0.800794 
511.958252 348.700226 0.889532 
501.644592 154.646606 0.886538 
513.391541 156.079773 0.914213 
495.728302 156.121307 0.825552 
522.190491 157.597198 0.809744 
18
510.342712 159.036880 0.976556 
506.004242 188.464645 0.855827 
481.025055 185.505127 0.847543 
475.173950 231.066360 0.920429 
475.137665 264.843231 0.948954 
529.563110 191.339310 0.840070 
535.411316 229.672272 0.944468 
535.476929 264.944885 0.933104 
489.837341 261.946594 0.814443 
495.705200 308.956238 0.848078 
495.689575 347.274170 0.855676 
520.666321 260.507294 0.776568 
513.359558 306.063995 0.810178 
511.953979 348.731659 0.876667 
501.580902 154.641663 0.897014 
513.348633 156.063797 0.914147 
492.808594 156.118515 0.840997 
522.157654 157.571213 0.798418 
18
508.911560 159.051407 0.949261 
504.539459 188.425049 0.852717 
479.566986 185.499741 0.859273 
475.182434 231.074768 0.915758 
475.207306 264.851624 0.918445 
528.099426 189.899216 0.820544 
536.910828 228.209305 0.936457 
547.260803 263.469299 0.917028 
488.443085 261.911499 0.811579 
495.728485 308.951080 0.839942 
495.717468 347.248993 0.858445 
519.226685 260.501740 0.786736 
513.379150 304.572418 0.833648 
511.938538 348.684082 0.886154 
500.177185 156.040298 0.918443 
511.927277 156.074478 0.928909 
491.339691 156.116028 0.846945 
520.739624 157.563889 0.776271 
18
506.033997 158.970032 0.934796 
504.523438 186.965652 0.859761 
479.549591 185.489044 0.862006 
475.175720 231.072144 0.919737 
476.578827 264.874207 0.922188 
529.515747 187.000244 0.817556 
541.277954 226.673050 0.870999 
561.914490 251.635483 0.852168 
489.845245 260.453278 0.808957 
495.689697 307.515442 0.823515 
495.720520 347.230438 0.851110 
520.687683 259.010315 0.789189 
513.384827 301.705933 0.828377 
511.961914 347.302948 0.886976 
500.098022 153.168015 0.920033 
511.848114 153.178528 0.922319 
489.880768 157.503708 0.877606 
520.675049 157.522171 0.792034 
18
504.537750 157.568115 0.924594 
504.542877 185.530731 0.869628 
479.560547 185.499405 0.861539 
475.170837 231.115234 0.904798 
476.582214 264.910645 0.906577 
529.544006 186.969528 0.814099 
545.717957 220.768112 0.916502 
572.197266 226.684326 0.826975 
489.866089 260.486877 0.805766 
494.260864 307.532104 0.824107 
495.716949 347.247894 0.864602 
520.674377 259.033264 0.788965 
513.348816 303.128967 0.837493 
511.960327 348.679718 0.883438 
498.719696 151.679504 0.900308 
510.446960 150.244003 0.925201 
489.853394 156.114929 0.851261 
517.804504 156.062088 0.748225 
18
503.099487 157.502335 0.905002 
504.542023 184.082108 0.882270 
479.562042 184.089951 0.865766 
475.110901 231.132050 0.894910 
476.557617 264.938141 0.911393 
529.547974 184.088089 0.855848 
548.719177 217.931747 0.870597 
570.734436 203.165009 0.903905 
489.840729 260.449524 0.812690 
492.797699 307.511169 0.825249 
495.724792 347.235901 0.860945 
519.237549 257.552155 0.784798 
511.988251 303.124664 0.851178 
511.965515 348.686493 0.884600 
498.691528 150.198837 0.907942 
510.429443 148.784683 0.942831 
489.848145 156.080399 0.833630 
517.792358 154.632126 0.762286 
18
503.118225 156.109390 0.894282 
504.539948 184.070374 0.875736 
479.559387 185.520538 0.860104 
475.102356 231.132004 0.892788 
475.196716 264.942810 0.900919 
528.101501 184.009842 0.849163 
551.608765 217.933701 0.892761 
558.916809 192.829880 0.804130 
488.443542 259.038605 0.827402 
492.783936 307.519012 0.822363 
495.725433 347.238434 0.865032 
519.225098 256.107391 0.792455 
511.988556 303.137177 0.848385 
511.970062 348.700134 0.883540 
498.697723 148.783569 0.921484 
510.425781 148.723236 0.961103 
489.862976 156.070114 0.820324 
517.762390 153.147232 0.723835 
18
503.110718 156.093506 0.896620 
503.116455 185.535431 0.850606 
479.532074 186.979004 0.856209 
475.115784 231.117920 0.896200 
475.196228 264.918884 0.908852 
528.059082 185.510559 0.840629 
553.041382 216.386597 0.940400 
547.244995 179.577621 0.963478 
488.443054 260.452789 0.818020 
492.768890 307.502930 0.817926 
495.715485 347.248138 0.856850 
519.212646 257.525146 0.770766 
511.990631 301.675049 0.852418 
511.950867 348.673218 0.890163 
498.674774 148.780975 0.933685 
510.404724 147.354752 0.961309 
489.830902 156.093155 0.870195 
514.853943 151.701920 0.664396 
18
501.672455 156.100784 0.915808 
503.101685 185.515015 0.853002 
478.141327 185.511276 0.871267 
475.105469 231.092667 0.913426 
475.183685 264.932220 0.917996 
526.621277 185.515274 0.843215 
550.126648 216.330643 0.914889 
547.266968 179.590591 0.941795 
488.441071 259.025726 0.826422 
491.332428 306.068146 0.829119 
495.703217 347.239380 0.861282 
519.218262 257.532593 0.784595 
511.980927 301.694672 0.858881 
511.951294 348.680664 0.890978 
498.643707 148.796036 0.928010 
510.371857 148.725037 0.948672 
488.459503 156.100693 0.899036 
514.844177 153.143906 0.728952 
18
501.609070 157.481445 0.942387 
503.068756 185.498291 0.863307 
478.108063 185.537216 0.893216 
475.103119 231.108704 0.905860 
475.183197 264.933502 0.914877 
526.629578 184.056213 0.862771 
547.253784 214.855469 0.895483 
557.401062 172.329742 0.854360 
488.440613 260.452423 0.834535 
491.324066 306.041931 0.828714 
495.710175 347.220642 0.870212 
517.797852 257.566803 0.788657 
511.987701 301.707947 0.850829 
511.955994 347.303253 0.890602 
498.606873 150.190948 0.906869 
508.966858 148.750244 0.922595 
488.404022 156.079803 0.902636 
513.403259 153.138718 0.756194 
18
500.216278 157.495895 0.962471 
503.055145 184.091415 0.870215 
478.098877 185.537689 0.888473 
475.095703 231.082962 0.902712 
475.156891 264.913452 0.907778 
526.636719 184.027420 0.852906 
548.668030 209.011566 0.879855 
557.516235 169.362000 0.892963 
488.429474 260.462982 0.835867 
491.302643 306.042816 0.832430 
495.711700 347.222961 0.869411 
517.790527 259.003784 0.785835 
511.980927 303.126343 0.849596 
511.956482 348.673218 0.893729 
497.205902 150.222885 0.886957 
508.911682 148.771561 0.894852 
488.381226 156.105820 0.879567 
513.368896 153.146515 0.778901 
18
500.202423 157.482773 0.958970 
503.084351 184.094177 0.862901 
478.115997 185.523132 0.885773 
475.100739 231.057419 0.909520 
475.148682 264.903076 0.906852 
526.616821 184.037720 0.858230 
548.655762 209.030014 0.888962 
553.054199 169.369598 0.788014 
488.400696 259.031891 0.843848 
489.903778 304.621582 0.835832 
495.706146 347.232758 0.882441 
517.751770 257.573853 0.786668 
511.971954 303.102539 0.863070 
511.955200 347.305267 0.900015 
497.189453 150.209702 0.882548 
507.501831 148.756302 0.884399 
488.384552 156.100464 0.852958 
513.376282 153.126007 0.782717 
18
500.192505 156.116364 0.965753 
503.100128 184.088547 0.861937 
478.130707 185.514053 0.875827 
475.091156 229.680740 0.917287 
475.139160 264.908234 0.904929 
526.604248 184.050644 0.845779 
547.174622 214.854889 0.920066 
545.641846 173.764542 0.892311 
488.409698 259.033661 0.835683 
489.903564 306.057831 0.841648 
495.705292 347.246521 0.877393 
517.776306 258.988068 0.778940 
511.959961 303.106354 0.867242 
511.946960 348.701324 0.898978 
497.150543 150.214737 0.877666 
507.484070 148.718643 0.904614 
488.372650 157.500534 0.848227 
513.354858 151.659821 0.762805 
18
500.204803 156.097687 0.947196 
504.557281 184.020065 0.873993 
478.109619 185.537399 0.868998 
475.102142 231.069550 0.924051 
475.135071 264.918274 0.909849 
529.560547 182.569107 0.813323 
545.783325 216.439163 0.984726 
542.798645 182.511612 0.853784 
488.387299 260.462250 0.835928 
491.331512 308.954895 0.848611 
495.697571 347.286377 0.870789 
517.752197 259.007751 0.772297 
511.961853 304.577637 0.857989 
511.958252 348.743561 0.899793 
497.157867 148.809387 0.879485 
507.504333 147.357086 0.916040 
488.348572 156.121765 0.883165 
511.958740 150.214127 0.731729 
18
501.634888 156.087814 0.922446 
503.063171 185.539352 0.851655 
478.120819 188.424759 0.868443 
475.105865 231.091644 0.915404 
475.145935 264.919525 0.905175 
526.593933 184.088257 0.837588 
544.204224 216.333496 0.911622 
544.237732 178.151123 0.897365 
488.407288 260.480011 0.842461 
491.306091 307.536835 0.840170 
495.698273 347.258148 0.867776 
517.753723 259.032074 0.783724 
511.976593 303.138489 0.852048 
511.956848 348.714691 0.892864 
498.588776 148.798264 0.898668 
508.971344 147.362152 0.934789 
488.371735 157.485550 0.911156 
513.375854 153.157471 0.636275 
18
504.555267 156.085114 0.893319 
501.633759 185.500015 0.881570 
478.102448 188.420105 0.874670 
475.101105 231.100967 0.916358 
475.162750 264.930511 0.909573 
525.156982 184.035828 0.865600 
538.388062 214.853821 0.873930 
542.750427 176.693359 0.820059 
488.417847 259.030518 0.835429 
491.324463 307.522430 0.836190 
495.707184 347.266815 0.870988 
516.337280 258.990082 0.781066 
511.974884 303.145477 0.853660 
511.949341 348.725708 0.890311 
498.695526 148.789261 0.921387 
510.400757 147.357834 0.956794 
488.430328 156.118469 0.916781 
513.372009 153.168518 0.435280 
18
510.386658 156.053558 0.931385 
501.583710 185.511887 0.894025 
478.056885 189.886276 0.896048 
475.084534 232.570358 0.891514 
475.180634 266.341339 0.883951 
525.117371 184.026138 0.861733 
535.471863 216.412201 0.950738 
535.388123 179.642654 0.873224 
488.415375 260.498535 0.832040 
491.312042 307.536072 0.837222 
495.705963 347.260345 0.871480 
517.769653 259.027893 0.779005 
511.959290 304.584198 0.853426 
511.945801 348.717896 0.897714 
500.207703 147.351913 0.925654 
511.907013 147.294693 0.975539 
488.429749 154.632050 0.869395 
513.369202 156.012024 0.106654 
18
510.497467 154.615189 0.928519 
501.604919 184.079208 0.881909 
476.687897 188.469162 0.886298 
475.085907 235.466385 0.875317 
476.549377 266.389282 0.872368 
525.120728 182.614243 0.799954 
533.998047 219.317047 0.929947 
525.118958 182.615906 0.814059 
488.448944 260.476959 0.802732 
491.325958 306.080627 0.821663 
495.713043 347.242249 0.868934 
517.778259 257.554382 0.753631 
511.971344 303.151825 0.844335 
511.956055 348.706726 0.889474 
504.526642 147.314713 0.897874 
513.390076 147.279831 0.944642 
489.873047 151.709900 0.837762 
513.424866 154.613800 0.112173 
18
511.964050 154.599625 0.921042 
501.617676 185.502823 0.875973 
476.659637 189.903549 0.895019 
475.103363 235.506943 0.887223 
476.594452 266.409546 0.877036 
525.185486 184.027969 0.801724 
531.032837 220.776382 0.880485 
525.130920 185.493301 0.805757 
489.843750 260.460541 0.793991 
492.772034 307.503906 0.814406 
495.712372 347.260681 0.863978 
519.230408 257.540100 0.765234 
511.980377 304.590393 0.839437 
511.951172 348.721436 0.884221 
508.918976 147.293884 0.922120 
516.330627 147.275574 0.917120 
491.341858 151.670944 0.816453 
0.000000 0.000000 0.000000 
18
514.824036 154.630905 0.881411 
501.626495 185.520813 0.866304 
476.644592 189.883530 0.884272 
475.097321 234.027847 0.881730 
476.577911 266.356720 0.894808 
526.621094 185.516983 0.788412 
523.719604 217.889511 0.937175 
523.674194 182.581299 0.950450 
489.825989 260.450989 0.789248 
492.782990 307.517242 0.824189 
495.691956 347.257416 0.848812 
519.214661 257.570557 0.764148 
511.978241 303.137268 0.844689 
511.943726 348.680023 0.885792 
510.352905 147.313934 0.928712 
520.684631 147.302521 0.934351 
494.233643 154.641251 0.816635 
0.000000 0.000000 0.000000 
18
514.859558 154.639786 0.870893 
501.605652 184.048477 0.890956 
476.647766 187.002533 0.894082 
475.097015 232.580719 0.878135 
476.567291 266.342133 0.892302 
526.581970 184.011307 0.835110 
523.621704 217.786682 0.918094 
523.612305 182.561081 0.920558 
489.831451 259.030884 0.794227 
492.776917 306.081787 0.822035 
495.704712 347.241119 0.861758 
519.223816 257.535553 0.780873 
511.979156 303.112610 0.854118 
511.938477 348.678375 0.889640 
510.415527 147.328781 0.948048 
520.677979 147.319656 0.927789 
495.711884 153.129944 0.795642 
0.000000 0.000000 0.000000 
18
514.881226 154.605286 0.870907 
501.634003 185.531372 0.866038 
476.701141 188.419189 0.886859 
475.089539 232.543213 0.889252 
476.556702 266.349121 0.883904 
526.603455 184.079132 0.863214 
523.605713 217.806534 0.955745 
510.406921 188.460663 0.697987 
488.441467 259.034454 0.808239 
491.346924 306.078217 0.831047 
495.697205 347.239899 0.863972 
517.777649 257.569397 0.773387 
511.971954 304.571411 0.846520 
511.950256 348.691406 0.885031 
510.412445 147.301422 0.957135 
520.704956 147.293594 0.932465 
495.730103 151.713959 0.799465 
0.000000 0.000000 0.000000 
18
514.841858 154.630783 0.897365 
501.605408 185.489792 0.872850 
478.062134 186.973953 0.873470 
475.078491 231.126251 0.880538 
475.207764 264.953430 0.881105 
525.156616 184.089645 0.868508 
523.651123 217.881302 0.948283 
510.470184 189.922241 0.740309 
488.447327 259.020996 0.795247 
491.345917 306.066650 0.824977 
495.701019 347.237091 0.862663 
517.763794 257.538666 0.767499 
511.956482 303.156586 0.851186 
511.949890 348.688385 0.885557 
510.398743 147.309128 0.971060 
520.682556 147.317703 0.929690 
495.711975 151.688736 0.808975 
0.000000 0.000000 0.000000 
18
513.405090 156.046371 0.918504 
501.585846 185.501572 0.875116 
476.667725 186.990417 0.887498 
475.081604 231.089935 0.882892 
475.163788 264.913788 0.877751 
525.169983 184.079468 0.875271 
525.121277 217.859497 0.917881 
511.955627 191.381241 0.746362 
488.408905 259.028748 0.806018 
491.330322 306.076508 0.826356 
495.700226 347.247955 0.867774 
516.325500 257.572937 0.765446 
511.961792 303.158173 0.851778 
511.947815 348.680664 0.894634 
510.358398 147.325836 0.949994 
519.252563 147.329468 0.909030 
494.247437 150.234299 0.798077 
0.000000 0.000000 0.000000 
18
513.356140 156.079529 0.928225 
501.595490 185.480850 0.876145 
476.642395 188.458191 0.892658 
475.059021 231.078949 0.898999 
475.136597 264.917816 0.896415 
525.163574 184.030548 0.828710 
532.448120 217.795090 0.915993 
522.230103 186.958954 0.781149 
488.376007 260.470520 0.812279 
491.314575 307.532928 0.838009 
495.702087 347.266266 0.873180 
516.294678 257.560822 0.757397 
511.955444 304.581909 0.855843 
511.961609 348.704468 0.892680 
508.950104 147.359039 0.901461 
517.801819 147.347107 0.903360 
492.799164 153.161667 0.800309 
0.000000 0.000000 0.000000 
18
510.424591 156.095322 0.939694 
500.152466 184.061218 0.938267 
476.597137 186.955124 0.914551 
473.679291 229.666092 0.918923 
475.103271 264.901794 0.892506 
523.685547 184.009293 0.867857 
536.954834 213.412170 0.872752 
526.578247 170.875000 0.846252 
488.343262 260.505554 0.838434 
491.329010 308.969543 0.852820 
495.700897 347.278290 0.869375 
516.288635 259.003326 0.759714 
511.958008 304.593628 0.861702 
511.952576 348.735626 0.897940 
503.077454 148.729446 0.886477 
513.348328 148.763107 0.911460 
489.907776 153.182480 0.839940 
520.711792 156.094391 0.277191 
18
507.483459 156.075592 0.888981 
500.172821 184.061935 0.935610 
476.603912 186.949158 0.920589 
473.668945 229.650162 0.913264 
475.098511 264.902252 0.885906 
523.703430 182.636093 0.902940 
545.678467 206.151337 0.916481 
539.810486 170.759399 0.870398 
488.335907 260.462708 0.863778 
491.319702 308.951843 0.854018 
495.698090 347.256866 0.874002 
516.315857 257.550598 0.779641 
511.939758 303.151550 0.865152 
511.944214 348.716309 0.904792 
500.134583 147.356293 0.952583 
510.496277 148.719635 0.954747 
488.439331 153.167618 0.874723 
514.854126 156.088028 0.255280 
18
501.597198 156.043213 0.934214 
500.186554 184.069580 0.922548 
476.631073 186.955536 0.919749 
473.666168 229.608292 0.902315 
475.074249 264.878448 0.885477 
523.742554 182.634323 0.919178 
548.631714 200.206360 0.861557 
550.158630 160.506760 0.863382 
488.335083 259.038239 0.857405 
491.333893 308.964905 0.861979 
495.706635 347.259277 0.881401 
516.286743 256.100372 0.787403 
511.936676 304.594055 0.865690 
511.938477 348.730652 0.910340 
498.607361 147.356430 0.948038 
508.963837 147.364548 0.941182 
488.351685 154.591263 0.904972 
513.385132 153.171387 0.694983 
18
500.121094 156.089325 0.958421 
500.198578 184.052780 0.927116 
476.651703 186.999207 0.906551 
473.670074 229.576553 0.903061 
475.060455 264.857666 0.897010 
523.722961 182.603027 0.925342 
553.069214 184.069397 0.873702 
557.523682 147.306503 0.921864 
488.343048 259.035797 0.847309 
491.295074 307.548157 0.861436 
495.703033 347.258575 0.880940 
514.845642 256.095337 0.789827 
511.912140 303.148712 0.874054 
511.950378 348.694458 0.912085 
495.726196 148.791931 0.877782 
506.017395 148.746567 0.895445 
486.941437 156.103378 0.919105 
511.935394 151.700500 0.801928 
18
498.662781 156.122208 0.949401 
501.586731 184.039001 0.923371 
476.690491 186.957886 0.900127 
475.059540 229.576889 0.925399 
473.694336 264.873444 0.916858 
525.119934 182.620361 0.918288 
554.507996 178.172928 0.853692 
558.879578 139.899582 0.878497 
488.330994 260.450409 0.847986 
491.293884 307.533813 0.863979 
495.707184 347.259857 0.883300 
514.835510 256.108490 0.786730 
511.910797 303.151459 0.879977 
511.948303 348.705414 0.911536 
491.315002 150.218445 0.870630 
501.632141 148.750092 0.919886 
486.907990 157.517639 0.800667 
511.873596 151.685562 0.870727 
18
497.145172 157.494186 0.921217 
503.067352 184.065643 0.899969 
478.101837 186.972900 0.886723 
475.074677 228.192322 0.925902 
473.703583 263.489746 0.915631 
526.617371 182.630859 0.878756 
555.976624 175.239670 0.839771 
555.951843 137.011169 0.781619 
488.337738 259.025085 0.849331 
491.314240 307.513855 0.853624 
495.704926 347.251343 0.881462 
514.835083 257.527313 0.787259 
511.910309 304.571106 0.872263 
511.955200 348.707489 0.908507 
488.425476 151.668091 0.919961 
500.099182 148.735916 0.958130 
486.888458 157.594437 0.490833 
510.477844 150.234894 0.850822 
18
494.245697 157.520126 0.919834 
501.660004 184.079147 0.905699 
478.113037 186.968185 0.887438 
475.065338 228.185730 0.926295 
475.070404 264.843109 0.906914 
525.178162 182.644943 0.881454 
551.590759 175.186111 0.813151 
551.615112 135.554352 0.850971 
488.341827 260.476318 0.855333 
491.335236 307.552795 0.852024 
495.698944 347.268768 0.871574 
514.838623 257.574768 0.778606 
511.912018 306.043182 0.861451 
511.957153 348.729034 0.899775 
488.353241 153.148438 0.920965 
498.677368 148.759262 0.956633 
486.891968 157.636398 0.303284 
510.417236 150.197968 0.841614 
18
492.804504 157.563934 0.926265 
501.673889 184.023880 0.914078 
478.107422 186.969101 0.889149 
473.696442 229.565781 0.913764 
475.092987 264.880157 0.903020 
526.603271 182.539719 0.879445 
550.104004 170.774963 0.873830 
548.636230 132.552338 0.881232 
488.339081 261.901001 0.855029 
491.300018 308.961060 0.860737 
495.695618 347.268250 0.872737 
514.846436 258.993988 0.770829 
511.904083 306.036987 0.859541 
511.936249 348.699341 0.908634 
488.336029 154.601349 0.936481 
498.671539 148.794083 0.944842 
486.854553 157.637085 0.277351 
510.399719 150.236877 0.806614 
18
491.359009 157.578903 0.933945 
501.666077 184.048126 0.908957 
478.107544 187.001389 0.885798 
473.693451 229.590607 0.915972 
475.116455 264.885406 0.901576 
525.178650 182.564056 0.880362 
550.131165 170.805191 0.854153 
545.745300 132.590820 0.877795 
488.348694 260.492554 0.848860 
491.301025 307.542358 0.848945 
495.706604 347.254272 0.882190 
514.841492 257.546234 0.770486 
511.905060 304.604614 0.864679 
511.943420 348.712708 0.901470 
488.316864 154.607224 0.946844 
498.664215 148.806763 0.939278 
486.854584 157.626114 0.208920 
510.417114 151.678391 0.798079 
18
491.333221 157.581818 0.953224 
501.603394 185.505798 0.898872 
478.078583 189.878464 0.898270 
473.701935 229.631500 0.913913 
475.128845 264.885864 0.904052 
523.736328 184.008270 0.877177 
550.134583 179.580139 0.831161 
547.140381 144.360779 0.797225 
488.346130 261.923492 0.855247 
491.306671 308.956055 0.852247 
495.701294 347.256592 0.877413 
514.823181 259.011444 0.774815 
511.917633 304.600830 0.860407 
511.937073 348.701324 0.911848 
486.956573 154.634323 0.938492 
498.622925 150.197830 0.919976 
486.845123 158.975861 0.237876 
510.375427 151.678345 0.803635 
18
491.308411 157.600098 0.957078 
501.608856 185.490295 0.913336 
478.063019 188.460999 0.907100 
473.699554 229.614395 0.912000 
475.122986 264.873199 0.903858 
525.124817 182.634033 0.871871 
548.679810 173.754959 0.806290 
547.130798 136.998108 0.863952 
488.348816 261.912384 0.855443 
491.308502 307.558380 0.850701 
495.703003 347.251251 0.873998 
514.833801 259.000488 0.772856 
511.897583 304.612366 0.859191 
511.936707 348.684631 0.909878 
486.942841 154.650818 0.950271 
498.619781 150.218094 0.922858 
485.455780 157.642288 0.222027 
510.357208 151.680206 0.775679 
