66
1
18
523.724609 150.243805 0.937240 
522.204529 182.636078 0.929988 
498.638458 182.644333 0.905152 
497.137299 222.262085 0.820918 
494.262909 250.171417 0.813940 
547.128113 182.627411 0.919069 
557.447449 217.877060 0.940989 
544.224060 242.852234 0.869087 
510.413239 257.540466 0.798743 
513.419250 303.106750 0.727453 
522.126404 347.179260 0.779035 
536.888794 256.073181 0.766833 
535.422852 300.203522 0.808054 
536.901550 344.265594 0.771473 
520.734558 145.870056 0.946003 
532.437927 147.232315 0.942031 
510.481506 148.781372 0.872445 
535.469971 151.677567 0.653101 
18
523.738037 151.682373 0.930170 
522.188110 182.642227 0.936905 
497.227509 184.011978 0.889538 
489.890533 220.825684 0.848079 
489.833069 250.194443 0.860167 
547.140198 182.624878 0.921902 
557.419373 217.919952 0.924636 
538.390015 247.238663 0.834262 
507.500397 260.455139 0.788508 
511.874939 300.229248 0.782404 
516.292480 344.308624 0.731943 
535.506165 256.099457 0.767048 
539.816956 297.240265 0.701082 
538.396667 338.398773 0.761288 
520.746094 147.216415 0.950499 
532.458740 147.254303 0.953140 
510.472931 148.778275 0.882098 
535.488647 151.683670 0.613101 
18
523.749695 153.130127 0.924735 
522.193604 182.639496 0.940495 
498.593170 182.624161 0.901823 
488.402039 219.333801 0.913208 
489.842499 242.885651 0.906467 
547.138428 184.008270 0.911394 
556.018799 219.300125 0.900840 
538.399597 245.771561 0.799410 
503.096069 253.157578 0.784651 
500.087402 300.146057 0.857669 
500.098511 347.269470 0.733084 
535.455017 253.124664 0.801873 
533.962524 294.307373 0.784697 
533.947571 336.944031 0.804371 
522.111267 147.234390 0.958499 
532.477722 147.281616 0.955296 
510.470032 148.784073 0.875168 
535.502563 151.717453 0.552521 
18
523.746765 153.141510 0.924709 
522.195618 182.633514 0.936397 
498.587830 182.576981 0.904623 
488.320587 217.794601 0.932341 
489.857941 241.443954 0.911247 
547.139343 184.049728 0.901455 
555.996887 219.372513 0.885975 
536.864502 242.848862 0.855968 
503.115295 253.138779 0.795376 
508.941833 300.158142 0.790735 
500.159973 350.160583 0.797403 
535.450623 253.128799 0.802515 
534.003113 297.264832 0.764756 
535.441895 336.990601 0.792830 
522.111816 147.235901 0.956192 
532.478088 147.286285 0.956965 
510.476074 148.771637 0.875406 
535.507507 151.713898 0.568128 
18
523.751343 153.150452 0.926062 
522.192566 182.644669 0.931631 
497.217957 182.579803 0.905002 
486.947418 217.859558 0.921686 
492.786621 241.458466 0.869033 
547.146606 184.070541 0.899357 
555.969177 222.240768 0.862641 
533.997131 242.854141 0.846047 
504.552826 253.179916 0.771067 
523.657837 294.305237 0.539388 
535.453918 336.926697 0.701934 
535.472351 253.138840 0.777576 
520.687256 297.204193 0.710106 
507.458466 350.179230 0.709163 
522.116150 147.237381 0.958958 
532.486511 147.285278 0.961558 
510.479523 148.765457 0.872023 
536.872803 151.706192 0.569500 
18
525.108398 153.151917 0.922181 
522.195251 184.010605 0.924170 
498.591278 182.590973 0.906267 
488.315094 219.340378 0.891455 
497.194794 242.863953 0.842453 
547.145935 184.088394 0.890038 
554.554749 223.728394 0.866609 
533.924805 241.440323 0.857987 
504.559540 253.189194 0.753034 
517.761292 297.253571 0.595023 
532.469421 344.244080 0.648169 
535.488281 253.148392 0.777123 
522.146240 297.246277 0.630268 
511.958740 348.712982 0.680394 
522.125183 147.235275 0.961014 
532.502258 147.282379 0.962426 
511.837769 148.759903 0.876629 
536.900330 151.696686 0.601187 
18
525.114319 153.149826 0.922859 
522.191345 184.033539 0.925298 
498.592896 182.626389 0.907806 
488.366821 220.771393 0.912973 
500.189789 242.887909 0.838213 
547.138306 185.480896 0.886935 
554.518555 225.200958 0.864799 
528.097595 241.375015 0.822914 
508.939484 253.141739 0.796606 
516.297363 300.175171 0.721892 
523.616211 348.744598 0.626000 
536.899109 253.089615 0.803132 
533.875793 298.665070 0.643669 
533.960632 345.776825 0.626642 
522.134583 147.232071 0.965258 
532.509949 147.283569 0.963177 
511.850861 148.749695 0.867351 
536.896423 151.700516 0.580411 
18
525.123291 153.181335 0.921839 
522.191956 182.624863 0.933735 
498.588623 182.624893 0.902694 
489.856110 222.238541 0.854470 
504.543213 244.314285 0.788279 
547.140320 182.629654 0.926441 
554.542419 222.288727 0.859848 
523.703918 239.907959 0.873161 
506.038940 251.702942 0.782759 
513.354614 300.215698 0.685943 
523.689697 353.091492 0.643086 
536.898499 251.658783 0.840680 
533.997559 297.217682 0.566251 
536.926636 336.947693 0.552619 
522.151428 147.248581 0.974301 
533.872742 147.312790 0.963182 
511.857941 148.744415 0.870930 
536.886292 151.715179 0.551139 
18
525.135559 154.631027 0.924143 
522.170837 182.638062 0.933549 
498.595245 184.021469 0.892370 
489.880310 222.234619 0.833531 
507.499359 241.408020 0.795567 
545.759399 182.612122 0.934303 
557.391541 222.249481 0.891360 
523.696106 232.554382 0.844585 
510.414673 253.157181 0.807620 
511.971283 301.645355 0.813518 
528.070190 348.722229 0.637659 
538.375793 253.085403 0.818661 
535.475159 297.243683 0.763107 
538.390503 332.507629 0.703762 
522.159668 147.283478 0.968415 
533.872925 147.348633 0.957520 
511.847870 148.761490 0.869817 
535.511230 153.126328 0.484380 
18
525.137939 156.045166 0.920934 
522.169678 182.618073 0.949243 
498.612579 184.031906 0.888288 
492.792206 225.173187 0.793948 
508.945557 239.897705 0.665306 
545.739380 182.556808 0.944461 
557.413940 220.788132 0.907721 
523.701477 228.158066 0.868081 
510.469543 251.721268 0.857386 
511.949646 300.229065 0.871437 
532.483032 347.236969 0.654093 
536.918396 251.639343 0.820397 
535.415466 298.643402 0.801769 
542.741211 326.652039 0.612181 
522.160339 147.307251 0.962157 
532.513977 148.726135 0.947202 
510.483246 148.762436 0.870190 
535.487671 153.137878 0.423301 
18
525.146667 156.054077 0.916694 
522.175781 182.566986 0.958497 
498.643524 182.636673 0.900244 
492.800232 222.272461 0.715826 
504.571930 229.660858 0.386119 
545.723877 181.159302 0.945536 
555.967773 219.350861 0.880146 
522.165955 225.194427 0.910906 
510.455383 251.640564 0.829466 
513.407654 298.765808 0.820293 
538.403748 335.485565 0.518392 
536.914429 250.198013 0.823098 
533.986694 297.244110 0.851472 
522.165955 345.751251 0.737322 
522.166199 147.321045 0.958842 
532.515442 148.737549 0.946835 
510.486877 148.789963 0.845749 
535.480469 153.161057 0.412645 
18
525.165283 156.067657 0.909993 
522.201477 182.523987 0.947748 
498.662231 182.579956 0.904491 
494.274628 219.340378 0.687124 
501.641998 231.065781 0.390054 
545.742737 181.133072 0.940578 
553.077820 217.917099 0.878695 
520.676270 219.340164 0.911205 
510.414734 251.616928 0.781762 
513.370422 300.152802 0.814474 
535.397888 338.398743 0.582832 
536.928894 251.603577 0.808245 
533.928101 300.209534 0.843815 
532.480286 313.469086 0.173732 
522.181396 147.344345 0.948755 
533.872253 148.745575 0.940641 
511.839630 150.204849 0.837243 
535.454773 153.143494 0.381420 
18
526.590759 156.093597 0.906489 
522.247559 181.161423 0.946778 
498.718994 182.587997 0.908067 
500.098419 219.345352 0.594979 
508.952667 223.754196 0.217586 
545.764404 181.076035 0.905959 
550.140686 217.830627 0.878389 
519.238098 216.319061 0.920905 
510.422577 248.697495 0.746214 
511.979462 297.210052 0.718010 
535.413574 344.242401 0.764611 
538.346130 247.273987 0.747441 
535.377197 295.755310 0.792898 
522.121765 344.285004 0.660840 
522.197754 148.723297 0.943988 
533.895508 148.753220 0.948101 
510.493378 151.674164 0.816378 
535.391663 151.718750 0.250976 
18
528.048401 156.125320 0.898630 
522.258484 181.116821 0.944141 
500.084656 182.567490 0.921856 
498.695740 217.846268 0.568852 
508.960541 216.377274 0.166531 
545.757263 179.652390 0.874401 
550.111145 216.359344 0.869131 
516.295105 207.617569 0.873617 
510.404755 250.167847 0.719851 
510.464569 298.676880 0.629664 
530.993958 345.771545 0.738080 
538.360046 250.184067 0.728279 
533.960571 294.295685 0.598659 
529.526733 341.327911 0.454823 
522.231506 148.748352 0.941061 
533.923767 148.770340 0.949615 
511.845245 151.675171 0.821531 
535.406311 151.674606 0.206366 
18
529.514771 157.495483 0.902858 
523.611328 181.022781 0.919894 
500.182892 181.095078 0.888870 
501.654938 216.353836 0.444051 
526.593994 242.842529 0.216464 
545.742371 179.621231 0.876934 
547.257507 213.449966 0.887158 
513.402893 203.170807 0.949717 
507.483978 248.695496 0.727109 
507.488434 300.169556 0.756361 
519.274536 347.190369 0.832859 
536.893066 250.163986 0.776493 
536.921631 298.667328 0.783461 
539.829346 339.880035 0.785071 
523.609070 148.734146 0.948736 
533.977173 148.787842 0.948799 
511.895508 150.236282 0.806713 
536.890625 153.162430 0.165358 
18
532.433655 157.492203 0.920008 
523.647461 181.060898 0.903211 
501.655151 182.549927 0.857243 
503.089600 219.304794 0.549505 
523.665527 250.149445 0.437290 
545.714417 179.603790 0.871852 
547.160583 210.484253 0.897430 
513.386292 194.364731 0.952431 
511.960083 250.160553 0.741090 
514.862610 300.146515 0.789598 
520.686096 347.198364 0.816270 
539.827148 250.192398 0.787440 
536.867615 297.230469 0.826413 
539.861877 341.365631 0.782294 
523.694031 148.722168 0.945222 
535.389343 148.785416 0.944750 
511.942383 150.249283 0.803884 
536.923950 154.637238 0.111342 
18
533.871399 156.107162 0.932808 
523.612976 179.587418 0.876021 
501.613098 181.028076 0.856075 
498.674042 211.951904 0.361976 
511.931976 242.862122 0.203330 
544.258423 178.172531 0.847608 
545.652527 204.674164 0.945846 
516.304321 188.453812 0.771258 
514.831421 251.677948 0.764587 
517.798706 300.133453 0.814096 
522.107971 345.716278 0.862051 
538.353943 251.635864 0.816021 
536.916504 298.772461 0.855135 
539.842224 341.333191 0.780001 
525.136780 147.341888 0.933316 
535.449768 148.771103 0.947984 
513.353699 148.791473 0.794706 
536.955444 156.087906 0.117418 
18
533.915894 156.070557 0.936019 
523.656128 178.122055 0.865778 
504.549286 178.156601 0.824121 
500.175751 207.540939 0.649054 
516.339661 236.954193 0.659746 
545.636108 175.235291 0.847475 
545.683655 203.119705 0.940380 
520.693298 182.531342 0.837541 
514.864441 250.209106 0.785798 
517.780212 298.751343 0.851268 
520.730530 345.722290 0.878210 
536.949219 248.742661 0.798725 
536.871338 298.684326 0.870950 
539.815002 339.909180 0.790456 
526.582153 147.312469 0.925718 
535.507690 148.757263 0.943838 
514.841492 148.720779 0.796645 
541.278564 157.493973 0.180803 
18
533.948608 156.075012 0.944670 
523.693665 176.676910 0.846530 
507.456451 176.701645 0.832870 
501.645996 203.154831 0.664254 
511.923370 222.237198 0.707777 
545.659363 175.188400 0.834971 
544.248962 200.224335 0.935026 
520.733032 179.629593 0.772735 
514.849121 248.741486 0.777074 
520.667969 298.638947 0.858817 
520.695251 344.282043 0.848913 
536.916443 248.688095 0.801345 
536.905579 297.256104 0.855706 
539.834045 339.906158 0.801208 
526.643555 147.326233 0.921819 
536.898438 148.781754 0.931947 
516.313904 148.723450 0.780952 
542.780762 157.557739 0.230764 
18
535.386719 156.057037 0.933482 
523.691956 178.117050 0.874100 
507.456635 178.163727 0.789363 
504.545959 206.071915 0.660304 
511.886230 206.121048 0.523090 
545.681580 173.777481 0.845403 
545.656982 200.200226 0.948985 
520.719910 175.207535 0.819163 
511.942078 251.711441 0.840796 
519.255310 298.740967 0.851418 
520.749023 344.263519 0.851955 
536.936890 251.620972 0.828710 
536.915405 298.691406 0.860827 
539.852844 339.886353 0.798193 
531.009888 147.344315 0.910900 
538.354553 148.769119 0.907672 
517.799011 148.737259 0.767972 
539.843933 157.526764 0.109680 
18
535.457275 156.094772 0.934730 
523.690308 181.009644 0.897597 
504.577728 181.090012 0.800493 
494.265442 211.943634 0.342508 
0.000000 0.000000 0.000000 
545.663635 178.152863 0.831398 
545.781738 201.645157 0.936372 
522.179138 176.668228 0.854083 
511.963501 251.719452 0.829497 
517.806702 298.762604 0.835532 
520.748291 344.304138 0.856693 
538.348816 251.636810 0.812980 
536.921692 298.690796 0.840803 
539.832764 338.446838 0.793829 
532.459290 148.727020 0.922971 
539.835571 148.789505 0.894621 
519.262939 148.745071 0.771143 
539.824463 157.499969 0.092025 
18
535.516541 156.100983 0.926806 
523.729309 181.009293 0.932043 
504.566437 181.055527 0.804675 
488.400879 214.868347 0.611496 
500.106812 176.661575 0.710870 
545.712280 179.573364 0.869533 
547.151672 203.116959 0.951452 
523.619751 178.125931 0.801167 
511.889771 251.692612 0.843570 
517.793091 298.760071 0.837150 
520.741699 345.688599 0.855577 
536.938904 251.632858 0.813744 
536.899841 298.678894 0.851518 
539.835449 339.869537 0.795362 
533.875000 148.736649 0.928367 
541.330200 148.790878 0.891576 
520.684265 148.778564 0.772978 
541.313293 157.577255 0.086100 
18
536.910034 156.114792 0.924340 
523.647461 175.204697 0.888766 
501.600372 172.272491 0.806146 
489.833923 206.154282 0.823104 
498.714355 175.211929 0.683949 
545.706055 176.693329 0.847325 
547.176819 203.164398 0.949027 
523.639954 176.690292 0.820743 
511.841339 251.646378 0.833887 
517.804382 298.751312 0.848014 
520.734131 345.699982 0.862547 
536.946228 250.206451 0.796122 
536.923706 298.669128 0.841108 
539.847717 339.897003 0.797153 
533.935364 148.729965 0.941928 
542.794739 150.201965 0.897608 
520.746948 147.311691 0.830740 
0.000000 0.000000 0.000000 
18
536.914856 157.503967 0.918582 
523.647766 175.208786 0.862379 
500.194794 170.862930 0.814935 
488.363037 204.590759 0.743661 
498.622681 182.539856 0.450473 
545.709229 176.688553 0.839278 
547.133606 201.658218 0.933701 
523.648743 173.750122 0.848291 
511.840546 251.655457 0.831219 
519.237915 298.743713 0.866211 
520.745300 345.731415 0.876976 
538.349915 251.590363 0.788908 
536.936646 298.700256 0.839262 
539.865967 339.898773 0.791083 
533.945496 148.743271 0.940873 
544.211182 151.688217 0.896072 
522.121887 147.283966 0.827824 
0.000000 0.000000 0.000000 
18
536.886047 157.559799 0.915895 
523.632874 179.577545 0.887232 
501.586792 176.687851 0.776761 
488.396271 209.053436 0.475466 
488.337616 201.681763 0.529325 
545.655701 178.163834 0.817957 
547.139343 200.216141 0.903866 
523.705505 172.319534 0.856353 
511.843231 251.697937 0.827498 
519.222961 300.181274 0.842797 
520.748779 345.737915 0.863956 
536.937622 251.615936 0.794523 
536.932251 298.742584 0.847755 
539.837280 339.903137 0.789283 
533.943298 150.195389 0.913371 
544.195862 154.602783 0.887738 
522.168823 147.347397 0.796624 
545.689026 158.999359 0.131748 
18
536.864990 157.600052 0.921996 
523.614197 179.574966 0.883666 
500.166595 176.671204 0.777685 
488.425995 204.582123 0.620376 
489.859863 192.793274 0.547588 
545.649353 178.162613 0.820394 
545.706543 198.747375 0.912429 
522.228027 172.250687 0.849903 
510.484741 253.085403 0.840361 
519.216064 300.160858 0.843517 
520.742371 345.717041 0.860476 
536.926331 251.619308 0.800491 
536.939392 298.724609 0.848086 
539.850769 339.891632 0.789052 
533.923767 151.656326 0.904810 
544.185974 156.052902 0.908073 
522.187622 147.357712 0.787510 
545.739014 158.953903 0.200424 
18
535.501038 157.602020 0.932153 
523.672485 178.169891 0.860969 
501.654205 173.732635 0.751482 
486.873474 192.878113 0.802058 
495.725861 172.269958 0.449147 
545.704956 179.599106 0.829913 
545.653748 198.728592 0.912958 
520.749939 170.796143 0.819786 
510.461273 251.715668 0.845026 
517.795166 298.769012 0.849314 
520.745056 345.704865 0.867593 
536.919189 251.631073 0.808303 
536.941467 298.710754 0.845305 
539.844116 339.896667 0.794555 
533.916809 151.678421 0.910041 
542.784973 156.059311 0.910220 
522.224121 148.747284 0.769346 
545.763672 158.954636 0.255913 
18
535.496765 158.973251 0.920621 
523.702393 178.165771 0.864129 
501.653412 173.747025 0.762659 
485.411560 189.901642 0.753688 
491.340363 178.139969 0.490386 
545.761902 179.605820 0.824440 
545.738220 200.198181 0.918561 
528.051819 172.254974 0.794820 
510.454620 251.672440 0.838818 
517.767212 300.134491 0.849088 
520.737610 345.711334 0.862192 
536.929321 251.639282 0.808856 
536.920471 298.715515 0.846961 
541.274658 341.329224 0.786371 
533.929749 153.123962 0.901480 
542.799438 156.117432 0.917653 
522.203613 148.754272 0.769088 
545.762390 159.034241 0.266786 
18
538.349976 156.112167 0.690642 
523.663757 182.503403 0.917971 
501.618378 182.623032 0.826578 
500.187958 217.885040 0.466272 
498.632629 194.287659 0.757403 
547.139587 181.106934 0.813434 
553.090149 203.117676 0.895783 
535.492004 170.834244 0.968943 
510.459076 254.613693 0.839940 
516.328796 300.205139 0.851008 
520.720276 345.712433 0.883987 
536.906128 253.120148 0.822688 
536.894592 298.772186 0.868410 
541.292175 341.348236 0.800012 
534.005615 148.719681 0.750193 
544.205017 151.710434 0.689061 
522.181458 147.351212 0.633269 
544.185181 158.988083 0.256642 
18
535.358337 160.532745 0.884515 
523.658997 182.549133 0.953065 
503.073273 181.078293 0.819987 
476.600372 170.789413 0.480700 
486.877594 167.871384 0.385869 
544.232117 184.071640 0.836846 
558.886841 203.100464 0.895011 
551.609253 164.926132 0.750624 
510.494629 253.163147 0.853580 
514.858276 300.200531 0.866974 
520.726196 345.743500 0.891600 
536.914612 253.116806 0.828140 
536.895752 300.129639 0.877293 
541.276611 341.364258 0.799896 
532.479797 156.109421 0.884296 
539.823669 159.000961 0.822964 
520.744263 153.161331 0.683685 
545.713196 160.502777 0.217932 
18
535.430908 166.339325 0.906310 
523.643311 182.509399 0.967675 
501.606079 182.530533 0.847704 
494.268341 229.579666 0.519510 
489.882568 181.146667 0.784091 
545.667847 182.572250 0.879908 
560.412903 195.786301 0.819460 
558.918213 148.776520 0.798823 
510.480164 253.097061 0.868762 
514.830688 300.178925 0.880487 
520.721619 345.712311 0.881031 
536.919861 251.657791 0.809929 
536.881897 298.751709 0.876093 
541.290161 341.328125 0.798495 
532.500916 157.624680 0.939970 
541.291748 159.048035 0.860999 
520.683105 156.082611 0.756319 
0.000000 0.000000 0.000000 
18
535.375427 169.284744 0.995523 
523.618591 181.115433 0.920974 
500.105927 173.770096 0.815409 
476.656586 156.082138 0.858837 
507.511444 142.835419 0.672971 
545.731201 185.496307 0.851005 
570.701172 184.052353 0.853172 
558.891235 147.335968 0.922335 
510.439270 253.081451 0.848655 
513.421814 300.173523 0.877120 
520.711609 345.717957 0.872487 
536.911011 251.693375 0.826344 
535.500183 298.752411 0.876489 
541.278687 341.358002 0.793309 
531.026245 159.101349 0.884194 
541.283386 162.005142 0.788372 
519.244080 157.497803 0.768159 
0.000000 0.000000 0.000000 
18
533.994385 169.379623 0.865089 
523.659790 176.684555 0.873813 
498.702118 170.771683 0.877255 
478.097443 148.795258 0.799836 
510.408905 139.906708 0.648081 
547.198730 182.528305 0.888215 
572.201172 176.699600 0.820526 
553.073792 150.202255 0.794788 
510.347168 251.694138 0.806780 
513.380554 300.173859 0.884585 
520.720825 345.709351 0.873136 
535.510376 251.684448 0.818726 
535.496704 298.770050 0.862373 
539.840210 341.356415 0.786307 
530.984436 164.890518 0.710198 
538.388123 164.939438 0.674815 
519.255493 157.512482 0.620080 
0.000000 0.000000 0.000000 
18
535.376404 173.768860 0.884253 
523.718933 175.232666 0.818901 
500.156921 178.144592 0.813276 
478.124268 219.317108 0.794046 
489.895416 179.608566 0.787937 
548.632446 176.685547 0.774074 
579.492126 170.810516 0.827985 
550.128479 148.755371 0.771631 
510.355011 251.679230 0.831313 
513.358582 300.155701 0.893845 
520.709534 345.719666 0.883076 
535.501343 251.615753 0.801691 
535.465637 298.726654 0.874635 
539.831970 341.327454 0.789951 
530.997009 169.335281 0.877777 
539.816528 169.340897 0.858778 
520.689087 159.094696 0.686666 
545.670776 163.430115 0.164116 
18
531.004211 175.220642 0.745147 
525.118042 173.717209 0.832059 
500.155975 170.825180 0.795331 
479.531372 145.783661 0.589525 
514.845581 138.443222 0.503238 
550.118774 178.164047 0.750517 
570.755615 159.090561 0.842639 
545.764526 147.216644 0.793381 
508.976166 251.679581 0.806793 
513.365967 300.170258 0.879642 
520.718567 345.717346 0.875240 
535.479187 251.639099 0.805539 
535.459717 298.766510 0.875350 
539.831116 341.362366 0.784058 
525.112244 169.361847 0.832784 
535.426941 170.769608 0.846775 
519.256226 159.024948 0.468964 
545.626465 169.259262 0.453193 
18
541.304443 172.304611 0.533380 
523.700562 179.596115 0.757708 
506.040070 181.100967 0.410497 
479.568024 145.819153 0.202481 
0.000000 0.000000 0.000000 
545.761292 181.082367 0.358059 
569.220581 157.616379 0.651429 
541.266907 144.339905 0.535462 
510.440430 253.084991 0.788026 
513.364990 300.168488 0.870254 
520.726685 345.695343 0.864480 
535.414429 251.668060 0.779905 
535.452393 298.751923 0.867330 
539.829163 342.785583 0.778605 
536.879944 169.359467 0.616297 
541.321594 169.331406 0.391643 
526.637390 167.874481 0.399517 
0.000000 0.000000 0.000000 
18
0.000000 0.000000 0.000000 
523.614990 185.539474 0.846709 
544.247131 192.781677 0.816876 
567.744019 157.571564 0.868314 
538.371277 141.412155 0.705006 
501.594940 182.555695 0.693073 
476.696198 145.858643 0.368178 
0.000000 0.000000 0.000000 
535.378845 253.101166 0.800196 
535.429016 300.131348 0.848251 
538.394531 344.288300 0.784727 
508.928711 253.089569 0.754634 
511.984344 300.163635 0.876376 
520.736084 345.806366 0.871876 
0.000000 0.000000 0.000000 
0.000000 0.000000 0.000000 
536.944458 172.274200 0.532758 
520.749390 166.381302 0.296485 
18
538.359985 179.569336 0.480566 
523.710938 182.560349 0.833151 
507.468231 182.564636 0.769609 
478.104828 204.568588 0.472766 
488.323364 176.673859 0.650559 
545.653931 181.122864 0.607710 
567.790405 157.538254 0.797696 
535.443298 142.853363 0.817743 
510.385529 253.104553 0.809294 
513.360718 300.185944 0.861236 
520.734314 345.708191 0.875564 
535.461609 251.680710 0.824617 
535.449890 300.126740 0.873760 
539.811523 342.798553 0.782552 
535.474670 170.768433 0.479209 
544.196716 170.836044 0.465926 
532.429443 170.732544 0.439038 
544.248779 170.783066 0.245836 
18
539.810425 176.693329 0.437035 
523.675293 182.524597 0.878769 
503.103088 182.562424 0.780097 
482.503784 203.129486 0.383728 
486.928894 179.613571 0.482119 
545.747009 181.096771 0.698335 
569.263611 158.984436 0.838622 
538.373657 145.825684 0.585556 
510.372406 253.089279 0.808937 
513.364990 300.173309 0.867128 
520.710938 345.694000 0.860170 
535.448425 251.660782 0.825200 
535.445007 300.121063 0.878721 
539.815979 342.790833 0.783541 
535.448853 169.390427 0.420726 
544.187561 170.779388 0.441405 
530.983215 169.344025 0.353869 
542.775208 170.740768 0.250365 
18
536.880981 179.645065 0.806565 
528.056519 170.825226 0.809474 
498.688019 172.299316 0.805716 
464.879089 163.437271 0.617093 
488.350830 154.617065 0.315391 
557.457092 170.787476 0.747078 
585.401611 172.288849 0.646678 
559.007751 157.547195 0.470818 
508.945648 251.624939 0.769535 
511.991974 300.154327 0.881118 
520.715332 345.697052 0.860688 
535.498962 250.184570 0.773959 
535.439636 298.738586 0.879013 
538.389832 341.363586 0.792251 
533.973694 172.259094 0.710884 
544.202332 172.319778 0.730802 
523.627686 160.558121 0.594618 
547.182129 167.878922 0.358603 
18
535.443115 179.617584 0.884956 
525.117188 178.137558 0.826517 
500.198761 173.717590 0.784091 
464.918732 175.196335 0.869586 
495.728027 159.060608 0.491254 
551.599976 181.132034 0.765590 
556.034607 217.813965 0.772345 
557.423645 194.329666 0.230126 
508.917847 250.199249 0.774547 
511.985199 300.125122 0.893228 
520.720581 345.706146 0.873330 
535.471619 251.628723 0.803850 
535.441956 298.726074 0.886212 
538.400269 341.340332 0.787540 
533.893738 170.808029 0.835154 
544.201965 172.320755 0.819152 
522.197510 160.496277 0.772128 
548.651733 169.330505 0.313095 
18
536.897095 175.197876 0.852032 
529.529236 181.090927 0.862998 
505.991669 179.611832 0.871240 
470.742554 186.961990 0.864302 
485.446289 169.364777 0.682623 
550.151733 182.537781 0.801331 
578.056824 195.838577 0.823943 
569.176392 170.801712 0.821995 
510.352997 251.714539 0.846737 
513.352051 300.154968 0.898031 
520.720093 345.710846 0.878374 
535.489075 251.669159 0.844977 
535.462646 298.736786 0.898834 
539.839050 341.373901 0.790347 
534.002075 169.338791 0.943311 
545.646545 170.802170 0.909654 
523.657715 161.980743 0.818497 
548.664673 169.277832 0.278386 
18
536.887146 170.878815 0.900104 
526.594604 182.572678 0.889047 
503.110474 181.016724 0.856204 
475.163666 194.394424 0.825704 
473.683472 185.514267 0.575680 
548.693420 185.535278 0.788102 
567.736328 213.458878 0.818274 
567.777405 178.162033 0.765870 
510.392822 251.719345 0.850963 
513.372925 300.172119 0.897434 
520.733948 345.704437 0.880355 
535.495789 253.101624 0.832778 
535.483948 298.756866 0.881615 
539.838013 342.817352 0.798219 
533.998047 167.869370 0.921806 
544.251648 169.337463 0.941199 
523.652405 162.000961 0.816676 
547.220154 169.380524 0.343783 
18
536.885071 169.296906 0.954614 
528.101440 182.517944 0.895173 
504.557953 179.643738 0.866101 
476.574921 194.291153 0.851571 
453.098145 204.540756 0.688995 
551.611694 185.483002 0.752248 
566.314148 220.765991 0.678259 
570.775085 192.843155 0.801663 
510.387085 251.695023 0.827930 
513.398376 300.166901 0.885937 
520.736084 345.704895 0.878252 
536.925476 253.114624 0.798660 
535.492249 300.125580 0.880930 
539.856506 344.232452 0.802098 
533.955078 160.538773 0.898728 
544.257385 163.442825 0.911698 
523.649048 159.036224 0.841598 
548.629700 164.916458 0.410045 
18
536.899048 166.377991 0.908273 
531.002014 182.541504 0.908852 
506.020721 181.019928 0.865460 
475.201019 197.276627 0.846658 
453.074707 211.947449 0.712959 
555.966492 185.495880 0.790518 
569.264221 207.533859 0.743402 
581.055542 236.956619 0.545328 
510.397522 251.693756 0.850492 
513.428345 300.168213 0.881886 
520.730957 345.719849 0.877769 
538.345520 253.081131 0.794880 
535.495789 300.120544 0.874134 
539.856873 342.825317 0.797148 
533.956482 159.019379 0.963001 
545.643372 159.088409 0.948697 
523.667725 158.987274 0.825559 
548.696472 160.528107 0.534189 
18
535.443054 160.498047 0.957775 
532.439209 181.107239 0.919863 
507.503387 181.035767 0.879683 
475.198822 203.157623 0.865518 
448.688324 220.796036 0.777126 
555.982605 181.105576 0.871721 
585.401123 186.959656 0.800697 
600.101990 216.348022 0.772863 
510.448822 251.614410 0.858621 
514.825928 300.132629 0.877488 
520.736511 345.708618 0.868870 
536.927124 251.612701 0.806152 
535.509338 298.727051 0.870623 
539.853149 342.830750 0.797603 
532.465210 157.489807 0.901073 
542.797913 157.534180 0.952577 
522.213196 157.514893 0.792143 
548.654968 157.623444 0.638778 
18
533.900452 158.987610 0.981055 
529.558777 181.087997 0.875955 
506.035217 181.060944 0.874323 
478.058197 204.573029 0.894174 
453.031036 222.261627 0.797494 
554.510010 181.077423 0.875785 
583.944458 184.081467 0.871836 
604.487488 210.471130 0.846498 
510.461914 253.096024 0.845102 
514.841187 300.185333 0.873630 
520.737549 345.718475 0.877034 
536.946167 251.719650 0.814138 
535.505798 298.761658 0.877325 
539.831238 342.845459 0.802693 
525.152649 153.147903 0.876851 
536.902527 154.600937 0.905007 
519.257813 156.084198 0.736528 
545.763489 157.504349 0.789528 
18
525.167480 157.525330 0.912557 
528.060852 182.530075 0.896700 
503.087158 181.119598 0.889760 
483.965729 203.166183 0.846702 
460.452087 217.862549 0.753042 
553.081787 182.596222 0.864917 
583.988892 191.375397 0.882544 
606.013855 209.041306 0.843221 
510.482788 253.124710 0.863465 
514.862732 300.184906 0.880013 
520.720093 345.725128 0.880615 
538.378723 253.117004 0.827483 
535.503418 300.136047 0.884836 
539.831665 342.812317 0.807760 
522.190186 150.216858 0.895584 
533.916992 150.219513 0.927332 
513.343628 157.486404 0.714004 
544.195374 156.119324 0.849932 
18
522.186157 157.514984 0.977575 
526.627686 182.615814 0.882699 
501.626404 182.505844 0.914576 
488.423553 204.659500 0.843055 
475.089630 211.989426 0.654059 
554.525574 185.502365 0.825376 
582.434753 201.645859 0.815336 
603.073730 210.498840 0.773624 
511.839874 253.117661 0.866848 
516.297729 300.205994 0.868004 
520.725403 345.721588 0.889187 
539.812195 253.163864 0.803734 
536.867859 300.162537 0.892188 
541.276489 342.841553 0.805538 
514.855774 150.202835 0.862551 
525.190247 148.804138 0.896652 
510.441437 157.505783 0.526634 
535.476379 154.649765 0.847302 
18
519.230408 157.509689 0.908052 
523.742981 182.600418 0.928139 
500.189941 182.561020 0.951155 
488.401642 206.103424 0.867871 
473.652618 216.350494 0.728998 
548.695984 182.630722 0.856737 
573.645813 204.588821 0.797856 
594.286194 217.812027 0.888540 
511.859283 253.155792 0.880944 
516.332397 300.222412 0.866302 
520.737854 345.723907 0.890536 
539.820923 253.140152 0.816649 
535.500183 300.171082 0.898981 
539.841309 342.815552 0.804240 
511.923004 150.206467 0.939447 
523.627869 148.791351 0.949953 
508.932617 157.555283 0.507191 
533.981995 156.056488 0.908227 
18
519.214172 157.550095 0.911907 
523.710815 182.624634 0.941994 
500.139801 182.626801 0.959227 
486.955414 207.583221 0.810553 
475.151459 217.807327 0.709620 
548.688477 182.607361 0.866678 
575.127686 198.762848 0.736184 
600.102966 209.044235 0.813638 
511.864777 253.178650 0.852441 
516.302002 300.226440 0.865712 
520.751160 345.738495 0.886971 
538.405701 253.149338 0.803689 
535.489319 300.170990 0.898395 
539.845886 342.845886 0.804084 
511.906525 151.669601 0.927258 
523.608337 150.232788 0.926861 
508.906281 157.558548 0.563054 
533.923950 156.094543 0.887729 
18
520.730408 157.622238 0.971171 
523.672668 182.576920 0.963065 
498.699463 182.597809 0.939072 
483.975586 209.059799 0.711708 
476.574585 222.251221 0.652899 
550.145569 182.507507 0.890237 
581.009521 194.412201 0.801537 
608.954285 206.076523 0.811391 
510.413574 253.173645 0.825882 
514.826477 300.232147 0.869812 
520.750671 345.728241 0.885123 
536.953186 253.146545 0.807625 
535.476074 300.180054 0.881197 
539.825500 342.829163 0.800546 
511.986237 153.152359 0.890107 
523.702576 151.705658 0.911698 
508.938995 157.490112 0.736537 
533.973755 156.062210 0.905150 
18
522.196838 158.989655 1.010852 
523.611450 182.494003 0.971328 
498.674500 182.553329 0.950993 
478.096100 207.534988 0.831095 
482.503174 225.190903 0.624860 
547.241272 181.062637 0.932760 
583.944885 192.824570 0.809942 
622.175842 206.081070 0.660263 
510.420837 253.099350 0.865769 
513.395203 300.194611 0.901231 
520.737549 345.725769 0.885849 
536.913574 251.665512 0.831056 
535.467346 300.120178 0.892179 
539.830383 342.820221 0.803870 
514.828064 154.615753 0.862700 
525.174622 153.175491 0.888122 
508.976898 157.528091 0.820140 
535.372742 156.090286 0.846233 
18
523.593933 159.046570 0.985125 
523.626099 181.116516 0.945299 
498.649506 182.500854 0.920674 
476.565582 206.059525 0.933121 
486.944672 223.705963 0.854414 
548.665466 179.630157 0.875199 
586.867310 189.932755 0.762238 
620.686707 206.111908 0.796653 
510.411896 253.109375 0.860162 
513.388611 300.186920 0.884999 
520.736511 345.714417 0.876907 
536.912415 251.703613 0.819079 
535.459839 298.738464 0.872092 
538.396179 341.371735 0.797163 
516.313293 156.078812 0.856551 
528.057556 156.036255 0.873834 
510.338074 157.559219 0.853079 
535.433105 156.096176 0.800245 
18
523.647400 159.073044 0.976195 
523.629211 181.136780 0.953530 
498.702301 182.576324 0.923475 
472.182404 206.112564 0.832369 
494.251007 223.719330 0.728437 
547.218445 181.013702 0.915237 
581.058044 192.887451 0.912038 
617.805420 206.060257 0.889557 
510.416443 253.134949 0.875146 
513.398193 300.211395 0.888082 
520.730347 345.724762 0.881881 
536.926880 251.715363 0.839453 
535.465454 300.126282 0.897103 
538.393555 342.791412 0.803258 
517.776367 156.110825 0.858839 
529.540100 156.045364 0.876551 
510.357025 157.600037 0.864039 
535.493103 156.090775 0.779964 
18
523.648987 159.071991 0.979483 
522.245850 182.592819 0.964704 
498.650238 184.041321 0.892645 
467.783051 214.857956 0.827762 
498.620728 217.912582 0.821098 
547.150391 182.507614 0.922007 
573.645203 195.783539 0.834378 
607.488037 213.406342 0.838011 
510.426422 253.185974 0.857228 
513.395203 300.228210 0.892082 
520.720581 345.706421 0.883508 
538.344788 253.119675 0.825117 
535.475220 300.165131 0.900713 
538.399902 342.799896 0.797867 
517.797729 157.480911 0.873162 
529.522583 156.085571 0.890506 
510.393005 157.618073 0.891416 
535.438843 156.107864 0.766287 
18
523.628418 159.024094 0.992632 
522.207581 182.588257 0.951143 
498.674591 184.061249 0.881101 
469.294098 216.386887 0.865494 
498.674347 216.400299 0.825283 
545.752197 181.146027 0.926476 
575.116455 203.131439 0.800064 
594.239319 217.825958 0.830036 
510.491119 253.184464 0.861251 
513.407410 300.238403 0.885819 
520.719604 345.732666 0.885053 
538.370544 253.118103 0.820921 
535.487366 300.167236 0.901236 
539.836609 342.822205 0.809419 
517.773926 156.066284 0.861078 
528.077393 154.635330 0.876696 
510.369415 157.540298 0.877799 
535.415344 156.043823 0.736073 
18
522.249512 157.562561 0.995939 
522.199768 182.627411 0.932378 
498.641998 184.058105 0.857654 
472.177856 217.801865 0.821633 
500.096802 209.049469 0.791450 
545.776306 182.562393 0.934719 
580.943237 216.408920 0.864031 
548.698059 228.111633 0.720254 
510.432617 254.636322 0.809833 
513.396729 300.240753 0.901415 
520.710571 345.707855 0.874228 
536.952332 253.169815 0.801334 
535.463196 300.188568 0.908312 
539.816895 342.811890 0.808261 
516.287842 151.690796 0.842238 
526.609863 150.233795 0.878353 
508.979767 156.125519 0.849042 
535.378052 154.619400 0.764519 
18
522.202271 157.492279 0.973842 
522.187073 182.616379 0.932902 
498.630157 184.011276 0.875525 
473.621613 217.785828 0.872063 
498.700867 206.043747 0.947748 
545.742737 182.585419 0.933638 
572.204285 211.985992 0.831889 
550.110779 216.368423 0.757001 
510.404755 254.598755 0.814850 
513.372986 300.205139 0.890339 
520.713989 345.720001 0.873494 
538.394531 253.161911 0.798222 
535.458984 300.151276 0.898849 
539.819336 342.796875 0.797300 
514.845947 148.805054 0.871328 
525.171448 148.787048 0.912401 
508.985596 156.066544 0.848113 
534.020264 154.586105 0.832282 
18
522.260010 156.107437 0.966436 
522.177979 182.554031 0.933899 
498.629059 182.590042 0.860867 
467.823364 214.918167 0.828306 
495.738800 204.554276 0.924555 
545.705017 182.531113 0.915402 
570.673157 216.298340 0.931232 
545.705994 209.008240 0.822312 
510.426788 253.177063 0.822313 
513.382568 300.183777 0.898106 
520.703979 345.735291 0.872636 
538.359924 253.110947 0.799377 
535.448975 300.127502 0.907501 
539.807800 342.809204 0.799621 
516.324036 148.759613 0.870202 
526.638062 148.745041 0.894520 
510.352112 154.651031 0.858261 
535.402100 153.133545 0.796577 
18
523.660828 156.078552 0.955146 
522.153687 182.503372 0.942122 
497.209229 181.153885 0.883028 
466.353271 209.034882 0.845574 
498.703217 197.289230 0.875715 
545.693604 182.534134 0.928567 
569.191345 216.317047 0.960794 
544.258911 206.099396 0.863683 
508.962952 253.100250 0.793659 
513.392273 300.171509 0.882686 
520.702026 345.704376 0.857287 
536.925415 251.698318 0.790342 
535.458435 300.153595 0.891983 
539.822510 344.236603 0.806758 
519.273743 148.722687 0.891741 
530.979492 148.760956 0.885774 
510.402374 154.608627 0.872830 
535.466736 154.622284 0.758005 
18
523.709045 156.066757 0.948139 
522.165100 182.517426 0.957304 
498.598328 182.539612 0.861470 
466.303497 206.162048 0.863053 
498.608765 194.357498 0.889862 
545.693970 182.527405 0.934033 
567.779846 216.362823 0.943724 
544.270752 206.103531 0.922665 
510.402557 251.712158 0.834088 
513.419067 300.150116 0.897932 
520.699036 345.714294 0.859090 
538.381653 251.657959 0.792195 
535.455566 300.130249 0.898503 
538.398987 342.827332 0.809153 
520.718689 147.351654 0.917663 
532.443115 148.762238 0.918404 
510.446625 153.161316 0.868550 
536.875000 156.061661 0.734079 
18
523.749878 156.053955 0.928177 
522.176514 181.124603 0.941623 
497.156311 181.122391 0.830187 
464.910339 204.682220 0.877786 
497.182739 192.780869 0.861100 
545.747498 181.123581 0.926429 
569.237244 216.331146 0.954060 
545.702026 204.666534 0.900741 
510.410767 253.091446 0.816872 
513.426941 300.131348 0.886044 
520.688477 345.709137 0.840758 
538.394836 251.683670 0.789850 
535.460632 300.130920 0.884416 
538.380676 342.804352 0.807761 
522.116272 147.336746 0.934069 
532.497803 148.752594 0.938190 
510.462799 153.142105 0.852071 
536.901367 156.091003 0.660019 
18
525.128906 156.092529 0.923578 
522.238708 181.068634 0.938909 
498.614380 179.619370 0.828521 
464.924469 203.164673 0.869135 
500.102509 191.401382 0.895236 
547.156677 181.137268 0.928830 
570.651001 214.899979 0.964706 
545.704895 203.159927 0.879635 
510.400360 253.092163 0.828896 
513.417786 300.142822 0.892594 
520.708679 345.713379 0.852220 
538.382690 251.689758 0.789117 
535.467834 298.755920 0.872928 
538.395020 341.357178 0.800326 
522.152466 148.717911 0.921039 
533.873169 148.792419 0.923358 
511.864655 153.127869 0.823265 
536.925171 156.061066 0.669483 
18
525.173767 156.126923 0.916898 
522.249573 181.005554 0.924055 
498.641418 178.154892 0.831296 
466.301819 203.171555 0.865072 
500.174896 191.383621 0.902491 
547.161621 181.095840 0.931751 
570.708740 214.869873 0.944111 
545.695190 203.098511 0.873921 
510.389069 251.680435 0.827429 
513.408630 300.145203 0.897937 
520.701477 345.711517 0.851248 
538.388184 251.650177 0.786927 
535.472107 298.747009 0.869837 
538.396484 341.351807 0.797839 
522.194580 148.764145 0.921598 
533.900757 150.221390 0.933564 
511.893250 153.165878 0.848000 
536.914063 156.117538 0.536015 
18
525.181152 157.500443 0.927328 
522.243347 179.622391 0.918859 
498.627716 178.128159 0.836002 
466.341980 203.135178 0.857088 
498.665100 192.784958 0.942606 
547.164612 181.052277 0.934963 
570.714722 214.898453 0.965961 
547.137695 201.649628 0.855442 
510.371643 251.704926 0.827158 
513.400208 300.158203 0.897135 
520.704712 345.719543 0.854530 
538.356018 251.668503 0.795467 
535.477905 298.749115 0.876760 
538.365234 341.372711 0.809972 
522.202942 148.777969 0.924000 
533.913330 150.242035 0.933647 
511.905853 153.143143 0.845268 
538.351257 156.085098 0.581897 
