69
1
18
536.922119 144.339310 0.926182 
523.678833 172.293640 0.934654 
494.234100 173.719452 0.839707 
486.915436 226.681503 0.939276 
486.922668 267.860199 0.907267 
557.418579 172.260361 0.890087 
559.031128 225.203888 0.884454 
563.364075 269.284332 0.844886 
508.950317 261.972565 0.776246 
510.352325 319.299011 0.860729 
510.423401 366.329437 0.846290 
544.226379 261.935608 0.761980 
536.875366 317.828125 0.849336 
536.890625 364.864319 0.840621 
532.475403 135.579498 0.927669 
542.794861 135.547729 0.955756 
511.944336 136.973694 0.984735 
0.000000 0.000000 0.000000 
18
536.884583 144.330261 0.938277 
523.675720 172.272934 0.937417 
492.802216 172.319809 0.848570 
486.895203 226.632507 0.921370 
486.879395 266.405823 0.917314 
557.423340 170.883560 0.890632 
559.029175 225.209305 0.884682 
563.372681 267.868011 0.843745 
508.957794 261.962616 0.775082 
510.350250 319.313995 0.850350 
510.420258 366.316833 0.834948 
544.224609 261.922302 0.757232 
536.890503 317.808594 0.844832 
536.919739 364.852051 0.825768 
532.442444 135.571762 0.923978 
542.758545 135.539734 0.948354 
511.927765 136.992371 0.983549 
0.000000 0.000000 0.000000 
18
536.870422 144.345398 0.943026 
523.669556 172.274109 0.937476 
492.788055 172.322845 0.845024 
486.883026 226.663666 0.929460 
486.877869 267.833466 0.899412 
557.424683 172.248245 0.891358 
559.034180 226.608063 0.886370 
563.359985 267.868469 0.846907 
508.953064 261.955200 0.772036 
510.346405 319.297516 0.852710 
510.428589 364.892059 0.839807 
544.220032 261.927917 0.761432 
536.890198 317.827484 0.846858 
536.934631 364.863434 0.816732 
532.422058 135.585510 0.910403 
542.743103 135.551498 0.945027 
511.913239 136.992203 0.984435 
0.000000 0.000000 0.000000 
18
535.501160 144.349823 0.951968 
523.650818 172.263123 0.940028 
492.772339 172.312012 0.846079 
486.874054 226.626038 0.917463 
486.877411 266.423645 0.906584 
557.400330 170.878906 0.885834 
559.038391 225.187576 0.877954 
563.365356 267.875671 0.845718 
508.935944 261.946075 0.763421 
510.338226 319.297363 0.848774 
510.427094 366.315338 0.841361 
544.206848 261.917297 0.750599 
536.884460 317.824768 0.847577 
536.937012 364.882507 0.817273 
531.017273 135.581985 0.904560 
541.319214 135.557419 0.939229 
511.890381 136.994568 0.985663 
0.000000 0.000000 0.000000 
18
535.479919 144.353851 0.960024 
523.636780 172.259338 0.936945 
491.346313 172.305115 0.846235 
486.873657 226.641342 0.918232 
486.868713 266.391052 0.906034 
556.028931 170.878983 0.877203 
559.027039 225.192017 0.879324 
563.348022 267.867981 0.846331 
508.930389 261.943604 0.761504 
510.356354 319.283783 0.853619 
510.430145 366.311432 0.839298 
544.202454 260.507996 0.748920 
536.878113 317.826263 0.848564 
536.928162 364.893890 0.826005 
531.004089 135.579651 0.901579 
541.296082 135.565338 0.934090 
511.885681 136.980072 0.988044 
0.000000 0.000000 0.000000 
18
535.460571 144.353577 0.966295 
523.630554 172.243423 0.938271 
491.341034 172.288696 0.850254 
486.862579 226.635910 0.911847 
486.877472 266.415833 0.902074 
556.013306 170.866257 0.877689 
559.014709 223.750732 0.871447 
563.346436 267.833405 0.851690 
508.928894 261.922852 0.752184 
510.340027 319.280426 0.844451 
510.428833 364.888458 0.833594 
544.203003 260.477570 0.740699 
536.869019 317.815979 0.845758 
536.932373 364.871735 0.822128 
530.978333 135.580750 0.896486 
539.860779 135.567566 0.931088 
511.869293 136.999832 0.982323 
0.000000 0.000000 0.000000 
18
535.417175 145.720444 0.973468 
523.629761 172.246109 0.937006 
491.322662 172.298386 0.846272 
486.850677 228.096085 0.940688 
486.900360 269.291962 0.881281 
556.023682 170.862930 0.880912 
559.006531 222.270920 0.876242 
561.915039 267.839325 0.856024 
508.938782 260.501801 0.754701 
508.976135 319.291168 0.840891 
510.426910 364.894958 0.836810 
544.215820 259.026550 0.736726 
535.509583 317.801178 0.843606 
536.937012 364.848053 0.809213 
529.517334 135.588882 0.884453 
539.814941 135.585068 0.932608 
511.850494 136.997406 0.980741 
0.000000 0.000000 0.000000 
18
535.391968 145.785278 0.991116 
523.617310 172.261612 0.932853 
491.304413 172.314362 0.845678 
486.841614 228.140045 0.948352 
486.908783 269.302765 0.874047 
556.009644 170.866959 0.875988 
558.999451 222.281769 0.873975 
560.477173 267.820068 0.868774 
507.513824 261.920990 0.746369 
508.950317 319.305878 0.835753 
510.428619 364.893799 0.841963 
542.790100 260.482544 0.739985 
535.505676 317.822540 0.839339 
536.942444 363.429657 0.813781 
528.062439 137.002350 0.867755 
538.384033 136.987717 0.924820 
510.504272 137.011108 0.968767 
0.000000 0.000000 0.000000 
18
535.376831 147.250488 0.990568 
523.603943 172.264435 0.936609 
489.901703 172.304016 0.858719 
485.414093 228.086868 0.914955 
486.885223 266.417358 0.895567 
555.998962 170.876236 0.873689 
558.988708 225.163696 0.878353 
560.428345 267.831116 0.883756 
507.492889 261.927521 0.751470 
508.975983 320.716034 0.861610 
510.426727 364.887451 0.843040 
542.762512 260.486145 0.745215 
535.496155 317.801666 0.841681 
536.942627 364.844269 0.816897 
526.613586 141.385300 0.854137 
538.368591 139.930786 0.892229 
510.500458 138.486938 0.952297 
0.000000 0.000000 0.000000 
18
535.361511 154.650940 0.947109 
523.601746 172.291809 0.919103 
489.904938 172.320282 0.846506 
485.377472 228.103149 0.899398 
488.323944 269.313171 0.883858 
556.000427 172.279373 0.863587 
558.978821 226.664291 0.898054 
559.022766 269.294983 0.891532 
505.989532 263.421875 0.751858 
508.911560 322.162781 0.869123 
510.423187 364.884430 0.848485 
539.858826 263.412781 0.776755 
536.870911 319.301514 0.848296 
536.939819 364.870026 0.806774 
526.600220 147.219376 0.935625 
538.368225 145.857300 0.944058 
510.498383 144.283264 0.961041 
0.000000 0.000000 0.000000 
18
534.021790 160.563522 0.893063 
522.249390 176.680435 0.879936 
489.870880 176.694855 0.845429 
482.522369 229.544357 0.889309 
488.426971 275.112152 0.904645 
554.521118 176.693634 0.810668 
558.965210 228.099609 0.918967 
559.041748 270.792694 0.866297 
503.111511 263.441132 0.751482 
506.033051 322.206970 0.889705 
510.409760 363.430389 0.846231 
538.386414 263.372253 0.770356 
536.925598 317.836121 0.846182 
536.955017 364.863739 0.821894 
526.592896 156.125870 0.902271 
538.408081 156.089264 0.851953 
510.496857 147.347733 0.975061 
0.000000 0.000000 0.000000 
18
533.885193 172.278534 0.862697 
523.620972 179.643372 0.904632 
492.766510 179.645752 0.847940 
483.931519 229.598389 0.899540 
491.341766 275.217834 0.880729 
554.561340 181.027039 0.872326 
558.984009 228.180435 0.941979 
559.003174 273.688019 0.897124 
501.612976 263.450806 0.765153 
506.007355 322.187256 0.884533 
510.380188 363.430145 0.831357 
536.931030 263.381317 0.795874 
538.395325 319.266907 0.837729 
536.931824 366.337921 0.831071 
525.117371 167.809479 0.878937 
536.917664 167.850739 0.817807 
511.859711 157.482910 0.924107 
0.000000 0.000000 0.000000 
18
533.938721 181.121658 0.890855 
523.744751 181.115219 0.888990 
495.717804 181.151093 0.883563 
486.849152 236.958633 0.879505 
495.741852 276.723328 0.897264 
557.448914 181.148880 0.922853 
558.989868 229.694550 0.916981 
558.988708 275.210571 0.929587 
501.601105 263.436096 0.778784 
506.008118 322.183838 0.865285 
508.976929 366.311157 0.818072 
536.903320 261.972687 0.786567 
538.349060 314.903595 0.847947 
536.874390 369.277557 0.865543 
526.590881 172.314026 0.819083 
538.347534 173.733276 0.767909 
514.851929 163.422882 0.762726 
547.157471 163.442795 0.113729 
18
535.371948 191.314117 0.802775 
525.190918 184.066544 0.862196 
497.224335 184.021942 0.888030 
488.391876 239.847687 0.926986 
500.094421 282.518707 0.888589 
557.524963 186.953949 0.880384 
560.404724 235.494232 0.884683 
558.979126 276.731537 0.954239 
501.622101 263.460236 0.770621 
504.572205 322.232452 0.844904 
510.368469 364.867035 0.833152 
536.899658 263.437988 0.811921 
535.445374 320.773621 0.876037 
536.909485 375.142822 0.803960 
531.027344 182.555084 0.796424 
539.816895 182.602631 0.733042 
522.112427 170.798019 0.766526 
547.151917 175.216034 0.113548 
18
535.481506 201.642761 0.743887 
528.094849 192.866898 0.873988 
498.630249 192.857803 0.914963 
491.310577 247.222473 0.817261 
506.028381 288.361572 0.875179 
558.939209 194.320908 0.888636 
560.479675 241.328903 0.898945 
559.020996 285.435425 0.895568 
500.173859 263.471100 0.768397 
504.532532 319.296143 0.764823 
510.378967 364.874146 0.840164 
535.455994 264.853607 0.822521 
534.015869 322.225525 0.878260 
535.513367 380.980865 0.834062 
533.890198 194.255463 0.782775 
544.236084 194.319733 0.673873 
522.151672 181.136581 0.805144 
554.518188 182.528610 0.100149 
18
535.452820 214.870895 0.738822 
532.447144 201.666321 0.866401 
500.087311 201.671692 0.906833 
497.195801 253.191635 0.883274 
511.950134 292.861176 0.948104 
560.412903 203.121994 0.822915 
564.848633 250.214722 0.844841 
560.475952 289.916290 0.875669 
503.074066 266.367126 0.710599 
506.039307 320.745087 0.744410 
510.371063 366.356201 0.863105 
536.883545 266.386139 0.804947 
535.374084 322.249603 0.867318 
536.889587 379.587494 0.835677 
532.503540 206.102997 0.757222 
542.785706 206.164886 0.680693 
522.203186 194.279266 0.674298 
548.702148 198.710464 0.216379 
18
526.626465 226.681122 0.586053 
534.001892 209.053436 0.904167 
503.060089 207.542938 0.861288 
500.129486 261.971375 0.877403 
519.224731 298.758484 0.967721 
564.825256 214.897934 0.790539 
566.317932 260.500641 0.836046 
561.877075 300.203674 0.859062 
508.926147 264.862183 0.669882 
507.507477 317.842163 0.767494 
510.371948 367.768158 0.861261 
541.300476 264.882355 0.776515 
536.913635 322.233154 0.830908 
536.901245 381.008118 0.849557 
523.697815 217.875183 0.501859 
534.007813 219.367569 0.508573 
520.698181 206.165161 0.380087 
547.222717 216.339447 0.447251 
18
526.585144 239.779724 0.147555 
535.423767 219.346878 0.908112 
507.501953 217.818497 0.833838 
503.118347 266.405823 0.783065 
522.178162 304.582275 0.954428 
563.335815 226.656677 0.796753 
569.164307 270.782776 0.832740 
563.358032 310.462433 0.783612 
508.971405 263.420807 0.627440 
508.949738 317.838654 0.805306 
510.466400 369.222473 0.899876 
541.316101 263.457550 0.799223 
538.353943 320.762360 0.806325 
536.910034 381.003693 0.860200 
523.655884 232.565308 0.087335 
0.000000 0.000000 0.000000 
522.174194 228.126144 0.188097 
539.850830 229.646393 0.205261 
18
539.853333 253.101242 0.137618 
535.473633 231.134369 0.845758 
504.570099 232.535675 0.751271 
504.567627 276.704742 0.776360 
523.689941 310.431488 0.939987 
567.785889 235.508881 0.765668 
569.171448 286.887329 0.842754 
563.361633 322.282104 0.820344 
504.560333 263.386261 0.530334 
510.385803 320.755463 0.850765 
513.416748 367.815216 0.827387 
541.313843 263.447205 0.717440 
539.834229 322.197662 0.816594 
536.919861 380.993958 0.854752 
539.822937 248.742294 0.082291 
0.000000 0.000000 0.000000 
529.529785 232.566360 0.269038 
553.057434 239.873245 0.165979 
18
544.215393 266.422791 0.096301 
535.446350 245.761047 0.803985 
504.546143 242.888031 0.712624 
506.006409 285.482269 0.776341 
525.134949 311.912933 0.934705 
569.181335 250.174423 0.778176 
569.226135 298.751312 0.881811 
561.930664 335.469452 0.814621 
500.119171 259.018921 0.456451 
510.419617 320.771729 0.840103 
516.327942 369.243225 0.827805 
536.887451 267.842407 0.594890 
542.743164 322.264526 0.744447 
536.909546 381.013916 0.858883 
0.000000 0.000000 0.000000 
0.000000 0.000000 0.000000 
529.567749 254.588547 0.310992 
561.872864 250.188843 0.127901 
18
539.853027 275.132202 0.068861 
535.475037 253.159943 0.804737 
504.547821 250.217285 0.648916 
501.609558 286.972198 0.823654 
523.608215 313.466736 0.923837 
570.695862 260.456177 0.766566 
567.734985 307.499542 0.811555 
561.901245 347.174805 0.884165 
497.161469 260.486084 0.399754 
510.356171 319.311157 0.756296 
514.864502 369.229950 0.824157 
533.974243 273.697144 0.542202 
541.290649 323.746796 0.692342 
536.916809 381.036041 0.884458 
0.000000 0.000000 0.000000 
0.000000 0.000000 0.000000 
532.428589 259.023773 0.289634 
564.794983 263.391663 0.126652 
18
536.988647 276.634003 0.065377 
539.833557 260.478882 0.726282 
510.453156 253.090637 0.642277 
498.689423 288.409607 0.874257 
522.221252 314.902374 0.945931 
569.251160 266.399475 0.729343 
561.900024 314.891663 0.763268 
561.896973 356.043915 0.852161 
491.307983 260.469635 0.420782 
508.902924 319.263855 0.707058 
514.835083 369.218018 0.826238 
531.000671 272.240662 0.466915 
542.758362 325.191376 0.695451 
538.338318 381.057465 0.857836 
0.000000 0.000000 0.000000 
0.000000 0.000000 0.000000 
532.476563 264.909088 0.194515 
558.963074 264.962067 0.135890 
18
0.000000 0.000000 0.000000 
539.860107 266.369019 0.723792 
513.353943 257.540375 0.564144 
495.743103 288.354706 0.861005 
522.171509 313.464355 0.913331 
567.781372 276.612183 0.679405 
560.433350 320.763062 0.779332 
561.911377 359.071045 0.831985 
485.429565 263.395020 0.458346 
507.506683 319.270905 0.711206 
513.427490 367.825867 0.808100 
528.081116 269.316223 0.371131 
542.749390 331.035217 0.691642 
538.352783 382.478241 0.813096 
0.000000 0.000000 0.000000 
0.000000 0.000000 0.000000 
532.444519 275.204620 0.135939 
0.000000 0.000000 0.000000 
18
534.011047 307.529205 0.140423 
539.839355 279.581482 0.616872 
514.843567 272.239014 0.455195 
489.870575 286.942719 0.810197 
522.219238 310.520905 0.865853 
561.884644 291.367188 0.611639 
557.508789 335.433990 0.764642 
560.416870 367.839111 0.783418 
479.582306 263.444092 0.438228 
507.483612 320.733032 0.800708 
514.853882 367.779602 0.788614 
525.139221 270.769257 0.305734 
542.791321 331.056183 0.538747 
536.924866 382.465668 0.768831 
0.000000 0.000000 0.000000 
0.000000 0.000000 0.000000 
528.079651 286.954834 0.195126 
551.612061 289.929413 0.132645 
18
533.931763 310.478760 0.117126 
533.981262 279.582703 0.497174 
501.632111 275.232361 0.316256 
497.175629 288.498901 0.565384 
525.122986 310.492950 0.452556 
557.440186 297.207947 0.502974 
557.409546 335.538788 0.701369 
557.517456 370.716675 0.692703 
481.058563 260.490417 0.412667 
510.362183 323.754242 0.835322 
516.316284 366.335144 0.762231 
533.922791 272.221802 0.318197 
538.408875 325.210785 0.532057 
538.390198 382.514679 0.611110 
0.000000 0.000000 0.000000 
0.000000 0.000000 0.000000 
0.000000 0.000000 0.000000 
535.499146 288.368744 0.099175 
18
533.960327 309.019012 0.084184 
533.961975 285.427429 0.571954 
0.000000 0.000000 0.000000 
0.000000 0.000000 0.000000 
0.000000 0.000000 0.000000 
556.008545 297.227570 0.503596 
554.534912 336.938599 0.667288 
548.662354 376.607300 0.583106 
485.430573 256.075684 0.402106 
510.399719 325.202148 0.709987 
514.857971 366.362976 0.704827 
536.892822 275.180359 0.244275 
538.403320 326.651154 0.554834 
536.964294 381.079865 0.539857 
0.000000 0.000000 0.000000 
0.000000 0.000000 0.000000 
0.000000 0.000000 0.000000 
0.000000 0.000000 0.000000 
18
535.459106 308.925598 0.086588 
534.007324 282.527435 0.477560 
0.000000 0.000000 0.000000 
0.000000 0.000000 0.000000 
0.000000 0.000000 0.000000 
556.003601 297.207275 0.422163 
553.089783 336.946991 0.620752 
547.243958 376.614044 0.494644 
486.893585 259.014740 0.409688 
510.407593 325.225372 0.725504 
516.325134 367.783661 0.716996 
536.912415 276.667328 0.285945 
538.382019 326.677368 0.595736 
538.411560 381.032104 0.570812 
0.000000 0.000000 0.000000 
0.000000 0.000000 0.000000 
0.000000 0.000000 0.000000 
0.000000 0.000000 0.000000 
18
533.909546 308.969940 0.116874 
533.944458 285.453705 0.614604 
0.000000 0.000000 0.000000 
0.000000 0.000000 0.000000 
0.000000 0.000000 0.000000 
557.479309 297.193848 0.578401 
556.013550 336.929810 0.727163 
554.532654 370.791809 0.639036 
481.028656 260.483917 0.420037 
510.376892 325.200714 0.702474 
516.312134 367.779968 0.671944 
533.974243 269.310669 0.261788 
538.363708 325.220917 0.596415 
536.923279 382.481812 0.543285 
0.000000 0.000000 0.000000 
0.000000 0.000000 0.000000 
0.000000 0.000000 0.000000 
0.000000 0.000000 0.000000 
18
535.446045 308.945709 0.083585 
533.985901 286.891235 0.678282 
500.179291 282.522949 0.601453 
508.932800 325.204346 0.499280 
520.722168 364.872101 0.432087 
558.935974 297.220367 0.630107 
557.479919 336.939240 0.769078 
554.542419 370.734924 0.781863 
483.957275 260.477356 0.417214 
510.377411 325.195892 0.654298 
517.786682 366.360352 0.626609 
536.890503 273.716614 0.241124 
536.959351 325.196625 0.587661 
536.891479 382.530396 0.479050 
0.000000 0.000000 0.000000 
0.000000 0.000000 0.000000 
0.000000 0.000000 0.000000 
538.375244 292.837616 0.112584 
18
525.190552 310.439331 0.113715 
534.010803 285.466400 0.685493 
500.168335 281.045593 0.606377 
508.951050 325.206573 0.462027 
522.151917 367.798035 0.588407 
558.966309 294.299622 0.612590 
557.497375 336.932068 0.794477 
545.766724 375.158325 0.787612 
479.575073 263.410034 0.439541 
510.370178 325.158386 0.681743 
519.257751 366.326385 0.564904 
536.901428 275.178986 0.250205 
538.357056 323.681152 0.532489 
541.311523 381.015289 0.289417 
0.000000 0.000000 0.000000 
0.000000 0.000000 0.000000 
0.000000 0.000000 0.000000 
539.842102 289.919647 0.105694 
18
528.091064 307.522919 0.185625 
535.482239 285.450958 0.629096 
507.478149 276.670105 0.497125 
497.193787 288.481262 0.567191 
523.690063 310.396240 0.653959 
560.404480 298.681030 0.638273 
557.417725 335.556122 0.813364 
542.765930 379.530762 0.705355 
481.030212 261.952423 0.427776 
510.353485 323.698090 0.816964 
519.212158 364.874725 0.672941 
532.471802 273.689575 0.273014 
541.308105 322.212036 0.396870 
535.458557 376.641388 0.386629 
0.000000 0.000000 0.000000 
0.000000 0.000000 0.000000 
522.192993 288.431030 0.243635 
555.982483 297.150269 0.166214 
18
525.227478 310.383820 0.220623 
535.479309 285.476837 0.668644 
507.509552 276.641998 0.458752 
495.722717 288.456726 0.629736 
523.641357 309.013000 0.692454 
560.395325 298.755920 0.653717 
556.021484 336.959534 0.807656 
538.362305 376.646027 0.749707 
481.044983 261.955383 0.425607 
508.990906 322.250519 0.855649 
519.231750 363.396118 0.652447 
528.064148 270.777100 0.256951 
544.217834 320.745422 0.320950 
535.347717 375.158539 0.347097 
525.154724 298.693695 0.159271 
0.000000 0.000000 0.000000 
523.648987 288.390656 0.237628 
547.226685 288.504395 0.167467 
18
525.221436 310.389618 0.227247 
536.874939 285.480652 0.687655 
508.975403 276.639282 0.465767 
494.242188 288.380096 0.605516 
522.224854 307.558594 0.607402 
560.407104 298.743896 0.641887 
556.014160 336.927185 0.804518 
541.309326 378.126190 0.775525 
479.588348 263.395782 0.449953 
476.518066 276.588562 0.064179 
0.000000 0.000000 0.000000 
526.593994 264.902679 0.272238 
544.247803 319.299377 0.300769 
535.375732 373.714630 0.284851 
0.000000 0.000000 0.000000 
0.000000 0.000000 0.000000 
523.645508 288.404114 0.235509 
547.228333 289.930084 0.179465 
18
525.226013 311.890594 0.222541 
533.984680 286.896332 0.724569 
501.603180 282.511810 0.601280 
504.581085 323.707733 0.362664 
522.227661 367.800598 0.450642 
558.905396 297.250854 0.644535 
555.992920 336.970734 0.767322 
545.741516 375.194000 0.811493 
479.570526 261.951843 0.412273 
510.411987 323.757782 0.746052 
519.262390 364.900238 0.616597 
529.569397 264.900696 0.209924 
545.675232 323.702972 0.272340 
535.422058 372.235748 0.181068 
0.000000 0.000000 0.000000 
0.000000 0.000000 0.000000 
522.151733 291.360260 0.253598 
544.262634 295.786743 0.136079 
18
526.683350 310.450043 0.204176 
533.938904 286.902924 0.716011 
500.130249 282.528900 0.575257 
506.005951 323.711212 0.378699 
523.602600 367.793976 0.347347 
557.537659 298.673279 0.590680 
557.408691 336.972717 0.775464 
547.218567 372.241974 0.829435 
479.577637 261.937408 0.402682 
510.414734 323.756714 0.734994 
519.254456 366.349365 0.677611 
529.544189 263.413605 0.180419 
538.411377 323.692535 0.324622 
536.875366 373.673950 0.192339 
0.000000 0.000000 0.000000 
0.000000 0.000000 0.000000 
517.787781 289.891083 0.233416 
553.029785 297.256256 0.167084 
18
528.140808 310.437897 0.197837 
533.927917 284.007660 0.701997 
500.103149 282.517853 0.586011 
507.458405 323.691650 0.383360 
523.607300 367.796906 0.357186 
558.977112 291.379883 0.542671 
556.025452 335.512939 0.782211 
547.197021 375.178528 0.785630 
479.566010 261.940186 0.408396 
510.402466 323.743134 0.755523 
519.244995 366.325256 0.674573 
532.468445 254.615936 0.207350 
547.219727 322.246429 0.298415 
542.749939 378.089172 0.231634 
0.000000 0.000000 0.000000 
0.000000 0.000000 0.000000 
517.777039 289.901215 0.263184 
545.738831 294.295319 0.188441 
18
533.903687 308.957123 0.143831 
535.415955 279.574493 0.654310 
503.085327 275.223785 0.407171 
497.203491 289.868286 0.573552 
522.176453 310.401581 0.525158 
558.975220 291.359497 0.524335 
557.515930 336.944794 0.754714 
550.117310 373.700714 0.669460 
486.937714 251.678085 0.392612 
510.390717 323.730560 0.861168 
517.753357 367.784241 0.783013 
532.487610 272.237915 0.244169 
538.396545 331.040192 0.526123 
536.895264 381.079956 0.572336 
0.000000 0.000000 0.000000 
0.000000 0.000000 0.000000 
520.706909 286.964722 0.168770 
557.410583 294.306885 0.167317 
18
535.417603 310.498871 0.154880 
533.963806 285.446686 0.716027 
500.130737 282.550690 0.631232 
506.007080 323.698730 0.391053 
522.126099 363.385468 0.337328 
560.424927 294.271362 0.600027 
558.904602 336.983917 0.757594 
554.508972 372.202789 0.735210 
482.514069 260.490814 0.378552 
510.420044 325.213257 0.726997 
517.750427 367.804047 0.684694 
0.000000 0.000000 0.000000 
0.000000 0.000000 0.000000 
0.000000 0.000000 0.000000 
0.000000 0.000000 0.000000 
0.000000 0.000000 0.000000 
514.850891 289.889587 0.250843 
550.133972 297.245819 0.180332 
18
533.951782 310.461243 0.178309 
533.904175 285.463531 0.738288 
500.094055 285.440826 0.677880 
508.948883 329.560791 0.559789 
520.672913 366.303467 0.563555 
560.445679 289.889709 0.650627 
558.940063 334.058838 0.769894 
557.402588 370.710541 0.855607 
486.897888 254.612320 0.339726 
510.453766 326.649414 0.614313 
517.780457 367.797089 0.520998 
0.000000 0.000000 0.000000 
0.000000 0.000000 0.000000 
0.000000 0.000000 0.000000 
0.000000 0.000000 0.000000 
0.000000 0.000000 0.000000 
516.318115 291.361176 0.273248 
545.711304 298.613770 0.194605 
18
532.497131 310.474304 0.124350 
533.892517 282.552460 0.698837 
500.125061 284.003845 0.670571 
508.918793 326.664673 0.487250 
520.728760 366.296387 0.504749 
560.415405 288.441071 0.629582 
557.478210 334.049255 0.769131 
554.553162 370.814606 0.796395 
491.316376 245.779938 0.347458 
510.399994 326.634033 0.679025 
517.790527 364.883698 0.579033 
533.947815 242.851959 0.166042 
0.000000 0.000000 0.000000 
0.000000 0.000000 0.000000 
0.000000 0.000000 0.000000 
0.000000 0.000000 0.000000 
511.913910 288.482269 0.268207 
541.306763 295.741730 0.174752 
18
535.439331 307.550842 0.091648 
531.030029 281.049530 0.684921 
497.154236 278.138611 0.639799 
507.501007 325.221863 0.563505 
520.675171 364.881073 0.531778 
560.400452 286.985626 0.653077 
557.479248 331.078644 0.750982 
556.003723 369.288025 0.871177 
488.370850 250.192184 0.356313 
510.368103 325.196533 0.637921 
517.805298 364.863770 0.531613 
533.950012 242.853485 0.171324 
0.000000 0.000000 0.000000 
0.000000 0.000000 0.000000 
0.000000 0.000000 0.000000 
0.000000 0.000000 0.000000 
511.894836 286.940430 0.275401 
541.299927 291.360199 0.165689 
18
526.633545 301.649628 0.176233 
529.518738 276.651672 0.752121 
492.774261 275.174133 0.661735 
506.002289 325.180420 0.549160 
520.711975 361.901337 0.514274 
560.407349 281.078003 0.707956 
558.969849 325.226257 0.781980 
557.453674 366.328156 0.835019 
488.357819 245.794586 0.338716 
508.940247 326.632324 0.642419 
519.220337 363.419983 0.558775 
533.963623 256.072815 0.176642 
0.000000 0.000000 0.000000 
0.000000 0.000000 0.000000 
0.000000 0.000000 0.000000 
0.000000 0.000000 0.000000 
510.448975 284.013458 0.324601 
536.896790 286.938202 0.232337 
18
525.172974 300.249146 0.103960 
529.539917 275.196228 0.752257 
491.330933 275.132874 0.634114 
504.569794 325.205383 0.581024 
519.269226 363.398285 0.541728 
561.904968 276.709198 0.722609 
559.005920 323.777527 0.811573 
557.532532 360.512939 0.839945 
482.486572 260.467773 0.367813 
506.039703 325.209564 0.633518 
520.652710 367.792114 0.562325 
0.000000 0.000000 0.000000 
0.000000 0.000000 0.000000 
0.000000 0.000000 0.000000 
0.000000 0.000000 0.000000 
0.000000 0.000000 0.000000 
511.893433 285.423615 0.326718 
535.423157 285.474579 0.171441 
18
532.497559 303.132538 0.164351 
529.530579 275.160980 0.768661 
492.778625 275.160156 0.680804 
506.009705 325.223053 0.660175 
519.252197 366.325439 0.666303 
561.895569 276.611176 0.731365 
558.941406 322.273254 0.787506 
557.518738 359.033966 0.796166 
483.977905 260.474396 0.339841 
507.449799 325.181396 0.558684 
519.269897 366.356812 0.433550 
0.000000 0.000000 0.000000 
0.000000 0.000000 0.000000 
0.000000 0.000000 0.000000 
0.000000 0.000000 0.000000 
0.000000 0.000000 0.000000 
511.937561 284.013519 0.356710 
535.421570 286.981476 0.192064 
18
528.070190 303.121307 0.194046 
529.530823 273.684052 0.746212 
491.301544 272.258118 0.674857 
504.574310 323.777191 0.576657 
520.697876 367.772827 0.555659 
560.442810 275.216461 0.786221 
558.954590 322.239075 0.792983 
557.489563 358.950592 0.806815 
483.981689 261.930115 0.350500 
506.001526 323.763092 0.645386 
520.687500 367.839081 0.580133 
533.957947 269.307983 0.200060 
0.000000 0.000000 0.000000 
0.000000 0.000000 0.000000 
0.000000 0.000000 0.000000 
0.000000 0.000000 0.000000 
511.930756 285.434540 0.379983 
531.016357 288.405701 0.256430 
18
528.074280 300.228821 0.253626 
529.527588 272.246277 0.735251 
489.860535 270.771851 0.650899 
506.014465 323.706024 0.421228 
520.705566 367.786530 0.366387 
560.413086 275.195862 0.790693 
558.991577 322.175720 0.756446 
558.911560 357.534210 0.879249 
482.484863 261.966248 0.401727 
507.449615 323.740479 0.705238 
520.701599 369.304901 0.711915 
533.928833 266.388519 0.227522 
545.658997 322.236908 0.801401 
536.902710 373.719391 0.552600 
522.218140 295.731262 0.180032 
0.000000 0.000000 0.000000 
511.912994 284.000946 0.402745 
533.935974 285.430328 0.225959 
18
526.588562 300.197205 0.202977 
529.517090 270.798401 0.705209 
491.326996 270.769348 0.628668 
497.210663 291.345795 0.162728 
516.292297 298.722900 0.332423 
559.006958 275.163483 0.788794 
558.926025 317.805756 0.770217 
557.530518 356.082703 0.891779 
483.941193 261.964722 0.423308 
507.486084 323.718964 0.725329 
520.653503 369.287445 0.814797 
0.000000 0.000000 0.000000 
0.000000 0.000000 0.000000 
0.000000 0.000000 0.000000 
520.708191 294.289764 0.138030 
0.000000 0.000000 0.000000 
511.867035 285.434021 0.357674 
0.000000 0.000000 0.000000 
18
529.497742 298.655853 0.117510 
528.082092 264.908722 0.743667 
494.265015 259.001709 0.505142 
488.404877 276.716949 0.649911 
516.297852 300.214661 0.861236 
558.985535 273.672729 0.762963 
558.917175 313.442749 0.763902 
557.467651 354.555969 0.818546 
485.438538 263.408508 0.440849 
507.504517 322.220001 0.797560 
519.219543 369.300995 0.836615 
0.000000 0.000000 0.000000 
0.000000 0.000000 0.000000 
0.000000 0.000000 0.000000 
520.755615 289.888702 0.115018 
0.000000 0.000000 0.000000 
514.820618 276.666046 0.235774 
535.444275 275.117584 0.217310 
18
526.585876 286.956696 0.094797 
528.065186 263.448273 0.769059 
497.179901 256.081268 0.577375 
489.864441 278.157867 0.713822 
519.212830 303.102264 0.890362 
558.922607 270.782013 0.785464 
558.940674 311.983337 0.793120 
557.491760 351.632599 0.823890 
489.836914 270.777161 0.454463 
508.947266 323.675110 0.835461 
519.257690 369.295990 0.855276 
532.493958 281.047821 0.438105 
539.832642 322.206451 0.747034 
535.445068 373.707184 0.794688 
0.000000 0.000000 0.000000 
0.000000 0.000000 0.000000 
516.300171 275.156891 0.161781 
536.889832 275.152313 0.224912 
18
525.129578 278.199554 0.286011 
523.716309 259.043610 0.710879 
494.236694 253.124847 0.578414 
488.452728 276.718170 0.741511 
516.321960 303.159760 0.890636 
557.435608 266.357697 0.739662 
559.036865 310.446777 0.837124 
557.485107 347.247101 0.870942 
488.402527 266.376099 0.480602 
508.944763 320.751953 0.787239 
519.239746 369.289185 0.837885 
531.021545 275.165985 0.474130 
539.834106 320.781647 0.753855 
535.422913 370.813568 0.821267 
522.238647 278.141846 0.225436 
533.903992 276.708038 0.194765 
513.398315 264.910706 0.241318 
536.907166 272.256226 0.270663 
18
523.657410 263.478668 0.120579 
523.626892 250.151535 0.735506 
497.188263 241.401260 0.667279 
486.950531 275.168579 0.731065 
513.382751 304.623535 0.833065 
551.581238 257.558472 0.667695 
560.449707 303.107758 0.801342 
557.534546 344.247253 0.872279 
488.400818 266.346527 0.582622 
508.919373 314.874207 0.743232 
517.804749 369.305908 0.820970 
525.164246 267.820282 0.555352 
538.358154 313.435974 0.776027 
536.886230 370.737061 0.853180 
0.000000 0.000000 0.000000 
0.000000 0.000000 0.000000 
511.899780 244.329147 0.153068 
544.221680 254.608170 0.168246 
18
523.644104 264.857300 0.151901 
522.124207 242.828873 0.799966 
491.294403 239.846558 0.718461 
481.044983 270.803223 0.752099 
510.398956 306.040558 0.882475 
547.258545 251.678040 0.745291 
566.313843 297.246948 0.811709 
559.033691 335.470642 0.874332 
497.187347 263.397034 0.515620 
507.502319 313.443695 0.695481 
519.260376 369.240875 0.812210 
533.951721 264.871857 0.521109 
538.362671 311.949371 0.857758 
539.855408 370.775116 0.814384 
522.203308 263.378662 0.098735 
525.132385 256.107147 0.071920 
507.492279 248.708817 0.211097 
536.880676 251.617035 0.214417 
18
520.712463 253.147156 0.074017 
517.764221 239.904068 0.793465 
488.351593 236.971710 0.781475 
478.086029 269.297791 0.799132 
501.656097 304.602295 0.831750 
547.184265 242.856873 0.750720 
567.771606 288.442963 0.862943 
566.265442 328.110809 0.797461 
500.134827 264.884766 0.670034 
508.916260 314.876129 0.729247 
520.708374 367.814728 0.824773 
535.381592 263.423889 0.627834 
538.370911 313.406158 0.849047 
544.263123 370.826080 0.829128 
0.000000 0.000000 0.000000 
0.000000 0.000000 0.000000 
500.166168 239.934586 0.228742 
533.956482 244.291367 0.234680 
18
511.922638 251.540695 0.122599 
514.868347 231.090530 0.816651 
486.858459 231.090286 0.826480 
475.137054 267.860046 0.851432 
495.705780 300.221802 0.938370 
547.153748 231.132050 0.795290 
569.219849 282.517639 0.859097 
569.241211 320.770050 0.879234 
500.150208 263.435181 0.759107 
507.487579 313.387756 0.805616 
520.711975 367.761292 0.829300 
535.414063 260.498535 0.710625 
538.352112 312.004211 0.855050 
545.697937 372.213928 0.832548 
510.440125 247.254105 0.076287 
0.000000 0.000000 0.000000 
497.199524 235.504318 0.228060 
528.092957 236.969955 0.238199 
18
510.324188 247.279434 0.164782 
514.816162 229.565811 0.815247 
485.433136 229.565689 0.821982 
475.063507 264.925018 0.883256 
486.954712 300.223206 0.974877 
547.133179 229.672211 0.804588 
569.278809 275.127380 0.907540 
570.748108 311.911285 0.933363 
500.206757 260.497009 0.734926 
508.962006 316.372955 0.788086 
520.692383 367.764862 0.849669 
535.474121 258.998291 0.707362 
538.367737 311.987579 0.882662 
545.650513 376.630707 0.797914 
501.649200 241.374054 0.104634 
511.882874 242.871338 0.085712 
498.662445 236.937012 0.209157 
532.455627 231.117523 0.235044 
18
510.360291 239.839111 0.201101 
516.289368 220.786194 0.819499 
486.892548 220.794891 0.829253 
473.660431 263.364105 0.878446 
483.929993 298.651672 0.930254 
545.765747 222.268585 0.779961 
570.668579 264.971863 0.918792 
572.178223 304.570953 0.883062 
500.182434 258.993683 0.751112 
510.377808 317.824982 0.859432 
520.689636 367.779816 0.851658 
535.470337 254.610031 0.762518 
541.330566 311.884949 0.865813 
544.248840 372.215210 0.801139 
503.083344 232.545563 0.124460 
510.449402 238.409042 0.122351 
498.659668 228.082596 0.202297 
529.548035 223.753448 0.223687 
18
507.451874 235.481171 0.251285 
514.838989 217.885300 0.862210 
485.426910 219.298676 0.844480 
473.689301 260.465302 0.853972 
478.058624 297.190979 0.940809 
545.756287 217.894073 0.869401 
570.669678 261.911835 0.921171 
573.674927 298.719818 0.920201 
500.179657 257.555664 0.757626 
510.426300 319.258820 0.851643 
520.696655 366.337280 0.828226 
535.509155 253.141449 0.789999 
544.267090 310.457886 0.876882 
544.183655 370.756531 0.772570 
500.191193 229.600082 0.200531 
510.381378 231.075394 0.168103 
498.693359 228.103912 0.271228 
532.462402 219.311295 0.226819 
18
506.029236 229.651474 0.358108 
516.297363 210.477814 0.849059 
486.910797 210.509598 0.851784 
473.666656 254.621017 0.858789 
475.172668 289.893250 0.950025 
545.740112 210.511688 0.774766 
570.645264 254.604034 0.928206 
573.682312 292.852631 0.861009 
500.199707 259.020721 0.763039 
510.432343 320.706665 0.880899 
520.692810 366.351074 0.830568 
536.953979 253.120865 0.788717 
545.712646 310.471741 0.908320 
544.250244 366.364044 0.751722 
501.639709 228.120682 0.293954 
508.960938 229.533325 0.307138 
500.091034 216.428497 0.245764 
533.923279 210.504547 0.293643 
18
511.944336 225.182739 0.593303 
516.293457 206.059189 0.888661 
486.901489 206.109802 0.927678 
473.631470 251.637878 0.876721 
475.081726 286.977783 0.963738 
545.703918 204.662277 0.841370 
569.300598 250.212250 0.910819 
572.237183 288.401428 0.921545 
500.221161 261.924011 0.832732 
510.415039 319.274994 0.886436 
520.668152 364.896973 0.806757 
538.381958 253.138397 0.799648 
545.779907 310.442047 0.927031 
545.646240 357.494873 0.795522 
508.982056 217.883621 0.536701 
519.237732 217.860733 0.528741 
500.193634 207.594025 0.369896 
532.461670 207.552887 0.472160 
18
514.817383 217.800751 0.464209 
516.308350 204.565079 0.861255 
486.849792 204.637619 0.913745 
473.640961 250.141220 0.841743 
473.684052 285.437347 0.886232 
545.740662 203.166428 0.837534 
569.226501 245.792816 0.864919 
570.742615 286.881256 0.910959 
501.655304 261.945892 0.818068 
510.450409 320.705566 0.871919 
520.672424 364.883118 0.798867 
541.295349 253.180557 0.799881 
547.230225 310.513153 0.920145 
545.742981 353.118561 0.840678 
510.467041 214.898026 0.406430 
522.183655 214.835571 0.393633 
504.522186 204.606476 0.352029 
531.035706 203.123032 0.407545 
18
514.832153 213.414413 0.656880 
513.434937 197.267578 0.862658 
485.419739 203.097260 0.843898 
475.051941 244.328568 0.864700 
475.102692 279.578583 0.905635 
545.738708 194.377945 0.876390 
567.764404 239.877838 0.897498 
570.673218 281.047577 0.885828 
501.639801 261.934753 0.841244 
510.454865 319.269806 0.858381 
517.800476 367.776947 0.798920 
541.302368 254.607986 0.784406 
547.203308 310.492401 0.918556 
547.142334 356.018250 0.859513 
510.442139 206.095901 0.684896 
522.132324 206.089554 0.667423 
501.614319 194.372849 0.546640 
532.460571 195.770050 0.461208 
18
517.765015 204.666595 0.691232 
513.424683 194.309921 0.914242 
485.412201 198.709854 0.836993 
475.121582 242.826630 0.931216 
475.194244 276.719940 0.954831 
545.719299 192.823044 0.892948 
564.824280 234.039337 0.858329 
569.308838 276.642548 0.929278 
503.081696 261.975616 0.830315 
511.841156 319.277100 0.850809 
517.772949 367.787903 0.795646 
542.748962 254.628860 0.790218 
547.240601 311.918213 0.907222 
547.170715 357.561890 0.886403 
511.881775 201.639771 0.623516 
522.200195 201.631256 0.631118 
503.063141 189.912918 0.542667 
531.005798 191.409943 0.422168 
18
517.786804 201.699844 0.693838 
516.325928 192.782944 0.899889 
486.914703 192.871506 0.917062 
475.162750 239.953766 0.940458 
476.681213 276.672943 0.952122 
545.783264 191.351288 0.867946 
561.910095 232.532654 0.877491 
569.234619 275.207581 0.925847 
503.107483 260.499390 0.783458 
511.875671 317.842712 0.848263 
516.339111 367.797424 0.791886 
542.779541 254.637497 0.791334 
547.263367 313.393951 0.883895 
547.158325 360.479401 0.871730 
511.942017 194.331833 0.727786 
523.608337 194.400482 0.701167 
503.082733 182.541031 0.674593 
533.937805 185.518036 0.364757 
18
519.249756 197.245377 0.671608 
519.224854 185.528336 0.879508 
488.312134 188.412781 0.862873 
476.559387 234.001358 0.876182 
482.508423 275.244354 0.905967 
547.155701 184.043732 0.906002 
563.339722 229.682785 0.896447 
569.194763 275.166870 0.928718 
506.027771 261.934631 0.777783 
511.907196 319.295288 0.857669 
517.755798 369.214844 0.804202 
544.217529 257.532990 0.764415 
547.205750 316.333832 0.872114 
547.177246 366.334045 0.865301 
511.955200 192.847549 0.700525 
523.643677 192.874237 0.715688 
505.987335 181.051529 0.605008 
533.908325 182.509964 0.395752 
18
520.671509 192.854218 0.818276 
517.764343 182.611496 0.892376 
486.967102 184.090927 0.894449 
476.627930 232.577652 0.864552 
485.461304 275.233215 0.935271 
547.149292 182.512054 0.917442 
561.910583 228.181137 0.913810 
569.171082 273.688354 0.880806 
508.897400 263.359863 0.800648 
511.925995 319.301025 0.859821 
517.804993 367.830872 0.814648 
542.780090 259.039276 0.743535 
545.770752 317.840027 0.875015 
547.132141 369.267242 0.871313 
511.974945 185.496307 0.782500 
523.660095 186.996475 0.754924 
506.017303 173.727432 0.633608 
533.983643 179.543533 0.373911 
18
522.215759 191.383911 0.864268 
520.700134 182.537155 0.917002 
488.374847 182.613739 0.946587 
478.110199 232.553757 0.850948 
486.971344 276.646515 0.946796 
548.632874 181.138107 0.882439 
563.351257 228.143570 0.905623 
567.748352 273.678925 0.854068 
508.920990 263.414886 0.808201 
511.945374 319.306000 0.866101 
519.251160 369.221527 0.832450 
544.223755 261.953888 0.788221 
545.651245 317.819580 0.867042 
545.725098 369.233978 0.862015 
516.341797 182.622726 0.823174 
526.636414 184.011887 0.779172 
508.976166 170.809921 0.762593 
535.489136 172.303818 0.338944 
18
523.698059 184.005539 0.808900 
522.224121 181.072845 0.941168 
489.843048 181.155670 0.908550 
483.951477 231.073639 0.873634 
488.379822 275.243164 0.935037 
551.613647 181.032730 0.853914 
563.337524 228.130066 0.901854 
567.749573 273.686676 0.872148 
510.376038 263.390625 0.828214 
511.958862 319.291962 0.848392 
517.804565 369.240021 0.824825 
545.662292 261.939087 0.791195 
544.199219 314.904449 0.847266 
545.695679 369.237732 0.842293 
520.694885 179.640472 0.769854 
532.454285 181.016266 0.764355 
510.363037 167.866928 0.795500 
541.314758 169.305450 0.345978 
18
523.718567 181.127045 0.852554 
523.668152 179.625992 0.925742 
491.308746 181.070404 0.884026 
486.817627 229.670685 0.916995 
488.423431 275.186615 0.925683 
555.978577 179.613464 0.871835 
564.829407 228.098145 0.882884 
567.798035 272.273285 0.860260 
510.413422 264.873932 0.841499 
511.973663 320.794922 0.869295 
519.244995 369.228119 0.832669 
545.691650 263.459106 0.835060 
544.217957 316.374573 0.844136 
545.697083 369.244873 0.853538 
520.696838 175.209305 0.768127 
532.476563 175.223053 0.760441 
510.406433 164.934250 0.717501 
542.732971 167.801544 0.414638 
18
528.099243 179.560883 0.738817 
523.724854 178.165894 0.896143 
494.253815 181.034088 0.848757 
486.869415 229.557922 0.960953 
489.818939 275.209229 0.929508 
557.418396 178.121368 0.864957 
566.286621 228.069656 0.872611 
569.235657 273.735291 0.909288 
510.488983 264.856293 0.826466 
513.363220 322.184113 0.870488 
520.660034 369.230621 0.838403 
547.144104 263.462524 0.853136 
545.654480 320.723938 0.882629 
545.719299 369.278595 0.860146 
522.248108 170.809753 0.802956 
534.007813 170.828766 0.801759 
511.834717 159.117355 0.822055 
545.631958 163.442032 0.257830 
