67
1
18
580.912781 160.501282 0.929728 
553.040833 189.913757 0.747567 
550.152161 192.888168 0.790028 
570.796326 239.848358 0.939984 
608.932678 228.136932 0.935349 
553.055298 186.964966 0.711374 
580.968445 209.010269 0.908940 
610.422302 204.590042 0.961109 
547.205872 263.437469 0.799345 
547.269592 311.917297 0.871434 
545.697205 357.492249 0.823084 
554.515747 263.366943 0.633625 
550.159668 311.907288 0.737013 
545.729675 350.175354 0.635999 
575.138184 157.537445 0.882544 
0.000000 0.000000 0.000000 
560.406677 157.544907 0.835210 
0.000000 0.000000 0.000000 
18
580.956299 159.121262 0.942805 
550.105164 191.403961 0.777027 
551.599915 194.314880 0.790120 
567.715088 239.883728 0.885737 
604.471313 231.140747 0.909424 
547.218201 188.446136 0.718960 
573.653564 213.429672 0.783777 
605.987061 206.104904 0.971139 
547.204529 263.434692 0.789177 
548.627441 310.531921 0.866330 
545.677307 356.065216 0.800169 
545.684631 261.953644 0.623121 
548.706726 310.484436 0.740408 
545.697388 350.173798 0.663285 
576.567871 157.508026 0.874271 
0.000000 0.000000 0.000000 
559.013000 157.526703 0.840940 
0.000000 0.000000 0.000000 
18
580.929993 160.574326 0.899273 
548.647278 191.408310 0.734532 
554.515991 194.282730 0.760441 
560.425049 239.865509 0.769385 
595.686584 248.693726 0.699032 
544.250366 189.890900 0.635396 
566.283020 229.595245 0.155925 
598.637268 226.648026 0.351539 
548.673096 263.411194 0.789450 
547.263428 310.531952 0.873865 
544.260010 356.060822 0.767099 
538.357544 261.909485 0.652152 
547.261169 310.482330 0.764849 
545.746338 351.637299 0.695894 
575.122009 157.562881 0.884855 
580.995422 156.116577 0.144754 
558.960144 157.531586 0.823424 
0.000000 0.000000 0.000000 
18
579.518616 161.971298 0.883052 
548.649231 192.879044 0.770138 
554.538452 195.773315 0.729593 
560.412415 241.326309 0.834605 
585.432617 270.802216 0.806078 
544.260437 191.375000 0.667068 
566.317505 235.508423 0.349753 
583.966309 241.401230 0.467241 
547.175964 263.377777 0.786387 
548.661743 310.483093 0.859843 
545.675842 356.061798 0.815059 
541.317139 259.028564 0.603510 
548.706360 310.430725 0.700903 
545.709412 350.161072 0.643033 
573.653809 157.580429 0.890480 
580.956482 156.040268 0.095200 
558.950012 157.588989 0.834091 
0.000000 0.000000 0.000000 
18
580.975403 159.029419 0.950812 
551.623596 191.355270 0.715678 
553.063171 192.903076 0.744348 
558.921753 241.328552 0.838473 
580.982300 266.418640 0.854145 
550.156189 188.432922 0.612240 
567.736633 236.924805 0.577451 
586.877014 251.661880 0.756193 
545.761597 263.391388 0.782741 
547.272827 310.532166 0.857140 
544.256348 356.074249 0.767872 
545.756653 260.458618 0.576673 
548.709900 310.484589 0.714704 
545.660828 351.626953 0.651320 
576.577637 154.644974 0.846833 
581.031372 150.233337 0.101952 
559.030212 156.112671 0.827550 
0.000000 0.000000 0.000000 
18
581.008850 159.055756 0.944530 
553.081909 192.888336 0.720838 
553.056396 195.805862 0.760263 
557.417175 241.391129 0.815652 
583.959412 263.472595 0.915976 
554.510254 191.404419 0.619446 
567.793030 229.608398 0.651560 
592.730286 241.379135 0.835141 
545.741333 263.419128 0.781565 
548.638428 310.516693 0.850908 
544.254761 356.060608 0.791236 
547.205017 260.492554 0.577290 
550.103271 310.459290 0.666376 
544.268066 348.729431 0.560005 
578.043152 156.041092 0.840997 
0.000000 0.000000 0.000000 
560.446899 156.123993 0.820194 
0.000000 0.000000 0.000000 
18
580.973083 160.479767 0.922728 
550.165466 191.374161 0.737291 
553.073975 194.295273 0.731182 
557.439880 239.947021 0.796178 
585.442932 259.015411 0.859953 
548.668518 188.426849 0.671807 
567.730286 226.659058 0.644474 
589.823975 234.037079 0.820956 
547.204834 263.429932 0.806153 
547.250488 310.537323 0.856156 
544.213623 356.058502 0.788085 
545.711487 260.480316 0.553427 
548.709290 310.441406 0.570249 
544.226440 347.264587 0.495921 
578.030823 157.494461 0.857003 
0.000000 0.000000 0.000000 
560.432129 157.508118 0.813646 
0.000000 0.000000 0.000000 
18
580.921997 159.117889 0.910631 
550.143799 192.800629 0.759921 
554.510620 194.375732 0.721589 
558.932068 241.382095 0.816973 
589.804504 257.547211 0.854712 
547.221497 189.890457 0.694760 
566.312195 223.744019 0.607758 
591.252075 229.666275 0.945741 
547.244324 263.379181 0.784885 
547.224365 310.497009 0.875468 
544.228699 357.454041 0.781270 
545.693115 257.549896 0.561425 
548.702881 310.416412 0.502486 
545.703552 348.725830 0.463436 
575.135132 157.496872 0.850653 
0.000000 0.000000 0.000000 
560.414978 157.572250 0.827810 
0.000000 0.000000 0.000000 
18
579.545776 159.123871 0.878707 
550.132568 192.905182 0.823413 
557.477661 198.720764 0.772186 
557.493774 241.367889 0.871914 
591.287781 253.145813 0.911462 
545.703003 191.360504 0.725156 
567.731812 219.315536 0.460695 
591.265137 228.125717 0.949453 
548.697449 263.397461 0.757177 
548.713074 311.902161 0.840015 
545.714783 357.491699 0.807340 
538.366089 259.013489 0.640853 
547.258972 310.438354 0.588801 
544.248657 351.649628 0.515002 
575.117065 157.509430 0.844315 
0.000000 0.000000 0.000000 
560.441711 157.611115 0.806244 
0.000000 0.000000 0.000000 
18
579.505493 159.108322 0.875492 
550.118286 192.833191 0.812389 
557.468567 197.247498 0.778789 
556.032227 241.328491 0.818314 
591.316162 247.262405 0.892522 
545.668823 189.905060 0.699337 
566.305115 217.858780 0.438715 
586.897400 222.236069 0.862882 
550.162903 263.402435 0.759349 
550.134583 311.889984 0.805669 
545.652222 357.539368 0.745288 
539.862976 259.020721 0.595778 
547.255188 310.445038 0.629886 
541.316650 356.006927 0.556489 
573.682007 157.498520 0.838144 
0.000000 0.000000 0.000000 
560.414368 157.591125 0.818611 
0.000000 0.000000 0.000000 
18
579.491699 160.494125 0.890247 
550.126282 192.827713 0.816759 
557.468628 195.806229 0.826406 
555.975830 239.904678 0.803922 
591.283142 239.850540 0.823768 
545.688904 189.912384 0.695628 
567.776428 216.403503 0.415969 
588.328552 219.351151 0.829429 
550.122253 263.408264 0.787033 
548.656128 310.451996 0.842366 
544.213989 357.487946 0.738738 
544.216736 260.472260 0.583524 
548.666931 309.021332 0.627960 
545.674316 356.006042 0.586672 
573.658264 157.527832 0.881415 
0.000000 0.000000 0.000000 
559.003357 157.595459 0.847691 
0.000000 0.000000 0.000000 
18
578.051086 159.129684 0.852910 
550.121460 192.851410 0.822519 
557.485107 197.281418 0.815788 
557.435547 241.324387 0.829092 
589.815063 239.921799 0.894046 
545.671631 189.908264 0.707365 
566.274353 217.826141 0.350761 
585.405029 217.879715 0.913528 
551.610779 263.396942 0.761367 
550.144531 310.482300 0.811160 
545.698120 357.540436 0.764417 
539.823730 259.014679 0.636034 
547.220337 309.022766 0.640188 
542.794250 356.045258 0.606662 
572.229187 157.525055 0.859983 
0.000000 0.000000 0.000000 
559.020142 157.634537 0.844262 
0.000000 0.000000 0.000000 
18
575.103516 161.976257 0.859599 
550.143066 194.392639 0.820576 
558.895569 200.227325 0.865864 
557.497253 241.361710 0.927482 
589.813049 239.848587 0.908833 
545.675110 192.901077 0.712377 
567.793701 216.343201 0.384505 
583.930786 217.883896 0.884883 
553.078552 264.872864 0.775213 
551.608948 310.533112 0.806926 
545.666748 356.073395 0.707903 
541.308533 261.969482 0.665611 
548.644043 310.445892 0.699204 
547.159546 354.597168 0.574229 
570.751404 157.600220 0.928831 
0.000000 0.000000 0.000000 
557.522461 159.039001 0.852179 
0.000000 0.000000 0.000000 
18
573.658447 160.543457 0.845726 
548.672119 194.277573 0.856889 
557.494873 200.180527 0.853584 
560.444763 241.324921 0.893178 
591.315247 235.502853 0.813426 
542.791992 191.353271 0.719856 
564.830688 219.314713 0.269019 
582.550415 219.323395 0.799164 
554.498413 263.472290 0.768328 
550.110107 310.532867 0.852505 
544.231201 357.515472 0.827612 
542.785767 260.506683 0.653606 
551.603516 310.463837 0.643018 
545.747009 351.654816 0.495885 
570.727661 157.574783 0.906057 
0.000000 0.000000 0.000000 
558.939148 159.024353 0.821112 
0.000000 0.000000 0.000000 
18
572.234863 160.552582 0.849955 
547.208252 191.399551 0.788423 
554.517212 194.345749 0.789631 
563.350220 239.876266 0.725290 
582.509033 225.191635 0.616289 
542.760620 188.428345 0.660415 
557.516418 219.325073 0.162119 
0.000000 0.000000 0.000000 
551.587036 263.368927 0.779235 
550.117432 310.455841 0.828785 
545.644836 357.463257 0.845921 
544.228333 259.007599 0.609888 
554.514648 308.995972 0.614574 
545.691650 347.235291 0.514629 
570.689636 157.570084 0.904903 
0.000000 0.000000 0.000000 
557.520996 158.980316 0.838438 
0.000000 0.000000 0.000000 
18
570.782227 160.514572 0.873139 
551.597229 191.394623 0.710563 
548.716675 194.290634 0.798632 
570.775940 235.476166 0.741318 
582.528809 216.387878 0.649911 
554.504639 188.431152 0.604857 
569.188110 207.572296 0.268254 
580.977051 210.503082 0.627200 
550.149048 261.935089 0.761340 
550.125244 310.403015 0.807689 
545.690918 356.067200 0.828558 
554.541992 259.024109 0.543409 
553.054749 308.990356 0.654134 
545.659363 347.286682 0.591060 
569.238831 157.552551 0.890114 
570.805054 156.090881 0.094117 
554.541138 158.979172 0.757342 
0.000000 0.000000 0.000000 
18
570.648865 159.124466 0.902824 
550.111633 192.792084 0.760332 
551.630066 194.385452 0.774963 
578.086548 231.058319 0.766590 
582.556152 210.508484 0.653653 
547.223694 186.990814 0.595753 
569.179260 200.221573 0.292293 
580.973633 206.055664 0.676433 
551.626160 261.972473 0.757853 
551.592102 310.406403 0.814127 
545.657166 356.070526 0.815399 
548.687744 259.032135 0.535802 
553.078552 308.980103 0.647336 
545.721680 347.246155 0.609003 
567.748230 157.540543 0.867427 
0.000000 0.000000 0.000000 
551.601013 159.026703 0.770623 
0.000000 0.000000 0.000000 
18
569.280884 159.116074 0.881506 
550.122681 192.822601 0.773287 
553.083923 194.393356 0.767797 
582.433289 226.627838 0.686325 
582.548889 203.167526 0.713409 
547.222046 188.456390 0.585533 
572.238220 207.555466 0.195981 
0.000000 0.000000 0.000000 
553.061951 261.963104 0.762648 
550.161987 310.441040 0.846008 
545.659302 356.073395 0.841934 
551.589722 260.454956 0.569477 
557.410828 309.001099 0.703335 
545.674622 347.253723 0.585622 
566.320435 157.542175 0.833468 
0.000000 0.000000 0.000000 
553.042114 159.054535 0.771805 
0.000000 0.000000 0.000000 
18
569.176697 159.049698 0.773373 
547.234131 192.789032 0.837075 
557.443909 194.335663 0.819774 
583.944580 217.858398 0.537871 
583.927368 198.749435 0.562876 
538.388611 188.457031 0.685613 
572.162415 204.605591 0.121907 
0.000000 0.000000 0.000000 
557.395447 261.951233 0.763897 
551.608582 310.425476 0.766458 
545.644714 356.067444 0.704853 
545.698730 259.024750 0.676633 
551.581421 308.965149 0.717658 
545.679749 351.659241 0.694641 
563.357422 157.488266 0.706822 
0.000000 0.000000 0.000000 
553.061340 159.049911 0.740261 
0.000000 0.000000 0.000000 
18
567.756042 159.004196 0.644553 
547.235352 192.879379 0.850492 
558.960022 194.346313 0.791692 
616.295593 206.144257 0.264992 
631.012695 211.971878 0.156402 
536.881409 191.386169 0.733970 
0.000000 0.000000 0.000000 
0.000000 0.000000 0.000000 
556.001343 259.040039 0.742121 
553.080444 308.975586 0.741388 
545.638489 356.025940 0.707487 
544.229187 256.068359 0.646155 
551.610596 306.056793 0.695427 
545.720032 351.628510 0.715862 
561.863708 156.078430 0.643138 
0.000000 0.000000 0.000000 
551.625793 159.058502 0.703981 
0.000000 0.000000 0.000000 
18
569.155823 157.578094 0.557126 
554.523804 191.398743 0.765094 
567.780579 192.879761 0.677681 
597.268127 204.633179 0.107800 
0.000000 0.000000 0.000000 
541.290771 189.924896 0.623574 
583.976440 192.846924 0.083883 
0.000000 0.000000 0.000000 
555.954956 257.545898 0.707032 
554.528015 307.518677 0.719624 
545.652222 356.010529 0.726346 
545.753845 254.601166 0.611561 
557.403748 303.126129 0.695076 
545.698608 348.732025 0.661087 
561.868835 154.597610 0.565130 
0.000000 0.000000 0.000000 
554.549072 159.038589 0.681830 
0.000000 0.000000 0.000000 
18
563.368469 154.648499 0.498614 
550.123047 182.583206 0.687914 
553.059509 181.096497 0.715274 
603.037659 201.661499 0.683423 
664.805237 201.682068 0.596727 
542.778564 181.096802 0.440014 
582.452087 182.598618 0.230756 
0.000000 0.000000 0.000000 
553.054077 254.651352 0.678158 
554.556030 304.622498 0.703491 
545.671509 356.066040 0.749393 
556.009583 254.610413 0.620261 
557.485291 301.700653 0.696226 
545.714478 350.160645 0.640374 
558.978882 148.760498 0.559271 
0.000000 0.000000 0.000000 
550.149353 156.083740 0.655807 
0.000000 0.000000 0.000000 
18
563.333313 156.077515 0.453999 
547.223206 184.068146 0.761954 
555.991028 185.480896 0.769220 
605.979126 201.658463 0.779327 
664.755066 192.820374 0.810821 
539.825317 182.553970 0.532050 
580.995483 181.080246 0.413446 
569.181763 170.813019 0.250758 
554.506287 256.057373 0.690516 
554.542847 307.552856 0.715637 
545.657288 356.072449 0.774137 
558.922668 254.620850 0.591216 
557.477966 304.606873 0.543864 
545.717957 348.700897 0.544108 
558.974487 150.219116 0.527599 
0.000000 0.000000 0.000000 
551.581238 157.523956 0.703004 
0.000000 0.000000 0.000000 
18
563.379150 154.647934 0.437398 
551.622864 188.431717 0.731956 
558.933716 189.886292 0.795807 
605.998413 203.085327 0.820326 
661.881409 184.037811 0.762547 
545.718811 184.049606 0.577774 
582.435242 181.049057 0.476668 
567.782349 170.758041 0.375120 
548.667847 256.074524 0.722362 
554.539856 304.585602 0.766693 
545.669495 356.046326 0.856586 
557.505249 254.607071 0.665044 
582.505493 295.734894 0.618178 
606.059814 326.643921 0.570743 
558.971802 150.221558 0.531213 
0.000000 0.000000 0.000000 
550.150146 159.011795 0.679214 
0.000000 0.000000 0.000000 
18
564.828064 150.205017 0.299417 
548.705505 182.627319 0.786031 
559.026611 185.503113 0.769534 
606.051392 206.150482 0.873590 
642.735291 179.631439 0.864906 
538.388672 182.524063 0.629071 
585.405029 181.148163 0.705836 
569.253296 170.856094 0.393479 
560.406982 254.628860 0.695628 
572.219849 303.130432 0.673730 
600.091431 347.268738 0.576290 
547.192810 253.147003 0.722423 
548.691101 308.975891 0.739840 
545.638855 356.045410 0.754808 
560.420227 147.278336 0.427013 
0.000000 0.000000 0.000000 
556.023132 154.616653 0.728245 
535.410400 157.556244 0.065047 
18
0.000000 0.000000 0.000000 
553.067078 186.968307 0.687579 
561.906677 191.358063 0.791534 
606.040283 209.017075 0.834985 
623.624390 170.842728 0.776447 
544.216309 185.497665 0.505365 
585.387756 182.555908 0.706649 
570.650085 169.315994 0.665551 
557.443848 259.018127 0.642828 
550.137451 310.414429 0.702272 
545.751160 357.477692 0.764340 
545.711487 256.070435 0.675037 
547.170532 308.965881 0.652067 
544.262085 354.577972 0.597016 
0.000000 0.000000 0.000000 
0.000000 0.000000 0.000000 
557.441467 159.013092 0.480553 
535.440796 159.002365 0.210954 
18
0.000000 0.000000 0.000000 
560.434082 185.497025 0.670937 
561.899719 186.997208 0.606478 
605.948730 206.049728 0.841252 
603.052490 173.764191 0.623251 
0.000000 0.000000 0.000000 
0.000000 0.000000 0.000000 
0.000000 0.000000 0.000000 
548.679199 254.590576 0.613762 
547.167847 303.125580 0.568438 
545.648254 354.583740 0.654005 
557.429443 254.581253 0.639017 
558.904053 303.106476 0.692700 
545.690918 350.184418 0.661267 
0.000000 0.000000 0.000000 
0.000000 0.000000 0.000000 
556.025818 159.009872 0.137560 
0.000000 0.000000 0.000000 
18
533.958130 169.344467 0.163898 
559.007935 186.972107 0.595921 
557.492920 184.060303 0.445393 
604.500000 203.123535 0.232819 
581.011841 169.265411 0.247431 
566.301331 188.429504 0.580484 
605.942566 204.565186 0.744799 
580.966309 167.871765 0.585270 
544.266846 253.159409 0.612710 
553.089050 306.062531 0.578305 
545.681946 356.033478 0.636061 
558.949158 254.635086 0.653265 
557.499756 306.042389 0.669996 
545.723938 353.088989 0.616001 
535.395325 158.988953 0.093298 
536.929688 162.006836 0.157772 
557.433350 160.494415 0.056313 
551.617920 161.986832 0.325513 
18
560.419617 163.445572 0.097587 
558.903015 189.931046 0.686049 
555.972412 189.903961 0.541824 
594.208069 195.773026 0.162660 
578.049622 173.738068 0.131028 
563.351624 189.927124 0.625041 
603.069275 201.696762 0.746128 
579.530334 172.250961 0.757608 
557.428406 257.537689 0.643629 
554.566101 308.998596 0.678927 
545.669434 356.040222 0.712834 
564.837708 256.064270 0.609862 
557.515015 304.622040 0.661343 
545.705994 350.188141 0.618774 
557.500854 157.581879 0.103748 
0.000000 0.000000 0.000000 
554.512634 159.063599 0.198315 
554.541870 161.972076 0.200624 
18
0.000000 0.000000 0.000000 
558.903748 188.432922 0.712476 
560.435547 186.957794 0.671074 
595.758057 195.796509 0.565759 
581.003235 172.301270 0.574046 
554.541016 185.515915 0.581047 
600.116089 198.747131 0.439970 
580.964600 172.309570 0.566077 
558.940552 261.935608 0.687899 
555.980530 310.424347 0.771729 
545.666687 356.022675 0.773224 
556.020142 260.497864 0.578602 
557.448303 307.528229 0.670630 
545.715393 347.280243 0.620665 
0.000000 0.000000 0.000000 
0.000000 0.000000 0.000000 
563.335266 160.539307 0.382120 
550.158508 163.436111 0.088646 
18
573.670471 160.507614 0.430028 
554.536316 186.989594 0.721007 
558.987305 186.985275 0.748646 
597.154724 194.383591 0.788901 
580.962158 172.257309 0.805508 
547.157043 185.487717 0.641934 
591.307373 195.798615 0.109797 
0.000000 0.000000 0.000000 
557.463257 257.533508 0.683934 
557.439026 304.599670 0.722174 
545.660889 354.589600 0.735675 
550.129639 256.065643 0.578206 
558.918762 301.639526 0.725477 
545.754272 347.245667 0.664216 
570.685913 158.989288 0.527744 
0.000000 0.000000 0.000000 
557.503235 164.937515 0.653963 
0.000000 0.000000 0.000000 
18
570.674194 169.251556 0.741449 
547.164551 185.525681 0.722837 
557.476807 184.066437 0.724824 
592.783813 191.356277 0.817839 
592.680725 163.469315 0.823476 
535.484924 186.984772 0.581807 
579.477844 184.068176 0.073251 
0.000000 0.000000 0.000000 
557.412781 259.000427 0.692721 
557.447266 306.038544 0.715952 
545.650208 354.580322 0.737761 
547.196899 257.547699 0.575251 
557.440247 301.646637 0.707267 
545.734009 347.237610 0.662064 
567.737183 160.562943 0.709123 
570.657043 160.555359 0.316157 
551.603027 166.388535 0.630701 
0.000000 0.000000 0.000000 
18
567.749939 167.861649 0.441848 
541.303406 181.054123 0.734682 
554.534668 179.639313 0.728443 
588.333191 181.100845 0.840342 
592.720581 153.133911 0.899796 
526.614136 182.524475 0.629357 
0.000000 0.000000 0.000000 
0.000000 0.000000 0.000000 
557.412964 256.052429 0.711671 
557.477478 304.622925 0.739879 
545.632751 356.006104 0.722037 
541.283997 256.062683 0.585293 
554.555664 301.677979 0.710357 
545.754822 350.158752 0.677685 
566.284363 160.514847 0.472001 
570.724365 159.086594 0.074238 
555.980042 159.034409 0.685583 
0.000000 0.000000 0.000000 
18
0.000000 0.000000 0.000000 
545.676819 172.269806 0.858286 
560.431458 175.196747 0.746808 
588.369141 175.203537 0.818157 
583.999268 145.804504 0.907930 
526.628052 170.847214 0.765690 
547.226990 170.758987 0.073229 
0.000000 0.000000 0.000000 
557.470215 251.634064 0.761950 
557.532043 304.574829 0.747863 
544.275024 354.579651 0.712672 
535.418945 250.213425 0.690430 
554.541016 301.646881 0.726095 
547.135620 348.732819 0.666415 
0.000000 0.000000 0.000000 
0.000000 0.000000 0.000000 
566.270447 157.560349 0.528567 
547.130920 150.190216 0.287273 
18
569.190491 161.980988 0.199597 
541.301147 167.809006 0.640447 
547.218262 164.936859 0.606584 
579.523621 176.692108 0.605172 
572.216553 148.761658 0.502940 
532.458191 163.453629 0.581040 
581.035645 175.221970 0.111433 
0.000000 0.000000 0.000000 
557.410217 251.683441 0.703135 
558.897644 301.657318 0.759825 
544.275818 353.129333 0.714362 
541.315857 251.665924 0.585503 
555.997742 300.207001 0.683248 
547.132690 347.254059 0.652183 
569.249023 157.616394 0.221418 
0.000000 0.000000 0.000000 
559.001953 147.320618 0.410605 
0.000000 0.000000 0.000000 
18
0.000000 0.000000 0.000000 
536.937866 182.582108 0.609656 
558.959167 188.427612 0.408506 
570.766602 226.635864 0.110705 
0.000000 0.000000 0.000000 
520.739136 184.056351 0.603113 
510.378571 222.247910 0.555532 
511.906036 257.536743 0.565129 
558.963745 254.625381 0.692584 
557.510437 304.593903 0.759419 
544.263611 354.581512 0.727246 
538.387756 256.078247 0.613721 
554.517029 301.692993 0.727985 
547.152771 348.706512 0.686086 
0.000000 0.000000 0.000000 
0.000000 0.000000 0.000000 
563.366638 161.977692 0.226119 
528.103638 166.389618 0.054747 
18
0.000000 0.000000 0.000000 
536.943481 181.109467 0.757050 
557.460510 181.071350 0.552577 
564.846313 159.091003 0.553660 
548.698669 147.365921 0.406442 
522.197693 182.623444 0.689489 
511.863251 220.778488 0.673707 
514.858704 254.650238 0.648137 
557.507751 253.102173 0.745236 
557.510620 303.125824 0.769067 
544.247314 354.589325 0.707736 
535.491455 253.122757 0.696831 
553.069885 301.660645 0.736543 
547.136719 348.735779 0.680956 
0.000000 0.000000 0.000000 
0.000000 0.000000 0.000000 
548.665894 157.570023 0.225378 
532.463806 163.475327 0.094092 
18
581.032898 170.758667 0.394313 
545.736145 172.252899 0.616608 
557.492981 173.730225 0.431825 
0.000000 0.000000 0.000000 
0.000000 0.000000 0.000000 
533.878418 170.845749 0.481541 
519.229431 211.982971 0.380172 
520.725830 251.658966 0.610734 
557.464111 253.182968 0.716790 
557.434509 306.048676 0.761684 
544.267029 356.010651 0.740944 
538.389587 253.149429 0.606593 
554.538757 303.105255 0.715410 
545.752747 348.719269 0.661298 
580.981567 166.391968 0.379801 
581.041992 167.811951 0.136900 
572.200989 159.050842 0.468564 
536.914429 159.072113 0.066279 
18
582.426819 170.775360 0.357468 
548.678101 166.404205 0.626949 
554.526001 166.393005 0.606457 
523.603943 203.133331 0.561446 
522.160217 241.434082 0.615361 
539.848389 164.905151 0.462779 
522.141113 204.596512 0.333460 
522.120728 241.380417 0.430464 
556.007751 254.602463 0.708434 
556.012024 307.521271 0.751620 
545.657776 356.025574 0.742364 
547.153748 253.149521 0.615345 
555.978577 304.578278 0.687226 
545.761414 348.720459 0.647025 
582.434204 166.400604 0.359277 
0.000000 0.000000 0.000000 
576.617676 158.984558 0.595989 
0.000000 0.000000 0.000000 
18
582.440796 169.368607 0.297734 
547.212463 169.302307 0.727935 
558.972717 162.003937 0.537440 
533.970581 195.827179 0.124522 
0.000000 0.000000 0.000000 
533.989502 169.350510 0.610563 
523.634216 206.090485 0.442476 
522.172913 241.365509 0.622545 
558.895630 253.181259 0.733124 
556.007019 307.542633 0.761928 
545.647034 356.022888 0.732162 
545.735229 253.111908 0.665691 
554.507141 304.619446 0.710637 
547.128235 348.733429 0.668101 
581.045166 164.935730 0.282980 
0.000000 0.000000 0.000000 
575.099426 157.594788 0.460184 
0.000000 0.000000 0.000000 
18
579.497620 167.836578 0.203620 
547.179810 170.767715 0.641663 
558.958496 170.782196 0.476183 
0.000000 0.000000 0.000000 
0.000000 0.000000 0.000000 
533.940063 169.327148 0.593938 
522.139771 207.553360 0.152828 
523.705383 238.428650 0.172201 
557.430237 254.588379 0.715705 
555.993652 307.527283 0.744398 
545.644104 356.011932 0.730360 
545.695679 253.121811 0.609518 
555.980408 304.579041 0.708929 
547.127502 348.694366 0.661133 
579.477661 159.077271 0.213976 
0.000000 0.000000 0.000000 
569.254333 153.173798 0.469730 
0.000000 0.000000 0.000000 
18
0.000000 0.000000 0.000000 
545.770142 169.303635 0.746828 
560.464355 169.335434 0.553602 
555.981079 184.057098 0.171033 
0.000000 0.000000 0.000000 
529.550171 167.859909 0.638723 
522.238647 204.639709 0.438583 
523.727051 236.954590 0.254785 
557.477417 253.098343 0.732193 
557.424866 304.603638 0.751520 
545.631165 354.594055 0.725361 
544.224182 251.633972 0.620818 
554.540039 301.683228 0.715753 
547.142761 348.683716 0.671985 
0.000000 0.000000 0.000000 
0.000000 0.000000 0.000000 
572.159668 157.526657 0.543067 
0.000000 0.000000 0.000000 
18
0.000000 0.000000 0.000000 
547.216064 175.240021 0.756081 
569.174194 184.036118 0.645383 
569.171509 217.849594 0.350696 
557.436462 223.721085 0.177134 
526.603699 169.342087 0.751603 
522.255554 204.649841 0.449606 
535.372742 217.841278 0.181178 
557.483459 253.153900 0.734102 
557.454041 304.600281 0.754168 
544.267639 356.002167 0.721569 
535.487000 250.208588 0.638407 
554.531860 301.649597 0.690645 
545.775574 348.704895 0.642405 
0.000000 0.000000 0.000000 
0.000000 0.000000 0.000000 
579.547913 167.816666 0.574784 
558.932251 157.589127 0.099148 
18
578.058716 173.766800 0.271660 
547.145752 182.560257 0.685874 
561.877747 191.350555 0.499486 
0.000000 0.000000 0.000000 
0.000000 0.000000 0.000000 
532.496094 172.304230 0.526738 
0.000000 0.000000 0.000000 
0.000000 0.000000 0.000000 
555.980408 256.083862 0.715878 
557.404602 306.043396 0.734702 
545.638672 355.999786 0.728314 
541.288574 253.155106 0.570270 
557.424927 301.662506 0.711688 
545.769714 348.701141 0.663220 
573.666321 169.321915 0.288947 
0.000000 0.000000 0.000000 
560.412720 167.852310 0.458369 
0.000000 0.000000 0.000000 
18
582.537842 169.370758 0.504442 
547.160828 181.077240 0.871839 
557.467224 186.973099 0.724532 
557.399414 220.793121 0.587117 
570.764526 201.660187 0.510140 
535.439453 172.253616 0.691171 
569.200806 191.390106 0.163526 
573.659180 192.826614 0.217711 
554.509277 256.083832 0.704659 
557.450195 304.588837 0.745908 
544.243591 354.576019 0.714605 
538.373291 253.120865 0.606530 
554.558289 301.664032 0.708101 
547.158203 348.697968 0.689060 
582.465820 166.354218 0.597292 
0.000000 0.000000 0.000000 
572.196899 164.933868 0.718184 
0.000000 0.000000 0.000000 
18
583.933777 167.828598 0.565469 
548.635437 181.068085 0.836241 
555.988586 184.028778 0.861666 
545.772156 219.321014 0.883162 
580.967957 217.903549 0.842521 
539.841980 172.284760 0.620256 
526.604675 195.786606 0.058586 
0.000000 0.000000 0.000000 
555.967407 263.391998 0.746935 
555.957275 310.455322 0.782617 
545.654968 356.034576 0.764501 
547.175171 261.931519 0.557717 
554.531189 308.960388 0.694285 
545.771973 348.721466 0.665357 
582.554077 160.488190 0.655157 
0.000000 0.000000 0.000000 
575.112732 160.497131 0.752020 
0.000000 0.000000 0.000000 
18
585.419373 164.896149 0.587704 
556.025757 181.109665 0.741270 
557.499817 184.024963 0.869165 
545.649170 226.616928 0.834806 
579.512329 238.412857 0.846445 
548.675171 175.193695 0.474960 
0.000000 0.000000 0.000000 
0.000000 0.000000 0.000000 
553.045410 260.456604 0.704501 
554.564575 309.029877 0.780320 
545.650391 356.051758 0.772031 
550.117310 256.100739 0.539825 
557.438049 306.070282 0.721898 
547.143066 348.727692 0.656209 
583.932556 159.032364 0.692325 
0.000000 0.000000 0.000000 
573.672852 159.055786 0.764650 
0.000000 0.000000 0.000000 
18
585.416748 161.991943 0.724289 
548.640930 181.076752 0.882681 
558.948120 184.028397 0.857955 
545.671021 228.126999 0.905734 
575.121887 245.811172 0.778042 
535.475830 172.319473 0.784652 
522.133545 197.269928 0.664966 
523.641418 226.684021 0.763976 
555.965759 258.995087 0.760507 
557.418152 307.532104 0.787068 
544.260254 356.016846 0.754099 
545.755798 256.066437 0.616963 
557.424988 303.137665 0.736018 
547.133362 348.730896 0.678176 
582.553589 157.596680 0.795367 
0.000000 0.000000 0.000000 
572.227417 157.578003 0.804279 
0.000000 0.000000 0.000000 
18
588.371277 160.514511 0.749539 
547.230530 182.518372 0.914844 
558.913147 188.452011 0.848544 
544.197998 229.570465 0.891763 
570.768982 251.606247 0.828524 
533.972351 176.658936 0.706566 
517.790466 194.353409 0.507721 
522.246643 225.214172 0.639447 
557.401367 261.963074 0.762547 
555.976379 310.413910 0.802112 
545.644836 356.024872 0.774168 
547.208252 260.488159 0.597234 
555.990967 307.517212 0.719279 
545.770081 348.718323 0.668281 
585.388855 157.551392 0.807803 
0.000000 0.000000 0.000000 
575.111267 157.587982 0.829567 
0.000000 0.000000 0.000000 
18
589.835754 160.494720 0.820335 
547.233276 182.598923 0.831384 
557.464111 186.963028 0.849825 
542.763672 229.620071 0.847827 
572.209839 248.724701 0.772413 
535.406494 181.043076 0.642005 
513.429077 192.880447 0.324970 
523.596436 214.894470 0.195220 
555.970764 263.460724 0.759635 
554.515137 310.487518 0.796633 
544.266052 354.608032 0.759754 
547.228027 261.982635 0.604566 
555.965698 309.004639 0.708413 
545.745789 347.289978 0.672511 
585.438477 157.513077 0.827305 
0.000000 0.000000 0.000000 
573.653137 157.543152 0.818848 
0.000000 0.000000 0.000000 
18
591.292297 159.051620 0.939374 
558.895630 188.422058 0.769559 
554.536499 189.935898 0.826605 
539.814819 231.118927 0.844172 
576.590637 242.874146 0.788731 
566.312622 186.966751 0.614043 
559.014221 229.643768 0.081476 
581.053955 241.339905 0.088625 
550.117554 263.466034 0.774748 
550.159790 310.490234 0.810658 
544.274414 356.022003 0.801188 
557.520752 263.376862 0.659652 
555.978394 310.416565 0.725748 
545.711182 347.283722 0.635712 
585.417725 156.056488 0.885818 
0.000000 0.000000 0.000000 
572.164124 157.549500 0.843417 
0.000000 0.000000 0.000000 
18
591.291748 159.049377 0.942634 
558.966370 191.359207 0.784476 
553.039490 191.376251 0.834019 
541.304443 234.022064 0.816450 
580.942383 239.954575 0.872602 
569.199341 191.366592 0.680331 
566.300049 229.695023 0.176923 
581.056763 238.394760 0.171366 
548.629517 266.381775 0.771094 
548.692139 311.958374 0.827001 
545.654968 356.024994 0.823502 
558.963684 264.919647 0.728238 
554.524170 311.922485 0.717039 
545.683960 347.284821 0.634296 
585.400024 154.649200 0.865450 
0.000000 0.000000 0.000000 
570.737732 157.523834 0.832257 
0.000000 0.000000 0.000000 
18
591.250549 159.027481 0.962177 
559.003235 192.785217 0.814385 
554.500793 192.783997 0.861521 
544.222534 236.939728 0.821036 
580.941650 239.907333 0.775414 
569.220459 192.798584 0.679090 
566.307007 232.528137 0.250151 
585.427246 234.001160 0.312081 
548.655273 266.384064 0.775013 
547.268372 312.011078 0.863987 
545.678955 356.039246 0.817997 
558.996399 264.939270 0.768578 
551.600098 311.993683 0.748589 
545.667175 348.709045 0.676602 
582.559143 154.642227 0.885720 
0.000000 0.000000 0.000000 
569.278992 157.589447 0.837285 
0.000000 0.000000 0.000000 
18
591.236084 159.068207 0.948031 
560.414978 192.814804 0.815062 
553.079224 192.838959 0.871970 
544.231079 236.966568 0.826819 
579.495056 239.903198 0.781052 
569.285034 192.783432 0.707489 
561.890259 231.080399 0.157396 
582.453064 235.497894 0.177409 
548.677246 266.404694 0.766125 
548.635742 311.966370 0.852482 
545.687073 356.029449 0.835259 
559.020996 264.945374 0.743043 
554.499023 311.939240 0.737881 
545.699768 347.277100 0.645015 
582.512695 156.081223 0.921886 
591.236450 156.114563 0.252414 
569.190491 158.971970 0.818719 
0.000000 0.000000 0.000000 
18
591.243347 159.046036 0.970668 
559.018738 189.918243 0.770297 
557.416199 192.840485 0.891014 
544.275818 235.475937 0.818029 
579.514465 238.438232 0.797928 
567.778931 188.425369 0.621488 
561.890625 229.621124 0.116368 
582.503967 232.561234 0.136332 
548.687744 264.907501 0.775957 
548.674805 311.917114 0.867431 
545.666870 356.041595 0.829943 
558.926331 263.456451 0.719895 
554.514771 311.891479 0.743665 
545.673157 347.270630 0.634158 
582.501526 156.081787 0.934839 
591.238220 156.063690 0.246702 
569.202820 158.994461 0.827362 
0.000000 0.000000 0.000000 
18
589.804626 159.026886 0.947751 
561.870483 185.504013 0.754186 
558.903137 191.372269 0.844458 
545.747070 231.092407 0.837606 
582.508972 231.135620 0.690634 
567.788147 182.616791 0.670159 
560.443726 228.138702 0.129717 
580.998657 229.621902 0.181424 
550.134155 263.465546 0.767120 
548.651245 311.941315 0.855134 
545.700439 356.052155 0.814138 
557.482910 263.421478 0.678321 
553.040710 311.921997 0.733682 
545.738342 348.724609 0.663758 
582.428772 156.105988 0.931197 
589.807922 156.075027 0.309218 
569.170837 159.094696 0.800929 
0.000000 0.000000 0.000000 
18
588.326172 159.060013 0.917200 
560.420776 186.995224 0.738073 
560.447815 192.792419 0.836093 
551.574890 234.028809 0.771313 
582.511536 229.591965 0.863197 
560.404541 184.038879 0.607312 
558.947449 226.651733 0.130090 
581.040161 225.201233 0.203955 
551.585693 263.457153 0.747092 
548.703979 311.919250 0.834280 
545.653625 356.025360 0.754491 
550.130798 261.965790 0.573261 
551.591980 311.902649 0.706037 
545.747620 348.740997 0.685312 
582.460571 156.103180 0.910708 
0.000000 0.000000 0.000000 
569.273682 158.997620 0.825923 
0.000000 0.000000 0.000000 
18
583.929932 159.089432 0.864950 
558.978638 185.511032 0.818494 
561.875366 192.798218 0.764224 
559.037964 238.412308 0.845983 
589.805359 229.554001 0.844224 
556.021301 181.136536 0.744515 
585.423035 188.430130 0.567855 
604.525146 182.558151 0.667354 
550.139832 263.390564 0.747725 
550.141418 310.519135 0.837225 
545.640869 356.053467 0.764781 
545.714600 259.026917 0.635831 
551.610962 310.463348 0.716069 
545.762939 350.151611 0.693903 
582.407898 157.518448 0.933920 
0.000000 0.000000 0.000000 
570.661072 157.633347 0.834942 
0.000000 0.000000 0.000000 
18
582.531738 158.971481 0.866650 
558.997620 184.073120 0.833206 
559.009705 191.394028 0.784944 
570.679749 239.824905 0.928347 
591.311035 222.281693 0.772244 
558.910889 181.129471 0.751035 
579.525635 195.840210 0.749774 
604.454712 192.917572 0.857437 
551.615967 263.449463 0.760797 
550.133728 311.917969 0.830451 
545.670288 356.068756 0.809673 
556.000793 261.978851 0.626779 
555.954529 310.534607 0.725556 
545.710388 348.715790 0.648269 
581.032043 156.050293 0.864767 
0.000000 0.000000 0.000000 
570.654663 157.605484 0.886183 
0.000000 0.000000 0.000000 
18
581.075012 157.558487 0.901618 
560.391113 184.084274 0.845645 
558.911255 191.387909 0.815145 
576.612854 238.418747 0.849898 
592.732239 222.270065 0.702105 
563.354858 182.523682 0.739493 
581.017090 201.648468 0.817272 
607.457581 206.018372 0.880446 
551.587280 261.962189 0.742522 
551.570862 310.484528 0.833652 
545.685303 356.049652 0.825469 
558.905945 260.473602 0.661139 
556.023499 310.449280 0.755107 
545.714355 347.269867 0.655901 
579.531067 153.166077 0.809510 
0.000000 0.000000 0.000000 
569.169250 157.556366 0.835497 
0.000000 0.000000 0.000000 
18
581.001831 157.547104 0.938130 
558.923035 188.428436 0.800450 
558.950500 194.276871 0.855953 
572.182434 239.853912 0.892762 
592.729492 219.312347 0.811830 
557.462402 184.030563 0.701047 
573.652405 206.092468 0.380228 
591.296692 216.311447 0.567808 
553.048279 263.457367 0.756301 
548.708313 311.906738 0.834006 
545.707397 357.455170 0.806647 
553.073914 263.348694 0.600655 
554.512451 310.525391 0.737100 
545.744812 348.740814 0.651527 
578.023987 153.148727 0.809720 
0.000000 0.000000 0.000000 
566.305481 157.579117 0.809264 
0.000000 0.000000 0.000000 
18
580.956909 157.513733 0.918226 
558.929443 188.459702 0.778728 
558.934082 194.280670 0.915932 
567.790833 238.451401 0.876323 
586.865295 222.237381 0.825241 
558.926819 184.032364 0.614753 
570.753174 210.522293 0.192628 
0.000000 0.000000 0.000000 
553.084534 263.426636 0.753011 
548.706177 311.886871 0.838867 
545.682617 356.062561 0.807295 
556.028076 261.965912 0.637883 
554.508972 310.509003 0.728282 
545.700806 348.722443 0.648644 
575.112061 151.702698 0.794118 
0.000000 0.000000 0.000000 
563.339966 157.571686 0.792753 
0.000000 0.000000 0.000000 
18
578.085205 154.638855 0.909940 
559.009338 189.889847 0.769381 
558.911926 194.282623 0.921667 
557.402832 238.409668 0.870981 
580.991333 228.122589 0.823806 
563.343994 184.008545 0.617906 
569.227844 222.256760 0.098703 
580.988159 223.699829 0.188598 
555.951172 264.884918 0.759757 
548.671265 311.907257 0.838440 
545.680115 356.031616 0.802906 
557.482727 263.422577 0.664484 
551.608582 311.897156 0.738258 
545.702881 348.711121 0.672568 
570.728638 148.799667 0.904923 
572.245117 145.841003 0.084160 
558.955505 159.019211 0.852670 
0.000000 0.000000 0.000000 
18
578.066040 154.619858 0.905153 
559.022705 186.986420 0.767376 
557.475281 192.817352 0.896014 
547.139282 236.924438 0.795422 
578.029602 231.139801 0.685867 
566.298645 184.027084 0.666967 
560.409668 229.642548 0.122474 
580.946106 228.176071 0.216233 
553.089417 263.408508 0.743266 
548.687805 310.520325 0.836424 
545.667603 356.037445 0.802408 
558.959351 261.955688 0.684915 
553.090393 310.494110 0.722398 
545.716553 348.724823 0.645637 
570.710449 148.775742 0.923335 
572.227539 145.872620 0.161272 
558.906616 157.631668 0.858802 
0.000000 0.000000 0.000000 
18
579.478699 154.651459 0.918484 
559.008850 188.435074 0.778004 
557.443115 191.410263 0.865326 
542.767700 232.574661 0.779018 
573.655029 239.934311 0.643930 
567.727295 185.519958 0.691937 
564.828979 228.119278 0.152474 
581.006775 229.678635 0.304396 
554.498352 264.941528 0.745561 
548.645691 311.955109 0.850143 
545.664124 356.048004 0.813187 
560.397888 263.464813 0.684807 
551.623047 311.945221 0.739662 
545.700928 348.729553 0.663390 
570.718079 148.787476 0.923454 
575.126831 147.241638 0.240436 
557.535950 157.632950 0.860443 
0.000000 0.000000 0.000000 
18
579.487732 156.056778 0.929619 
558.977112 188.444244 0.790848 
557.414429 192.794266 0.867389 
536.952271 232.586670 0.812492 
572.169800 239.860443 0.732102 
566.290039 185.509476 0.684657 
561.884888 228.145248 0.127631 
579.527832 229.656052 0.170772 
551.578186 266.371765 0.742266 
547.245056 313.404388 0.848070 
545.660095 356.057770 0.768457 
558.919189 264.880920 0.693397 
550.118774 311.999573 0.732602 
545.730591 350.157043 0.681749 
570.686340 148.796677 0.926366 
578.029480 147.296188 0.466907 
557.463013 158.996033 0.848726 
0.000000 0.000000 0.000000 
18
579.528198 156.102631 0.943090 
558.979736 187.002274 0.805175 
556.037964 191.371277 0.833650 
535.471985 231.103012 0.879034 
570.681274 241.351471 0.772186 
566.319641 185.485168 0.718319 
569.192505 225.189331 0.236406 
580.935120 235.499527 0.323603 
550.122620 267.817780 0.710567 
547.224243 313.437164 0.825044 
545.686646 356.042297 0.776455 
558.917725 264.925781 0.688840 
548.701355 313.395172 0.730290 
545.700439 350.166870 0.671054 
570.714294 150.209946 0.912687 
579.525696 147.345474 0.638571 
557.459595 158.986694 0.833066 
0.000000 0.000000 0.000000 
18
580.920410 156.098465 0.957023 
558.952698 186.987762 0.805230 
557.400024 191.377838 0.835380 
535.469971 231.092194 0.844262 
569.186218 241.323410 0.724299 
564.840576 184.066925 0.694839 
567.727844 225.184219 0.247955 
580.958679 229.570816 0.454201 
548.699463 266.346039 0.711166 
547.213379 311.995087 0.838716 
545.691833 356.040833 0.761363 
557.512512 264.865601 0.667866 
548.707214 311.976166 0.727548 
545.712952 350.180939 0.682443 
570.742371 150.215042 0.913172 
579.557678 147.338501 0.638360 
557.485596 158.988632 0.850435 
0.000000 0.000000 0.000000 
