37
1
18
589.781250 135.552200 0.873277 
553.048767 160.548981 0.803289 
558.889893 169.297012 0.920806 
558.894592 219.326324 0.932493 
594.251343 213.411102 0.917433 
545.754944 157.604645 0.750237 
558.936035 204.599747 0.208581 
0.000000 0.000000 0.000000 
558.924377 253.099594 0.813102 
553.062073 308.957581 0.826460 
547.243347 358.943451 0.870301 
545.705933 250.198914 0.731069 
542.772522 301.662231 0.722764 
547.165466 347.212524 0.626532 
585.413574 131.118546 0.868846 
0.000000 0.000000 0.000000 
570.730774 129.646194 0.916745 
0.000000 0.000000 0.000000 
18
589.796631 135.552521 0.872030 
553.056946 160.530380 0.804965 
557.543518 169.290909 0.911906 
558.910950 219.331726 0.927763 
594.267761 211.966034 0.912134 
547.144592 157.584763 0.745258 
560.393921 203.164108 0.208776 
0.000000 0.000000 0.000000 
558.915649 251.709686 0.805969 
553.053650 308.973419 0.820638 
547.234131 358.954163 0.868151 
545.726990 250.174911 0.717467 
542.749390 301.658936 0.727492 
545.754822 347.254395 0.604460 
585.416321 131.121353 0.871603 
0.000000 0.000000 0.000000 
570.711060 131.065506 0.923880 
0.000000 0.000000 0.000000 
18
589.786682 135.545731 0.874177 
553.063171 160.524994 0.808137 
557.542847 169.286942 0.913035 
558.920227 219.337921 0.926312 
594.259949 210.522659 0.929404 
547.150940 157.578186 0.745175 
560.406555 203.111816 0.200609 
0.000000 0.000000 0.000000 
558.901367 251.712173 0.805070 
553.051819 308.994965 0.821506 
547.239624 358.961639 0.870207 
545.710022 250.173248 0.709824 
541.333313 301.693573 0.717256 
547.139282 348.681824 0.595040 
585.410339 131.114288 0.874172 
0.000000 0.000000 0.000000 
570.722168 131.070526 0.924105 
0.000000 0.000000 0.000000 
18
589.786011 135.535110 0.872113 
553.060364 160.529419 0.812484 
558.893127 169.301971 0.917768 
558.911255 219.350616 0.920659 
594.236694 210.515732 0.926901 
547.138184 157.573151 0.756786 
560.405029 201.651138 0.208260 
0.000000 0.000000 0.000000 
558.901245 251.705429 0.808727 
553.037292 308.963135 0.823063 
547.233398 358.944580 0.872657 
545.706726 250.159882 0.702623 
542.771118 301.697357 0.720262 
547.181274 348.704559 0.610016 
585.408386 131.107697 0.872728 
0.000000 0.000000 0.000000 
570.725830 131.085007 0.924490 
0.000000 0.000000 0.000000 
18
588.375793 135.546783 0.866831 
553.054993 160.531281 0.808696 
558.890747 169.297180 0.918720 
558.927246 219.362091 0.914719 
594.225098 210.508636 0.933501 
545.761230 157.579453 0.752096 
558.963623 201.683640 0.195361 
0.000000 0.000000 0.000000 
558.908508 251.704071 0.804988 
553.047424 308.977203 0.827860 
547.223267 358.948303 0.870853 
545.702332 250.158478 0.705551 
542.740356 301.683624 0.715952 
547.166138 348.695648 0.598067 
585.404236 131.120865 0.872453 
0.000000 0.000000 0.000000 
570.727051 131.083969 0.925790 
0.000000 0.000000 0.000000 
18
588.372131 135.539795 0.864355 
553.054260 160.527176 0.808996 
558.887146 169.297287 0.915973 
558.913696 219.370209 0.913115 
594.206482 210.516830 0.925987 
547.134399 157.571701 0.751993 
558.951355 203.125809 0.200782 
0.000000 0.000000 0.000000 
557.529114 251.711777 0.806416 
553.046265 308.979004 0.827827 
547.227356 358.946838 0.871507 
545.689209 250.156647 0.699843 
542.744263 303.113922 0.713925 
547.164978 348.721039 0.600700 
585.401917 131.119141 0.870644 
0.000000 0.000000 0.000000 
570.740967 131.093704 0.923253 
0.000000 0.000000 0.000000 
18
589.804321 135.551254 0.865578 
553.047791 160.545639 0.804865 
558.893921 169.325653 0.921543 
558.890747 219.374969 0.912304 
594.193115 210.527084 0.934377 
545.758484 157.571121 0.751863 
558.955017 203.141800 0.196978 
0.000000 0.000000 0.000000 
557.526428 253.090820 0.806359 
551.582275 309.011169 0.832581 
547.227783 358.977417 0.879901 
545.706055 250.170853 0.707648 
542.796326 304.609344 0.698293 
547.198792 348.719757 0.585288 
585.433960 132.511520 0.867020 
0.000000 0.000000 0.000000 
570.753357 131.079590 0.914082 
0.000000 0.000000 0.000000 
18
589.795654 135.549133 0.869205 
553.042969 160.526962 0.809058 
558.885010 169.304169 0.921375 
558.890564 219.364502 0.911353 
592.829895 210.477371 0.926429 
545.756165 157.560852 0.747142 
560.417664 203.128845 0.199593 
0.000000 0.000000 0.000000 
557.516418 253.097412 0.803006 
551.604248 309.012115 0.832967 
547.227661 358.964661 0.875253 
545.709290 250.181641 0.706203 
544.200745 306.045746 0.709453 
547.217285 350.166534 0.598553 
585.427185 132.511597 0.870260 
0.000000 0.000000 0.000000 
570.753296 131.084717 0.916024 
0.000000 0.000000 0.000000 
18
589.789612 135.534668 0.867079 
551.626770 160.520889 0.813014 
558.889099 169.316818 0.923938 
558.885254 219.369720 0.905209 
592.821289 207.598557 0.951791 
545.745544 157.541336 0.754084 
560.418396 200.201736 0.195630 
0.000000 0.000000 0.000000 
557.514160 253.097366 0.796609 
551.585022 308.997375 0.826614 
547.238403 358.955688 0.878985 
545.693176 250.176437 0.699758 
542.798584 304.589142 0.703647 
547.178894 348.723785 0.603559 
585.406738 131.121399 0.870299 
0.000000 0.000000 0.000000 
570.741028 131.107910 0.920792 
0.000000 0.000000 0.000000 
18
589.788391 135.525696 0.859422 
551.614380 160.515778 0.824132 
558.888672 169.308517 0.913466 
557.548462 219.360199 0.909653 
592.784424 207.591705 0.927908 
545.729492 157.541138 0.764164 
561.865601 200.195023 0.215366 
591.254517 201.684631 0.529381 
557.499451 253.094269 0.794647 
551.600098 309.002563 0.825247 
547.229065 358.952393 0.877155 
545.689453 250.168747 0.692424 
542.798767 304.597473 0.707008 
547.145569 348.728485 0.596158 
585.421387 131.103348 0.862712 
0.000000 0.000000 0.000000 
570.747070 131.079330 0.917679 
0.000000 0.000000 0.000000 
18
588.348328 135.528732 0.853275 
551.599731 160.514801 0.821013 
557.534363 169.285492 0.906207 
558.902344 219.337387 0.932644 
592.794617 206.116043 0.989342 
545.722839 157.550232 0.758102 
561.869629 200.191681 0.198074 
0.000000 0.000000 0.000000 
557.494629 253.092743 0.796862 
551.604858 308.992859 0.824928 
547.230774 358.954254 0.865029 
545.709839 250.167908 0.692425 
544.186829 304.594635 0.707360 
547.148438 350.161560 0.602862 
583.994019 131.102600 0.868558 
0.000000 0.000000 0.000000 
570.705688 131.075592 0.927843 
0.000000 0.000000 0.000000 
18
588.325684 134.111191 0.849360 
551.579468 160.508972 0.820899 
557.511719 169.268280 0.898269 
558.980652 219.325836 0.933482 
594.182739 206.032883 0.989590 
545.720764 157.555710 0.764782 
563.325317 201.680679 0.194666 
0.000000 0.000000 0.000000 
557.494263 251.708481 0.796307 
551.605835 308.988434 0.817927 
547.236145 358.944489 0.861878 
545.718140 250.159546 0.680402 
544.191467 304.578400 0.707076 
547.153015 348.732880 0.600482 
583.966675 128.180374 0.864204 
0.000000 0.000000 0.000000 
570.704590 129.637985 0.925627 
0.000000 0.000000 0.000000 
18
586.900146 134.099045 0.867747 
550.138733 160.508072 0.823041 
557.499573 169.283905 0.898894 
560.476501 217.936935 0.912467 
594.234009 203.116730 0.919208 
545.679138 157.562256 0.777514 
564.789856 201.659790 0.181277 
0.000000 0.000000 0.000000 
558.906677 251.708923 0.808379 
551.620422 308.961945 0.813288 
547.236816 358.964172 0.877403 
545.708862 250.148743 0.692446 
544.192993 304.568268 0.722450 
547.186829 348.719421 0.604319 
583.939697 128.156372 0.876289 
0.000000 0.000000 0.000000 
570.659607 129.624741 0.930008 
0.000000 0.000000 0.000000 
18
585.438293 134.002594 0.859008 
550.124390 159.116379 0.837053 
557.459839 167.873291 0.883909 
567.717102 217.862320 0.933744 
594.307861 195.830063 0.934676 
545.691223 157.542374 0.790815 
560.399719 188.469254 0.218065 
0.000000 0.000000 0.000000 
557.530823 251.692642 0.814113 
551.592712 308.972534 0.813661 
547.243286 358.976471 0.872342 
545.700989 248.726822 0.689166 
542.774292 303.144073 0.712974 
547.185120 350.147491 0.588302 
582.535278 125.269661 0.905817 
0.000000 0.000000 0.000000 
570.649841 129.611725 0.932057 
0.000000 0.000000 0.000000 
18
582.531006 132.530243 0.830105 
550.104980 159.108658 0.837221 
557.432007 167.866898 0.852829 
569.272339 216.447830 0.966590 
595.683228 192.838608 0.883429 
545.691467 157.550079 0.799708 
563.347900 186.981979 0.232686 
0.000000 0.000000 0.000000 
557.509949 251.676636 0.817384 
551.572449 308.985382 0.806171 
547.243713 358.978699 0.864008 
545.689026 248.703522 0.670464 
544.183777 304.584564 0.702748 
547.205933 350.170441 0.597236 
581.038025 123.807663 0.934055 
0.000000 0.000000 0.000000 
569.203064 128.183136 0.923558 
0.000000 0.000000 0.000000 
18
582.496948 131.094559 0.836133 
550.112305 159.074341 0.861136 
557.438477 167.870911 0.858936 
572.207214 216.413986 0.946586 
597.202087 182.632904 0.857756 
545.729065 157.495346 0.805317 
566.298950 178.155258 0.324443 
592.806335 179.591003 0.626930 
557.469849 250.199158 0.803263 
550.140259 308.963562 0.800842 
547.233643 358.965179 0.865742 
545.669922 244.334839 0.651930 
544.207092 303.136841 0.696999 
547.196655 348.732147 0.593208 
581.001465 123.774986 0.948805 
0.000000 0.000000 0.000000 
569.179565 128.179626 0.921353 
0.000000 0.000000 0.000000 
18
582.440857 128.145493 0.830193 
548.712585 158.988647 0.855200 
555.968994 166.359680 0.795132 
580.931274 210.503784 0.910760 
595.758606 181.049835 0.806435 
547.141174 156.071960 0.773668 
566.267761 179.636307 0.323460 
0.000000 0.000000 0.000000 
556.006714 247.273483 0.763962 
550.135681 308.952606 0.786218 
547.229553 358.971741 0.855331 
545.751160 242.865372 0.594796 
544.216125 303.112579 0.689074 
547.211060 350.151367 0.600158 
580.921875 123.710220 0.911750 
0.000000 0.000000 0.000000 
567.751953 128.155045 0.888242 
0.000000 0.000000 0.000000 
18
582.415833 125.219307 0.876258 
548.698364 157.621002 0.840726 
554.525208 163.478012 0.767262 
582.454163 206.171127 0.984747 
597.196106 170.840057 0.833654 
545.767700 156.051132 0.758562 
566.295105 170.872665 0.344361 
0.000000 0.000000 0.000000 
555.977539 247.257126 0.748277 
550.121948 307.545807 0.790254 
547.227661 358.972168 0.858780 
547.157593 242.868195 0.597031 
544.269836 303.136963 0.697126 
547.188599 350.161255 0.604094 
579.514282 122.283875 0.901208 
0.000000 0.000000 0.000000 
566.291565 126.710976 0.864275 
0.000000 0.000000 0.000000 
18
581.020752 123.791176 0.879253 
548.689758 157.609863 0.827274 
554.539307 164.901459 0.743026 
585.404175 204.654984 0.918706 
597.190002 167.839172 0.809308 
545.760864 156.050079 0.768690 
564.812317 170.754684 0.293593 
0.000000 0.000000 0.000000 
554.508667 245.781631 0.725905 
550.109619 307.513367 0.771610 
547.227295 358.971405 0.855608 
547.167358 242.832184 0.592842 
544.246765 301.693420 0.694972 
547.232666 348.722931 0.603497 
578.030518 122.232117 0.853079 
0.000000 0.000000 0.000000 
564.801575 128.135590 0.851174 
0.000000 0.000000 0.000000 
18
580.971924 123.723282 0.902462 
548.696655 157.598480 0.832931 
551.615723 164.914627 0.739906 
591.290466 200.218246 0.873658 
595.709473 159.106140 0.811801 
547.148499 154.628952 0.726384 
567.760498 160.518478 0.320101 
592.769287 156.111511 0.638827 
553.075623 244.331650 0.706719 
550.102356 307.500763 0.772302 
547.220032 358.973907 0.854950 
547.232422 241.417786 0.579735 
544.258057 303.099426 0.702979 
547.214722 350.166412 0.601374 
575.127869 120.827705 0.859068 
0.000000 0.000000 0.000000 
561.877991 128.133774 0.867360 
0.000000 0.000000 0.000000 
18
580.912781 122.309113 0.889465 
548.655945 157.627335 0.833177 
553.052124 164.914383 0.743039 
592.797852 194.374329 0.974241 
595.752869 156.118042 0.815410 
545.730652 156.077988 0.737564 
567.751526 157.579880 0.227549 
594.173828 150.237000 0.551861 
553.091919 245.770447 0.693139 
550.133057 307.516968 0.766197 
547.221008 358.983551 0.849237 
547.184875 242.831223 0.585447 
544.242371 301.698914 0.709372 
547.210876 350.167480 0.610416 
572.233459 119.366959 0.843245 
0.000000 0.000000 0.000000 
560.427734 128.167831 0.893429 
0.000000 0.000000 0.000000 
18
578.074158 122.297783 0.854566 
548.662781 157.614853 0.846875 
553.041687 164.940369 0.758337 
594.266174 194.327301 1.001057 
594.292114 153.182281 0.854997 
545.727966 154.638519 0.712491 
575.100281 191.394516 0.098001 
0.000000 0.000000 0.000000 
554.517212 245.772034 0.693726 
550.124023 306.071320 0.774817 
547.218811 358.961151 0.865627 
547.189209 242.826843 0.585807 
544.247681 301.678864 0.709119 
547.199951 348.725525 0.609053 
570.771301 120.769836 0.878575 
0.000000 0.000000 0.000000 
559.000610 129.610641 0.922555 
0.000000 0.000000 0.000000 
18
576.600464 122.231773 0.841079 
548.661316 157.598648 0.847010 
551.622681 163.469238 0.761271 
595.696655 192.794510 0.917427 
594.233398 148.742691 0.902686 
545.718567 154.626709 0.694082 
579.500610 185.500504 0.106234 
0.000000 0.000000 0.000000 
554.541687 245.766342 0.689197 
550.157288 307.503448 0.765292 
547.220825 358.950287 0.860769 
547.192444 241.425583 0.600077 
544.225830 301.671173 0.706360 
547.173523 348.707794 0.608204 
570.700439 117.893860 0.876379 
0.000000 0.000000 0.000000 
558.949402 129.649521 0.933516 
0.000000 0.000000 0.000000 
18
575.100830 120.815620 0.790295 
548.676514 157.602493 0.823983 
553.053894 163.442093 0.751943 
598.622803 188.456284 0.826765 
592.807068 145.847900 0.940040 
545.725525 154.646225 0.666543 
569.208740 156.088013 0.101375 
0.000000 0.000000 0.000000 
554.559998 245.800537 0.686418 
551.582642 307.498962 0.760994 
547.237244 358.952301 0.853818 
547.224670 242.856628 0.602620 
544.225525 301.669647 0.708610 
547.172119 348.729767 0.606621 
570.659546 116.422928 0.862438 
0.000000 0.000000 0.000000 
558.939514 129.645050 0.951241 
0.000000 0.000000 0.000000 
18
572.167725 119.366188 0.821585 
548.688049 157.595230 0.810215 
551.627502 161.960587 0.756659 
600.103943 184.091339 0.854045 
592.764465 145.763977 0.944824 
545.755432 156.052582 0.660009 
582.472107 189.906357 0.109452 
0.000000 0.000000 0.000000 
555.982178 247.235931 0.686974 
550.143555 306.070099 0.762365 
547.240295 358.972656 0.859500 
547.177795 242.861801 0.616565 
544.198547 301.652069 0.701376 
547.176514 350.175293 0.591750 
569.221008 116.414253 0.852391 
0.000000 0.000000 0.000000 
558.895752 131.059723 0.952812 
0.000000 0.000000 0.000000 
18
570.741150 119.326332 0.761640 
548.708069 157.583359 0.794436 
551.613220 160.540970 0.763679 
603.005005 184.007034 0.891570 
591.313965 144.277237 0.875991 
547.165710 156.046814 0.643583 
582.465515 191.368164 0.085042 
0.000000 0.000000 0.000000 
555.965454 245.803452 0.680672 
550.159851 306.054108 0.761286 
547.221191 358.960449 0.853613 
547.156433 242.832535 0.630160 
544.208435 301.633026 0.705268 
547.208923 348.713776 0.611599 
569.171448 116.402336 0.788446 
0.000000 0.000000 0.000000 
557.537964 129.628860 0.960331 
0.000000 0.000000 0.000000 
18
570.715820 114.954140 0.814471 
548.710754 157.568039 0.777959 
551.618713 160.531265 0.752726 
603.074036 182.525040 0.954660 
589.819031 139.907791 0.832692 
547.179138 154.627045 0.623031 
583.941528 191.346420 0.063365 
0.000000 0.000000 0.000000 
555.981750 245.796387 0.687221 
551.596008 306.037720 0.757859 
547.224976 358.953094 0.854752 
547.155457 241.433426 0.634704 
544.208313 300.221283 0.720726 
547.152039 348.694855 0.595949 
567.756287 113.507042 0.813660 
0.000000 0.000000 0.000000 
557.506226 129.636032 0.957677 
0.000000 0.000000 0.000000 
18
570.752075 114.942970 0.794177 
548.709106 157.561615 0.772741 
551.636169 160.524475 0.744060 
604.451355 181.114777 0.971827 
589.816772 138.434082 0.856271 
547.175964 154.618973 0.617313 
586.876465 186.987640 0.054121 
0.000000 0.000000 0.000000 
555.987366 244.340973 0.690089 
551.619263 304.608612 0.750106 
547.220520 358.936523 0.852040 
547.157349 241.393951 0.644563 
544.222595 300.204468 0.724034 
547.180908 348.678589 0.602455 
567.770020 113.506378 0.793085 
0.000000 0.000000 0.000000 
557.493896 129.622620 0.952020 
0.000000 0.000000 0.000000 
18
570.697571 113.497658 0.816366 
550.104004 157.572449 0.757523 
551.583801 160.520889 0.747000 
604.525818 181.033432 0.974797 
586.894165 136.988922 0.868962 
547.228699 154.648575 0.613210 
595.742920 184.046509 0.073459 
0.000000 0.000000 0.000000 
556.003601 244.342346 0.693045 
553.042358 304.572968 0.757440 
547.210510 357.578827 0.859575 
547.156860 241.395920 0.652772 
544.224915 300.185425 0.732997 
547.147156 347.229095 0.613882 
566.291870 113.462662 0.781510 
0.000000 0.000000 0.000000 
557.425842 129.625320 0.939638 
0.000000 0.000000 0.000000 
18
569.303223 114.935516 0.736959 
548.694885 157.584274 0.762768 
550.163879 160.518738 0.739541 
604.541321 179.594574 0.940632 
586.889038 136.976486 0.868435 
547.196350 156.044037 0.625328 
0.000000 0.000000 0.000000 
0.000000 0.000000 0.000000 
556.014771 245.764893 0.696474 
553.040222 304.605377 0.751788 
547.222351 357.576416 0.855545 
547.143372 241.395447 0.649312 
544.206055 300.178711 0.726881 
547.151184 347.215637 0.598053 
566.269958 113.515846 0.716765 
0.000000 0.000000 0.000000 
557.422974 129.650467 0.936672 
0.000000 0.000000 0.000000 
18
569.246948 114.907722 0.777799 
548.699768 157.569824 0.775827 
551.596436 160.546860 0.728219 
604.550049 178.143417 0.924806 
585.426453 135.523621 0.884371 
547.197571 154.623901 0.634708 
0.000000 0.000000 0.000000 
0.000000 0.000000 0.000000 
557.406616 244.293976 0.697771 
553.081482 303.144958 0.757745 
547.230652 357.581604 0.848621 
547.143921 241.356079 0.671576 
542.796387 300.135529 0.747216 
547.144714 347.239471 0.629206 
563.351135 114.912186 0.733249 
0.000000 0.000000 0.000000 
555.992920 129.659576 0.903873 
0.000000 0.000000 0.000000 
18
569.207764 114.939980 0.735453 
548.710266 157.574158 0.767453 
551.590271 160.540482 0.731680 
604.544312 176.679199 0.905456 
585.418030 135.533081 0.883064 
547.210571 154.632263 0.629546 
595.738464 182.523712 0.064481 
0.000000 0.000000 0.000000 
557.405273 244.297928 0.703384 
553.083008 303.149414 0.753688 
547.252747 357.569824 0.843785 
547.155090 241.361465 0.665120 
544.186646 300.148438 0.746850 
545.749146 347.240753 0.631146 
561.901611 114.947647 0.716485 
0.000000 0.000000 0.000000 
555.980957 129.648544 0.904963 
0.000000 0.000000 0.000000 
18
569.176514 114.939903 0.734757 
548.709229 157.567871 0.764197 
551.583191 160.530090 0.732253 
604.562805 173.783508 0.905530 
583.958374 135.453888 0.907451 
547.212708 154.623962 0.615615 
597.196350 181.123047 0.066227 
0.000000 0.000000 0.000000 
557.408264 244.319199 0.700991 
553.074097 304.583038 0.750794 
547.237610 358.938293 0.839619 
547.166870 241.382538 0.660002 
544.186340 300.168274 0.754954 
547.150330 347.268433 0.624350 
560.473938 116.371941 0.730647 
0.000000 0.000000 0.000000 
554.560181 129.642960 0.893077 
0.000000 0.000000 0.000000 
18
567.789001 117.847481 0.690634 
548.695740 157.574539 0.762930 
550.149353 160.512009 0.745722 
604.576233 173.767670 0.913259 
583.917053 134.091064 0.942869 
547.208923 154.643784 0.606302 
598.664307 181.105988 0.068585 
0.000000 0.000000 0.000000 
556.030823 244.340988 0.699018 
553.067627 304.584473 0.754949 
547.233215 357.568542 0.835204 
547.170105 241.397018 0.651774 
544.194885 300.171356 0.748739 
547.167542 347.258209 0.627638 
560.451965 117.844513 0.735547 
0.000000 0.000000 0.000000 
554.525574 129.619186 0.879522 
0.000000 0.000000 0.000000 
18
567.795471 117.871712 0.729777 
548.702148 157.578003 0.764232 
550.155212 160.522324 0.742759 
604.580383 173.738815 0.917203 
583.928955 134.082001 0.947514 
548.637085 156.043732 0.613083 
601.580383 179.645813 0.082190 
0.000000 0.000000 0.000000 
557.414001 244.341110 0.706560 
553.092285 304.578552 0.756423 
547.233459 357.562164 0.838169 
547.190430 241.401703 0.648211 
544.204895 300.158783 0.753063 
545.742371 347.229187 0.621102 
560.440002 117.860107 0.767571 
0.000000 0.000000 0.000000 
553.082092 129.650085 0.867622 
0.000000 0.000000 0.000000 
18
567.778320 116.395729 0.713686 
548.687805 157.586670 0.769533 
550.161682 160.523560 0.737874 
604.584778 172.295410 0.921819 
583.948914 134.067017 0.921498 
547.207214 156.054886 0.624598 
603.028137 179.595139 0.090398 
0.000000 0.000000 0.000000 
557.410217 244.330719 0.704688 
553.076355 304.595184 0.757389 
547.238403 357.570557 0.849115 
547.156982 241.385269 0.660792 
542.780151 300.152893 0.751281 
545.747314 347.243469 0.615895 
560.435120 116.407951 0.739608 
0.000000 0.000000 0.000000 
554.508057 129.616592 0.863628 
0.000000 0.000000 0.000000 
18
566.305786 114.938599 0.688557 
548.662842 157.585052 0.773183 
550.160889 160.518600 0.736732 
605.938477 172.288162 0.927404 
583.945435 134.060013 0.948874 
547.166138 156.056778 0.629439 
603.039246 179.615005 0.084716 
0.000000 0.000000 0.000000 
557.435852 245.773209 0.710334 
553.091980 304.582184 0.762688 
547.205261 358.945557 0.855001 
545.758667 241.411545 0.671506 
544.193176 300.153290 0.747876 
547.138062 347.245575 0.616500 
559.017029 114.962402 0.742700 
0.000000 0.000000 0.000000 
553.066528 129.615631 0.857132 
0.000000 0.000000 0.000000 
18
564.813965 117.850464 0.655407 
548.669067 157.589386 0.774581 
551.583191 160.534683 0.732414 
605.942383 172.263199 0.938064 
583.946838 134.047974 0.940931 
547.158325 156.069397 0.627769 
603.039917 179.638107 0.083462 
0.000000 0.000000 0.000000 
557.424927 245.765762 0.704498 
553.084045 304.581757 0.756557 
547.212769 357.579041 0.845240 
545.757751 241.397934 0.672364 
542.778503 298.730865 0.731685 
545.759949 347.209869 0.609880 
558.978455 117.864365 0.728418 
0.000000 0.000000 0.000000 
553.044312 131.067780 0.852316 
0.000000 0.000000 0.000000 
