40
1
18
503.091949 169.372025 0.939926 
498.705261 203.160400 0.931179 
473.698730 203.143692 0.882203 
464.810547 245.777924 0.860312 
461.933167 278.119812 0.904018 
523.695618 204.586716 0.938176 
531.024963 247.263580 0.811017 
533.953369 281.079590 0.889562 
482.503601 276.669403 0.793778 
486.931244 325.212067 0.874108 
489.862976 369.229553 0.875976 
511.963074 276.618317 0.855523 
511.906158 325.196655 0.924563 
522.200012 370.767731 0.911235 
498.668121 163.430008 0.895613 
510.451294 164.889343 0.931856 
488.334137 167.856567 0.884771 
516.283752 169.304993 0.483555 
18
501.597748 169.356018 0.976732 
497.206268 203.149490 0.908421 
469.252808 203.100113 0.849431 
463.368317 245.809601 0.869617 
463.310852 278.184937 0.890154 
522.237427 204.558411 0.941703 
526.604309 244.329041 0.820274 
532.496948 278.186035 0.901669 
479.589264 276.604889 0.797601 
486.927063 323.767609 0.904151 
488.430603 369.213562 0.867984 
511.893982 275.189606 0.887595 
511.831848 325.154663 0.893769 
514.871460 369.335754 0.879784 
497.211304 163.437988 0.875177 
508.975159 163.456635 0.918240 
486.864655 167.851410 0.882212 
511.963135 169.285233 0.452847 
18
500.139221 169.311951 1.010900 
495.737366 203.146057 0.892344 
466.362793 203.117142 0.874908 
463.331665 245.792053 0.868519 
463.306976 278.149292 0.882100 
522.170532 203.164902 0.928346 
525.135376 242.860977 0.863727 
532.475403 278.100403 0.927349 
480.999786 275.197876 0.808704 
486.919128 323.713043 0.912839 
488.427338 369.226349 0.900241 
511.899780 275.147888 0.888034 
510.398865 325.152130 0.886657 
511.874390 369.269562 0.913279 
495.709686 161.979614 0.862168 
507.469666 161.997299 0.891046 
485.441406 167.809692 0.833197 
511.874268 169.253250 0.525496 
18
498.690277 169.275986 1.005226 
494.229340 203.140396 0.874385 
466.306122 203.104141 0.885820 
461.930420 244.330429 0.860726 
463.311035 279.593597 0.862691 
520.720215 203.160538 0.885114 
525.121094 242.843353 0.866640 
532.503296 276.727783 0.940161 
479.545105 275.200073 0.812925 
486.934479 323.698639 0.911893 
488.415619 369.212463 0.911977 
511.847992 275.128571 0.872398 
508.967529 323.760559 0.862213 
510.431061 369.246033 0.877814 
491.303986 160.499939 0.889327 
503.106659 160.559555 0.895565 
482.509460 163.474854 0.757169 
511.839020 167.834061 0.611017 
18
498.633331 169.251434 0.963084 
492.770325 204.541718 0.890967 
464.904755 204.550507 0.920156 
461.928894 247.225922 0.849709 
463.323700 282.510773 0.856876 
520.697327 203.168121 0.877387 
525.133179 242.886414 0.845971 
532.510742 276.730194 0.937648 
479.551910 276.603607 0.816745 
486.917816 323.677826 0.909794 
488.413086 367.845001 0.911338 
511.832031 275.156677 0.880144 
510.345886 323.705109 0.873329 
510.445404 369.214630 0.878720 
489.851746 159.123444 0.917914 
501.645721 160.513489 0.921420 
479.547394 163.466232 0.802514 
510.413879 166.368454 0.500392 
18
497.208893 167.804962 0.904940 
492.798187 204.532700 0.882262 
466.303070 204.551987 0.911960 
463.345764 247.254364 0.867317 
463.338348 281.072784 0.879196 
520.694458 203.150879 0.876161 
525.163818 244.327850 0.829605 
532.503418 278.135010 0.915312 
479.582123 276.602295 0.805483 
486.919708 323.663971 0.911932 
488.410309 367.821442 0.905283 
511.841156 275.156738 0.883777 
510.356598 322.298584 0.878331 
510.444916 369.209167 0.874646 
488.422607 159.060394 0.973557 
500.223511 159.068390 0.953837 
478.106445 163.471344 0.838849 
510.363159 163.451492 0.544686 
18
495.724213 164.912354 0.869977 
494.257813 203.127457 0.873149 
466.334930 203.119324 0.880461 
463.373627 247.235504 0.867749 
463.365631 281.063660 0.890084 
520.743652 203.139038 0.876224 
528.076416 241.423004 0.864120 
532.455017 276.651703 0.940694 
481.014709 276.608368 0.810143 
486.929901 323.664032 0.928132 
488.410400 367.824646 0.908812 
511.865692 275.172852 0.887720 
510.354614 322.259460 0.875788 
510.450012 367.835602 0.888981 
488.353210 159.004227 0.986783 
500.154480 159.006592 0.979170 
478.102356 163.438278 0.839980 
510.349884 163.433578 0.735298 
18
495.718536 163.438416 0.864819 
494.266449 201.690750 0.863454 
466.337250 201.685074 0.864474 
463.346649 245.768890 0.862522 
463.364777 279.590363 0.887958 
520.744202 201.669083 0.843651 
532.486206 239.819809 0.873715 
531.013000 266.371063 0.820861 
479.539612 276.606934 0.812429 
486.940765 323.696350 0.921373 
488.411163 367.837524 0.903125 
510.463715 275.157715 0.873502 
510.381165 322.267212 0.871655 
510.464081 367.811035 0.884930 
488.361420 157.632629 0.980648 
500.160645 158.983551 0.978925 
478.119385 161.970673 0.832305 
510.372681 163.451126 0.794330 
18
497.144165 163.464890 0.865762 
495.716339 201.644012 0.873118 
466.321716 203.089111 0.879740 
463.336884 244.339035 0.859304 
463.361267 278.138794 0.875676 
522.166870 200.210403 0.869277 
536.915710 231.138123 0.874716 
525.105347 253.102676 0.833935 
481.038788 276.612671 0.806915 
486.952728 323.687286 0.915398 
488.412323 367.839111 0.900058 
511.878357 273.741119 0.864239 
510.342896 322.274323 0.868940 
510.463501 369.230560 0.892417 
488.399689 158.970261 0.969332 
500.195984 158.999893 0.962701 
479.564240 161.960922 0.811305 
510.404388 163.447540 0.798222 
18
497.183624 164.913589 0.874147 
497.141174 198.737259 0.868118 
466.348328 201.651703 0.860041 
463.346466 244.318008 0.873623 
463.338806 278.154053 0.872717 
522.221802 197.287079 0.893574 
544.250977 231.054230 0.749796 
544.260071 229.587692 0.698318 
481.030029 275.163208 0.813762 
486.959686 323.665344 0.913412 
488.410034 367.830231 0.892905 
511.946350 272.265717 0.839304 
510.356720 322.244934 0.864523 
510.451385 369.226898 0.885743 
488.427551 158.994064 0.961205 
500.223816 159.026642 0.951697 
482.467499 160.572113 0.789309 
510.432831 163.446045 0.811762 
18
497.191650 166.375000 0.887114 
495.724670 201.639206 0.854646 
467.802307 201.653000 0.833524 
463.361847 245.765472 0.869424 
463.316162 278.172821 0.872167 
522.113586 200.213928 0.833396 
554.521606 228.130600 0.900487 
535.413452 204.584778 0.814438 
482.498352 275.163025 0.816576 
486.955780 322.292938 0.906523 
488.423798 367.836761 0.891480 
511.938965 272.262054 0.843702 
510.370605 322.208527 0.867406 
510.454712 369.218872 0.892553 
488.447968 159.011932 0.959194 
501.598450 159.065445 0.941772 
483.926666 161.982910 0.765056 
510.469788 164.930817 0.828670 
18
497.212158 166.407745 0.906005 
497.166779 195.842743 0.881854 
467.822662 200.197113 0.817661 
463.355804 245.763962 0.865256 
463.297729 278.141571 0.883370 
522.180237 194.396835 0.884361 
557.521545 220.786942 0.898532 
535.438232 194.281952 0.928332 
482.493958 275.141388 0.805994 
488.324219 322.281403 0.916243 
488.420593 369.265594 0.905344 
511.965332 272.228668 0.828630 
510.412811 322.203156 0.888358 
510.453094 367.819122 0.899910 
489.821228 159.031738 0.956212 
501.631958 159.093079 0.944734 
483.985260 161.980621 0.740367 
511.847382 166.352615 0.826610 
18
497.186554 167.797607 0.901312 
497.147766 195.823853 0.886413 
469.237152 200.192123 0.817911 
463.330505 244.337769 0.865205 
463.291077 278.139618 0.868939 
522.141296 194.380783 0.895654 
557.491089 216.383652 0.958560 
535.437378 192.790833 0.942502 
482.515381 275.137573 0.809167 
488.338959 322.256378 0.918629 
488.440369 367.833801 0.882256 
511.971466 270.803345 0.825368 
510.427368 322.172089 0.891003 
510.463043 367.784485 0.904081 
488.457397 159.039261 0.976221 
501.610626 159.091873 0.950993 
483.979065 162.018219 0.694350 
511.861908 166.355438 0.836900 
18
495.712646 167.808014 0.889538 
497.173462 195.826660 0.893455 
467.830780 200.188431 0.821658 
463.353058 244.329941 0.862288 
463.305542 278.132263 0.882836 
522.183167 194.391052 0.878621 
557.506836 216.346771 0.954863 
533.976868 191.409637 0.921916 
483.955536 275.124969 0.813779 
488.323669 322.256805 0.914410 
488.436218 369.209534 0.882310 
513.345276 270.788879 0.818098 
510.429779 322.172272 0.889994 
510.466888 367.804810 0.906746 
488.384918 159.052032 0.996189 
500.179199 159.077820 0.968096 
481.055298 163.428940 0.676927 
510.458771 164.901077 0.810661 
18
494.248779 167.860092 0.903702 
497.197723 195.790344 0.909449 
467.832642 198.743515 0.826776 
463.394440 244.335297 0.870803 
463.342346 278.135010 0.905427 
522.222168 194.367584 0.862539 
558.886475 216.296692 0.952089 
533.946716 191.408707 0.907023 
483.962891 275.133575 0.805585 
488.337769 322.279114 0.917350 
488.430786 369.238647 0.893364 
511.978302 272.223358 0.814814 
510.435730 322.179352 0.896639 
510.465515 367.811707 0.907305 
488.348145 159.073334 1.016817 
500.149048 159.117035 0.970251 
481.002533 162.004822 0.634023 
510.458038 164.938812 0.822597 
18
494.260773 167.869522 0.906090 
497.206146 195.847778 0.903291 
470.712952 198.758850 0.828050 
464.810120 242.891571 0.873144 
463.394012 276.686615 0.935727 
522.179871 195.784866 0.864985 
558.957153 214.866470 0.906398 
533.993225 188.419998 0.930197 
485.381195 275.149536 0.812111 
488.344696 322.277466 0.913973 
488.444000 369.227509 0.878300 
513.359863 272.245697 0.806741 
510.437469 322.163879 0.888052 
510.469360 367.812683 0.902584 
488.360016 159.096222 1.002923 
500.140930 159.120728 0.962113 
482.477997 163.445862 0.541026 
510.475067 164.911316 0.818465 
18
492.814484 167.870651 0.901334 
498.578979 197.277969 0.906111 
470.745941 200.225098 0.839890 
464.842896 242.870239 0.876510 
463.433563 276.687622 0.933323 
522.203735 195.798065 0.883232 
558.945923 211.965836 0.897089 
535.398804 185.476715 0.977877 
485.404877 275.143829 0.822958 
488.351532 322.283234 0.916352 
488.447998 369.220886 0.878174 
513.366150 272.249603 0.813854 
510.435577 322.188812 0.894385 
510.470642 367.821960 0.904843 
488.339905 159.083450 1.006978 
500.125732 159.124725 0.970217 
482.465698 161.999847 0.488178 
510.464417 166.357147 0.798726 
18
494.229858 167.869598 0.905033 
498.590851 195.852081 0.914851 
472.181946 200.177032 0.834757 
464.828613 242.834229 0.889143 
463.430878 276.682404 0.934833 
522.200684 195.779602 0.871475 
558.996033 211.989380 0.890419 
533.991089 185.530426 0.940722 
485.398407 275.139832 0.813989 
488.358093 322.282074 0.917935 
488.452484 369.229065 0.875622 
513.364319 272.248749 0.810380 
510.433655 322.189819 0.894493 
510.467987 367.811676 0.898776 
488.333862 159.113602 0.994338 
500.108765 159.114456 0.977953 
481.046906 164.933075 0.536982 
510.454437 164.903702 0.823142 
18
492.780701 167.821808 0.888789 
497.223511 195.796204 0.916687 
470.714081 197.289749 0.832474 
464.817352 241.429565 0.904328 
463.381195 276.656586 0.952432 
522.223633 195.776001 0.852148 
558.961609 214.857666 0.910723 
533.967285 192.771378 0.912080 
483.986786 275.122467 0.805416 
488.358765 322.287811 0.917519 
488.464355 369.216492 0.872769 
513.350464 272.248535 0.814825 
510.420624 322.223236 0.892882 
510.469879 369.219482 0.898692 
488.312439 159.054108 1.008827 
500.105164 159.083755 0.984063 
479.576019 161.991211 0.599586 
510.439575 164.904022 0.838005 
18
491.347168 164.943100 0.876072 
497.195923 195.797363 0.913326 
470.724335 198.713547 0.826852 
463.446869 242.841736 0.887970 
463.358276 276.685699 0.935324 
522.168396 195.765335 0.854755 
558.960693 214.864395 0.915429 
533.936707 189.889603 0.887044 
483.982208 275.119385 0.807354 
488.346985 322.254456 0.920677 
488.447784 369.216187 0.878727 
513.344910 272.225586 0.813556 
510.425079 322.158905 0.891986 
510.479797 367.827972 0.908214 
486.953217 158.986679 1.010755 
500.092346 159.013809 0.997508 
478.127991 160.558655 0.636353 
510.416931 163.442978 0.810788 
18
494.240784 164.944778 0.870469 
497.164124 195.842392 0.893848 
469.270111 200.189758 0.828562 
463.400665 242.873703 0.879488 
463.337128 276.686157 0.923918 
522.129089 194.388977 0.882203 
558.940308 211.976303 0.892146 
535.382141 184.060623 0.955929 
485.384979 275.158173 0.823362 
488.335754 322.277802 0.916507 
488.455322 369.221985 0.888339 
513.359070 272.256104 0.820026 
510.427002 322.157806 0.885874 
510.477905 367.812866 0.906412 
488.340515 158.998077 1.008636 
500.138947 159.031860 0.998282 
479.570770 161.980865 0.701345 
510.414917 164.908890 0.793701 
18
495.711670 166.375641 0.873555 
497.159454 197.241653 0.879201 
469.266571 200.223572 0.827941 
463.408844 244.287857 0.867413 
463.323395 276.706726 0.917972 
522.121216 194.383423 0.875257 
558.943665 210.510635 0.899343 
535.363098 182.642731 0.973844 
485.412842 275.165955 0.833002 
488.354401 322.300812 0.909866 
488.448486 369.237976 0.892278 
513.375916 272.260956 0.811683 
510.421814 322.199921 0.897982 
510.476166 367.841827 0.912650 
488.369904 159.006958 0.996473 
500.175171 159.035187 0.979978 
481.001740 160.569855 0.750522 
510.426208 163.443375 0.775883 
18
497.180847 166.354401 0.877595 
497.158325 195.830551 0.876669 
469.255737 198.747559 0.820650 
463.404724 244.294708 0.865788 
463.325897 276.716309 0.915860 
520.753235 194.385956 0.848123 
558.915344 213.415863 0.900286 
532.499939 186.957275 0.858698 
485.400116 275.134949 0.825916 
488.344910 322.288391 0.911760 
488.455017 369.238831 0.889917 
513.366150 272.226715 0.809157 
510.427948 322.166473 0.896731 
510.470642 367.828552 0.911610 
488.430115 159.000427 0.975461 
501.581421 159.027573 0.963774 
481.040802 160.557312 0.807881 
510.434967 162.002228 0.805229 
18
497.212463 166.362473 0.891946 
495.746307 195.828979 0.876552 
467.794678 200.198639 0.832081 
463.404266 244.307968 0.867965 
463.336609 276.716400 0.914355 
520.750977 194.396164 0.845979 
557.503662 216.303314 0.938305 
532.496643 192.760834 0.878732 
485.377472 275.127869 0.814103 
488.358093 322.269958 0.922057 
488.453583 369.229645 0.891443 
513.344177 272.215149 0.815667 
510.426697 322.168243 0.896274 
510.468964 367.822723 0.913341 
488.445435 158.991852 0.974167 
501.624329 159.040314 0.954727 
479.576355 160.540985 0.843157 
510.437256 163.436096 0.745162 
18
498.634491 166.414597 0.920162 
495.701111 195.826523 0.859716 
467.796783 201.639862 0.831363 
463.404816 244.347443 0.855647 
463.354401 278.120453 0.910548 
520.671875 194.325394 0.848519 
557.496338 214.883621 0.925851 
532.462585 186.990952 0.840054 
485.405823 275.150116 0.822552 
488.362396 322.284607 0.920337 
488.454254 369.243713 0.892484 
513.363770 272.219482 0.805243 
510.425568 322.208618 0.911678 
510.455017 369.207886 0.910786 
489.863831 159.028061 0.941067 
503.053955 159.067780 0.944505 
480.999603 160.564346 0.820123 
510.452484 163.452896 0.620083 
18
498.687622 167.822632 0.949245 
494.284149 197.269165 0.844490 
467.771790 203.092560 0.856729 
463.413208 245.794968 0.856834 
463.361237 278.119873 0.905294 
519.269287 194.372849 0.852352 
557.456360 214.892197 0.933297 
533.953796 185.518631 0.917453 
485.395935 275.151245 0.822776 
488.357025 322.286774 0.913140 
488.450867 369.255737 0.893199 
513.355103 270.797516 0.806660 
510.412933 322.197906 0.903712 
510.463074 367.832062 0.907475 
489.910706 159.055161 0.926449 
503.077118 159.074142 0.933388 
479.557190 160.561539 0.812455 
510.458466 163.432892 0.327757 
18
498.709991 167.828445 0.950822 
494.276459 197.269043 0.844102 
466.377197 203.114059 0.857694 
463.413269 245.791138 0.860356 
463.361572 278.126343 0.907183 
519.274170 194.359406 0.858264 
557.429260 216.355118 0.949617 
533.920898 188.433929 0.858767 
485.388214 275.147827 0.817090 
488.353241 322.276794 0.915309 
488.447662 369.242889 0.889967 
513.343140 270.777924 0.802368 
510.418762 322.189636 0.900029 
510.462402 367.818817 0.902849 
491.333099 159.079666 0.906707 
503.087372 159.086823 0.938138 
479.588959 161.988449 0.802181 
510.425079 163.427567 0.329855 
18
498.709351 167.848236 0.967062 
494.244080 197.254852 0.851217 
466.363586 203.103104 0.848623 
463.405426 245.785126 0.870433 
463.352417 278.144165 0.898592 
519.242065 194.401962 0.824181 
557.418335 217.785004 0.938419 
531.033691 192.763123 0.876331 
485.378693 275.138855 0.811320 
488.349976 322.271667 0.917357 
488.448578 369.253937 0.889689 
511.969879 270.773590 0.811117 
510.424591 322.187408 0.902577 
510.461975 367.825867 0.904887 
491.330719 159.097153 0.908792 
503.074310 159.103867 0.936691 
479.551605 162.003281 0.817103 
510.433167 162.013382 0.279946 
18
500.106415 167.813934 0.957754 
494.247528 198.739319 0.839933 
466.345612 203.124084 0.863218 
463.391510 245.793869 0.867715 
463.347260 278.148651 0.893462 
519.253418 195.847961 0.825549 
556.032593 217.804276 0.932204 
532.477356 192.763397 0.871229 
483.981049 275.156036 0.817511 
488.337646 322.279816 0.919323 
488.444214 369.257019 0.895912 
511.969482 272.215515 0.817847 
510.420380 322.174286 0.891914 
510.465240 367.810455 0.907735 
494.235809 159.106674 0.894683 
504.528625 159.080093 0.946827 
481.019897 164.902679 0.805203 
510.389465 161.990311 0.206331 
18
500.168457 167.811676 0.944362 
492.812500 197.298920 0.839277 
466.336121 203.122421 0.868564 
463.385712 245.799423 0.864412 
463.349335 278.171448 0.879238 
519.240417 195.771362 0.840531 
555.956238 216.434372 0.913367 
530.989990 186.967758 0.805071 
483.983887 275.154541 0.816321 
488.351227 322.262848 0.922151 
488.445801 369.249481 0.891958 
511.960083 270.774689 0.809690 
510.412079 322.170654 0.887792 
510.465240 367.802429 0.903935 
495.749329 159.082581 0.914866 
506.029968 159.061722 0.942371 
481.024017 161.967117 0.810688 
508.938965 163.470825 0.119802 
18
500.213257 167.808609 0.927922 
492.802399 197.286240 0.844788 
466.333801 203.110489 0.863577 
463.385956 247.258209 0.863667 
463.347992 279.590607 0.875757 
519.221802 195.771759 0.840940 
554.502991 216.413940 0.904846 
528.059753 185.503052 0.801799 
485.376740 275.153412 0.819640 
488.356781 322.255005 0.916753 
489.817749 369.238922 0.887331 
511.963501 270.781494 0.812389 
510.407318 322.189941 0.886806 
510.449829 367.836151 0.896025 
497.183838 159.083969 0.934590 
507.475372 159.053940 0.952135 
481.052368 161.980087 0.816811 
507.511993 164.908890 0.096529 
18
500.195374 167.858887 0.958657 
494.247437 195.824600 0.852271 
466.340454 201.677261 0.840836 
463.381226 247.253448 0.860392 
463.354095 278.181641 0.873373 
519.237671 194.361389 0.806369 
551.606873 217.825333 0.906357 
526.592285 192.771149 0.874444 
483.975891 275.148376 0.809088 
488.360535 322.261536 0.916398 
488.455902 369.263824 0.894522 
511.953369 270.755615 0.809998 
510.408661 322.175598 0.883585 
510.460968 367.832336 0.899467 
497.149872 160.489166 0.913391 
507.460541 159.096329 0.957092 
482.496521 163.463730 0.793290 
510.404297 161.958893 0.135434 
18
500.186340 167.848602 0.968558 
494.233337 195.845337 0.839475 
466.318207 203.104767 0.868534 
463.382538 247.224106 0.858423 
463.362671 278.185303 0.872716 
519.230957 194.354202 0.795722 
550.171387 217.905518 0.904211 
528.101501 194.332489 0.872058 
483.976593 275.149231 0.812036 
488.352173 322.249146 0.914353 
488.455994 369.253662 0.889393 
511.960938 270.785187 0.811031 
510.414642 322.188324 0.884749 
510.464661 367.827820 0.897481 
497.134216 159.112534 0.915295 
507.452667 159.092896 0.948812 
482.484558 163.424606 0.790011 
508.968964 161.989853 0.120858 
18
500.200775 167.872009 0.963422 
492.765106 198.742676 0.835235 
466.321808 203.127365 0.871740 
463.393860 247.253830 0.859277 
463.384277 279.578156 0.875686 
516.342041 197.240280 0.806147 
550.140686 217.841125 0.915723 
526.635498 192.795639 0.869522 
485.377380 275.183136 0.815695 
488.353241 322.280914 0.918321 
488.459320 369.259460 0.889824 
511.952759 272.227997 0.819092 
510.408813 322.194061 0.884899 
510.470673 367.838867 0.898333 
497.150787 160.495728 0.905944 
507.465607 159.102890 0.952112 
482.483582 163.473923 0.794891 
508.946381 162.008514 0.116370 
18
500.211456 167.888077 0.967088 
492.785767 198.742783 0.834343 
466.333160 203.145844 0.867925 
463.415649 248.687927 0.860342 
463.435486 279.611053 0.872747 
517.783203 195.803085 0.825808 
550.112671 217.804550 0.923836 
528.083069 189.894974 0.805543 
485.387024 275.158661 0.818511 
488.355927 322.262329 0.917171 
488.461517 369.244415 0.880334 
511.960144 270.783173 0.803730 
510.421295 322.189758 0.891659 
510.472504 367.841187 0.892088 
497.155396 160.500885 0.912756 
507.497284 159.099457 0.964335 
481.042175 163.463608 0.802476 
508.968567 164.902039 0.107785 
18
500.097626 167.888916 0.985984 
494.250061 197.279556 0.843484 
466.367371 203.100540 0.844384 
463.430328 247.255356 0.861319 
463.448029 279.598694 0.877450 
519.219177 195.786835 0.817335 
550.138672 217.812653 0.916719 
526.585266 191.380386 0.863042 
485.399719 275.130859 0.820032 
488.357300 322.257629 0.919319 
488.457794 369.250458 0.885454 
511.967712 270.771454 0.805879 
510.405914 322.194061 0.885381 
510.469055 369.213013 0.889564 
492.813232 160.520264 0.879732 
504.543274 160.479767 0.935705 
482.517700 164.937775 0.797434 
510.488068 161.979294 0.365916 
18
498.666504 169.276962 1.000767 
492.807922 197.263519 0.857782 
466.354034 201.683533 0.851702 
463.423096 247.236786 0.865882 
463.434509 279.613495 0.876955 
517.792236 195.792862 0.822326 
551.599854 217.866653 0.889799 
529.528259 192.901062 0.881068 
485.378113 275.140015 0.821138 
488.336090 322.280090 0.916020 
488.454926 369.243042 0.884065 
511.957336 270.779114 0.816512 
510.407227 322.191101 0.882976 
510.458282 369.223053 0.896231 
489.890259 160.506348 0.904363 
501.664398 160.530807 0.925148 
479.591095 164.888794 0.792162 
510.485077 164.913010 0.505499 
18
498.594940 169.301743 0.967449 
494.247864 198.713425 0.848573 
466.369202 201.666733 0.846279 
463.391968 247.223526 0.859269 
463.419373 278.165619 0.888495 
519.266846 197.241089 0.828650 
551.624146 217.828384 0.906067 
529.515625 189.924637 0.827783 
483.972382 275.151733 0.808181 
488.339569 322.279053 0.915332 
488.457001 369.264282 0.890243 
511.941101 272.240814 0.833264 
510.391235 322.218964 0.879584 
510.459442 369.219238 0.898788 
488.455719 160.528000 0.922131 
501.613525 160.541962 0.924091 
481.007751 163.479233 0.762585 
510.446136 164.918991 0.645518 
18
495.709381 169.295090 0.923578 
494.230621 197.247513 0.864033 
466.368744 200.204117 0.848955 
463.372223 244.332611 0.864061 
463.369232 278.113281 0.901339 
519.236450 195.800064 0.844637 
553.088013 217.790726 0.897197 
532.435425 188.439072 0.843841 
483.936035 275.145508 0.806779 
488.333923 322.289764 0.913224 
488.443176 369.263336 0.900423 
511.931854 272.223999 0.829678 
510.382324 322.233643 0.882187 
510.453400 369.213806 0.895175 
488.366852 160.520844 0.946326 
500.149292 160.533569 0.947834 
481.005646 163.463699 0.731440 
510.401245 164.909454 0.796694 
18
492.797241 169.317673 0.926108 
494.260101 195.813248 0.881565 
467.778381 198.740250 0.835001 
463.333374 242.894562 0.871883 
463.338074 278.118378 0.888648 
519.264526 194.391403 0.842176 
554.559937 217.803329 0.910378 
530.980713 189.892242 0.836195 
482.480286 275.140930 0.806034 
488.320984 323.645752 0.920461 
488.439331 369.258087 0.905713 
511.909760 270.792114 0.828074 
510.362854 322.215912 0.874828 
510.447449 369.211029 0.891561 
488.308716 160.556030 0.949539 
500.082428 160.558365 0.946259 
479.576019 164.927841 0.656627 
510.391510 164.923965 0.810860 
