30
1
18
629.563721 123.835640 0.895442 
595.712769 159.007736 0.883559 
605.952332 167.828934 0.872305 
606.022766 219.368622 0.863453 
617.752869 261.911072 0.892819 
586.888733 156.044037 0.731682 
0.000000 0.000000 0.000000 
0.000000 0.000000 0.000000 
594.311279 251.623215 0.778911 
591.273926 304.618561 0.819890 
583.937805 357.440155 0.876887 
582.459656 245.802628 0.689416 
580.986572 300.252716 0.828160 
570.715759 345.690948 0.665666 
628.010498 122.215294 0.923904 
0.000000 0.000000 0.000000 
614.816895 123.800621 0.912738 
0.000000 0.000000 0.000000 
18
629.563416 125.224129 0.894085 
595.722839 159.013046 0.881488 
605.957458 167.829315 0.866251 
606.028198 219.331497 0.862179 
617.750671 261.911530 0.892568 
586.898499 156.047134 0.738928 
0.000000 0.000000 0.000000 
0.000000 0.000000 0.000000 
594.280090 250.203476 0.772348 
591.269470 304.596680 0.837696 
583.956055 356.052734 0.873122 
581.007935 244.306824 0.718520 
572.219421 298.761841 0.834556 
569.280823 344.297760 0.761167 
628.013794 122.242676 0.930621 
0.000000 0.000000 0.000000 
614.814514 123.802032 0.908055 
0.000000 0.000000 0.000000 
18
629.569763 125.231056 0.889741 
595.715027 159.023621 0.880023 
605.950378 167.820770 0.864263 
606.017151 219.327896 0.867494 
617.749207 261.933594 0.902812 
586.879456 156.076187 0.743259 
0.000000 0.000000 0.000000 
0.000000 0.000000 0.000000 
594.285217 250.207062 0.769458 
591.256592 304.608673 0.835667 
583.940735 356.068054 0.881578 
581.009827 244.310577 0.718639 
572.214966 298.774414 0.844935 
570.688782 345.715729 0.759419 
628.028931 122.246712 0.931972 
0.000000 0.000000 0.000000 
614.834839 123.786461 0.916615 
0.000000 0.000000 0.000000 
18
629.565918 125.248444 0.884762 
595.705994 159.021576 0.882285 
605.949036 167.828171 0.863513 
606.010681 219.339813 0.864475 
617.757874 261.923279 0.901180 
585.443848 156.064713 0.745411 
0.000000 0.000000 0.000000 
0.000000 0.000000 0.000000 
594.281250 250.170197 0.759789 
591.260010 304.578766 0.839096 
583.926819 356.071320 0.890256 
580.986023 242.855515 0.726124 
573.626587 298.733826 0.842661 
569.270569 344.307037 0.765677 
628.023682 122.261559 0.933277 
0.000000 0.000000 0.000000 
614.831970 123.800491 0.919220 
0.000000 0.000000 0.000000 
18
629.573425 125.256424 0.872240 
595.701538 159.017090 0.883683 
605.944458 167.823196 0.861179 
606.012390 219.319321 0.864191 
617.757629 261.920807 0.900795 
585.438843 156.059357 0.747529 
0.000000 0.000000 0.000000 
0.000000 0.000000 0.000000 
594.275146 250.164948 0.760084 
591.264465 304.578613 0.835354 
583.926941 356.082031 0.886226 
580.971497 242.849823 0.727354 
572.223083 298.711639 0.847828 
569.264038 344.276245 0.765581 
628.034363 122.266106 0.925358 
0.000000 0.000000 0.000000 
614.839783 123.802452 0.920207 
0.000000 0.000000 0.000000 
18
629.562195 125.252083 0.873518 
595.695496 159.025238 0.885418 
605.941833 167.841278 0.865922 
606.006348 219.353043 0.856626 
617.753296 261.961334 0.900769 
585.422974 156.064545 0.753226 
0.000000 0.000000 0.000000 
0.000000 0.000000 0.000000 
594.263916 250.176849 0.763675 
591.262085 303.157928 0.839497 
583.931885 356.063293 0.885357 
580.955994 242.858643 0.724247 
573.623596 298.713074 0.837598 
569.281128 344.259949 0.754934 
628.025208 122.265594 0.923823 
0.000000 0.000000 0.000000 
614.842590 123.799942 0.924056 
0.000000 0.000000 0.000000 
18
629.550110 125.218208 0.876953 
595.678650 159.032547 0.880786 
604.586670 167.857635 0.870553 
605.990417 219.376022 0.860907 
617.734375 261.943329 0.902896 
585.405823 156.065613 0.755195 
0.000000 0.000000 0.000000 
0.000000 0.000000 0.000000 
594.262268 250.209045 0.779327 
591.255188 304.592621 0.843607 
583.933716 356.052002 0.857767 
581.009216 244.319626 0.707303 
578.079529 300.208252 0.788528 
576.583496 345.798950 0.656954 
628.009521 122.239693 0.918038 
0.000000 0.000000 0.000000 
614.821594 123.800171 0.922603 
0.000000 0.000000 0.000000 
18
629.540161 125.216064 0.888067 
595.683533 159.026962 0.876694 
604.574097 167.845963 0.869370 
605.980713 219.365036 0.863245 
617.721130 261.947723 0.911169 
585.429626 156.056778 0.743990 
0.000000 0.000000 0.000000 
0.000000 0.000000 0.000000 
594.265137 250.194702 0.769162 
591.275208 304.572754 0.853665 
583.933960 356.052216 0.875917 
581.002319 242.884766 0.710640 
575.129822 300.124207 0.807031 
570.733154 344.311707 0.732019 
628.003723 122.236130 0.919320 
0.000000 0.000000 0.000000 
614.820190 123.793320 0.918068 
0.000000 0.000000 0.000000 
18
629.527893 125.212242 0.899473 
594.305664 159.039597 0.880018 
604.568909 167.866989 0.871689 
605.979797 219.368286 0.864278 
617.722473 261.948486 0.913042 
585.400452 156.068283 0.758908 
0.000000 0.000000 0.000000 
0.000000 0.000000 0.000000 
594.286255 250.198669 0.766168 
591.282898 303.159515 0.846553 
583.931702 356.042999 0.875612 
581.012024 244.298462 0.716412 
575.104919 298.760193 0.815704 
570.734985 344.312317 0.739807 
627.991882 122.229111 0.923146 
0.000000 0.000000 0.000000 
614.794556 123.784935 0.911386 
0.000000 0.000000 0.000000 
18
629.517029 125.211273 0.903998 
594.294739 159.034363 0.888746 
604.561279 167.868515 0.869618 
605.987366 220.765747 0.865766 
617.734558 261.949402 0.909440 
583.987488 156.053284 0.760563 
0.000000 0.000000 0.000000 
0.000000 0.000000 0.000000 
594.291443 250.211914 0.765372 
591.273376 304.580902 0.849639 
583.922852 356.072998 0.876000 
581.035278 244.318726 0.708363 
578.049500 300.145416 0.813974 
572.167725 344.315918 0.709580 
627.981506 122.229851 0.923237 
0.000000 0.000000 0.000000 
614.784973 123.791092 0.909426 
0.000000 0.000000 0.000000 
18
629.503845 123.832703 0.914518 
594.282654 159.044418 0.895554 
604.570251 167.862228 0.872700 
606.014404 219.374344 0.857302 
617.772827 261.964996 0.901537 
583.952393 156.073593 0.779829 
0.000000 0.000000 0.000000 
0.000000 0.000000 0.000000 
594.292480 250.184326 0.750277 
591.297363 303.150604 0.854227 
583.924133 356.059448 0.877962 
581.008240 242.873474 0.713127 
578.022034 298.742188 0.808179 
570.723450 344.261261 0.728361 
627.966858 122.205902 0.917920 
0.000000 0.000000 0.000000 
614.775452 123.774933 0.905605 
0.000000 0.000000 0.000000 
18
629.500793 125.191711 0.923620 
594.268066 159.033661 0.889062 
604.545044 167.841873 0.867164 
606.062622 219.360077 0.855287 
620.681396 261.946075 0.854355 
583.960754 156.059296 0.763329 
0.000000 0.000000 0.000000 
0.000000 0.000000 0.000000 
595.703674 250.160110 0.732968 
591.297241 303.140503 0.845974 
582.558228 356.060242 0.871876 
581.048767 242.869125 0.702815 
579.558044 298.766937 0.848128 
572.196777 344.301422 0.702728 
626.611633 122.205513 0.923071 
0.000000 0.000000 0.000000 
613.367737 123.759361 0.898701 
0.000000 0.000000 0.000000 
18
629.467957 123.815399 0.920561 
594.251160 159.038223 0.897480 
604.526794 167.855072 0.867473 
608.919373 219.353333 0.833779 
628.065063 260.457306 0.873803 
583.927979 156.061523 0.780900 
0.000000 0.000000 0.000000 
0.000000 0.000000 0.000000 
594.273926 247.224564 0.738739 
591.293274 301.703949 0.857943 
582.553772 356.056641 0.867280 
581.025940 241.387772 0.726081 
579.517273 298.703339 0.815618 
573.643188 345.730896 0.666876 
626.569824 120.839806 0.912342 
0.000000 0.000000 0.000000 
613.334229 123.789055 0.903049 
0.000000 0.000000 0.000000 
18
629.461975 123.816391 0.923288 
594.245483 159.042435 0.912136 
604.494568 167.826553 0.865496 
608.939514 219.373444 0.825804 
638.292908 253.114716 0.907172 
583.957214 156.079468 0.786040 
603.053833 207.573959 0.097115 
620.720032 217.901703 0.122601 
595.683533 245.769791 0.738529 
591.277161 301.709900 0.868443 
582.557373 356.067322 0.883917 
581.036011 241.370651 0.743403 
578.040039 298.692963 0.823486 
572.173401 344.302002 0.689221 
626.566040 120.833839 0.912360 
0.000000 0.000000 0.000000 
611.895264 123.770966 0.905693 
0.000000 0.000000 0.000000 
18
629.459473 123.835350 0.930839 
594.253235 159.048752 0.913838 
604.471008 167.828110 0.865268 
610.400513 219.311249 0.846026 
645.723633 239.880722 0.907681 
583.983704 156.089096 0.782109 
613.284058 207.541367 0.210540 
629.555115 217.838760 0.296204 
595.719788 247.254822 0.763441 
591.264343 303.111053 0.878711 
582.550720 356.065765 0.875662 
581.005127 241.386856 0.763764 
576.603027 298.717499 0.823735 
572.160278 344.310333 0.695726 
626.562988 122.202972 0.925320 
0.000000 0.000000 0.000000 
611.865295 123.769188 0.907795 
0.000000 0.000000 0.000000 
18
629.480713 123.818344 0.940059 
594.253113 159.024506 0.908507 
603.067261 166.392227 0.855389 
613.333252 217.833862 0.910877 
654.562012 223.700455 0.889009 
585.406250 156.082520 0.778851 
613.336975 204.604233 0.222795 
644.199768 207.573730 0.255119 
595.735107 248.700363 0.774674 
591.233276 303.125397 0.868332 
583.916321 356.062134 0.866273 
580.994202 241.408020 0.739626 
575.125000 298.714539 0.825469 
572.204895 345.720612 0.679467 
626.576477 120.835518 0.928195 
0.000000 0.000000 0.000000 
611.882019 123.776527 0.907883 
0.000000 0.000000 0.000000 
18
629.484436 123.793976 0.957823 
594.303650 158.991745 0.900069 
603.004150 166.368118 0.806025 
616.208557 216.415802 0.999858 
653.106079 206.067154 0.900251 
589.831177 156.072021 0.766639 
614.804810 184.011658 0.663370 
645.701355 184.013824 0.874976 
595.696472 248.692490 0.783810 
591.240479 301.713409 0.855180 
583.917297 356.065582 0.871231 
582.437134 241.404449 0.707907 
576.608093 298.705627 0.829375 
570.756165 344.285889 0.700013 
626.587219 120.812981 0.919254 
0.000000 0.000000 0.000000 
611.878052 123.764282 0.901580 
0.000000 0.000000 0.000000 
18
629.486877 123.800003 0.951932 
594.285400 157.629044 0.921446 
603.042480 166.386612 0.828935 
616.353149 216.323563 1.005627 
650.117493 192.818298 0.847046 
589.804993 156.046082 0.798526 
614.816589 181.075470 0.663566 
641.338745 181.081284 0.790613 
595.705750 247.248947 0.786881 
591.234863 301.695709 0.854668 
582.552612 356.070892 0.875903 
581.047485 241.358887 0.720906 
578.059326 298.691772 0.830842 
570.703796 344.262207 0.729623 
626.590759 120.830894 0.921824 
0.000000 0.000000 0.000000 
611.872437 123.769821 0.890429 
0.000000 0.000000 0.000000 
18
629.484253 123.764336 0.970735 
594.267517 157.597900 0.925354 
603.035217 166.375031 0.834916 
620.717285 214.917206 0.881509 
645.708984 181.140121 0.860277 
589.793579 154.622177 0.795428 
611.862000 175.240356 0.479482 
638.346497 172.314362 0.668931 
595.716797 247.255478 0.791400 
591.255127 301.683929 0.857221 
582.557373 356.042816 0.857890 
582.453064 241.373123 0.715727 
578.067627 298.699493 0.842509 
570.677795 344.265900 0.715212 
626.573120 120.803123 0.918250 
0.000000 0.000000 0.000000 
610.436340 123.783257 0.879609 
0.000000 0.000000 0.000000 
18
629.481567 123.758621 0.973468 
594.267334 157.576614 0.933863 
604.455994 166.362961 0.850048 
626.525818 211.969772 0.872330 
639.851013 172.319550 0.872665 
588.330566 153.155777 0.798877 
610.400024 170.820236 0.325858 
0.000000 0.000000 0.000000 
595.729858 245.785751 0.782254 
591.276672 301.678223 0.866646 
583.921570 356.055939 0.861744 
582.454590 241.343018 0.716249 
576.567444 298.663818 0.821592 
570.689758 344.260101 0.718648 
626.584045 120.811279 0.924755 
0.000000 0.000000 0.000000 
610.432251 123.779388 0.869384 
0.000000 0.000000 0.000000 
18
629.465454 123.781311 0.950226 
594.285095 157.590622 0.920259 
604.506958 166.379349 0.867348 
626.579834 209.035873 0.907653 
636.895142 170.802536 0.900181 
586.896301 153.156769 0.791830 
611.840698 170.783035 0.210691 
0.000000 0.000000 0.000000 
595.741394 245.809235 0.776270 
591.273254 301.682831 0.870853 
583.918030 356.050232 0.855414 
582.441650 241.357849 0.718063 
576.560242 298.651123 0.817532 
570.743042 344.257172 0.702832 
626.576538 120.839645 0.924553 
0.000000 0.000000 0.000000 
611.858398 123.790520 0.871312 
0.000000 0.000000 0.000000 
18
629.467102 123.790680 0.944116 
594.306335 157.585724 0.899252 
604.494690 166.362747 0.857631 
627.966309 207.610138 0.930453 
630.978333 170.791275 0.934279 
588.357300 154.596436 0.755718 
607.470764 170.800812 0.148823 
0.000000 0.000000 0.000000 
595.752991 245.770828 0.769101 
591.283569 301.673553 0.873657 
582.555664 356.046143 0.855472 
582.474670 241.344513 0.708465 
578.024902 298.654419 0.824093 
570.726624 344.248108 0.709004 
626.579102 120.838310 0.928433 
0.000000 0.000000 0.000000 
611.880676 123.793465 0.880218 
0.000000 0.000000 0.000000 
18
629.501709 123.822449 0.951994 
595.720459 157.588196 0.885880 
604.555542 166.380768 0.852169 
626.583984 210.512405 0.890278 
629.580139 170.840836 0.933251 
589.817749 154.598953 0.758620 
610.406189 169.325272 0.154605 
0.000000 0.000000 0.000000 
597.166016 245.766342 0.766397 
591.288818 301.648804 0.878243 
582.551270 356.039429 0.857628 
582.479736 239.949448 0.712282 
576.592285 297.263977 0.818552 
570.699158 342.841614 0.724449 
626.610291 122.211517 0.952315 
0.000000 0.000000 0.000000 
611.884338 123.805214 0.872652 
0.000000 0.000000 0.000000 
18
629.520142 125.208679 0.919802 
595.723938 157.601456 0.877703 
604.537292 166.382263 0.846738 
626.527527 213.408829 0.870872 
629.571777 172.255997 0.908750 
589.838745 154.621918 0.765402 
608.901550 170.791321 0.148681 
0.000000 0.000000 0.000000 
597.171570 244.336197 0.765566 
591.290405 301.650116 0.873080 
582.555420 356.032074 0.852472 
582.504395 239.931656 0.714123 
578.035828 297.265411 0.818589 
570.713867 344.261017 0.719462 
627.987488 122.243790 0.955189 
0.000000 0.000000 0.000000 
613.351929 123.811836 0.880977 
0.000000 0.000000 0.000000 
18
629.516968 125.210884 0.901285 
595.728821 157.604034 0.870572 
604.544006 166.383652 0.843308 
625.128052 213.455353 0.877776 
629.575317 172.263504 0.906267 
589.847351 154.624924 0.758954 
608.932495 170.783539 0.147849 
0.000000 0.000000 0.000000 
597.198608 245.802826 0.766491 
591.311279 301.672882 0.875692 
583.929504 356.061157 0.845439 
582.511780 241.337158 0.712248 
578.023254 298.635956 0.820360 
570.718201 344.304504 0.735164 
627.990051 122.248497 0.943904 
0.000000 0.000000 0.000000 
614.763428 123.818748 0.887600 
0.000000 0.000000 0.000000 
18
629.515564 125.240013 0.891995 
595.729248 157.622864 0.871768 
604.540649 166.378815 0.847474 
626.522156 213.400436 0.871281 
629.586426 172.292938 0.923575 
589.839600 156.033890 0.761088 
595.727417 189.896530 0.117076 
0.000000 0.000000 0.000000 
597.195435 247.256821 0.766847 
591.311646 301.687805 0.878669 
583.928162 356.060577 0.846959 
582.495178 241.365311 0.711241 
579.479431 298.671997 0.830610 
572.165710 344.302307 0.720499 
627.995972 122.270355 0.945816 
0.000000 0.000000 0.000000 
614.801514 123.816704 0.893422 
0.000000 0.000000 0.000000 
18
629.513428 125.249107 0.892438 
595.729614 157.621689 0.873979 
604.546326 166.375320 0.846436 
626.537659 211.973694 0.882722 
629.591431 172.276108 0.920595 
589.835815 154.649628 0.769122 
610.369202 170.840958 0.119580 
0.000000 0.000000 0.000000 
597.192200 247.237595 0.770080 
591.314758 301.675140 0.884402 
583.926575 356.050323 0.853937 
582.476196 241.348175 0.719748 
578.070801 298.648590 0.820181 
570.752991 344.276093 0.720730 
627.996277 122.275475 0.947431 
0.000000 0.000000 0.000000 
614.801025 123.814240 0.895146 
0.000000 0.000000 0.000000 
18
629.525818 125.235855 0.896630 
595.733887 157.608627 0.874714 
604.554199 166.372269 0.846550 
626.557007 211.947586 0.888970 
629.585876 172.251923 0.921787 
589.840820 154.630692 0.764952 
611.856384 170.765854 0.136394 
0.000000 0.000000 0.000000 
597.210510 247.251022 0.762091 
591.300476 301.711151 0.870147 
583.933044 356.057770 0.846414 
582.491516 241.360352 0.712224 
578.041748 298.716217 0.824737 
572.173096 345.725861 0.711619 
628.005981 122.268005 0.948113 
0.000000 0.000000 0.000000 
614.809326 123.805817 0.896481 
0.000000 0.000000 0.000000 
18
629.533020 125.244247 0.879875 
595.742798 157.614929 0.867454 
604.562378 166.362610 0.848542 
626.573853 210.500549 0.898581 
629.584290 170.863281 0.928596 
591.244324 154.647598 0.762026 
613.291870 170.776215 0.123488 
0.000000 0.000000 0.000000 
597.208740 247.251877 0.760938 
591.296875 303.108337 0.866667 
583.932861 356.077484 0.841897 
582.525146 241.370819 0.698564 
579.486084 298.743591 0.828115 
572.210693 345.740387 0.702744 
628.020447 122.272636 0.938120 
0.000000 0.000000 0.000000 
614.844788 123.793922 0.911453 
0.000000 0.000000 0.000000 
18
629.537598 126.669113 0.866442 
595.742065 157.614441 0.873263 
604.566162 166.361191 0.849524 
626.582520 210.491638 0.900983 
629.587341 170.833435 0.937032 
589.844177 154.641678 0.766712 
613.309692 170.789017 0.124755 
0.000000 0.000000 0.000000 
598.623779 247.230103 0.761617 
591.301025 301.699097 0.866322 
583.917419 356.077820 0.849118 
582.525940 241.353592 0.706014 
579.510498 298.715576 0.833867 
572.188110 345.707001 0.705383 
628.030151 122.307205 0.942359 
0.000000 0.000000 0.000000 
614.848083 123.811348 0.909277 
0.000000 0.000000 0.000000 
