42
1
18
545.728821 170.783417 1.009685 
522.163879 200.224411 0.791464 
525.121460 204.562332 0.908417 
525.174744 241.397888 0.863840 
525.138306 273.724335 0.837920 
513.391663 197.273117 0.686496 
533.930725 231.112259 0.115019 
0.000000 0.000000 0.000000 
533.971008 269.289795 0.731033 
544.229126 316.341064 0.904096 
530.979614 367.773804 0.836746 
520.723816 266.384125 0.682412 
523.631104 310.420593 0.890220 
522.142883 347.229095 0.830975 
539.823242 166.404892 0.880326 
545.688354 164.931290 0.173640 
523.672241 169.310898 0.867988 
0.000000 0.000000 0.000000 
18
545.720642 170.741699 1.009159 
522.182739 200.193588 0.794425 
525.126465 204.563934 0.914684 
525.151489 241.383301 0.869094 
525.149902 273.692780 0.850572 
514.815735 197.237839 0.672174 
533.971802 229.634552 0.119747 
0.000000 0.000000 0.000000 
533.966797 267.832825 0.730660 
544.236450 316.338074 0.899769 
530.975586 367.767181 0.834040 
520.742310 266.360413 0.685512 
523.624023 310.438782 0.884677 
522.129028 347.269440 0.820454 
538.401001 166.374969 0.875221 
545.682922 163.456635 0.214541 
523.680054 169.301788 0.869337 
0.000000 0.000000 0.000000 
18
545.722107 170.740356 1.011827 
522.184937 200.201874 0.795752 
525.126770 204.572128 0.920944 
525.168274 241.405472 0.866416 
525.181519 273.684357 0.824459 
514.817810 197.240128 0.673988 
533.966614 229.616486 0.108945 
0.000000 0.000000 0.000000 
533.972412 267.850372 0.732003 
544.242065 316.343536 0.901085 
529.556519 367.768066 0.830280 
520.739014 266.368256 0.687073 
523.627747 310.430634 0.885682 
522.131531 347.251678 0.830209 
539.816956 166.370987 0.873461 
545.690491 163.461166 0.202066 
523.694458 169.290039 0.865973 
0.000000 0.000000 0.000000 
18
545.721558 170.757172 1.004522 
522.169983 200.202652 0.790720 
525.130554 204.563904 0.914712 
525.179382 241.427750 0.855992 
525.190002 273.720032 0.815023 
513.394165 197.245667 0.678157 
533.972961 231.094467 0.087887 
0.000000 0.000000 0.000000 
533.949097 267.861572 0.739644 
544.242249 316.354340 0.899180 
529.546753 367.768829 0.830619 
520.686646 266.374878 0.680553 
523.618103 310.446411 0.890471 
520.754333 347.234619 0.818238 
539.811829 166.382080 0.872118 
545.688232 164.899078 0.214950 
523.681335 169.285187 0.860765 
0.000000 0.000000 0.000000 
18
545.728821 170.745453 1.003773 
522.160156 200.190231 0.793219 
525.133972 204.552902 0.912242 
525.170532 241.383148 0.861922 
525.170410 273.701447 0.819973 
513.373901 197.237137 0.693068 
533.946716 231.085052 0.084985 
0.000000 0.000000 0.000000 
533.963501 267.824799 0.739228 
544.239929 314.924103 0.899783 
529.544495 367.766754 0.829822 
520.698486 266.345032 0.689005 
523.624695 310.423248 0.890786 
522.128723 347.235565 0.825264 
539.818665 166.375412 0.870399 
545.697083 163.449921 0.218641 
523.683167 169.287857 0.862151 
0.000000 0.000000 0.000000 
18
545.727722 169.393463 1.004208 
522.166138 200.186676 0.788555 
525.132935 204.551575 0.912974 
525.149414 241.398804 0.871930 
525.170715 273.700287 0.826887 
513.384216 197.234039 0.688690 
533.937439 232.555084 0.067531 
0.000000 0.000000 0.000000 
533.985291 267.837097 0.736450 
544.239319 316.332977 0.899131 
529.544922 367.768890 0.833492 
520.717102 266.366577 0.682518 
523.628235 310.413605 0.879643 
520.752197 347.224884 0.823646 
538.401611 166.364227 0.870568 
545.686035 163.417969 0.227728 
523.678345 169.294052 0.870954 
0.000000 0.000000 0.000000 
18
545.735840 170.742889 1.008533 
522.137146 200.183487 0.796746 
525.142700 204.561035 0.919624 
525.141357 241.389603 0.866731 
525.162170 272.261719 0.805858 
511.963257 197.240387 0.713303 
533.896240 219.339005 0.087142 
0.000000 0.000000 0.000000 
533.969116 267.811554 0.744605 
544.247803 314.910248 0.904296 
529.536316 367.780182 0.825664 
519.259033 264.953552 0.690010 
523.631958 310.403870 0.892616 
522.125977 347.273041 0.832624 
539.836121 166.376404 0.874711 
545.703552 163.449326 0.239289 
523.680908 169.278473 0.850286 
0.000000 0.000000 0.000000 
18
545.741577 170.739197 1.009771 
522.157471 198.740051 0.791988 
525.131592 204.547104 0.924036 
525.173462 241.377075 0.877375 
528.055054 273.686768 0.790727 
513.378784 195.815018 0.694481 
533.948608 222.306244 0.082391 
0.000000 0.000000 0.000000 
533.934998 266.372742 0.737716 
544.241394 314.911469 0.899961 
529.532959 367.785614 0.828548 
519.245789 264.910645 0.681430 
523.632568 310.403961 0.895099 
522.126648 347.266754 0.828396 
539.824585 166.384888 0.874964 
545.707825 163.437698 0.282555 
523.672729 169.293045 0.863572 
0.000000 0.000000 0.000000 
18
545.751221 170.751312 1.012334 
522.195129 198.744629 0.804271 
525.162659 204.569061 0.913902 
526.637268 241.431076 0.841559 
532.460022 272.231476 0.747561 
514.812866 195.806091 0.674349 
533.951721 222.280731 0.112487 
0.000000 0.000000 0.000000 
533.920898 266.371185 0.735302 
544.250183 314.897522 0.897560 
529.536560 367.784546 0.821725 
520.719421 264.900879 0.697246 
523.640808 310.404633 0.893785 
520.742188 347.245697 0.837420 
541.291016 166.384415 0.872928 
545.694702 163.461258 0.184825 
523.700928 169.277527 0.852352 
0.000000 0.000000 0.000000 
18
545.762451 170.750214 1.013698 
522.213379 200.178696 0.793060 
525.174438 204.569870 0.905234 
532.427002 241.440674 0.858178 
535.464905 273.746521 0.766631 
516.287598 195.823227 0.647123 
533.934326 219.363190 0.080384 
0.000000 0.000000 0.000000 
533.966003 269.288239 0.715304 
544.248718 316.374481 0.878903 
529.554321 367.775787 0.822590 
522.183899 266.353668 0.704828 
523.657593 310.446228 0.903297 
520.733948 347.263672 0.833313 
541.300171 166.393341 0.883093 
545.712219 164.880615 0.202157 
523.720276 169.306580 0.864336 
0.000000 0.000000 0.000000 
18
547.152405 170.753906 1.014888 
522.246460 200.226501 0.811278 
526.626221 204.584763 0.888533 
533.944153 242.825241 0.881225 
545.778870 275.178558 0.808482 
516.299744 197.261154 0.653386 
534.005127 239.819290 0.184803 
551.582825 241.406509 0.480884 
533.946411 272.242889 0.742895 
544.262451 316.338684 0.897933 
529.563660 367.754639 0.826476 
522.150635 267.824127 0.715792 
523.686157 310.507568 0.940899 
520.720093 348.674744 0.821246 
544.197754 166.392395 0.904224 
545.737061 160.519501 0.096543 
525.165833 169.345490 0.846756 
0.000000 0.000000 0.000000 
18
547.208252 170.778870 0.994703 
523.656799 198.756348 0.840135 
528.070984 204.556183 0.853182 
534.025391 242.881119 0.876356 
557.421387 275.165222 0.906614 
520.679321 195.814957 0.708222 
539.832703 229.608398 0.385754 
558.966919 238.374466 0.771843 
532.447754 270.750641 0.748734 
544.253967 316.334564 0.883486 
529.560181 367.760834 0.841668 
520.682861 266.351654 0.680717 
523.732666 310.469482 0.884089 
520.697144 347.274261 0.827391 
545.671448 166.394150 0.896687 
0.000000 0.000000 0.000000 
531.023499 169.310287 0.839932 
0.000000 0.000000 0.000000 
18
548.657043 169.394562 0.962270 
523.712646 198.729248 0.823359 
526.647339 203.166870 0.831130 
535.403076 244.336563 0.882573 
563.368896 270.750854 0.853700 
522.166748 195.795776 0.741553 
542.763489 219.329025 0.363950 
560.412598 226.631805 0.704717 
530.986572 269.330414 0.739011 
544.251160 316.345032 0.875684 
530.975525 367.766510 0.849466 
519.269104 266.353699 0.697506 
525.102600 310.490875 0.899582 
520.688965 348.693726 0.823537 
545.756165 166.352783 0.888806 
0.000000 0.000000 0.000000 
533.886841 169.312164 0.878680 
0.000000 0.000000 0.000000 
18
554.544067 170.759674 0.932819 
526.598511 195.800568 0.818250 
529.513062 201.673874 0.814870 
538.345825 247.227814 0.806400 
572.162476 254.620300 0.773866 
523.696167 194.323349 0.781869 
544.229858 213.438873 0.560694 
558.988647 216.360626 0.847410 
529.563721 270.750580 0.759422 
545.641663 314.903870 0.896917 
529.558350 367.770630 0.841163 
519.264343 264.920258 0.697352 
525.109985 310.439880 0.894219 
520.709534 348.676849 0.820074 
548.694458 166.398987 0.858184 
0.000000 0.000000 0.000000 
535.458618 169.260651 0.854124 
0.000000 0.000000 0.000000 
18
557.430908 170.754288 0.980744 
530.994629 194.372101 0.799219 
532.423218 200.223572 0.834647 
544.266113 241.430344 0.942519 
578.045959 241.451172 0.727924 
528.082397 192.895584 0.718950 
545.632385 210.514999 0.520661 
558.935913 209.031799 0.806991 
528.076721 269.326080 0.753719 
545.639465 314.898590 0.896114 
529.548767 367.754944 0.827854 
520.691833 264.916626 0.645114 
523.717773 310.509583 0.887098 
520.741577 347.290894 0.793735 
553.090454 166.395538 0.872025 
0.000000 0.000000 0.000000 
538.353577 167.844635 0.808490 
0.000000 0.000000 0.000000 
18
559.019592 170.867020 0.945060 
532.471802 194.374802 0.807339 
533.945435 201.686127 0.858082 
547.270081 241.397888 1.012466 
570.771362 225.161789 0.715248 
528.080994 192.887436 0.724016 
548.643738 206.145233 0.514171 
564.812256 204.629913 0.694042 
530.985779 269.308899 0.744020 
545.682007 316.361816 0.914030 
531.004883 367.756561 0.851790 
520.731140 264.880707 0.647968 
523.729980 311.894714 0.896607 
520.744568 348.700348 0.790998 
557.497803 169.279144 0.952506 
560.403870 166.397537 0.073601 
545.649231 169.380615 0.850638 
0.000000 0.000000 0.000000 
18
563.350769 172.308228 0.840274 
535.393738 195.791931 0.791962 
534.019775 203.110016 0.892199 
557.442383 238.444244 1.008754 
570.734192 210.482864 0.835554 
533.949219 194.320480 0.685865 
555.947876 217.838959 0.374221 
569.282288 204.642563 0.651296 
528.091553 272.216034 0.745704 
545.770752 316.337769 0.903974 
533.877747 369.224548 0.909148 
523.620239 266.407562 0.621963 
523.730286 311.915833 0.889216 
522.136108 350.171204 0.823788 
559.002380 169.361618 0.919426 
0.000000 0.000000 0.000000 
547.180420 170.748398 0.876712 
0.000000 0.000000 0.000000 
18
570.692871 176.673096 0.886336 
542.759949 197.246841 0.769097 
536.897095 203.169373 0.879546 
560.450745 239.841949 0.967525 
572.163940 206.086075 0.893235 
544.241882 195.765564 0.662174 
557.460449 229.642349 0.277069 
0.000000 0.000000 0.000000 
528.080322 270.795166 0.734207 
547.139587 317.849060 0.910120 
534.000854 369.315277 0.968793 
528.084656 269.294891 0.599832 
523.729675 311.951508 0.865571 
522.126648 350.209167 0.851785 
569.175110 170.804306 0.934443 
570.699219 170.731064 0.193701 
554.519653 170.877655 0.806826 
0.000000 0.000000 0.000000 
18
578.032959 182.525024 0.868253 
545.645142 200.215851 0.728792 
545.639893 204.545914 0.897087 
566.280151 239.907898 0.975738 
572.231201 204.640137 0.904704 
541.291809 197.264160 0.626251 
557.460815 232.578506 0.170220 
0.000000 0.000000 0.000000 
532.465332 272.264771 0.755461 
547.175781 320.726288 0.923489 
535.427246 370.830292 0.952583 
523.698425 270.755890 0.633925 
523.739990 311.898102 0.877210 
522.122192 348.747101 0.878593 
572.179504 178.138596 0.842102 
0.000000 0.000000 0.000000 
558.899536 175.234924 0.840445 
0.000000 0.000000 0.000000 
18
583.938660 189.932068 0.799685 
551.583008 203.162811 0.724375 
548.688599 204.662170 0.929444 
567.802002 241.399124 0.976360 
580.953735 209.008102 0.857733 
551.613770 201.656845 0.602319 
563.367798 235.499802 0.182410 
0.000000 0.000000 0.000000 
531.006226 270.785248 0.730876 
547.182007 320.725494 0.917756 
535.428406 372.197723 0.943833 
526.600464 267.863647 0.592936 
525.125366 311.909576 0.841992 
522.122803 350.184326 0.866029 
582.458740 182.617325 0.877501 
0.000000 0.000000 0.000000 
569.270569 181.114746 0.920551 
0.000000 0.000000 0.000000 
18
592.771790 197.291504 0.596482 
555.987671 206.108337 0.767120 
557.475037 209.030609 0.905679 
570.703491 250.135330 0.939341 
585.454773 217.830872 0.853958 
548.720642 204.610092 0.678064 
566.292542 239.895706 0.162069 
0.000000 0.000000 0.000000 
528.065918 272.222504 0.719066 
545.778442 320.775482 0.932437 
535.418457 372.225739 0.924874 
520.718201 266.363159 0.610182 
523.748779 311.992706 0.821594 
522.119019 351.659821 0.840892 
592.705994 194.266068 0.677745 
0.000000 0.000000 0.000000 
579.506226 189.931213 0.806569 
0.000000 0.000000 0.000000 
18
603.028564 216.327805 0.804433 
561.900208 210.521317 0.771677 
563.350403 217.852997 0.886797 
572.204407 258.989655 0.842577 
592.703918 228.146561 0.859341 
558.926025 206.042267 0.687626 
561.913513 241.359848 0.137990 
0.000000 0.000000 0.000000 
525.115906 266.393219 0.732275 
545.722473 322.154938 0.920023 
535.449341 372.213867 0.926898 
514.864319 261.953003 0.615031 
525.108276 311.929840 0.806318 
522.109558 351.633484 0.847830 
601.550293 207.557755 0.819856 
0.000000 0.000000 0.000000 
583.966980 203.097305 0.889155 
0.000000 0.000000 0.000000 
18
606.042480 223.729034 0.525481 
569.217163 219.370651 0.771324 
570.669983 226.658112 0.901018 
575.153748 264.913025 0.836872 
594.268311 238.403168 0.847049 
564.818420 216.401596 0.616569 
576.572449 259.001709 0.113165 
0.000000 0.000000 0.000000 
523.709961 264.938599 0.733025 
545.775085 322.173645 0.939731 
535.437683 372.226501 0.929726 
514.859131 260.509216 0.589424 
525.173035 311.949554 0.800687 
520.737366 351.659363 0.823610 
606.060120 217.821442 0.613411 
0.000000 0.000000 0.000000 
594.254761 209.052902 0.794913 
0.000000 0.000000 0.000000 
18
614.795837 229.636337 0.704163 
573.680176 228.147141 0.765225 
572.197998 231.140839 0.882613 
573.667908 275.131897 0.883580 
594.265869 248.745346 0.776856 
572.209290 220.801590 0.557967 
582.406738 241.450897 0.120701 
0.000000 0.000000 0.000000 
523.673340 269.291199 0.701607 
545.779175 322.227081 0.953315 
535.444336 372.228455 0.927176 
520.740112 264.862823 0.575606 
529.553772 311.947418 0.745097 
520.688538 351.624237 0.814584 
613.354065 226.639954 0.737509 
0.000000 0.000000 0.000000 
600.109375 217.901749 0.797783 
0.000000 0.000000 0.000000 
18
616.294861 239.889786 0.479528 
578.073181 231.113251 0.749736 
578.034973 238.412415 0.822120 
575.105835 278.121216 0.852278 
597.180542 253.127838 0.786549 
576.595032 228.098709 0.558389 
573.635071 266.355957 0.072850 
0.000000 0.000000 0.000000 
525.112183 269.321381 0.709260 
547.154053 322.233795 0.959616 
535.447266 372.226471 0.938061 
522.181946 264.912079 0.564102 
532.440063 311.921783 0.732118 
520.712158 348.707703 0.845713 
616.264343 234.039215 0.530285 
0.000000 0.000000 0.000000 
604.466370 228.125763 0.704200 
0.000000 0.000000 0.000000 
18
617.756226 241.385040 0.642098 
580.946167 234.031189 0.736534 
579.521362 239.834183 0.840007 
575.154053 278.173309 0.821553 
601.558960 253.138306 0.744274 
579.540588 228.182373 0.547289 
573.646301 261.953949 0.050734 
0.000000 0.000000 0.000000 
525.142700 269.307190 0.689903 
544.245483 320.734833 0.725504 
520.695862 347.319092 0.343074 
528.090637 267.833984 0.506760 
547.199341 320.742157 0.714709 
522.150146 347.237946 0.575459 
617.720093 236.976990 0.680962 
619.318665 236.890030 0.081303 
604.567078 228.195526 0.769161 
0.000000 0.000000 0.000000 
18
617.756165 239.951767 0.414261 
580.963074 232.575882 0.738874 
581.009094 238.427643 0.857289 
578.044495 276.693848 0.845343 
603.051453 251.688324 0.816894 
579.526978 228.133820 0.586179 
572.176331 264.883759 0.066686 
0.000000 0.000000 0.000000 
526.606323 269.325226 0.695024 
547.201721 322.259796 0.947676 
535.454956 372.217133 0.919972 
523.703430 264.927032 0.528506 
532.505981 311.912384 0.681632 
520.750427 347.239441 0.844165 
617.736511 236.964111 0.473824 
0.000000 0.000000 0.000000 
605.984253 228.174911 0.728627 
0.000000 0.000000 0.000000 
18
616.323059 233.988556 0.088780 
579.552612 231.057831 0.760901 
581.012451 235.494659 0.829344 
580.936951 275.182251 0.902679 
605.979614 250.219528 0.845471 
576.622314 226.686752 0.620481 
578.046631 263.416016 0.106686 
0.000000 0.000000 0.000000 
528.105652 273.705994 0.683218 
547.162415 323.672150 0.968555 
535.463257 372.223450 0.914267 
522.140747 266.369324 0.588978 
531.010681 311.904205 0.699453 
520.734924 347.224854 0.858005 
617.827454 229.590012 0.146257 
0.000000 0.000000 0.000000 
608.962158 228.079407 0.595625 
604.447632 220.818161 0.128734 
18
617.741333 229.646408 0.178665 
580.957947 228.196320 0.780915 
581.036682 231.127945 0.895004 
582.418152 275.106567 0.923697 
605.960876 250.195145 0.685186 
578.075623 223.708252 0.604557 
591.290710 247.272583 0.138127 
607.468567 251.623779 0.280857 
531.011108 272.269928 0.707074 
547.134766 323.662598 0.974725 
535.442200 372.246704 0.933202 
520.717407 264.929565 0.634381 
529.541016 311.903656 0.743494 
520.742798 347.255127 0.878195 
617.744629 228.117752 0.252723 
0.000000 0.000000 0.000000 
607.441101 222.260391 0.614324 
600.135132 216.371338 0.095716 
18
617.803955 229.582932 0.233066 
580.955505 228.138336 0.809211 
581.024902 231.058838 0.898171 
582.441406 273.732574 0.920825 
604.550964 248.744995 0.663449 
578.063599 220.805603 0.615062 
589.807373 245.804077 0.140660 
604.516296 251.697128 0.288735 
532.464966 272.229523 0.730131 
545.710144 323.672028 0.958397 
535.423401 372.239258 0.926512 
522.209229 264.899963 0.609640 
531.036560 311.933502 0.626230 
522.143372 347.233002 0.866804 
617.838196 226.650787 0.309683 
0.000000 0.000000 0.000000 
608.949463 219.341721 0.645108 
598.633057 214.862579 0.078475 
18
619.213562 229.657227 0.362378 
580.968018 228.173538 0.858437 
582.423218 232.548431 0.863395 
580.991638 275.182037 0.934491 
601.607239 253.151733 0.623012 
579.488647 220.798996 0.660604 
591.244751 245.825073 0.171150 
0.000000 0.000000 0.000000 
532.498596 270.790283 0.723629 
545.658447 323.701660 0.956075 
535.427490 372.241150 0.934572 
522.218567 264.857849 0.655352 
530.989136 314.881317 0.613166 
522.154358 347.257782 0.829490 
619.212524 228.111496 0.455434 
0.000000 0.000000 0.000000 
608.935364 222.275970 0.703367 
0.000000 0.000000 0.000000 
18
617.713196 231.113922 0.416476 
579.528381 229.604446 0.831604 
581.033752 235.492035 0.867430 
579.508057 276.640930 0.866711 
603.041870 253.122391 0.710595 
575.121826 225.193665 0.647058 
581.006653 254.652374 0.122663 
0.000000 0.000000 0.000000 
529.565552 270.770905 0.697849 
545.680359 323.691528 0.940749 
535.446838 372.253265 0.925731 
520.702698 263.455139 0.642030 
529.542725 313.440796 0.595089 
522.134338 347.207214 0.819125 
617.705078 229.560623 0.514653 
0.000000 0.000000 0.000000 
606.056885 225.173279 0.744857 
0.000000 0.000000 0.000000 
18
616.307251 239.969620 0.507711 
579.485046 231.078964 0.784615 
579.542236 238.402420 0.853898 
573.693542 278.112152 0.804669 
598.639587 261.914734 0.617542 
575.116455 228.061218 0.608169 
570.712036 264.894989 0.080929 
0.000000 0.000000 0.000000 
526.611450 273.694794 0.686311 
545.675903 323.664581 0.919317 
535.429688 372.250397 0.919975 
519.258057 264.940063 0.570826 
529.530579 313.410736 0.652712 
520.662048 347.268402 0.809865 
616.306824 236.948837 0.559333 
0.000000 0.000000 0.000000 
605.969055 228.184784 0.811512 
0.000000 0.000000 0.000000 
18
616.275330 241.371017 0.400626 
576.585205 232.553329 0.784563 
579.514404 239.918716 0.869694 
570.735718 279.617096 0.854505 
594.274292 264.917297 0.670624 
572.204407 228.116608 0.687655 
561.902283 273.696320 0.090942 
0.000000 0.000000 0.000000 
525.129761 272.229431 0.709120 
545.654114 323.707153 0.917980 
535.432312 372.278229 0.919457 
513.408569 264.875885 0.650826 
526.593994 313.426208 0.762727 
519.226990 347.312805 0.800246 
616.296204 238.444763 0.480832 
0.000000 0.000000 0.000000 
605.996521 229.651199 0.792453 
594.335510 220.791458 0.073185 
18
614.808289 241.405075 0.319941 
572.211731 232.531555 0.765620 
576.613464 238.456558 0.877230 
570.704773 279.602417 0.879194 
594.289978 263.388611 0.679930 
570.679932 228.163422 0.666678 
560.476685 273.704132 0.104452 
0.000000 0.000000 0.000000 
522.211609 272.227478 0.733022 
544.273010 323.665375 0.926146 
535.424072 372.281128 0.921154 
513.400208 264.930969 0.585793 
526.587158 313.422180 0.761009 
519.227051 348.677948 0.802804 
614.823608 239.856201 0.397011 
0.000000 0.000000 0.000000 
603.076843 229.564819 0.731334 
594.226135 222.264969 0.065996 
18
608.958374 239.845551 0.264408 
570.734863 229.584320 0.816855 
573.673889 234.047073 0.863832 
570.703308 276.627808 0.893197 
594.187500 254.632477 0.758988 
569.181641 223.738358 0.661848 
560.397888 275.159943 0.092966 
0.000000 0.000000 0.000000 
522.233765 275.141571 0.762552 
544.259644 323.686676 0.918256 
535.422974 372.289429 0.933202 
510.480225 266.360291 0.635425 
523.715820 314.908630 0.794356 
517.783081 348.706543 0.795580 
611.895569 232.562042 0.351738 
0.000000 0.000000 0.000000 
603.011719 228.081253 0.783569 
592.751160 217.847641 0.071179 
18
604.499634 226.647644 0.117733 
569.246460 226.664474 0.779490 
570.765320 229.678741 0.926516 
572.199341 273.681305 0.818899 
594.250732 251.615936 0.743143 
566.287170 217.900406 0.623200 
579.510498 242.946030 0.060769 
0.000000 0.000000 0.000000 
523.692139 272.221344 0.725702 
544.192932 323.656494 0.877747 
535.419678 373.677185 0.918134 
510.483643 263.462250 0.687294 
523.653992 314.876373 0.802184 
519.253235 348.739471 0.808639 
605.978882 219.306564 0.153430 
0.000000 0.000000 0.000000 
600.117310 217.900879 0.603837 
594.222778 216.332596 0.105028 
18
604.551697 222.245239 0.355173 
566.306519 217.900085 0.752041 
569.197449 223.735138 0.907853 
573.644958 263.387054 0.841317 
594.273010 235.501144 0.757964 
560.449463 216.327667 0.638804 
570.696228 251.700333 0.094279 
592.772339 239.907379 0.104690 
523.625671 272.255341 0.746814 
542.762268 322.291443 0.869897 
535.420044 372.273041 0.924031 
513.359741 264.920990 0.579863 
523.646545 314.861694 0.748044 
519.242493 348.695587 0.810582 
604.530212 216.396378 0.437078 
0.000000 0.000000 0.000000 
592.731079 207.589859 0.763387 
0.000000 0.000000 0.000000 
18
604.446411 211.934265 0.293866 
558.990845 211.966690 0.787458 
561.890137 217.816010 0.950298 
572.166382 254.583969 0.867133 
592.728027 225.183258 0.819855 
557.463318 206.079742 0.719907 
569.246033 231.118515 0.112796 
0.000000 0.000000 0.000000 
525.113098 275.145599 0.773450 
542.799316 323.667938 0.865759 
535.401733 372.270721 0.907971 
511.881226 266.385712 0.639652 
523.649414 313.423157 0.785024 
520.675232 348.700928 0.833873 
603.006836 204.653229 0.378804 
0.000000 0.000000 0.000000 
586.878723 201.680679 0.716489 
0.000000 0.000000 0.000000 
18
594.176025 194.385910 0.291050 
555.968872 206.083847 0.761728 
557.468018 210.500320 0.878363 
570.690979 248.741333 0.906134 
585.446899 217.877274 0.755493 
548.692078 204.547531 0.680062 
563.356750 235.505295 0.114096 
0.000000 0.000000 0.000000 
528.050781 273.710480 0.754232 
544.229309 322.283478 0.881741 
535.403381 372.258820 0.909639 
514.824707 266.393097 0.608207 
523.691711 311.986969 0.825947 
520.677429 348.695923 0.849802 
592.758301 192.823746 0.372802 
0.000000 0.000000 0.000000 
580.954712 191.384171 0.778941 
0.000000 0.000000 0.000000 
18
588.331909 182.572876 0.200014 
550.132507 203.164810 0.685894 
550.113098 206.156906 0.853375 
569.238647 242.867126 0.926404 
581.014832 211.986115 0.738630 
547.192261 198.712128 0.591352 
557.516235 225.206802 0.079889 
0.000000 0.000000 0.000000 
532.442993 273.694885 0.765104 
545.631897 322.269592 0.907947 
535.394775 372.234009 0.914950 
514.868530 266.386047 0.643025 
523.663696 311.998810 0.836034 
520.675476 347.310730 0.843657 
583.923645 181.029724 0.260278 
0.000000 0.000000 0.000000 
572.159302 181.122818 0.702599 
0.000000 0.000000 0.000000 
18
580.931458 172.272095 0.315613 
545.744263 200.222107 0.733315 
547.216858 206.057861 0.918883 
566.275146 242.816742 0.907211 
579.483521 209.060715 0.877694 
539.849548 195.827118 0.625692 
553.088928 228.162491 0.077293 
0.000000 0.000000 0.000000 
533.959290 272.242706 0.790921 
545.692627 322.236908 0.922543 
535.396606 372.229645 0.908590 
519.260376 266.347931 0.680197 
523.660645 310.434875 0.862494 
520.718872 347.242096 0.897418 
575.108276 169.368500 0.389606 
0.000000 0.000000 0.000000 
564.836182 175.222717 0.729275 
0.000000 0.000000 0.000000 
18
570.659241 170.742569 0.638254 
541.311035 197.291122 0.823375 
547.241028 204.559616 0.873334 
557.531677 241.428741 0.985149 
572.203918 216.342453 0.873439 
532.499817 194.370956 0.829192 
538.388977 229.579025 0.096694 
0.000000 0.000000 0.000000 
535.438416 270.769104 0.791583 
545.743408 322.242981 0.893565 
535.385559 372.220001 0.904354 
519.220337 264.895447 0.743652 
523.668091 308.982239 0.869999 
522.121887 347.186127 0.922569 
567.781555 167.798782 0.623194 
0.000000 0.000000 0.000000 
557.459167 170.789322 0.817464 
0.000000 0.000000 0.000000 
