44
1
18
520.670410 157.500580 0.925405 
516.303650 192.812866 0.882931 
491.317963 192.807022 0.854140 
486.871368 231.111557 0.884974 
485.377930 261.984924 0.828892 
541.315491 192.874283 0.837620 
547.146606 231.133041 0.887743 
545.771851 264.907257 0.976539 
500.118500 258.993378 0.824162 
507.482941 306.066528 0.839394 
508.948669 347.237946 0.887379 
528.082703 259.038361 0.770493 
523.740845 306.046356 0.846246 
525.178284 348.706329 0.870285 
511.951416 148.777451 0.934119 
523.674377 148.812469 0.926194 
504.534882 156.094437 0.844916 
532.471558 157.497162 0.733816 
18
520.707275 157.526352 0.938152 
516.314026 192.851410 0.892808 
491.323334 192.836273 0.865888 
486.890503 231.101013 0.909232 
486.824615 263.447693 0.875573 
541.319458 192.918381 0.837772 
547.130188 232.558777 0.887725 
545.713013 264.963287 0.955802 
500.168457 260.447815 0.811887 
507.505157 307.506042 0.850129 
508.908264 347.258545 0.880406 
529.535583 260.460632 0.776959 
525.107178 306.065491 0.837485 
525.150574 348.731232 0.871841 
511.977692 148.800247 0.910235 
523.705627 150.230560 0.913361 
504.578796 156.091629 0.849347 
533.866699 157.513794 0.796665 
18
520.734314 157.565002 0.957940 
516.314575 192.901932 0.904138 
491.309265 192.868240 0.871076 
486.900909 231.070450 0.922688 
486.888977 263.409637 0.885071 
542.745300 194.305603 0.843538 
545.776550 232.584534 0.885179 
545.685181 266.338593 0.939379 
500.159485 260.491302 0.819324 
507.485168 307.515106 0.846416 
507.515137 347.273773 0.870061 
528.101807 260.490570 0.777426 
525.117920 306.082092 0.835463 
525.171204 348.696960 0.864105 
513.346619 150.211441 0.892768 
523.736816 151.676437 0.896299 
506.030487 156.066895 0.833746 
533.898682 157.523071 0.812113 
18
522.121033 157.559692 0.971368 
517.781067 192.868149 0.896251 
491.345093 192.816147 0.857869 
486.952179 231.070343 0.915697 
488.343231 263.444275 0.905542 
542.799988 194.293243 0.849243 
545.779968 232.582336 0.878810 
545.687256 264.981293 0.931359 
501.592712 261.917908 0.802463 
507.490448 307.526276 0.841353 
508.914490 347.253601 0.872582 
529.566040 261.914124 0.783175 
525.119751 306.083221 0.825075 
525.158630 348.706635 0.859866 
513.383911 150.200912 0.883870 
525.129456 151.671921 0.889776 
507.497742 156.042007 0.812419 
533.957764 157.522568 0.854919 
18
522.145386 157.577301 0.986399 
519.275513 192.796585 0.896416 
494.253693 191.343994 0.835144 
488.369995 229.650146 0.930396 
488.387451 263.413208 0.924482 
544.240662 192.911606 0.860504 
547.157288 232.534882 0.884076 
545.721619 264.973328 0.944510 
501.660156 261.913910 0.783147 
507.515350 307.509033 0.830272 
508.925964 347.225983 0.862932 
532.449524 261.917480 0.784279 
525.134338 306.056305 0.808046 
525.138306 348.682007 0.865279 
513.410828 150.210083 0.871783 
525.162964 151.699554 0.875641 
508.900177 154.648209 0.796166 
534.007507 157.537476 0.859848 
18
522.200134 157.615326 1.012823 
520.708923 192.805496 0.920416 
495.702454 191.366898 0.858912 
488.417847 229.676315 0.903443 
488.391205 263.450500 0.923871 
545.667114 192.901077 0.901317 
547.238892 231.122528 0.894028 
547.133789 266.352051 0.947926 
504.543671 260.506256 0.779957 
508.904816 306.083923 0.831665 
508.926392 347.215820 0.860703 
533.894531 261.905579 0.798657 
526.610718 304.597900 0.784378 
525.117737 347.299347 0.866116 
514.848694 151.670639 0.852232 
526.623474 153.153687 0.859357 
508.935059 156.054398 0.787931 
535.401062 157.533691 0.838801 
18
523.644836 158.982620 1.009346 
522.128357 191.355148 0.904274 
497.147736 191.369797 0.858986 
489.822937 231.133789 0.863918 
488.379333 263.477051 0.917815 
545.739014 191.402283 0.901945 
548.703674 231.067062 0.878710 
548.669373 264.926758 0.936912 
506.001038 260.501648 0.774726 
508.921173 306.068848 0.828589 
508.936218 347.210999 0.851374 
533.956665 260.462952 0.799893 
528.097168 306.052246 0.775431 
525.136719 347.276855 0.868063 
519.226318 153.169464 0.851387 
530.992432 154.604095 0.870533 
510.364746 156.126556 0.858407 
535.496155 157.530838 0.786474 
18
523.741394 159.032867 0.979731 
522.235046 191.384171 0.917546 
498.639099 191.332794 0.865081 
491.339142 231.136795 0.822510 
488.368103 263.490723 0.893274 
547.176697 192.845627 0.910347 
554.499817 231.087036 0.853861 
553.092834 264.959045 0.899345 
508.944763 260.447235 0.793999 
510.341949 307.511322 0.836279 
508.930481 347.186401 0.838903 
535.490173 260.505280 0.832966 
532.453186 307.527344 0.827169 
525.129150 347.274567 0.873643 
520.716370 154.625748 0.886588 
532.497314 156.033707 0.909797 
510.454926 157.512161 0.870313 
538.391113 157.557861 0.770179 
18
526.580444 160.568054 0.899961 
523.672852 192.899551 0.946744 
498.701324 192.830231 0.912105 
492.813354 236.962769 0.804101 
488.413300 264.960541 0.862941 
548.631531 194.337173 0.884673 
557.397949 235.478104 0.872627 
557.398132 267.854187 0.886219 
510.375854 261.911438 0.820547 
510.473511 310.411072 0.916678 
507.478027 345.824982 0.851299 
536.927368 261.979706 0.813499 
532.491516 310.419189 0.866305 
525.158264 348.671692 0.874703 
522.182190 157.562424 0.977551 
533.947693 157.571564 0.979517 
511.922516 159.003204 0.871925 
541.326477 159.032227 0.787682 
18
528.069214 167.798874 0.874792 
523.731384 195.795364 0.913052 
500.157043 194.383041 0.933770 
495.742798 238.422836 0.842525 
488.453247 266.345825 0.854781 
548.681824 197.281174 0.839393 
557.392395 239.879333 0.888384 
557.510132 273.663879 0.884033 
510.449829 263.469421 0.874501 
511.965271 310.439178 0.920261 
503.099213 342.839966 0.798432 
536.951416 264.913025 0.807083 
533.990479 310.493347 0.888853 
525.161987 348.672485 0.884630 
522.234985 159.070068 0.979331 
533.998169 159.057068 0.970690 
513.346130 161.967072 0.827289 
542.741089 160.560608 0.699512 
18
531.017456 163.433105 0.865828 
525.156311 194.372757 0.915395 
501.599792 194.325958 0.913993 
497.190582 238.400726 0.864084 
489.820801 264.965179 0.864377 
550.122803 195.783966 0.856740 
557.412415 238.395767 0.882514 
558.928223 267.857330 0.886076 
510.469421 263.396454 0.869973 
511.971710 309.026215 0.860282 
506.002686 332.515015 0.674813 
538.381226 263.444183 0.801122 
535.360229 310.448914 0.918178 
525.121521 347.302979 0.899109 
523.666931 158.982376 0.977320 
535.406311 157.638855 0.974727 
514.818237 160.519974 0.853653 
544.213867 160.480240 0.771757 
18
532.465210 156.126831 0.921206 
525.150635 188.419083 0.866543 
500.205658 186.968643 0.863510 
497.139862 229.648300 0.866922 
488.424286 261.927094 0.840861 
551.575623 189.910538 0.821662 
557.413147 229.634491 0.874089 
558.949463 263.390869 0.946866 
510.431976 254.649231 0.837762 
513.365479 301.663818 0.781421 
506.007751 320.766327 0.671911 
538.362061 257.545868 0.778948 
533.923645 307.506287 0.873146 
525.112122 348.697174 0.874373 
523.734070 148.755554 0.915859 
535.440308 148.770813 0.937369 
514.833069 156.039154 0.822530 
544.224915 156.083893 0.605839 
18
532.471069 145.862930 0.964465 
526.590759 181.035736 0.906524 
501.625061 179.633438 0.881563 
495.744476 220.807129 0.819023 
488.347565 253.118439 0.917527 
553.052917 181.106476 0.858365 
557.436829 220.797745 0.861660 
558.886963 253.095963 0.940853 
510.374878 247.270859 0.825496 
513.391296 298.746826 0.797729 
501.613922 311.896088 0.641669 
536.911743 250.199356 0.816192 
532.453918 300.236023 0.874046 
523.742004 347.294403 0.871535 
523.718811 141.380875 0.904069 
535.454529 141.390594 0.908605 
514.828613 145.757477 0.845622 
544.262939 145.794327 0.725175 
18
532.466125 144.322418 0.913915 
525.189209 178.132874 0.877162 
501.605591 173.781219 0.880947 
495.735931 217.815262 0.861246 
486.941803 251.631149 0.922266 
551.613342 179.634277 0.843690 
557.426208 217.848846 0.911016 
557.511292 251.594711 0.942494 
510.361572 244.313385 0.840491 
513.418945 298.641510 0.811462 
500.144073 310.420746 0.585210 
536.901917 248.699615 0.810143 
531.038330 300.180084 0.867098 
522.189514 347.201843 0.903485 
523.717529 136.955185 0.942811 
535.446289 135.606155 0.949900 
514.838745 142.882813 0.854176 
544.250305 142.851807 0.673250 
18
530.989319 145.858124 0.936306 
525.176147 179.639954 0.901335 
501.624054 178.169418 0.872773 
494.249695 220.770569 0.816024 
486.942627 251.684494 0.933455 
551.575500 181.098236 0.849542 
556.029175 219.294601 0.871944 
557.417114 251.672745 0.906419 
508.976624 248.737259 0.826716 
514.815002 298.741486 0.793113 
498.669189 310.436859 0.670439 
536.869507 251.622894 0.830598 
531.027588 301.642792 0.841325 
516.294678 347.176788 0.872117 
523.639282 141.390381 0.913631 
535.370789 139.956497 0.918344 
513.371338 145.777679 0.858383 
544.197266 145.744598 0.745412 
18
529.543518 156.073547 0.882112 
525.175293 184.075272 0.879372 
501.602142 184.038528 0.889201 
491.323090 228.179474 0.871228 
486.910278 257.555084 0.840662 
551.589417 185.522354 0.828857 
556.025146 228.182877 0.880559 
557.418701 261.964264 0.883954 
510.358582 254.638748 0.808853 
513.384644 301.709045 0.754620 
500.152283 314.884857 0.647206 
536.884155 258.998047 0.791704 
532.454834 308.953735 0.837296 
513.382935 347.188995 0.904966 
523.604980 148.725281 0.940308 
534.007507 147.341797 0.962922 
511.970917 156.037811 0.819116 
542.743958 153.154083 0.579761 
18
529.536743 160.556046 0.882313 
525.135254 194.342819 0.916672 
501.587952 192.894302 0.909146 
491.350311 238.379440 0.837536 
486.889923 264.960083 0.851130 
548.700500 195.829330 0.846026 
555.990234 239.893890 0.895373 
555.973633 272.225830 0.835814 
510.352234 263.433899 0.835698 
514.817505 310.409363 0.820750 
498.629242 326.641388 0.753701 
535.477173 264.913361 0.844588 
533.916626 311.971375 0.889166 
514.835693 347.254059 0.857211 
522.252930 157.606140 0.972974 
534.004028 157.570236 0.979518 
511.965515 160.478378 0.832529 
541.283630 159.070389 0.621634 
18
528.081726 167.855057 0.892090 
523.713440 195.835144 0.911149 
500.195221 194.408005 0.898611 
494.232147 239.855835 0.866455 
486.932098 269.299683 0.852926 
547.258545 198.759033 0.850696 
555.962341 241.307098 0.898285 
556.027283 275.144989 0.903071 
510.368225 264.875000 0.850546 
517.755798 310.492950 0.836690 
497.206238 331.038330 0.784023 
535.489319 264.970520 0.844232 
533.977051 313.420868 0.869734 
516.295776 347.216980 0.842331 
522.248474 160.521347 0.937327 
533.972107 159.126694 0.970127 
513.344788 167.812622 0.838793 
539.837830 164.898605 0.584139 
18
529.511841 160.559128 0.878726 
523.691406 194.306747 0.951155 
500.158386 194.262878 0.913589 
492.789673 238.398193 0.840840 
486.936279 266.349792 0.869361 
547.240601 194.371811 0.911171 
554.556030 238.368484 0.863714 
556.039185 269.322937 0.862424 
510.353577 263.363647 0.836359 
516.284546 309.001373 0.750813 
498.598389 323.678619 0.693039 
535.459473 263.465668 0.841644 
532.435791 311.978180 0.870091 
513.347961 348.685120 0.864073 
522.244568 157.600159 0.979133 
533.996399 157.566254 0.980476 
511.956848 159.097672 0.878147 
541.281250 159.037201 0.682828 
18
526.631653 151.707535 0.867342 
523.734070 184.040436 0.915780 
500.183777 182.622040 0.921758 
492.808685 228.116272 0.850670 
486.951019 256.109344 0.879045 
548.677612 185.526154 0.849519 
554.502930 228.178482 0.885581 
557.406433 261.970917 0.903404 
508.980804 253.107437 0.834087 
522.245972 301.698334 0.925326 
513.376343 347.277313 0.871702 
535.436218 254.626678 0.814179 
525.128235 301.693420 0.500004 
497.200653 313.411804 0.770127 
522.215881 147.262100 0.971866 
533.954590 147.244339 0.969957 
511.978607 151.677139 0.796989 
539.856567 150.233063 0.692746 
18
526.620972 144.339401 0.902201 
523.740662 173.762375 0.906642 
500.172241 172.306870 0.910594 
492.799042 216.364273 0.861322 
486.912994 250.180069 0.932807 
550.119263 176.661270 0.842431 
551.586914 216.434448 0.864079 
555.976135 250.216995 0.887628 
507.505341 242.855820 0.800065 
522.229126 297.204346 0.883984 
514.866821 347.201263 0.830232 
535.396301 245.804367 0.806375 
525.111816 295.774689 0.469837 
498.612213 308.979919 0.739554 
522.217896 136.998123 0.936745 
533.929871 136.966980 0.949701 
511.961609 144.288391 0.847257 
539.815430 141.421341 0.681683 
18
526.634827 139.900482 0.877066 
523.725342 172.243515 0.946758 
500.137634 170.824966 0.966371 
492.783783 213.454910 0.838277 
486.931244 247.269012 0.903114 
548.702148 173.718384 0.862372 
551.600952 216.293213 0.864084 
555.963867 245.799057 0.851294 
507.477417 241.348618 0.832276 
522.206665 294.308441 0.872021 
513.353943 345.732208 0.869986 
534.004944 241.424377 0.836979 
526.599121 292.820801 0.490553 
497.175751 304.571228 0.692224 
522.200439 135.465439 0.989495 
533.954407 134.118164 0.981653 
511.962769 138.442093 0.837008 
539.863953 136.984024 0.721855 
18
528.060608 144.339157 0.898014 
523.679016 173.746185 0.920638 
500.145203 172.299515 0.919532 
492.759857 216.395203 0.863440 
486.942535 251.598053 0.941656 
548.635071 176.669724 0.860088 
550.126587 216.370804 0.901509 
553.040771 245.810760 0.823849 
507.477783 245.758530 0.787773 
522.186890 298.658508 0.901588 
511.871521 342.833984 0.893481 
533.971619 247.263931 0.815597 
525.160461 298.650177 0.538978 
497.208038 308.968750 0.721514 
522.237793 136.989960 0.940388 
533.953369 136.967743 0.957097 
511.956177 144.280701 0.824524 
539.830688 142.829346 0.593047 
18
528.088684 150.256317 0.867154 
523.679260 184.008377 0.938240 
500.159058 182.605835 0.923442 
492.757477 228.116592 0.849235 
488.310944 260.456055 0.884852 
547.239319 185.485138 0.880051 
548.659302 228.058319 0.918588 
548.718018 256.055115 0.861655 
508.941833 254.616150 0.815636 
520.744080 303.160736 0.823580 
510.392242 345.734833 0.902710 
535.372070 256.093872 0.803543 
523.675354 306.077484 0.589211 
492.781769 311.978607 0.738941 
522.234802 147.219696 0.984761 
533.987793 145.876801 0.982770 
511.954895 150.209244 0.816239 
539.863525 148.797256 0.580712 
18
529.527954 160.531509 0.894879 
523.645386 192.904755 0.956085 
500.142395 192.809387 0.907458 
492.796326 236.960358 0.818511 
488.340698 269.294037 0.863699 
547.177490 194.339188 0.937387 
548.630371 236.971085 0.909264 
548.665283 267.823639 0.890041 
508.925079 263.396942 0.814966 
517.794739 310.480621 0.834341 
498.676544 334.023865 0.573049 
533.992126 263.445648 0.830781 
529.527039 311.979462 0.794222 
510.358002 345.686157 0.748681 
522.257385 157.565491 0.984592 
534.001770 157.549530 0.994593 
511.921539 159.033218 0.882608 
539.830505 159.035309 0.487459 
18
526.634033 167.847122 0.901182 
523.609741 195.823883 0.925562 
500.118866 195.780640 0.890165 
492.808594 239.854828 0.846955 
488.364746 272.235901 0.875249 
547.146912 197.292999 0.901311 
547.251465 239.869888 0.963359 
548.699280 272.257996 0.892611 
508.980713 264.869293 0.842960 
520.679993 311.935669 0.845938 
498.648804 335.513794 0.617632 
535.369202 264.904022 0.855128 
532.497681 314.882019 0.807269 
507.495575 342.822174 0.713598 
522.212830 160.509018 0.940667 
533.933899 159.122849 0.971268 
511.936890 166.376480 0.845966 
536.943298 163.465698 0.506263 
18
526.621704 162.016083 0.874798 
522.249023 194.270813 0.953968 
500.087372 192.870438 0.900599 
491.348602 236.959244 0.825565 
488.332520 267.823395 0.853715 
545.769592 194.330856 0.938920 
547.219543 236.928650 0.914114 
548.685608 266.420929 0.888832 
508.943939 263.371338 0.809850 
520.709534 310.408630 0.841175 
498.693542 333.974487 0.669314 
533.976074 263.421234 0.823604 
532.474548 311.927551 0.817381 
510.360413 341.362305 0.784485 
522.208252 158.979843 0.982668 
533.934814 158.967529 0.983702 
511.928436 160.494827 0.854356 
538.345947 160.478882 0.572993 
18
526.603638 156.087082 0.904094 
522.248779 184.071686 0.918710 
498.722290 184.067276 0.874383 
489.859711 229.584976 0.861053 
486.962738 261.901215 0.885479 
547.134583 185.493881 0.895790 
547.268921 228.053772 0.914639 
548.661621 257.536743 0.862710 
508.955994 253.144775 0.836548 
522.131409 300.257538 0.874949 
510.368774 344.261932 0.723405 
535.365723 253.207565 0.822581 
526.593872 303.145905 0.641202 
498.666016 320.777618 0.735185 
522.213562 148.750076 0.935192 
533.911438 148.734116 0.947709 
511.909271 154.650574 0.849293 
536.932312 154.620148 0.491774 
18
526.591736 145.818741 0.940380 
523.608704 176.658112 0.910930 
500.077087 175.198166 0.882325 
489.864441 216.395538 0.894864 
486.896637 250.214981 0.946098 
547.182495 178.161072 0.891662 
548.689880 216.392868 0.916762 
550.146667 247.223663 0.851148 
507.502045 242.864410 0.808684 
522.152527 292.821136 0.856351 
511.887024 344.245239 0.863087 
533.987305 244.346603 0.808510 
523.660889 292.838776 0.496760 
498.654266 311.902893 0.790380 
522.179871 141.378571 0.891533 
533.870361 139.906601 0.917594 
511.863556 145.750778 0.895553 
536.864380 144.299011 0.446695 
18
525.186157 142.885849 0.901329 
523.619385 170.877045 0.956820 
498.707703 170.842911 0.944607 
488.446106 213.416855 0.904480 
486.846954 245.774323 0.892574 
547.224304 172.286774 0.907260 
551.601135 211.954376 0.838536 
553.095032 241.419571 0.888286 
505.995361 239.899948 0.808104 
522.213623 289.899963 0.864255 
520.639771 298.690094 0.063508 
533.941101 241.330902 0.865303 
530.983521 289.879028 0.544571 
498.668335 303.146454 0.699557 
522.159302 135.577026 0.957168 
533.890564 135.565552 0.967072 
511.862640 139.941299 0.845350 
536.907837 138.496475 0.497616 
18
525.192993 145.763733 0.928952 
523.610474 172.330368 0.925297 
500.085571 172.279053 0.928632 
488.421082 213.440826 0.901121 
486.830109 247.233185 0.893281 
547.187195 175.203690 0.882223 
548.654846 216.295212 0.912038 
553.062744 242.873688 0.863552 
506.007233 242.834167 0.776997 
522.189819 294.298065 0.838939 
511.900635 338.440765 0.854906 
533.932129 244.298645 0.812231 
528.076965 295.767517 0.570605 
498.622437 300.242371 0.690568 
522.149963 138.475098 0.888355 
533.876892 137.033859 0.933890 
511.839813 144.361237 0.872222 
536.916260 142.836838 0.497548 
18
525.183411 154.650467 0.896750 
522.254517 184.049774 0.929878 
498.664490 184.007538 0.904270 
488.437317 228.098038 0.877343 
486.869568 253.185349 0.911564 
547.206238 186.947647 0.879773 
548.636230 228.067261 0.937557 
548.705994 256.049103 0.888326 
507.481995 253.081039 0.818157 
519.229309 300.172699 0.867642 
510.453400 344.241089 0.777491 
533.984741 253.135971 0.859738 
526.624939 301.690857 0.706419 
510.469269 334.034943 0.388348 
522.159973 147.342316 0.942110 
533.893982 147.324219 0.957757 
511.862946 154.584747 0.831604 
538.342407 151.673965 0.578638 
18
525.163513 163.433899 0.894376 
522.221130 194.270126 0.932296 
498.689514 192.846268 0.901224 
488.438293 236.935364 0.873537 
486.868896 264.868774 0.906041 
545.758911 194.386902 0.916788 
547.260864 236.976837 0.910363 
548.689697 264.968842 0.919668 
507.484344 261.910828 0.765889 
522.127686 308.952545 0.833881 
501.608307 329.609344 0.516333 
533.942871 261.955048 0.817842 
531.022522 310.512604 0.784762 
510.394196 338.427795 0.653983 
522.139099 157.630920 0.955915 
533.892517 157.636520 0.971350 
511.843048 159.085953 0.821521 
536.954163 159.090393 0.564752 
18
525.117859 169.358200 0.968894 
522.157959 195.843155 0.902385 
498.650055 195.798126 0.883234 
488.425140 239.869797 0.932612 
486.889832 269.308014 0.882775 
545.683533 198.725464 0.859863 
547.243896 239.860107 0.958302 
550.108765 272.244781 0.888199 
507.510590 263.479492 0.811892 
520.704529 310.528625 0.810388 
498.721619 333.985962 0.652862 
533.977417 264.870178 0.881208 
532.435913 313.460785 0.793684 
510.374084 341.357239 0.746284 
522.130066 163.466568 0.875560 
532.483215 163.478470 0.893894 
511.874878 167.835159 0.837224 
536.894714 167.851395 0.655891 
18
523.750000 169.253448 0.944786 
522.139771 194.407684 0.903108 
498.615326 194.353088 0.879882 
488.350464 238.437012 0.916076 
485.383362 266.356415 0.877759 
545.689270 195.837921 0.875354 
547.201965 238.391159 0.943348 
548.710510 269.301605 0.875026 
507.455811 263.370819 0.777106 
522.218811 310.437317 0.895246 
500.158539 335.469421 0.637091 
533.923218 263.414734 0.844626 
532.480164 311.941345 0.789138 
510.389648 342.801239 0.731269 
522.114380 160.535736 0.901635 
532.464844 160.555603 0.916186 
510.496521 164.931046 0.830648 
535.486084 166.379654 0.598431 
18
523.696899 159.015182 0.998505 
522.123291 191.337906 0.882953 
498.604095 188.471786 0.849167 
488.312408 229.646545 0.910890 
479.531921 259.018097 0.803019 
545.669556 192.804871 0.893582 
547.210938 229.599792 0.946073 
548.659546 263.374084 0.926256 
501.625580 253.194382 0.804126 
520.672668 300.265869 0.897819 
498.607605 332.476868 0.722690 
532.459595 256.056427 0.788726 
526.579285 307.530640 0.681489 
510.358673 336.968719 0.749738 
520.705505 154.641479 0.889568 
531.038574 156.076904 0.914284 
510.425873 157.506027 0.849693 
535.433289 158.971283 0.591205 
18
523.685242 147.324799 0.993121 
522.148071 178.173080 0.901306 
498.601135 176.662842 0.858758 
486.899475 216.393433 0.942702 
478.101044 247.247650 0.864875 
545.728333 181.004745 0.915955 
547.189453 219.302780 0.906541 
550.106506 251.624557 0.910022 
500.184967 242.894485 0.800119 
522.145203 295.768921 0.866943 
510.466949 342.797882 0.840342 
530.998840 247.249420 0.747504 
523.681213 297.204376 0.568572 
495.695557 313.430817 0.777827 
520.666870 144.353897 0.909288 
530.991089 145.724670 0.923382 
510.361053 145.806015 0.879184 
535.427002 145.866150 0.596534 
18
523.705200 144.353790 0.964724 
520.738342 170.878586 0.907347 
497.139832 170.785355 0.898723 
486.870514 211.955475 0.884077 
476.695038 244.330139 0.862229 
545.694702 173.715820 0.881375 
545.771729 214.929581 0.919088 
548.677917 242.832748 0.898319 
500.121826 239.886841 0.846939 
520.667297 289.897797 0.811242 
510.471649 341.327850 0.847681 
528.092834 241.362335 0.794684 
523.709900 289.898712 0.627818 
489.893433 311.913391 0.808971 
520.692932 136.993423 0.900662 
531.029053 136.997528 0.926711 
510.358704 141.385071 0.838805 
535.419373 141.402390 0.529260 
18
523.657227 145.725494 0.978970 
519.248718 172.277542 0.880189 
494.242249 170.820160 0.879360 
485.417938 214.866013 0.863316 
476.648407 245.799332 0.906166 
544.227234 175.187836 0.850165 
545.657166 216.415939 0.888434 
547.187500 245.797913 0.846668 
500.098297 241.392136 0.848484 
520.681030 294.279846 0.851146 
508.935089 344.264282 0.816752 
528.046692 242.870834 0.750286 
525.134705 294.282379 0.554898 
489.899872 310.490936 0.834334 
519.246765 137.002991 0.874704 
529.561462 137.020020 0.910241 
508.946198 141.404327 0.824906 
535.369751 142.853104 0.525771 
18
522.213318 150.195313 0.929848 
516.329163 182.522964 0.896236 
492.795258 181.111282 0.861574 
483.944153 219.302811 0.812620 
476.613892 250.197769 0.912665 
539.856140 182.628571 0.845962 
545.654785 223.697128 0.864654 
545.646484 253.151154 0.865826 
500.077393 251.620209 0.834478 
516.292969 300.132172 0.861640 
488.406219 311.997284 0.653359 
525.192993 251.685959 0.779369 
523.653625 301.695953 0.729172 
506.010956 342.802917 0.654706 
514.840576 145.838058 0.913452 
526.590759 145.829849 0.940657 
507.463593 147.360840 0.817305 
533.950623 147.347137 0.658977 
18
522.173584 160.510208 0.947121 
513.409607 192.869675 0.913986 
491.316925 192.850204 0.872541 
482.477600 236.948013 0.801701 
476.604309 264.940643 0.900641 
536.883850 192.915619 0.886160 
542.753845 229.626755 0.872246 
544.213013 263.414001 0.844596 
498.725189 261.905853 0.822751 
517.763611 307.547974 0.826068 
501.587128 345.717590 0.827383 
525.117737 261.974060 0.790100 
522.204468 310.436981 0.643466 
489.829407 320.756653 0.645967 
513.394836 157.532181 0.931708 
525.179749 157.519180 0.939387 
504.575073 159.001526 0.823784 
533.939575 158.987915 0.623911 
18
522.113525 167.878265 0.940895 
511.921234 195.798828 0.928299 
488.422180 195.823883 0.862251 
482.489105 239.952286 0.870838 
476.635376 273.674347 0.913590 
535.437195 195.834930 0.879279 
542.784668 233.998215 0.839271 
545.657410 264.945953 0.890274 
500.074799 263.480164 0.868478 
513.387878 310.523468 0.809276 
488.438904 326.682983 0.597564 
525.130554 264.886566 0.824524 
523.638550 313.392456 0.802201 
500.199615 342.825714 0.741414 
513.373413 160.481262 0.919062 
523.743042 160.510376 0.945160 
504.546631 163.473373 0.789194 
532.452271 164.924347 0.440616 
18
519.258850 162.009644 0.875658 
511.896362 194.285614 0.952044 
488.343903 194.312881 0.902280 
481.031342 239.886780 0.854942 
476.618134 270.785156 0.911535 
535.432068 194.267212 0.921406 
542.778748 231.089600 0.870034 
545.662048 264.871735 0.886041 
498.728912 261.981079 0.851773 
511.897766 308.990723 0.827230 
488.348755 323.672913 0.589977 
525.124329 263.379395 0.814530 
522.227844 310.502411 0.803653 
501.594086 341.341980 0.788894 
511.936615 158.968079 0.978198 
523.630310 158.979858 0.992422 
503.087372 160.496063 0.846246 
529.550720 160.567398 0.633923 
18
519.252136 156.047974 0.896869 
511.880554 186.950974 0.900341 
486.968689 189.886261 0.865396 
479.561218 231.056030 0.833119 
476.570435 261.906525 0.881814 
535.477051 185.497559 0.887765 
542.762634 225.220154 0.857400 
545.649475 253.198975 0.822696 
498.661957 253.181061 0.849586 
513.401978 300.235901 0.902380 
501.579651 342.789124 0.391846 
523.738037 254.638077 0.806790 
522.151489 303.146790 0.650904 
503.053833 338.411591 0.496428 
511.884644 147.353333 0.959408 
522.256653 147.331985 0.985544 
500.183502 154.608398 0.870322 
525.185120 154.593063 0.257189 
