108
1
18
651.546692 135.557083 0.866059 
611.861450 157.579330 0.837749 
617.771606 164.893448 0.848762 
617.765991 217.813782 0.914636 
629.532837 254.626251 0.917159 
604.494568 151.693451 0.760864 
0.000000 0.000000 0.000000 
0.000000 0.000000 0.000000 
605.955933 242.850632 0.786374 
606.048218 300.143127 0.908659 
591.278931 351.632050 0.865622 
591.268860 239.872375 0.742761 
592.692261 292.850983 0.825008 
580.968018 338.399261 0.732091 
650.117371 132.526794 0.864470 
0.000000 0.000000 0.000000 
638.295959 131.061310 0.864130 
0.000000 0.000000 0.000000 
18
651.519592 135.529633 0.875468 
611.880432 157.545273 0.844318 
617.834167 162.003036 0.837618 
617.808044 217.796707 0.928162 
629.596558 253.209656 0.945781 
604.466492 151.659485 0.772533 
0.000000 0.000000 0.000000 
0.000000 0.000000 0.000000 
605.969177 242.856400 0.795543 
604.581909 298.755737 0.943898 
591.277283 351.648529 0.854384 
591.268005 239.892609 0.755920 
591.281860 292.843872 0.814158 
580.988953 339.859467 0.713444 
650.112061 131.113968 0.857524 
0.000000 0.000000 0.000000 
638.299683 128.179138 0.865201 
0.000000 0.000000 0.000000 
18
651.487122 135.552414 0.848125 
611.863770 157.516571 0.843618 
619.200806 160.557068 0.842990 
619.222290 216.412003 0.910257 
630.997681 253.192627 0.938477 
603.045227 150.236511 0.772993 
0.000000 0.000000 0.000000 
0.000000 0.000000 0.000000 
605.988953 242.889389 0.790426 
603.084351 300.161285 0.911428 
591.261108 353.122467 0.852550 
592.694092 239.918793 0.753486 
589.827454 294.288666 0.801914 
581.002014 339.892395 0.676847 
650.101501 132.521896 0.850876 
0.000000 0.000000 0.000000 
638.335876 128.169189 0.876182 
0.000000 0.000000 0.000000 
18
651.488159 135.519577 0.831717 
611.874939 157.541122 0.849408 
619.203003 161.977142 0.837079 
619.258179 216.431641 0.903584 
631.031189 253.174515 0.924150 
603.068176 151.672272 0.776934 
0.000000 0.000000 0.000000 
0.000000 0.000000 0.000000 
606.019165 244.293930 0.797726 
601.575989 300.168671 0.885270 
591.259521 353.120453 0.853214 
592.711487 239.927597 0.751635 
591.308533 297.200256 0.818744 
582.444702 344.265686 0.685015 
650.090881 131.122406 0.836986 
0.000000 0.000000 0.000000 
638.317017 129.620285 0.875356 
0.000000 0.000000 0.000000 
18
651.489929 135.539017 0.825881 
611.860779 157.562943 0.853293 
617.841187 163.425827 0.834371 
619.249207 217.789688 0.907491 
632.475830 253.140732 0.922201 
603.071838 151.690674 0.774714 
0.000000 0.000000 0.000000 
0.000000 0.000000 0.000000 
606.006836 244.320251 0.798640 
597.176147 300.196014 0.875039 
589.832581 351.673340 0.829538 
592.720520 239.946869 0.724957 
592.749817 298.725342 0.816892 
585.428284 345.729095 0.619030 
650.080078 132.528412 0.839101 
0.000000 0.000000 0.000000 
638.313843 131.076157 0.872483 
0.000000 0.000000 0.000000 
18
651.484985 135.585602 0.825919 
611.856689 157.581558 0.851142 
617.837891 163.458740 0.834552 
619.245178 217.809021 0.904717 
633.906311 253.212982 0.897757 
603.069702 151.699722 0.773082 
0.000000 0.000000 0.000000 
0.000000 0.000000 0.000000 
606.022766 245.767090 0.783663 
595.694519 300.200897 0.886690 
589.797058 351.668213 0.802731 
592.779480 241.336227 0.702358 
592.816711 300.127014 0.799870 
589.813538 345.749023 0.612408 
650.073547 132.569962 0.854573 
0.000000 0.000000 0.000000 
638.298889 131.097183 0.861997 
0.000000 0.000000 0.000000 
18
650.127808 138.484848 0.787974 
611.859375 158.977432 0.834124 
617.826599 164.934891 0.838592 
619.215454 217.843185 0.913690 
632.446350 254.640335 0.888100 
604.462280 153.165604 0.768753 
0.000000 0.000000 0.000000 
0.000000 0.000000 0.000000 
606.034729 245.803650 0.775493 
594.315613 300.189941 0.888660 
589.788025 351.640259 0.804502 
594.198792 241.364212 0.680471 
594.178955 300.130585 0.801420 
592.726196 345.741150 0.647188 
650.110718 134.032776 0.859415 
0.000000 0.000000 0.000000 
639.739258 131.093719 0.875133 
0.000000 0.000000 0.000000 
18
651.508850 144.305908 0.854090 
611.903625 158.991348 0.853483 
617.830078 167.851532 0.864488 
617.845032 217.935089 0.908310 
631.004395 257.548615 0.874008 
604.477600 151.700714 0.772149 
0.000000 0.000000 0.000000 
0.000000 0.000000 0.000000 
606.007324 247.236893 0.775575 
595.699890 300.214935 0.874117 
589.800415 351.627869 0.805962 
592.802979 241.364975 0.677612 
594.170105 300.156525 0.798250 
591.293945 345.748260 0.639318 
651.531555 135.518646 0.899691 
0.000000 0.000000 0.000000 
639.795471 132.558853 0.900689 
0.000000 0.000000 0.000000 
18
651.510681 145.778381 0.867776 
611.906311 159.046432 0.846685 
617.814636 169.301147 0.881286 
617.790222 220.805542 0.887805 
629.602661 260.458496 0.892555 
604.484070 153.141342 0.786824 
0.000000 0.000000 0.000000 
0.000000 0.000000 0.000000 
605.994751 248.731277 0.781783 
595.712219 300.226257 0.864744 
589.791931 351.653809 0.811470 
594.198303 242.824463 0.644904 
594.190613 300.168915 0.810708 
592.751709 345.752014 0.644850 
651.569092 136.998917 0.868771 
0.000000 0.000000 0.000000 
639.849854 134.011505 0.946979 
0.000000 0.000000 0.000000 
18
651.559875 145.865128 0.814185 
613.317993 159.083496 0.843392 
617.824097 169.361847 0.883376 
617.711304 222.253662 0.875983 
629.505371 261.932129 0.921634 
604.493103 153.145859 0.788892 
0.000000 0.000000 0.000000 
0.000000 0.000000 0.000000 
605.989197 250.173294 0.777250 
595.695496 301.627106 0.831921 
589.806946 351.649628 0.809220 
594.231079 242.870544 0.620152 
594.248108 300.213409 0.797621 
594.210632 345.731567 0.656504 
651.616089 139.910172 0.794436 
0.000000 0.000000 0.000000 
641.286682 134.107864 0.946725 
0.000000 0.000000 0.000000 
18
652.979248 147.286148 0.843981 
613.345459 159.107803 0.850763 
619.237732 170.752075 0.867117 
617.706909 225.173782 0.876099 
628.024475 263.391388 0.930801 
604.461792 153.135620 0.796938 
0.000000 0.000000 0.000000 
0.000000 0.000000 0.000000 
604.549805 250.187592 0.762053 
595.714478 301.656647 0.837641 
588.370789 351.633942 0.808837 
592.783691 242.866623 0.638406 
594.272034 300.235779 0.772260 
592.776672 345.751373 0.680200 
653.038391 141.410645 0.815240 
0.000000 0.000000 0.000000 
641.356567 135.500763 0.938029 
0.000000 0.000000 0.000000 
18
653.053894 148.723541 0.783612 
613.307800 161.958267 0.828313 
619.244934 170.859604 0.841477 
617.698242 228.060837 0.899099 
627.974426 264.843048 0.916813 
603.035645 154.617599 0.796555 
0.000000 0.000000 0.000000 
0.000000 0.000000 0.000000 
603.071716 251.606567 0.732471 
594.277222 303.149506 0.833756 
588.329773 353.118103 0.786114 
591.313599 244.296829 0.619941 
594.289124 301.679260 0.712718 
594.232788 345.767303 0.731112 
653.118469 144.318497 0.793723 
0.000000 0.000000 0.000000 
644.208496 137.001053 0.896350 
0.000000 0.000000 0.000000 
18
653.112915 148.783051 0.652221 
611.903015 163.431656 0.826833 
619.295349 173.739304 0.795687 
617.743713 228.177948 0.930932 
626.570496 264.965088 0.895261 
603.017029 154.628723 0.799388 
0.000000 0.000000 0.000000 
0.000000 0.000000 0.000000 
604.460571 251.638184 0.752640 
594.289063 303.127960 0.840344 
589.843323 354.547241 0.790975 
589.845642 244.290359 0.634184 
594.241760 301.659088 0.704520 
592.769592 345.781647 0.677235 
654.556396 145.752319 0.718370 
0.000000 0.000000 0.000000 
648.605103 139.902695 0.868958 
0.000000 0.000000 0.000000 
18
654.525757 148.793304 0.573255 
613.371155 163.423538 0.838083 
622.201965 175.203400 0.774112 
617.768433 229.550171 0.915334 
628.009583 266.344818 0.900486 
603.047546 153.182739 0.803077 
614.822571 189.867813 0.061132 
0.000000 0.000000 0.000000 
604.494202 251.671692 0.777763 
595.724548 303.129181 0.828726 
589.821533 353.107910 0.807256 
589.793274 244.300827 0.639609 
594.273743 301.657166 0.699734 
592.819275 345.793945 0.687923 
656.018433 145.755341 0.663724 
0.000000 0.000000 0.000000 
650.081604 139.947617 0.880240 
0.000000 0.000000 0.000000 
18
655.990662 148.764130 0.565370 
614.840759 161.988876 0.853567 
626.544556 173.770798 0.785460 
619.211609 229.557755 0.899991 
629.458313 266.386169 0.863409 
604.458618 151.706863 0.809307 
0.000000 0.000000 0.000000 
0.000000 0.000000 0.000000 
604.498047 248.743393 0.740041 
597.158630 301.682556 0.832006 
589.789978 353.128326 0.850058 
588.364990 239.945251 0.661841 
603.055847 300.139587 0.629622 
601.567078 336.980438 0.652405 
658.899963 145.729477 0.666672 
0.000000 0.000000 0.000000 
650.106750 141.369141 0.879799 
0.000000 0.000000 0.000000 
18
657.474854 150.212936 0.534344 
616.214050 163.430847 0.849882 
626.606873 176.659866 0.800190 
622.174500 229.637604 0.874069 
629.507996 267.853149 0.841236 
604.457397 153.142670 0.814075 
0.000000 0.000000 0.000000 
0.000000 0.000000 0.000000 
604.559143 250.212662 0.757878 
595.765320 301.675842 0.867156 
589.827576 351.668213 0.855904 
591.292114 241.405502 0.637936 
614.847534 297.204315 0.682034 
604.557373 333.961060 0.708904 
660.412170 145.775513 0.669614 
0.000000 0.000000 0.000000 
651.542969 141.410934 0.903378 
0.000000 0.000000 0.000000 
18
657.463928 153.141846 0.413939 
616.302307 164.920898 0.857349 
628.069824 178.170975 0.843069 
626.561279 229.662506 0.902166 
630.989929 272.211609 0.831096 
604.513245 153.149368 0.830614 
0.000000 0.000000 0.000000 
0.000000 0.000000 0.000000 
605.967957 248.724503 0.749658 
595.757263 301.669342 0.864902 
591.252563 353.092346 0.836949 
591.309265 241.326111 0.659542 
614.826294 295.764038 0.542130 
607.482788 332.549042 0.575001 
661.856934 145.853333 0.573242 
0.000000 0.000000 0.000000 
652.990601 144.299103 0.960181 
0.000000 0.000000 0.000000 
18
656.003235 156.077667 0.464375 
616.351501 164.919891 0.859072 
628.101257 178.163239 0.846921 
628.004272 229.672394 0.934352 
632.488525 273.651337 0.834640 
604.587830 151.717056 0.840031 
0.000000 0.000000 0.000000 
0.000000 0.000000 0.000000 
606.000732 247.231140 0.746403 
598.655518 301.653870 0.855036 
589.816223 351.670166 0.856484 
592.724243 239.901688 0.672030 
622.150757 289.873169 0.631077 
613.355164 332.498322 0.680234 
661.864380 147.269241 0.595027 
0.000000 0.000000 0.000000 
653.026855 144.321075 0.975485 
0.000000 0.000000 0.000000 
18
656.015625 156.113083 0.517507 
616.351685 166.367325 0.873772 
628.096008 179.576920 0.848540 
628.097107 229.631378 0.935141 
636.850525 270.772827 0.832410 
604.587341 154.614609 0.855778 
0.000000 0.000000 0.000000 
0.000000 0.000000 0.000000 
606.034119 247.258026 0.758931 
598.629700 301.660370 0.841557 
589.829590 354.547455 0.833551 
592.742371 239.934830 0.700148 
620.691162 289.906982 0.470998 
614.793823 334.013123 0.552974 
661.867981 147.288681 0.630965 
0.000000 0.000000 0.000000 
653.025330 144.318130 0.962522 
0.000000 0.000000 0.000000 
18
656.018982 157.492966 0.495446 
617.694397 166.373734 0.876064 
629.463562 178.165436 0.854825 
629.492371 229.630844 0.924201 
638.324646 267.864380 0.856867 
604.572693 154.625870 0.863423 
591.284607 206.038712 0.096616 
0.000000 0.000000 0.000000 
606.065369 248.706909 0.769178 
600.095215 301.663971 0.834229 
589.815186 353.102417 0.834768 
592.734802 239.933273 0.690783 
617.772583 294.309418 0.508778 
614.791016 336.921692 0.688452 
663.248596 147.294617 0.622392 
0.000000 0.000000 0.000000 
653.054260 144.324295 0.970371 
0.000000 0.000000 0.000000 
18
657.480042 156.090164 0.481531 
617.719055 166.363098 0.872157 
629.453003 179.573502 0.844244 
629.498840 229.686264 0.915771 
639.804321 266.404480 0.879455 
605.968323 154.610626 0.867946 
0.000000 0.000000 0.000000 
0.000000 0.000000 0.000000 
606.054565 247.257050 0.767789 
601.602844 301.629730 0.848154 
589.813721 351.629120 0.825948 
592.786194 239.896317 0.660693 
622.158081 292.818634 0.607678 
616.273315 335.511047 0.741435 
663.279724 147.273132 0.619530 
0.000000 0.000000 0.000000 
653.081360 144.316284 0.957416 
0.000000 0.000000 0.000000 
18
658.940369 154.652527 0.392881 
617.740417 166.390701 0.872104 
629.458496 179.584122 0.851509 
629.554993 231.079910 0.901814 
639.843628 269.289795 0.853888 
606.000732 154.624084 0.855137 
0.000000 0.000000 0.000000 
0.000000 0.000000 0.000000 
606.050720 247.274338 0.756506 
603.060059 300.189331 0.862224 
589.828613 350.172821 0.811336 
595.697815 239.917511 0.560950 
626.561890 289.933807 0.736714 
619.244202 335.502411 0.798894 
663.299744 147.270081 0.548989 
0.000000 0.000000 0.000000 
654.501587 144.329498 0.941464 
0.000000 0.000000 0.000000 
18
658.915039 156.062973 0.393761 
617.725891 166.407257 0.881068 
629.466187 179.586945 0.855483 
629.547485 231.088806 0.893663 
639.809204 267.859863 0.842185 
605.969177 154.647797 0.860163 
0.000000 0.000000 0.000000 
0.000000 0.000000 0.000000 
606.061401 248.743576 0.756457 
603.065979 300.231964 0.845997 
588.361755 350.202606 0.787832 
594.255249 239.940918 0.578290 
626.568848 295.742706 0.726599 
623.646790 335.466370 0.796727 
663.299683 147.283234 0.551348 
0.000000 0.000000 0.000000 
654.492432 144.343903 0.950004 
0.000000 0.000000 0.000000 
18
660.406250 153.179276 0.380639 
617.766541 166.397934 0.872068 
629.477600 179.578659 0.855735 
629.520569 231.084030 0.901151 
639.805603 267.872009 0.847244 
606.026978 154.621063 0.846072 
0.000000 0.000000 0.000000 
0.000000 0.000000 0.000000 
607.473877 250.204880 0.752578 
604.469116 300.233917 0.861163 
589.805054 350.195984 0.792729 
594.258240 241.356461 0.587332 
626.518555 295.737091 0.701453 
622.163086 335.439606 0.786537 
663.324219 147.245224 0.547135 
0.000000 0.000000 0.000000 
654.528503 144.325165 0.933359 
0.000000 0.000000 0.000000 
18
661.842285 153.186050 0.418218 
617.797913 166.392334 0.871995 
629.495667 178.172623 0.856601 
629.493835 232.526276 0.883108 
641.219482 267.821320 0.876220 
606.059998 154.622574 0.830812 
626.581421 170.797653 0.062390 
0.000000 0.000000 0.000000 
608.912964 251.639160 0.748002 
604.480469 301.650543 0.886458 
589.832642 351.651337 0.799291 
595.693115 241.390808 0.580802 
625.110474 294.276886 0.666085 
616.248718 335.432159 0.771017 
663.364319 147.252182 0.573190 
0.000000 0.000000 0.000000 
654.560608 144.311920 0.912661 
0.000000 0.000000 0.000000 
18
661.891541 153.187042 0.307183 
617.805481 166.385986 0.861223 
629.512268 178.129303 0.840549 
629.477478 231.072876 0.884753 
639.808960 264.923096 0.924036 
606.059875 156.058472 0.826498 
594.237061 206.082977 0.097647 
0.000000 0.000000 0.000000 
608.939575 251.694839 0.754490 
604.458862 301.703857 0.869319 
589.809448 351.662537 0.824540 
594.262207 242.866837 0.604118 
619.235718 297.233032 0.593733 
607.478271 339.855682 0.729970 
664.752563 147.250305 0.458187 
0.000000 0.000000 0.000000 
656.026489 144.326157 0.906000 
0.000000 0.000000 0.000000 
18
663.278687 157.579590 0.529741 
619.243530 166.380585 0.864271 
629.599060 176.702408 0.842003 
629.456238 231.063309 0.882817 
639.815308 263.451660 0.935684 
607.475525 156.069031 0.825934 
592.750000 204.615128 0.276218 
0.000000 0.000000 0.000000 
611.854309 253.114136 0.740619 
603.066711 303.115295 0.854108 
589.792908 351.656799 0.808901 
597.190857 244.302856 0.545126 
620.701111 298.650757 0.678609 
611.888245 336.962646 0.767467 
664.801208 148.785278 0.588769 
0.000000 0.000000 0.000000 
657.442749 145.741638 0.917636 
0.000000 0.000000 0.000000 
18
664.783142 159.002274 0.658434 
622.149780 166.383179 0.855097 
631.017639 178.172302 0.823813 
629.475952 231.089905 0.895705 
639.783447 263.406738 0.935499 
610.412903 156.104813 0.803541 
629.491882 181.093552 0.067481 
0.000000 0.000000 0.000000 
610.401855 251.708298 0.743371 
603.058289 301.703674 0.852291 
589.831299 351.668976 0.803533 
597.198242 242.834351 0.548420 
619.255493 298.705627 0.725641 
613.362854 338.423706 0.766743 
666.326416 151.690948 0.631473 
0.000000 0.000000 0.000000 
661.841797 145.801987 0.928327 
0.000000 0.000000 0.000000 
18
666.337036 159.099457 0.566109 
626.533569 166.392410 0.886076 
631.052490 178.169891 0.785998 
629.497192 231.060410 0.920367 
639.798584 261.920837 0.876927 
616.284668 157.560547 0.837627 
638.265259 181.029816 0.157614 
0.000000 0.000000 0.000000 
605.956909 250.192551 0.774652 
603.077454 301.649597 0.853176 
591.247620 350.213989 0.796211 
595.732483 241.380249 0.533268 
622.161255 297.230072 0.736102 
614.802734 338.445251 0.795080 
672.159668 154.647522 0.611535 
0.000000 0.000000 0.000000 
663.362610 147.278778 0.986989 
0.000000 0.000000 0.000000 
18
673.620972 161.961960 0.627119 
629.504639 167.830734 0.892536 
636.858154 176.670547 0.777340 
629.462646 229.607666 0.936017 
639.758118 260.507690 0.877853 
623.626831 157.599243 0.739797 
0.000000 0.000000 0.000000 
0.000000 0.000000 0.000000 
603.048401 244.292145 0.753266 
604.448181 300.194366 0.857807 
591.264709 350.212524 0.796767 
594.228821 238.452942 0.557459 
619.231445 297.231110 0.754865 
614.811951 339.888214 0.791654 
675.094360 157.548737 0.698670 
0.000000 0.000000 0.000000 
664.876099 150.210281 0.932302 
0.000000 0.000000 0.000000 
18
675.036865 169.298355 0.721209 
630.971008 169.268845 0.896200 
638.350830 178.146301 0.825630 
628.115234 229.577850 0.930285 
636.844360 261.971130 0.842520 
626.569031 159.047287 0.729202 
639.763672 182.581680 0.068253 
0.000000 0.000000 0.000000 
598.629333 241.411163 0.744967 
603.055237 300.156403 0.866999 
589.843445 351.648346 0.798355 
601.592224 239.874237 0.503410 
619.264099 297.196930 0.765356 
616.227722 341.333527 0.796120 
676.542297 160.546814 0.705068 
0.000000 0.000000 0.000000 
666.327881 156.097580 0.915666 
0.000000 0.000000 0.000000 
18
675.096619 169.394150 0.740801 
632.473022 169.270554 0.860685 
639.809570 178.128799 0.836570 
629.462463 229.574814 0.923694 
635.382202 263.450378 0.845804 
628.096558 159.097122 0.746604 
639.810120 182.540375 0.061254 
0.000000 0.000000 0.000000 
600.107239 245.773117 0.718349 
601.598022 300.235870 0.835481 
591.269348 353.101715 0.803066 
600.113770 241.345352 0.509548 
619.261292 297.214203 0.759686 
616.274109 338.447998 0.799061 
676.605042 163.440353 0.683170 
0.000000 0.000000 0.000000 
669.236267 157.542542 0.910097 
0.000000 0.000000 0.000000 
18
675.161682 170.783798 0.738162 
633.909241 169.279816 0.861866 
639.858276 178.144165 0.841245 
629.472534 229.563965 0.917266 
632.480347 264.972076 0.856385 
628.093323 160.490005 0.747796 
642.719666 182.522629 0.063756 
0.000000 0.000000 0.000000 
604.521057 250.165665 0.750657 
598.641113 304.583191 0.824617 
589.842590 354.595734 0.855333 
594.209045 241.386246 0.584343 
614.793152 298.664307 0.589045 
606.013062 345.698822 0.674103 
678.031250 164.931122 0.664032 
0.000000 0.000000 0.000000 
670.721558 157.563965 0.894406 
0.000000 0.000000 0.000000 
18
676.546204 170.813202 0.798432 
635.390198 169.268555 0.863263 
641.235535 178.150696 0.849652 
629.480957 228.183899 0.911991 
630.996338 267.831055 0.852064 
629.489868 159.104675 0.759938 
645.652100 182.516174 0.064737 
0.000000 0.000000 0.000000 
606.001770 250.187637 0.762176 
600.124268 303.106232 0.812885 
591.243347 354.575043 0.842982 
594.221191 241.386200 0.602576 
605.981750 300.159424 0.515128 
606.007568 344.286011 0.629128 
678.084351 166.374237 0.711742 
0.000000 0.000000 0.000000 
672.147888 157.530197 0.895470 
0.000000 0.000000 0.000000 
18
676.617676 170.798019 0.792669 
636.847046 169.268005 0.867965 
641.269531 178.157333 0.856051 
629.514343 228.203033 0.927202 
629.610657 272.270721 0.861349 
629.514832 159.092010 0.763770 
644.216797 182.587067 0.062546 
0.000000 0.000000 0.000000 
606.054993 250.194916 0.747228 
600.105896 303.144440 0.791991 
591.256653 354.568054 0.830303 
594.245117 241.385529 0.626295 
600.139099 300.224487 0.537228 
598.657898 345.757874 0.574091 
680.972595 164.939026 0.699284 
0.000000 0.000000 0.000000 
673.609375 157.519257 0.895787 
0.000000 0.000000 0.000000 
18
678.087341 170.826141 0.805762 
638.303345 167.866776 0.869835 
641.284729 176.696777 0.851420 
629.504395 229.629852 0.927502 
629.568848 275.107849 0.859215 
630.977783 159.076492 0.740723 
647.138123 184.017014 0.057996 
0.000000 0.000000 0.000000 
606.048401 248.709473 0.724730 
603.014404 304.574188 0.809009 
591.274597 354.575592 0.843790 
595.685608 239.902710 0.611549 
605.982727 300.194000 0.551482 
601.563843 345.749054 0.596015 
683.923645 166.363205 0.723247 
0.000000 0.000000 0.000000 
675.103821 157.508575 0.929486 
0.000000 0.000000 0.000000 
18
679.515930 170.847458 0.731315 
638.364563 167.861954 0.884183 
641.287354 178.126846 0.856837 
629.505981 229.614380 0.917746 
629.536804 273.740906 0.864656 
632.459351 159.059067 0.726764 
651.515625 182.535446 0.090321 
0.000000 0.000000 0.000000 
605.997009 247.240372 0.732391 
604.467651 303.110962 0.835632 
591.266174 354.606750 0.839284 
594.223328 238.438461 0.615732 
605.960266 300.149231 0.564115 
603.023987 345.739838 0.614586 
685.356018 166.398178 0.679969 
0.000000 0.000000 0.000000 
676.529053 157.577713 0.960598 
0.000000 0.000000 0.000000 
18
679.545227 170.878967 0.774674 
639.763733 167.855591 0.891212 
641.329651 176.703415 0.852261 
629.510071 229.579132 0.927036 
629.481995 275.170013 0.872285 
633.914124 159.041016 0.728769 
651.510315 182.604523 0.086872 
0.000000 0.000000 0.000000 
605.959900 242.863861 0.731650 
604.563477 301.636047 0.866724 
591.304749 354.573120 0.827517 
594.251282 236.950058 0.604659 
606.017517 298.750458 0.601739 
601.601196 345.777252 0.668381 
685.368958 167.831482 0.742632 
0.000000 0.000000 0.000000 
676.539246 157.590302 0.962054 
0.000000 0.000000 0.000000 
18
679.546875 172.260468 0.772761 
639.793213 167.860168 0.905170 
641.339905 178.137619 0.851190 
629.503601 229.571884 0.917370 
629.519958 273.733429 0.851363 
635.380188 159.018265 0.720980 
648.606873 184.040039 0.060205 
0.000000 0.000000 0.000000 
606.031799 244.296661 0.723277 
604.510803 301.650208 0.863828 
591.296204 354.579285 0.824168 
594.281250 236.968674 0.631629 
603.069641 300.146057 0.618002 
598.628601 347.183105 0.644199 
685.384399 167.860382 0.737077 
0.000000 0.000000 0.000000 
676.588318 157.599503 0.961194 
0.000000 0.000000 0.000000 
18
680.973450 172.250702 0.758438 
639.825684 167.841415 0.906241 
641.368286 178.122177 0.838374 
629.496216 229.569611 0.891885 
629.535950 273.668091 0.821943 
635.417053 159.004242 0.712697 
647.150574 185.510284 0.055275 
0.000000 0.000000 0.000000 
607.450256 244.315918 0.721123 
604.484619 301.677551 0.861430 
591.268860 353.136139 0.804153 
597.175598 236.960358 0.600398 
603.081604 300.190033 0.600999 
595.707642 347.216034 0.638017 
685.408691 167.854050 0.720626 
0.000000 0.000000 0.000000 
676.601624 157.577728 0.961750 
0.000000 0.000000 0.000000 
18
682.471191 172.245651 0.769694 
639.848572 167.850754 0.913391 
642.758423 178.121216 0.827394 
629.558594 229.551346 0.904663 
629.565735 272.227966 0.835989 
635.415527 158.995163 0.719962 
595.748962 192.821381 0.287202 
0.000000 0.000000 0.000000 
608.914673 248.695389 0.710163 
604.478821 301.686584 0.876886 
591.274048 354.575745 0.806646 
597.198914 238.439850 0.596736 
600.122437 300.170319 0.578288 
592.774719 347.256836 0.587632 
686.850586 167.850296 0.747958 
0.000000 0.000000 0.000000 
678.031433 157.548553 0.956102 
0.000000 0.000000 0.000000 
18
685.373230 172.310822 0.822611 
641.236328 169.273056 0.903127 
644.201538 178.136703 0.803339 
631.007751 229.598633 0.892084 
631.050171 272.260620 0.819197 
636.878906 159.049133 0.710894 
595.765991 191.398788 0.378937 
619.272827 216.429550 0.053715 
607.521667 248.720459 0.706227 
604.467651 303.112274 0.860092 
591.250671 355.996124 0.821574 
597.196228 239.871475 0.592324 
601.576965 300.176544 0.555644 
595.723694 347.218048 0.571282 
688.277161 169.264359 0.810174 
0.000000 0.000000 0.000000 
678.063354 157.596741 0.948130 
0.000000 0.000000 0.000000 
18
686.848816 178.114243 0.751759 
641.306335 169.362152 0.898963 
644.254028 179.646667 0.794194 
632.480103 229.641983 0.867077 
632.472473 273.688812 0.842492 
638.339905 160.513733 0.675057 
595.765259 192.859329 0.315346 
0.000000 0.000000 0.000000 
607.447998 248.699509 0.718170 
604.465698 301.695435 0.867072 
591.270020 353.112518 0.847972 
600.117188 239.912064 0.552774 
620.698914 297.245331 0.582121 
613.352722 338.414520 0.660053 
688.403137 170.765213 0.764798 
0.000000 0.000000 0.000000 
681.014160 159.077499 0.914790 
0.000000 0.000000 0.000000 
18
688.279236 181.122711 0.790304 
647.156494 170.782822 0.837119 
650.071289 181.049286 0.777584 
638.367981 231.075424 0.858489 
636.861023 273.671997 0.795276 
644.213623 163.465866 0.634910 
629.516541 214.913773 0.068264 
0.000000 0.000000 0.000000 
604.475586 242.852859 0.746988 
604.455200 300.220673 0.863121 
591.272217 353.103516 0.827309 
607.484924 241.361496 0.558461 
620.739197 294.303070 0.735589 
616.313049 338.442200 0.803903 
689.850586 175.194199 0.705784 
0.000000 0.000000 0.000000 
685.352295 163.451370 0.901058 
0.000000 0.000000 0.000000 
18
689.817810 184.071091 0.767467 
651.540039 173.734848 0.849186 
653.016785 182.569931 0.867234 
639.856812 235.487640 0.866528 
639.796448 275.160400 0.876546 
650.065674 167.860428 0.659194 
0.000000 0.000000 0.000000 
0.000000 0.000000 0.000000 
601.568726 241.382950 0.734616 
604.480774 298.751160 0.861793 
591.265991 351.671356 0.804189 
604.517639 239.909821 0.538854 
617.798218 294.299744 0.755654 
617.700806 338.421417 0.817835 
694.208252 181.071930 0.787233 
0.000000 0.000000 0.000000 
686.852478 170.752136 0.929951 
0.000000 0.000000 0.000000 
18
689.859985 194.403580 0.700274 
653.077393 182.516174 0.913988 
654.539978 192.880188 0.821754 
641.291565 242.814697 0.949165 
641.327209 281.047424 0.867094 
653.011719 170.841843 0.715811 
663.307129 204.542023 0.063164 
0.000000 0.000000 0.000000 
595.722351 239.905136 0.769119 
604.570190 297.264496 0.881190 
591.262390 351.671417 0.802384 
601.595398 239.879898 0.553301 
617.738342 292.848663 0.754104 
616.299377 341.348785 0.827294 
695.696045 191.400192 0.676664 
0.000000 0.000000 0.000000 
688.323303 181.136429 0.952161 
0.000000 0.000000 0.000000 
18
688.409485 207.607071 0.698423 
656.006714 192.804031 0.849145 
661.848816 203.170120 0.849721 
641.361023 250.187881 0.914996 
641.288635 288.357910 0.949654 
654.528320 181.074203 0.671178 
0.000000 0.000000 0.000000 
0.000000 0.000000 0.000000 
592.800232 238.411514 0.771279 
606.040222 297.234619 0.881134 
591.264954 351.637115 0.808874 
595.693115 236.945847 0.569432 
617.740417 291.383789 0.768577 
616.262817 339.907959 0.822739 
694.230286 204.637863 0.697635 
0.000000 0.000000 0.000000 
688.346436 192.907333 0.978123 
0.000000 0.000000 0.000000 
18
688.380676 220.782059 0.777715 
656.027649 204.608429 0.826169 
663.278198 216.366486 0.921591 
642.729492 264.863678 0.928215 
642.732239 298.658508 0.923485 
653.107971 192.888885 0.660294 
0.000000 0.000000 0.000000 
0.000000 0.000000 0.000000 
594.216125 241.393906 0.792297 
607.471985 300.215637 0.940457 
589.849854 353.119568 0.829264 
582.515076 231.124634 0.574356 
617.754333 298.750977 0.662980 
614.788208 341.376953 0.767437 
692.763123 216.425781 0.786221 
0.000000 0.000000 0.000000 
688.269836 206.033035 0.938011 
0.000000 0.000000 0.000000 
18
688.278748 235.496323 0.759153 
658.919861 214.906769 0.756512 
661.864014 226.621094 0.895492 
641.256104 276.673798 1.000737 
641.271667 307.513245 0.916505 
656.012329 204.623489 0.569174 
0.000000 0.000000 0.000000 
0.000000 0.000000 0.000000 
592.720825 241.381897 0.747340 
611.888611 301.656555 0.861629 
588.361389 354.553192 0.784706 
582.481995 232.535828 0.582530 
623.637756 298.750122 0.667409 
614.764954 341.337280 0.780797 
689.852966 229.628418 0.827323 
0.000000 0.000000 0.000000 
686.833923 217.895187 0.941977 
0.000000 0.000000 0.000000 
18
683.931213 247.266312 0.747459 
654.559753 225.173798 0.711418 
660.384521 234.038651 0.856328 
641.312744 281.055756 0.949413 
636.863281 314.880951 0.874219 
653.044800 214.877228 0.545313 
636.872253 264.923798 0.161871 
0.000000 0.000000 0.000000 
588.369080 244.304886 0.710176 
614.823975 301.714203 0.869126 
588.373657 354.576813 0.811020 
582.467407 238.401520 0.536813 
626.548706 300.171021 0.649488 
613.325928 342.806030 0.732517 
688.304626 241.381561 0.854436 
0.000000 0.000000 0.000000 
683.899353 229.599365 0.917057 
0.000000 0.000000 0.000000 
18
679.515625 259.036224 0.706236 
654.541565 232.548996 0.698633 
657.472229 242.843903 0.833252 
639.877136 288.406433 0.985261 
629.537109 323.754089 0.915652 
653.017639 220.824387 0.549596 
0.000000 0.000000 0.000000 
0.000000 0.000000 0.000000 
586.891296 242.877930 0.684229 
616.320313 306.047302 0.837593 
616.304565 335.528931 0.152904 
582.462402 236.980957 0.499440 
620.698914 301.638153 0.512256 
606.007629 345.751007 0.422721 
686.796936 253.135880 0.839746 
0.000000 0.000000 0.000000 
678.069580 241.325027 0.928501 
0.000000 0.000000 0.000000 
18
676.636353 266.380920 0.756249 
654.492737 241.407883 0.657806 
654.561462 251.691483 0.828307 
639.835938 292.835663 0.906053 
629.482117 331.046570 0.908585 
653.045227 231.063965 0.534477 
642.735107 278.178589 0.094106 
0.000000 0.000000 0.000000 
586.877991 241.416718 0.697574 
617.734253 309.007935 0.874245 
616.274536 338.425140 0.122624 
588.334045 239.872040 0.443637 
619.267151 306.034271 0.473418 
597.159363 348.722839 0.341651 
682.473877 263.401978 0.815051 
0.000000 0.000000 0.000000 
676.597595 251.585403 0.873954 
0.000000 0.000000 0.000000 
18
675.150146 275.191833 0.771429 
653.067810 248.696686 0.679564 
654.503601 256.071381 0.783646 
639.731079 298.646576 0.822833 
628.034119 332.522186 0.884727 
653.049194 236.973434 0.519759 
642.727661 288.399994 0.131339 
0.000000 0.000000 0.000000 
585.412903 244.321930 0.699925 
617.786682 310.442993 0.868791 
588.349548 356.044556 0.792266 
586.901978 241.340179 0.446359 
620.732056 306.073700 0.506075 
601.587646 347.252258 0.392455 
678.086426 269.290253 0.773122 
0.000000 0.000000 0.000000 
675.130127 256.058594 0.880259 
0.000000 0.000000 0.000000 
18
675.086426 276.741608 0.732385 
653.040466 251.660690 0.693728 
653.095398 261.919891 0.792645 
633.944397 300.210602 0.770589 
628.022461 333.956818 0.730864 
653.091858 241.360428 0.534656 
639.805481 295.732025 0.187856 
622.193359 332.546844 0.285407 
585.405273 244.337799 0.674775 
617.838440 310.495270 0.773858 
616.273132 337.005066 0.186677 
585.437744 241.347809 0.439988 
623.636108 306.064453 0.464318 
606.002625 345.779114 0.389005 
678.025940 275.165985 0.793086 
0.000000 0.000000 0.000000 
675.103760 261.938721 0.861657 
0.000000 0.000000 0.000000 
18
675.071716 281.076019 0.714047 
653.036133 253.148529 0.715444 
653.092346 263.434753 0.813195 
632.452026 300.213898 0.763488 
629.542297 331.036652 0.591149 
653.067322 241.431793 0.558231 
638.368530 294.276276 0.217943 
626.606018 331.023682 0.480842 
585.423462 247.252335 0.681838 
619.219116 310.503540 0.805354 
589.818054 354.592743 0.830381 
586.905396 242.840866 0.433388 
626.601013 306.079468 0.446335 
605.991333 345.793304 0.463120 
678.015442 276.639740 0.809507 
0.000000 0.000000 0.000000 
675.077637 263.421967 0.882516 
0.000000 0.000000 0.000000 
18
675.025940 283.967926 0.670690 
653.058533 254.582870 0.723472 
653.103699 264.872528 0.787516 
632.487671 300.151978 0.762892 
629.598083 323.662170 0.714869 
653.075378 241.432648 0.569625 
639.838074 289.909088 0.187316 
0.000000 0.000000 0.000000 
586.897095 247.263870 0.681790 
619.265991 310.515106 0.798664 
589.812134 354.572693 0.838634 
585.434937 241.413773 0.420514 
628.015198 307.520844 0.419712 
606.013916 344.296600 0.386551 
676.601135 276.700897 0.769020 
0.000000 0.000000 0.000000 
675.074585 264.858673 0.880569 
0.000000 0.000000 0.000000 
18
675.045471 283.974640 0.666719 
653.060059 254.602463 0.740587 
653.106445 264.921509 0.793952 
632.467468 300.194946 0.755454 
630.967041 322.252136 0.642753 
653.062622 241.438721 0.589496 
639.786621 292.795105 0.164343 
629.472900 322.253876 0.421860 
588.359619 247.266586 0.667882 
619.291809 311.894989 0.770037 
589.804016 354.568695 0.834192 
586.891541 241.414261 0.428316 
628.021973 307.554413 0.449478 
606.047180 344.305695 0.474043 
676.615784 276.705078 0.759396 
0.000000 0.000000 0.000000 
675.091125 264.889557 0.896950 
0.000000 0.000000 0.000000 
18
675.046753 284.015472 0.695335 
653.052307 254.639465 0.733724 
653.105530 267.816315 0.779946 
631.015137 300.254974 0.754033 
629.577271 320.784271 0.627321 
653.039551 242.828629 0.587084 
639.763672 291.330078 0.118639 
0.000000 0.000000 0.000000 
588.355774 247.265732 0.669427 
620.703186 311.912415 0.756844 
588.356995 354.581970 0.834082 
586.898926 241.416718 0.424831 
626.592896 308.981750 0.448962 
606.020508 345.744873 0.555066 
676.624756 276.715027 0.791588 
0.000000 0.000000 0.000000 
675.088318 264.885925 0.915560 
0.000000 0.000000 0.000000 
18
675.048706 283.980927 0.670919 
653.077026 254.638092 0.735680 
653.128662 266.397736 0.778335 
631.033508 300.239075 0.751201 
629.547424 322.213989 0.597450 
653.099487 242.829895 0.577546 
639.771484 292.800568 0.133630 
0.000000 0.000000 0.000000 
589.802246 247.260315 0.670706 
620.692566 311.908295 0.778699 
616.296814 335.525665 0.131439 
589.818970 242.853714 0.419791 
628.048523 308.975586 0.456760 
607.459229 345.699249 0.525404 
676.624817 276.701447 0.769482 
0.000000 0.000000 0.000000 
675.095459 264.859711 0.912045 
0.000000 0.000000 0.000000 
18
675.046509 284.014740 0.668920 
653.084290 254.640900 0.732531 
653.133789 266.389893 0.766647 
631.007813 301.679535 0.738609 
629.505493 328.138702 0.468123 
654.497742 242.826752 0.576821 
639.748047 292.837311 0.145467 
0.000000 0.000000 0.000000 
589.823669 247.246078 0.675344 
620.700928 311.900543 0.777134 
588.362305 354.603699 0.840328 
588.371765 241.413437 0.416420 
628.050720 307.527100 0.430921 
610.399353 344.291595 0.478698 
676.632813 276.722321 0.757794 
0.000000 0.000000 0.000000 
675.117065 264.855377 0.903944 
0.000000 0.000000 0.000000 
18
675.050659 284.001923 0.655732 
653.074524 254.631683 0.734933 
653.107788 267.819550 0.755433 
630.989990 303.117371 0.710849 
629.467712 326.656647 0.516741 
654.512146 241.428238 0.568258 
639.781921 292.832153 0.149593 
0.000000 0.000000 0.000000 
589.795105 247.229874 0.650042 
619.291748 311.899200 0.752508 
616.280884 335.505676 0.154263 
586.899292 241.382187 0.421124 
628.014587 307.526733 0.413260 
607.503540 344.263000 0.466626 
678.015198 276.712616 0.752367 
0.000000 0.000000 0.000000 
675.121460 264.843048 0.881040 
0.000000 0.000000 0.000000 
18
675.061462 283.973877 0.653483 
653.081665 254.632950 0.740233 
653.124390 267.825562 0.763038 
630.989746 303.118530 0.698465 
629.484802 325.183319 0.488110 
653.104065 241.422211 0.573424 
639.760620 294.263550 0.141569 
0.000000 0.000000 0.000000 
586.912659 245.793961 0.659383 
620.695435 310.510529 0.758695 
616.307434 335.485809 0.155734 
585.454407 241.368744 0.416137 
628.026794 307.533081 0.429365 
608.963135 344.248474 0.501392 
678.019897 276.696106 0.745837 
0.000000 0.000000 0.000000 
675.122620 264.844910 0.881626 
0.000000 0.000000 0.000000 
18
675.046082 284.009857 0.646928 
653.076294 254.628952 0.743051 
653.129028 267.811005 0.759491 
631.024231 301.673706 0.731075 
629.481140 325.165039 0.593396 
653.091003 241.420975 0.580137 
639.791504 292.829407 0.144685 
0.000000 0.000000 0.000000 
588.372131 245.767853 0.657963 
619.294739 311.896973 0.749070 
616.278564 335.530334 0.150349 
586.884644 241.349945 0.415715 
626.598572 307.549408 0.423773 
607.460999 345.696014 0.489973 
676.633606 276.726654 0.734780 
0.000000 0.000000 0.000000 
675.112610 264.873718 0.895846 
0.000000 0.000000 0.000000 
18
675.048706 284.012085 0.643692 
653.067383 254.617828 0.744928 
653.133728 266.387665 0.758759 
631.038940 301.659760 0.740632 
629.487854 323.714844 0.644517 
653.080811 241.406708 0.588233 
639.822266 292.807953 0.132672 
0.000000 0.000000 0.000000 
588.369324 245.763458 0.659852 
619.269409 310.509094 0.752623 
588.376160 354.556610 0.818187 
586.888855 241.348984 0.421002 
626.569031 307.551147 0.422617 
606.043579 345.714539 0.524695 
676.635803 276.730804 0.741536 
0.000000 0.000000 0.000000 
675.114990 264.875885 0.896877 
0.000000 0.000000 0.000000 
18
675.025879 285.417480 0.624419 
653.073853 254.634949 0.739280 
653.116577 267.819794 0.757888 
631.012268 301.680420 0.746762 
629.513855 323.729340 0.575632 
653.109131 241.418289 0.578799 
639.793762 292.810028 0.135193 
0.000000 0.000000 0.000000 
589.805847 245.766006 0.651703 
620.677795 310.518646 0.753342 
616.285461 335.528076 0.139475 
586.919861 241.338486 0.413031 
628.029663 307.554596 0.427211 
607.475403 345.696625 0.473986 
676.621094 278.114319 0.716720 
0.000000 0.000000 0.000000 
675.105713 264.885529 0.901776 
0.000000 0.000000 0.000000 
18
675.018005 285.409668 0.643936 
653.076538 256.050903 0.734097 
653.112061 267.817902 0.759713 
632.454590 301.642792 0.720518 
629.523682 323.681000 0.603525 
654.497192 241.432556 0.578695 
639.805786 292.801422 0.143577 
0.000000 0.000000 0.000000 
589.816650 245.773163 0.660964 
620.689392 311.898163 0.768831 
616.310181 335.508270 0.139488 
589.828552 241.394318 0.401280 
628.034058 308.978485 0.448000 
607.468750 345.709900 0.513134 
676.616150 276.734100 0.743330 
0.000000 0.000000 0.000000 
675.095154 264.879517 0.895537 
0.000000 0.000000 0.000000 
18
675.045288 283.966736 0.637174 
653.068726 254.637329 0.750081 
653.117859 267.816528 0.764706 
631.029846 301.672211 0.722668 
629.533875 323.682678 0.569710 
654.490967 241.425964 0.587879 
639.808960 292.804840 0.142748 
0.000000 0.000000 0.000000 
588.375732 248.692261 0.668797 
620.693542 310.520447 0.779287 
589.804260 354.567017 0.838066 
589.825073 242.877121 0.407238 
628.044434 307.552246 0.461405 
610.412476 344.296539 0.552523 
676.612427 276.705292 0.756818 
0.000000 0.000000 0.000000 
675.091003 264.850708 0.859692 
0.000000 0.000000 0.000000 
18
675.044434 282.548584 0.648264 
653.071960 254.642883 0.742406 
653.116333 267.827606 0.763516 
630.997375 303.095306 0.705383 
629.506958 323.715118 0.483807 
654.502991 241.432053 0.577305 
639.787720 292.794281 0.134707 
0.000000 0.000000 0.000000 
588.377197 248.692215 0.664588 
620.693848 311.892120 0.780614 
619.230835 334.029816 0.155129 
591.278503 244.324158 0.414356 
628.059509 307.540070 0.448904 
611.859802 344.264252 0.565287 
676.620178 276.686890 0.761534 
0.000000 0.000000 0.000000 
675.084290 263.477875 0.878819 
0.000000 0.000000 0.000000 
18
673.648438 282.550049 0.610476 
653.068359 254.640427 0.743649 
653.116882 267.846283 0.754092 
630.999634 303.110443 0.725344 
629.503235 323.722168 0.541128 
653.106689 241.402710 0.586736 
639.766479 292.824188 0.126072 
0.000000 0.000000 0.000000 
588.370483 247.236984 0.653392 
620.681030 311.894196 0.766350 
588.357788 354.578430 0.825770 
586.905945 241.388809 0.425096 
628.059814 307.540680 0.440578 
610.395691 344.293793 0.529981 
676.590271 276.694885 0.731191 
0.000000 0.000000 0.000000 
675.080383 264.848602 0.876289 
0.000000 0.000000 0.000000 
18
673.643127 283.984131 0.638359 
653.072693 254.628159 0.736716 
653.104614 267.809418 0.764558 
631.004089 303.136017 0.714964 
629.458618 328.140472 0.491602 
654.496399 241.427216 0.571850 
639.744629 294.284973 0.150826 
0.000000 0.000000 0.000000 
588.342712 247.240921 0.659597 
620.688782 311.890961 0.761854 
617.788086 335.466278 0.167761 
586.883606 241.400375 0.424795 
628.037292 307.513428 0.446229 
611.871033 344.276733 0.483599 
676.595459 276.707367 0.752728 
0.000000 0.000000 0.000000 
675.084534 263.474121 0.867089 
0.000000 0.000000 0.000000 
18
673.657959 282.559387 0.644767 
653.071289 254.632477 0.732330 
653.121704 267.820465 0.772283 
630.968201 304.564087 0.719442 
628.042603 333.982391 0.452359 
653.090332 241.410034 0.572457 
638.347046 295.778809 0.136321 
0.000000 0.000000 0.000000 
586.909912 247.245117 0.664559 
620.682068 311.897430 0.731832 
617.765686 335.520721 0.186260 
585.404358 241.387573 0.444052 
627.997864 307.512360 0.468102 
607.512939 345.705231 0.494010 
676.606567 276.694550 0.753947 
0.000000 0.000000 0.000000 
675.093750 263.478455 0.863946 
0.000000 0.000000 0.000000 
18
675.036865 282.554749 0.667866 
653.079590 254.612823 0.728478 
654.493835 266.375214 0.785680 
631.020752 303.102905 0.743912 
628.011719 335.427246 0.546912 
653.076538 241.399231 0.581913 
638.356567 297.211334 0.134579 
0.000000 0.000000 0.000000 
586.908447 247.262543 0.665551 
620.699219 310.521301 0.703279 
617.764160 335.554321 0.187422 
583.981262 241.385559 0.467784 
626.563232 306.074188 0.458916 
607.466614 345.732941 0.417741 
676.618896 276.691406 0.772864 
0.000000 0.000000 0.000000 
675.096619 263.466125 0.865687 
0.000000 0.000000 0.000000 
18
673.641479 283.980530 0.653000 
653.062439 254.632050 0.729365 
653.125305 266.385223 0.788751 
633.908569 301.690186 0.702308 
628.073486 334.023529 0.595490 
653.069336 241.424026 0.567217 
639.779602 295.746307 0.150731 
0.000000 0.000000 0.000000 
586.897095 247.262497 0.657090 
620.734802 311.905121 0.743328 
617.805359 335.534760 0.188002 
585.419250 241.405930 0.442770 
626.603210 306.086060 0.454690 
607.449280 345.746857 0.382271 
676.596313 276.703461 0.759823 
0.000000 0.000000 0.000000 
675.078003 263.479675 0.875011 
0.000000 0.000000 0.000000 
18
675.023743 283.967529 0.659627 
653.074280 254.633438 0.733477 
653.139893 266.379395 0.800900 
632.460571 301.700531 0.714750 
628.042969 333.973389 0.551824 
653.068115 242.822037 0.566150 
639.780884 295.743744 0.146058 
0.000000 0.000000 0.000000 
588.337585 247.269012 0.652339 
620.731567 311.902588 0.725033 
617.780396 335.519501 0.186318 
585.411011 241.392746 0.448755 
626.597473 306.084167 0.444067 
607.488159 345.724701 0.398397 
676.616028 276.700165 0.761924 
0.000000 0.000000 0.000000 
675.088257 263.474670 0.879980 
0.000000 0.000000 0.000000 
18
675.031555 283.967224 0.670225 
653.062439 254.619034 0.735489 
653.113586 266.370575 0.804992 
631.013733 303.149017 0.715901 
628.026001 334.015350 0.540253 
653.054504 241.426163 0.572281 
639.780457 294.277069 0.129825 
0.000000 0.000000 0.000000 
588.363770 248.700943 0.667048 
620.723083 311.892914 0.733174 
617.791138 335.534027 0.188580 
585.423767 241.407120 0.445316 
626.598450 306.077423 0.451141 
608.934204 345.704407 0.375969 
676.625183 276.696136 0.771280 
0.000000 0.000000 0.000000 
675.085632 263.473694 0.882411 
0.000000 0.000000 0.000000 
18
675.050720 282.529663 0.706811 
653.074951 254.600327 0.717025 
653.110291 264.935486 0.811382 
635.396484 301.666168 0.742716 
627.994934 335.427887 0.740215 
653.081299 241.418381 0.566402 
639.868347 295.756958 0.146271 
0.000000 0.000000 0.000000 
588.342041 247.275085 0.664733 
620.705322 310.487335 0.721192 
616.297668 338.426636 0.188240 
585.409485 241.414978 0.434936 
623.637634 307.537689 0.480367 
604.487976 347.172760 0.334326 
676.640259 276.657593 0.819397 
0.000000 0.000000 0.000000 
675.063904 263.458282 0.892122 
0.000000 0.000000 0.000000 
18
675.098633 279.583893 0.720417 
653.068359 253.148666 0.690364 
653.101196 264.880981 0.813087 
635.399658 301.627045 0.779294 
627.994934 335.494965 0.697074 
653.099609 241.372345 0.571770 
639.855103 295.734009 0.120462 
0.000000 0.000000 0.000000 
588.363647 245.807953 0.681594 
620.677490 310.448120 0.750296 
589.818970 354.584839 0.818655 
586.916992 241.398178 0.404231 
623.653564 306.075684 0.449885 
605.973938 345.709320 0.312032 
678.048584 275.232635 0.804792 
0.000000 0.000000 0.000000 
675.101929 263.373169 0.897713 
0.000000 0.000000 0.000000 
18
675.102112 276.711029 0.751910 
653.041260 251.660416 0.697134 
653.105286 263.399750 0.790280 
636.843079 300.254547 0.800394 
629.495667 334.043610 0.766518 
653.054443 239.909637 0.536707 
639.813904 294.263123 0.124989 
630.990967 306.105713 0.053471 
588.360413 244.299973 0.676347 
617.825195 309.018890 0.779212 
589.801941 354.582489 0.809622 
585.436096 239.923141 0.412934 
620.723694 306.042908 0.437282 
603.074158 345.717957 0.298023 
678.071960 275.125366 0.787389 
0.000000 0.000000 0.000000 
675.144714 260.494720 0.882865 
0.000000 0.000000 0.000000 
18
676.533630 275.230774 0.760405 
653.085571 250.175369 0.679692 
654.540527 260.459198 0.783642 
639.767029 300.236206 0.900362 
630.979309 335.497681 0.814382 
653.020325 238.398132 0.498142 
639.806519 294.276978 0.085202 
0.000000 0.000000 0.000000 
589.845764 241.371445 0.663719 
617.735596 308.975006 0.849030 
589.804565 354.584625 0.806884 
588.353516 236.972137 0.430603 
619.274658 303.106995 0.486829 
605.975769 345.720032 0.468907 
680.979431 270.780273 0.756468 
0.000000 0.000000 0.000000 
676.553345 257.550293 0.886252 
0.000000 0.000000 0.000000 
18
676.517334 275.145905 0.744221 
653.052063 245.793915 0.657331 
654.549622 257.528351 0.772698 
636.894592 300.220673 0.864213 
629.518555 334.016510 0.795469 
651.593872 232.561157 0.523598 
639.768066 295.749023 0.110082 
0.000000 0.000000 0.000000 
589.808350 241.352982 0.646132 
616.285767 308.980804 0.763148 
588.376465 354.594055 0.803037 
585.421814 234.034882 0.439054 
620.689209 301.665802 0.469717 
606.036194 345.751526 0.421663 
680.966614 266.425934 0.743856 
0.000000 0.000000 0.000000 
676.562744 254.600189 0.881837 
0.000000 0.000000 0.000000 
18
676.606140 267.863068 0.705567 
653.113770 242.815094 0.682443 
656.002319 253.127228 0.799573 
635.422974 297.214417 0.874476 
633.913513 322.174622 0.796414 
653.022888 229.670883 0.565204 
0.000000 0.000000 0.000000 
0.000000 0.000000 0.000000 
589.837402 241.386368 0.683914 
616.274841 308.955536 0.809265 
589.801819 354.565155 0.808297 
583.947510 234.031570 0.446398 
623.635925 301.636902 0.418786 
608.937195 344.244385 0.512020 
682.474487 263.462067 0.796722 
0.000000 0.000000 0.000000 
676.619263 251.675735 0.890178 
0.000000 0.000000 0.000000 
18
679.516846 264.962952 0.742749 
654.508179 241.337204 0.662336 
657.490112 250.209915 0.767114 
638.325989 295.789886 0.912885 
630.984924 314.898499 0.726957 
653.070984 229.645050 0.539540 
629.541504 270.748962 0.104703 
0.000000 0.000000 0.000000 
591.293762 239.904099 0.698001 
614.843628 303.134918 0.815188 
589.819763 353.136963 0.812478 
588.372620 235.484787 0.456340 
620.738281 298.708984 0.515507 
608.944824 342.834473 0.583343 
685.408203 261.975891 0.842152 
0.000000 0.000000 0.000000 
678.038269 250.175323 0.827943 
0.000000 0.000000 0.000000 
18
680.970276 264.833313 0.722400 
655.963806 238.451263 0.659385 
661.810364 247.234543 0.801489 
638.333435 292.829865 0.911802 
632.455078 311.977081 0.706982 
653.092651 229.587936 0.546637 
0.000000 0.000000 0.000000 
0.000000 0.000000 0.000000 
591.308044 239.858124 0.704718 
613.353516 300.212524 0.813268 
589.830872 353.092712 0.838066 
589.820496 235.481781 0.470393 
619.230652 298.666748 0.570286 
607.470093 342.801483 0.669390 
686.832214 259.033844 0.799091 
0.000000 0.000000 0.000000 
679.549377 247.264008 0.817749 
0.000000 0.000000 0.000000 
18
680.978943 263.352356 0.706530 
656.022888 238.390137 0.673493 
661.897034 245.765762 0.854951 
633.949524 288.497559 0.949024 
632.456848 313.437836 0.749389 
653.080383 228.189468 0.551002 
629.496033 270.776733 0.121163 
0.000000 0.000000 0.000000 
592.711060 239.876953 0.708404 
610.419739 301.624207 0.828185 
589.815430 353.095764 0.844543 
583.989624 231.078720 0.485032 
617.827576 298.725403 0.567793 
607.468506 344.282013 0.694427 
686.843811 254.625320 0.815169 
0.000000 0.000000 0.000000 
680.975647 242.904099 0.821868 
0.000000 0.000000 0.000000 
18
678.075378 260.456879 0.645719 
656.017700 235.482269 0.689203 
663.291077 242.864944 0.871113 
632.441833 288.410950 0.981102 
638.309448 316.339142 0.761515 
653.052124 228.114792 0.581129 
626.594360 273.717010 0.160364 
631.001587 307.519989 0.193832 
592.714111 241.412354 0.689798 
607.451294 301.660126 0.844802 
591.234741 354.565887 0.857621 
582.489807 232.574127 0.548000 
608.969543 298.750702 0.592995 
607.504150 345.737762 0.744320 
685.410583 253.135254 0.761055 
0.000000 0.000000 0.000000 
680.996948 241.454468 0.840004 
0.000000 0.000000 0.000000 
18
680.985779 254.606079 0.679051 
656.009033 232.584351 0.675517 
663.303223 241.403976 0.861111 
632.455872 285.506622 0.961411 
639.739624 316.383240 0.810998 
653.074402 228.091705 0.579957 
0.000000 0.000000 0.000000 
0.000000 0.000000 0.000000 
592.706787 241.349457 0.672794 
605.969727 300.209595 0.852455 
589.841003 354.547882 0.841315 
582.522644 232.555038 0.554761 
608.948669 298.737701 0.673556 
606.051147 345.737579 0.793323 
686.809631 251.643753 0.783352 
0.000000 0.000000 0.000000 
680.960571 239.964264 0.843065 
0.000000 0.000000 0.000000 
18
680.979858 253.156799 0.731780 
657.441528 232.537552 0.684370 
663.310425 241.371246 0.855874 
631.036377 285.449524 0.957973 
639.865234 317.804138 0.850269 
653.092102 226.682831 0.592803 
0.000000 0.000000 0.000000 
0.000000 0.000000 0.000000 
591.279053 241.346893 0.662206 
604.571167 300.221741 0.859769 
591.244873 353.122314 0.843634 
582.493103 234.006363 0.594017 
607.514160 298.738068 0.713055 
605.977234 345.743988 0.765779 
686.797791 250.183350 0.797221 
0.000000 0.000000 0.000000 
679.526489 239.874100 0.875589 
0.000000 0.000000 0.000000 
18
680.953674 253.091171 0.651543 
657.467163 231.081955 0.724741 
663.354553 241.341019 0.874200 
631.013794 284.005829 0.936294 
641.280090 319.268005 0.739949 
653.102478 226.639938 0.579737 
0.000000 0.000000 0.000000 
0.000000 0.000000 0.000000 
589.829224 241.353210 0.651432 
604.554016 300.224609 0.858286 
589.805969 354.561432 0.837582 
582.492065 235.473175 0.589838 
608.963684 298.750488 0.701624 
606.027649 344.259399 0.702617 
686.788818 248.729416 0.702820 
0.000000 0.000000 0.000000 
679.525635 239.825806 0.836671 
0.000000 0.000000 0.000000 
18
679.524597 251.647812 0.653805 
656.018799 229.634537 0.736008 
663.363098 239.880371 0.892024 
630.984619 283.981415 0.939918 
641.263184 316.381561 0.854573 
653.054810 225.178482 0.577842 
0.000000 0.000000 0.000000 
0.000000 0.000000 0.000000 
588.368652 241.362244 0.648699 
604.490784 300.151123 0.867407 
589.842896 354.581116 0.842135 
582.456177 235.514648 0.617449 
608.969971 298.678558 0.702960 
606.048828 344.291351 0.702624 
685.404236 245.761673 0.689113 
0.000000 0.000000 0.000000 
679.533813 238.387619 0.808608 
0.000000 0.000000 0.000000 
18
679.503357 251.593994 0.630360 
655.997375 229.616440 0.741771 
663.343933 239.863739 0.880290 
629.592285 282.522491 0.951117 
639.853699 312.023895 0.942859 
653.018799 223.717896 0.592430 
0.000000 0.000000 0.000000 
0.000000 0.000000 0.000000 
588.356750 241.335007 0.645150 
604.451782 300.188843 0.842415 
589.846985 353.136383 0.840892 
581.046326 234.032700 0.611125 
608.983704 298.710327 0.703192 
605.980713 344.270203 0.643921 
685.396606 244.294754 0.685792 
0.000000 0.000000 0.000000 
679.504822 236.969666 0.815169 
0.000000 0.000000 0.000000 
18
678.061523 251.582886 0.639843 
654.559082 229.607803 0.755547 
663.310120 239.858643 0.879834 
629.478699 282.522522 0.937057 
638.367126 311.941071 0.928002 
651.597839 222.275497 0.589907 
0.000000 0.000000 0.000000 
0.000000 0.000000 0.000000 
586.877319 241.335526 0.643132 
603.042297 300.195526 0.820117 
589.843018 354.561218 0.834937 
582.526123 236.944733 0.602440 
611.910461 298.734772 0.772095 
607.457214 344.294373 0.768233 
685.361145 242.902527 0.680893 
0.000000 0.000000 0.000000 
678.072449 236.971329 0.820117 
0.000000 0.000000 0.000000 
18
678.050232 251.585434 0.633187 
654.565552 229.666885 0.745981 
663.318665 239.886078 0.886447 
629.455688 281.091919 0.924249 
631.015869 310.390717 0.830886 
651.610962 223.738068 0.598278 
0.000000 0.000000 0.000000 
0.000000 0.000000 0.000000 
588.371765 241.384476 0.661201 
604.461487 298.728821 0.829782 
589.833984 354.548340 0.829131 
582.448853 236.948898 0.631540 
611.900085 297.250641 0.740825 
607.471985 344.239410 0.772633 
683.938904 244.303986 0.665092 
0.000000 0.000000 0.000000 
678.039795 236.991791 0.808896 
0.000000 0.000000 0.000000 
18
678.081360 251.669205 0.610336 
654.533752 231.070496 0.719151 
663.280151 239.923615 0.859770 
629.477661 282.534576 0.898664 
620.667969 320.739471 0.295903 
651.588745 223.730072 0.571198 
0.000000 0.000000 0.000000 
0.000000 0.000000 0.000000 
589.845825 242.817810 0.676944 
604.533752 300.216949 0.811293 
589.833862 354.569641 0.828118 
580.952698 235.486603 0.626739 
608.928589 298.728699 0.712373 
605.966187 342.826294 0.606911 
685.358337 245.807419 0.628135 
0.000000 0.000000 0.000000 
678.057678 238.444427 0.825458 
0.000000 0.000000 0.000000 
18
679.495972 251.633163 0.698946 
654.528442 232.547256 0.690694 
663.275330 241.335007 0.872697 
631.043579 276.700317 0.679182 
628.001770 286.950714 0.566642 
651.581482 225.214539 0.573626 
625.132813 263.430786 0.116111 
0.000000 0.000000 0.000000 
586.894531 242.844772 0.668081 
604.580322 301.623871 0.853925 
589.828247 354.556366 0.848361 
582.473145 238.426483 0.622276 
614.813721 297.260162 0.808605 
610.395935 339.866852 0.718377 
685.339172 245.762192 0.706465 
0.000000 0.000000 0.000000 
676.633484 238.464981 0.859920 
0.000000 0.000000 0.000000 
18
678.058472 251.644882 0.746285 
654.500244 232.577423 0.666111 
661.851074 241.336990 0.859049 
631.000305 283.982300 0.856470 
625.118835 291.369781 0.369224 
651.596802 226.671875 0.533369 
0.000000 0.000000 0.000000 
0.000000 0.000000 0.000000 
585.416382 242.885254 0.673457 
606.057434 301.670319 0.828535 
589.820129 354.557312 0.842271 
583.936584 239.873184 0.559175 
616.295532 298.691925 0.761136 
611.872375 338.448029 0.693123 
683.885986 245.775421 0.728831 
0.000000 0.000000 0.000000 
676.600037 239.831985 0.848726 
0.000000 0.000000 0.000000 
18
678.086060 251.620087 0.647902 
656.009338 232.547012 0.673265 
663.333679 239.940125 0.854577 
632.474731 282.533173 0.822817 
628.007690 291.356689 0.456757 
653.029724 226.670471 0.578341 
0.000000 0.000000 0.000000 
0.000000 0.000000 0.000000 
586.885498 242.860245 0.671507 
607.502380 301.639069 0.814665 
589.840759 354.549713 0.841341 
583.924927 238.443344 0.564363 
617.721008 298.693542 0.764011 
613.334595 338.447510 0.695088 
685.336304 244.321548 0.659659 
0.000000 0.000000 0.000000 
678.019165 238.425674 0.822370 
0.000000 0.000000 0.000000 
18
679.521912 250.221085 0.701835 
655.968689 231.082581 0.722212 
663.308411 239.875366 0.870989 
633.962830 284.011597 0.845323 
626.602539 291.375732 0.474630 
653.002136 226.627335 0.597306 
0.000000 0.000000 0.000000 
0.000000 0.000000 0.000000 
586.892151 244.297333 0.686500 
608.937012 301.665649 0.827982 
591.276245 353.139923 0.849152 
588.357178 241.364410 0.536375 
619.214600 298.701752 0.762635 
613.349915 341.361511 0.768310 
685.371887 242.890747 0.742425 
0.000000 0.000000 0.000000 
678.033142 236.969757 0.827068 
0.000000 0.000000 0.000000 
18
678.047546 250.135086 0.532004 
654.565125 228.137665 0.759529 
663.381470 236.982407 0.869030 
639.769287 283.971649 0.863701 
628.072571 297.228088 0.472511 
651.577087 219.311417 0.615375 
628.011475 261.927612 0.124672 
0.000000 0.000000 0.000000 
589.827393 244.309540 0.709165 
607.513855 301.632568 0.844571 
589.829773 354.561737 0.817440 
586.884827 239.904205 0.530981 
620.713623 298.658875 0.782449 
614.777405 342.790985 0.781671 
685.400452 241.425247 0.610854 
0.000000 0.000000 0.000000 
679.497437 232.543350 0.833609 
0.000000 0.000000 0.000000 
18
683.893494 241.393570 0.504557 
655.976685 225.208893 0.746556 
663.372864 232.542221 0.906631 
641.298157 276.636017 0.933871 
631.007813 300.217529 0.783332 
651.629456 216.392212 0.626093 
629.591492 261.954651 0.175914 
0.000000 0.000000 0.000000 
591.262329 242.881958 0.698909 
608.910278 300.208435 0.827673 
589.832825 354.565887 0.821395 
588.374756 239.898117 0.531985 
622.156982 297.264557 0.776549 
614.833374 342.800903 0.791520 
686.895813 239.828476 0.567364 
0.000000 0.000000 0.000000 
682.474854 229.554001 0.928484 
0.000000 0.000000 0.000000 
18
683.916321 239.906540 0.628633 
657.455505 217.886566 0.753665 
664.767090 228.142960 0.929756 
644.209839 273.690674 0.865202 
636.874939 300.172394 0.801972 
653.028931 210.507553 0.637950 
0.000000 0.000000 0.000000 
0.000000 0.000000 0.000000 
594.207581 242.825607 0.740160 
610.414673 300.200958 0.832543 
591.235046 353.116791 0.815186 
588.341858 235.490326 0.534039 
626.531311 297.237305 0.749680 
616.220398 339.873444 0.790101 
688.288940 234.021912 0.654744 
0.000000 0.000000 0.000000 
685.362244 225.189148 0.908733 
0.000000 0.000000 0.000000 
18
686.888062 229.619186 0.603380 
661.841064 216.299835 0.781803 
664.897217 222.249237 0.878217 
650.086792 266.381042 0.841927 
641.293274 298.637177 0.868673 
654.503479 206.143173 0.694754 
635.367981 251.691849 0.191802 
639.799683 281.059143 0.192549 
594.296448 241.396561 0.745979 
611.868225 300.170471 0.862912 
591.258484 351.663025 0.834421 
588.353271 234.031418 0.518509 
626.605957 295.743347 0.769847 
614.825867 338.420135 0.818598 
689.823914 226.656082 0.578087 
0.000000 0.000000 0.000000 
686.870911 216.388214 0.958061 
0.000000 0.000000 0.000000 
18
688.374329 217.922440 0.662688 
663.264160 206.083221 0.860373 
669.201050 216.339569 0.886383 
651.631409 261.960480 0.886186 
647.148499 291.389832 0.793098 
654.516785 197.282272 0.697194 
0.000000 0.000000 0.000000 
0.000000 0.000000 0.000000 
597.193298 241.332336 0.760231 
611.851929 298.753418 0.857457 
591.250916 351.636536 0.823167 
589.843018 231.116852 0.542196 
627.968018 292.825104 0.808032 
616.281494 338.444519 0.842010 
692.752747 216.306641 0.645616 
0.000000 0.000000 0.000000 
688.296875 206.063812 0.965120 
0.000000 0.000000 0.000000 
18
691.262085 210.495544 0.466082 
663.302063 197.298935 0.818351 
670.692566 206.105042 0.889302 
653.036377 253.177872 0.932917 
651.539734 286.957031 0.906623 
654.545837 192.786789 0.684436 
639.764160 241.364441 0.142138 
0.000000 0.000000 0.000000 
598.665833 239.923691 0.779265 
611.867371 297.261932 0.850640 
589.831848 351.675140 0.801266 
592.758423 232.558517 0.528562 
626.549438 289.902039 0.801878 
616.293518 336.959381 0.882060 
697.134033 206.030090 0.575777 
0.000000 0.000000 0.000000 
688.406250 195.823608 0.954293 
0.000000 0.000000 0.000000 
18
694.232727 203.112625 0.552115 
663.381226 191.372299 0.837388 
672.126709 195.817032 0.867533 
653.065308 250.142273 0.892292 
653.007690 285.473572 0.919938 
657.468445 182.616623 0.689197 
641.291077 231.093185 0.111808 
0.000000 0.000000 0.000000 
598.664978 236.987061 0.761540 
614.815430 295.752594 0.836118 
592.721008 350.158295 0.861675 
604.513062 238.369843 0.499813 
623.653564 289.928284 0.732350 
616.325073 336.947144 0.879594 
698.627197 194.396698 0.638973 
0.000000 0.000000 0.000000 
691.286377 185.543381 0.936172 
0.000000 0.000000 0.000000 
18
697.150208 186.984589 0.655007 
663.271973 182.507904 0.867561 
670.675110 188.462845 0.839421 
653.110229 239.939682 0.919356 
653.079590 281.078064 0.883956 
653.106628 175.229416 0.687721 
645.714478 231.071579 0.104228 
0.000000 0.000000 0.000000 
604.496094 234.031174 0.793051 
617.693665 298.668335 0.865354 
592.828125 348.757111 0.869772 
594.206665 228.102844 0.553236 
620.704834 297.211487 0.679899 
616.283997 336.946960 0.834834 
698.630859 182.522400 0.757693 
0.000000 0.000000 0.000000 
689.793823 173.773071 0.918258 
0.000000 0.000000 0.000000 
18
695.651367 181.030716 0.719743 
660.397034 175.202682 0.768840 
666.269958 181.084900 0.918124 
653.068237 231.138168 0.916580 
654.506165 275.217163 0.921684 
653.030945 170.805878 0.709668 
644.220886 223.755554 0.115042 
0.000000 0.000000 0.000000 
605.954834 235.464417 0.754822 
620.674622 298.745728 0.837163 
594.255432 350.153107 0.838076 
594.233826 226.699249 0.537335 
620.691528 298.666229 0.596497 
616.330933 336.959229 0.795713 
698.561829 172.309097 0.776430 
0.000000 0.000000 0.000000 
688.324707 167.830017 0.953823 
0.000000 0.000000 0.000000 
18
695.658752 169.398193 0.857575 
656.005371 170.787994 0.823184 
663.387878 173.761353 0.882009 
653.025024 226.692444 0.918167 
654.538025 272.211945 0.853529 
651.572937 167.846039 0.700501 
645.695801 222.231522 0.131732 
0.000000 0.000000 0.000000 
606.012512 235.493668 0.766683 
622.194336 300.124908 0.840384 
594.241882 350.184570 0.848110 
594.288452 228.119614 0.573653 
622.165222 298.681946 0.631286 
617.701233 336.941620 0.767473 
697.147949 164.890915 0.824534 
0.000000 0.000000 0.000000 
686.846985 157.607819 0.964128 
0.000000 0.000000 0.000000 
18
694.207092 160.556824 0.835305 
653.091492 166.417511 0.787359 
661.868835 170.745422 0.898150 
651.524414 220.792938 0.892293 
654.489502 264.950562 0.892012 
650.059021 160.529892 0.665030 
0.000000 0.000000 0.000000 
0.000000 0.000000 0.000000 
607.514648 238.418350 0.744379 
622.169128 300.160614 0.843020 
594.175232 353.127441 0.844091 
594.243896 229.587158 0.666578 
619.277466 298.696442 0.672823 
616.253113 336.960205 0.744789 
695.659851 157.500870 0.870911 
0.000000 0.000000 0.000000 
683.942261 148.800888 0.887002 
0.000000 0.000000 0.000000 
18
689.823975 157.503922 0.802320 
651.541016 161.963501 0.827030 
657.438843 167.878311 0.864606 
647.148499 219.290161 0.880933 
652.988708 263.447235 0.926719 
642.756409 158.983856 0.731438 
604.515503 189.896698 0.228814 
0.000000 0.000000 0.000000 
611.891846 239.897842 0.743831 
619.231689 300.201660 0.854055 
592.772339 357.499084 0.899002 
595.721008 229.663895 0.631063 
619.236816 298.729919 0.698204 
616.257874 336.967072 0.763988 
691.295288 148.725021 0.784919 
0.000000 0.000000 0.000000 
679.492981 145.770233 0.905676 
0.000000 0.000000 0.000000 
