31
1
18
551.611450 157.552338 0.926385 
526.635315 192.872040 0.724444 
531.038208 195.804230 0.820228 
535.375732 241.312195 0.907606 
545.742615 275.136383 0.957743 
525.132080 191.372421 0.589223 
544.201965 229.572189 0.117722 
550.115784 235.508514 0.152780 
526.581055 263.450836 0.775782 
523.744812 310.490997 0.849210 
522.142090 356.074463 0.796058 
523.615479 261.909973 0.628447 
526.609375 310.427826 0.683331 
523.611694 348.684418 0.682083 
547.137268 150.252243 0.874567 
0.000000 0.000000 0.000000 
533.937012 157.561676 0.839485 
0.000000 0.000000 0.000000 
18
553.059509 157.538818 0.939497 
526.633728 192.864151 0.743607 
530.981873 195.778992 0.821248 
534.005493 239.913544 0.889491 
545.706055 275.108917 0.935557 
526.595886 191.362946 0.597844 
542.722839 229.620316 0.209851 
548.707092 238.447754 0.399925 
525.178955 264.850342 0.784250 
525.126221 310.468689 0.844797 
522.146851 357.495422 0.835125 
522.223694 261.939758 0.630327 
526.590515 310.415710 0.705520 
523.610291 350.158203 0.666133 
547.156494 150.226730 0.887874 
554.531189 150.204330 0.178277 
533.927124 157.518661 0.830208 
0.000000 0.000000 0.000000 
18
553.063171 157.535095 0.933996 
526.638916 192.811661 0.718975 
528.085632 194.355469 0.828699 
533.937256 239.918716 0.857145 
545.681580 275.205048 0.966202 
528.092834 189.917252 0.585495 
536.917419 233.998795 0.268576 
548.691650 239.902390 0.480667 
525.182739 264.886169 0.767808 
523.718811 311.959106 0.833507 
522.128174 357.503693 0.810964 
523.679565 263.361755 0.621944 
525.177673 311.919708 0.724784 
523.614258 350.162567 0.680576 
547.161255 150.215546 0.880875 
554.563049 150.217850 0.176859 
533.931946 157.498169 0.824511 
0.000000 0.000000 0.000000 
18
554.503174 157.544510 0.935001 
528.094666 192.835938 0.723712 
528.050903 194.367203 0.818115 
533.868896 239.915955 0.823324 
544.244263 275.184479 0.928630 
531.026428 191.339600 0.613068 
536.932434 234.011169 0.310335 
548.684265 239.916794 0.559950 
525.131958 264.865601 0.786193 
523.731812 311.931335 0.831885 
522.142212 357.476746 0.820347 
525.111450 261.966766 0.602745 
525.180542 311.898346 0.723541 
523.604187 350.159424 0.676642 
547.201660 150.205032 0.874789 
556.016113 151.668884 0.139732 
533.935852 156.110107 0.816115 
0.000000 0.000000 0.000000 
18
554.527039 157.509598 0.932450 
529.539734 192.863281 0.724657 
528.052795 194.396423 0.810070 
533.875732 241.330338 0.831869 
544.218201 276.636414 0.945688 
532.461243 191.359421 0.622321 
538.392517 234.024643 0.305189 
548.681824 241.316986 0.483750 
525.152100 264.873993 0.778963 
523.730103 311.972168 0.820068 
522.126831 357.487946 0.811707 
525.137512 263.358032 0.607360 
525.169128 311.924347 0.733669 
522.248596 350.196594 0.671299 
547.215088 148.784653 0.881580 
555.996399 150.209961 0.141644 
533.955322 156.093811 0.809051 
0.000000 0.000000 0.000000 
18
555.956848 157.530655 0.961614 
529.540100 192.833282 0.713537 
529.516846 194.369858 0.822308 
532.501221 239.944778 0.827879 
539.866028 276.641968 0.933138 
531.031067 189.934784 0.598416 
536.927368 233.998505 0.237174 
548.670044 241.309280 0.352412 
525.171936 264.860992 0.773437 
525.115356 311.989655 0.791694 
522.123962 357.499664 0.806216 
525.146729 261.965424 0.603213 
525.179016 311.931122 0.725498 
522.252502 351.623108 0.677584 
547.249939 148.803253 0.879017 
0.000000 0.000000 0.000000 
533.976563 156.108658 0.816819 
0.000000 0.000000 0.000000 
18
555.974182 157.529922 0.963733 
529.527222 192.851486 0.707888 
531.009338 194.375443 0.837306 
532.424744 239.913437 0.843318 
535.492249 276.610840 0.955107 
529.520935 191.347183 0.579734 
538.359924 231.093475 0.147409 
548.671875 239.918701 0.151143 
525.189697 263.473938 0.774960 
525.108582 311.988525 0.796620 
522.151001 357.511230 0.792666 
523.698120 261.944550 0.624294 
523.728943 311.916199 0.686257 
522.242676 351.637177 0.656924 
547.263062 150.192764 0.877555 
557.404907 150.220352 0.118468 
534.000977 156.122803 0.808680 
0.000000 0.000000 0.000000 
18
556.038513 157.504730 0.945333 
532.434692 191.384216 0.694386 
531.013367 192.906815 0.851066 
523.720764 239.928787 0.897061 
528.081787 276.687531 0.931923 
533.912354 188.444641 0.565125 
533.923279 229.619080 0.052755 
0.000000 0.000000 0.000000 
526.641907 263.412750 0.755291 
523.717651 311.951263 0.808954 
522.135010 357.509705 0.801206 
533.945435 261.917633 0.626187 
528.053711 310.525116 0.715700 
522.239136 351.637817 0.639266 
548.717346 148.806076 0.850403 
0.000000 0.000000 0.000000 
535.450195 156.091904 0.801270 
0.000000 0.000000 0.000000 
18
557.436951 156.109848 0.955889 
533.940247 191.334351 0.723498 
532.425781 192.870255 0.848426 
522.157104 235.510040 0.832147 
520.727966 275.184906 0.897973 
535.454895 185.527283 0.598373 
0.000000 0.000000 0.000000 
0.000000 0.000000 0.000000 
533.892944 264.906738 0.799673 
525.151306 311.999207 0.815123 
522.153259 357.516388 0.852749 
536.871948 263.418396 0.649547 
528.059875 311.967743 0.685791 
523.612610 350.160980 0.605726 
550.110962 148.804611 0.865403 
0.000000 0.000000 0.000000 
535.462646 157.504990 0.849009 
0.000000 0.000000 0.000000 
18
557.464478 157.482834 0.959930 
534.011841 189.912323 0.744242 
532.482117 192.815475 0.838277 
514.866028 229.602295 0.794238 
510.439362 263.394531 0.844753 
539.820679 186.973724 0.607102 
0.000000 0.000000 0.000000 
0.000000 0.000000 0.000000 
531.034607 263.466949 0.763552 
525.175781 310.489136 0.851455 
522.176025 357.473724 0.843331 
536.890381 263.370544 0.699467 
529.546692 310.460724 0.715730 
523.606689 350.158295 0.629781 
551.578552 150.209000 0.843934 
0.000000 0.000000 0.000000 
536.896973 156.116394 0.816707 
0.000000 0.000000 0.000000 
18
557.492065 157.548340 0.972415 
535.388611 189.887039 0.767587 
533.991211 191.408554 0.853626 
514.843445 219.304672 0.739075 
506.018372 241.441406 0.749867 
536.914673 186.961487 0.579413 
513.379272 214.917343 0.087388 
0.000000 0.000000 0.000000 
531.005920 263.368439 0.748248 
526.599121 310.503479 0.822385 
522.161377 357.483521 0.838003 
535.391052 261.953796 0.723834 
529.531616 310.493225 0.714090 
523.629822 350.182892 0.659190 
551.618103 151.685684 0.834556 
0.000000 0.000000 0.000000 
536.929199 157.529968 0.844441 
0.000000 0.000000 0.000000 
18
557.494812 157.561111 0.958265 
535.383301 191.363373 0.770314 
533.932495 192.873901 0.872133 
510.389069 228.072266 0.755562 
508.955444 238.411133 0.445825 
538.348145 189.880188 0.603462 
0.000000 0.000000 0.000000 
0.000000 0.000000 0.000000 
530.985352 263.394897 0.735666 
526.628540 310.481750 0.809476 
522.126038 357.465820 0.820437 
535.410095 261.965668 0.723938 
531.014038 310.461853 0.711237 
523.624023 350.155304 0.645614 
551.602539 151.711411 0.823121 
0.000000 0.000000 0.000000 
536.944824 157.567688 0.824815 
0.000000 0.000000 0.000000 
18
557.487610 157.538651 0.973570 
535.417786 191.333252 0.775924 
533.933289 192.847260 0.858111 
507.511902 228.092514 0.783491 
498.685150 204.612854 0.312747 
539.842773 189.896790 0.630011 
0.000000 0.000000 0.000000 
0.000000 0.000000 0.000000 
532.491699 263.429016 0.768319 
528.053833 310.463654 0.795528 
522.120117 357.465393 0.791735 
535.460999 261.974854 0.710659 
532.465881 310.426880 0.719341 
522.232422 350.190125 0.653160 
551.608215 151.664536 0.832110 
0.000000 0.000000 0.000000 
536.951599 157.543152 0.815541 
0.000000 0.000000 0.000000 
18
557.515869 157.531250 0.987043 
535.380859 186.981232 0.762106 
533.934631 191.388916 0.841721 
508.951233 226.615662 0.782720 
523.654358 236.939499 0.498892 
539.840027 185.504486 0.596538 
0.000000 0.000000 0.000000 
0.000000 0.000000 0.000000 
532.497986 263.385437 0.765012 
528.049988 310.479828 0.801799 
522.108398 357.457794 0.803005 
536.880676 261.938477 0.680943 
532.452271 310.443359 0.719545 
522.199524 350.175385 0.627323 
551.625732 151.672684 0.843658 
0.000000 0.000000 0.000000 
536.907410 157.540359 0.848320 
0.000000 0.000000 0.000000 
18
557.482239 157.513000 0.974599 
535.386353 186.987198 0.759975 
533.931091 191.396332 0.846648 
508.907227 226.644821 0.800783 
523.644836 235.516846 0.641151 
539.845032 185.492813 0.596779 
0.000000 0.000000 0.000000 
0.000000 0.000000 0.000000 
533.906677 263.374725 0.775488 
528.076294 310.484833 0.789288 
520.740479 357.463593 0.800808 
535.450562 261.922699 0.668569 
531.033752 310.434814 0.692549 
522.199097 348.739990 0.615001 
550.142456 151.680038 0.851927 
0.000000 0.000000 0.000000 
535.483521 157.582932 0.868683 
0.000000 0.000000 0.000000 
18
557.444092 157.562347 0.981452 
535.399353 188.449051 0.755605 
533.917786 192.787186 0.863942 
510.347870 228.085251 0.826222 
528.064697 229.673492 0.415076 
541.275085 185.532104 0.616894 
0.000000 0.000000 0.000000 
0.000000 0.000000 0.000000 
533.910889 263.392242 0.791115 
528.081726 310.501068 0.793707 
520.745972 357.474335 0.806243 
535.486023 261.942078 0.666079 
531.034912 310.460907 0.702855 
522.198364 350.183105 0.625053 
548.707397 153.148819 0.860716 
0.000000 0.000000 0.000000 
535.441162 158.987762 0.886291 
0.000000 0.000000 0.000000 
18
557.407166 157.518311 0.969769 
535.448669 189.889267 0.771436 
533.929260 192.793350 0.872286 
510.355408 228.067261 0.828308 
526.608521 229.574554 0.254359 
541.316772 186.992783 0.656337 
520.668945 226.655975 0.094563 
0.000000 0.000000 0.000000 
533.939392 263.392151 0.792929 
528.069092 310.513214 0.785878 
520.731812 357.488983 0.797415 
535.476196 261.931335 0.663857 
530.996094 310.469147 0.700808 
522.199890 350.200348 0.617949 
547.267334 153.129959 0.875415 
556.014709 148.726837 0.267469 
535.372620 159.050690 0.869144 
0.000000 0.000000 0.000000 
18
557.410522 157.576294 0.959877 
535.488281 189.938797 0.783871 
533.890076 192.833267 0.876753 
508.943909 226.655167 0.811435 
523.666626 234.047256 0.487080 
544.212952 188.440994 0.702267 
542.779175 226.642929 0.096182 
0.000000 0.000000 0.000000 
533.961670 261.966949 0.787828 
529.534180 310.486694 0.783074 
520.728088 356.080811 0.800148 
536.909973 260.466492 0.643673 
531.000977 310.432404 0.687572 
522.187256 348.725037 0.600681 
547.259583 154.626709 0.872338 
555.990051 150.213516 0.322161 
534.008606 159.098648 0.833713 
0.000000 0.000000 0.000000 
18
556.021301 159.029541 0.952622 
535.448975 189.901169 0.771998 
533.892334 192.789413 0.871345 
508.968445 226.674072 0.809634 
522.178833 231.072723 0.364120 
542.753174 188.433212 0.672348 
544.227722 226.648560 0.085844 
0.000000 0.000000 0.000000 
533.988586 261.937500 0.790117 
529.562500 310.441956 0.788774 
522.133240 357.457977 0.834700 
539.830139 259.018066 0.642602 
532.508728 309.017059 0.697551 
523.629944 348.705566 0.619987 
547.255432 156.122375 0.888772 
556.017212 156.046844 0.325154 
534.009338 159.080185 0.849326 
0.000000 0.000000 0.000000 
18
555.974304 159.053986 0.942623 
535.428833 189.881027 0.762738 
533.895813 191.406723 0.872258 
508.908752 225.223404 0.778050 
522.235291 234.025696 0.547948 
541.309143 188.414734 0.652214 
0.000000 0.000000 0.000000 
0.000000 0.000000 0.000000 
533.996399 261.969910 0.778537 
529.547363 310.478333 0.789615 
522.128052 357.476135 0.837414 
538.394409 260.489136 0.647348 
532.499512 310.433624 0.710152 
523.624878 348.716095 0.619368 
547.186035 157.504532 0.919568 
555.966797 156.037781 0.442352 
533.911804 160.478409 0.832857 
0.000000 0.000000 0.000000 
18
555.965759 159.010040 0.953085 
535.445862 189.882187 0.766846 
533.915771 192.778381 0.874358 
507.471680 223.700211 0.746050 
522.216187 234.030624 0.590290 
542.738464 188.424622 0.660594 
0.000000 0.000000 0.000000 
0.000000 0.000000 0.000000 
534.007813 263.392120 0.781526 
529.535339 311.888489 0.786768 
522.126160 357.500702 0.844913 
538.376282 261.929138 0.640328 
532.468262 310.500000 0.707040 
523.639221 348.730988 0.612247 
547.155579 156.112610 0.922557 
554.545959 153.164520 0.511793 
532.514038 160.504974 0.814397 
0.000000 0.000000 0.000000 
18
555.968323 159.025421 0.949276 
535.443848 188.449982 0.772690 
533.915527 192.775467 0.871675 
507.478180 223.704834 0.731980 
522.215454 232.536026 0.508003 
541.325378 186.974960 0.663912 
0.000000 0.000000 0.000000 
0.000000 0.000000 0.000000 
535.368896 263.375061 0.787051 
529.544006 310.518066 0.789558 
522.122864 357.494080 0.846287 
539.826416 261.906616 0.638293 
532.507202 310.478302 0.718765 
523.627991 348.716553 0.615083 
547.166016 157.488770 0.921700 
554.556885 154.582611 0.501472 
533.900452 160.508209 0.807004 
0.000000 0.000000 0.000000 
18
554.550598 159.040588 0.941684 
535.421021 188.417603 0.769310 
533.901855 191.387833 0.855112 
507.471802 223.698410 0.720900 
523.649475 231.069153 0.444932 
541.283325 186.948135 0.658861 
0.000000 0.000000 0.000000 
0.000000 0.000000 0.000000 
535.372498 263.370056 0.782619 
529.548828 310.510773 0.778631 
522.120850 357.483032 0.831569 
538.384399 261.907104 0.628717 
532.495300 310.458099 0.707772 
523.623169 348.736481 0.615463 
547.150513 157.502335 0.915984 
554.502502 154.639221 0.455862 
533.884705 160.506195 0.787585 
0.000000 0.000000 0.000000 
18
554.560669 159.031830 0.944322 
535.411316 187.000366 0.768253 
533.909424 191.366852 0.852032 
507.466156 220.808777 0.737876 
523.706299 231.084152 0.596300 
539.847961 185.535172 0.653933 
514.820679 220.809052 0.105497 
0.000000 0.000000 0.000000 
535.387451 263.374298 0.778695 
530.982788 310.474243 0.783598 
522.115173 357.473938 0.828261 
538.354492 261.914398 0.623691 
533.893677 310.412872 0.705555 
523.634827 348.727173 0.620879 
547.181152 157.493958 0.902813 
554.523315 156.053391 0.347096 
533.945129 160.486099 0.788870 
0.000000 0.000000 0.000000 
18
555.970215 159.063004 0.950494 
535.412537 186.985916 0.762653 
533.934448 191.342041 0.854385 
507.471191 220.778534 0.758113 
525.113342 231.092758 0.640303 
539.836121 185.514008 0.641760 
513.423889 220.771622 0.109477 
0.000000 0.000000 0.000000 
535.402039 263.405426 0.775051 
531.038330 310.465271 0.793729 
520.749817 357.491394 0.822160 
536.926147 261.944885 0.624652 
533.907776 309.019531 0.712352 
522.212402 350.184265 0.598934 
547.187195 157.521912 0.925881 
555.950745 156.046371 0.456884 
533.925720 160.477875 0.794023 
0.000000 0.000000 0.000000 
18
555.983215 159.087128 0.947081 
535.401794 186.986420 0.758250 
533.930725 189.941162 0.852805 
508.920959 219.361618 0.765070 
523.723511 231.099823 0.571614 
538.379639 185.516861 0.637142 
516.314941 219.348663 0.106855 
0.000000 0.000000 0.000000 
535.405212 263.370850 0.773578 
532.437988 310.461273 0.797738 
522.116821 357.505188 0.821352 
536.905273 261.905304 0.625492 
533.881653 309.012299 0.697011 
522.228882 350.196930 0.599982 
547.199402 157.560211 0.932265 
555.959778 156.092651 0.427301 
533.954773 160.530350 0.805246 
0.000000 0.000000 0.000000 
18
556.004639 159.085327 0.947893 
535.422485 188.413605 0.774007 
533.932556 189.935898 0.862380 
508.925293 217.925766 0.799276 
525.168457 231.068161 0.593021 
539.836975 186.949509 0.654331 
514.871765 219.318146 0.112266 
0.000000 0.000000 0.000000 
535.425903 261.979279 0.765222 
532.455017 310.462524 0.801729 
522.116882 357.477295 0.811780 
535.485413 260.493744 0.629036 
532.454407 309.000122 0.694196 
522.204468 350.184753 0.604408 
547.222229 157.554153 0.920501 
555.979370 156.099152 0.438590 
533.963867 160.508743 0.801382 
0.000000 0.000000 0.000000 
18
556.026062 159.066696 0.945533 
535.429688 185.527893 0.771899 
533.928223 188.445770 0.842040 
504.536499 216.439651 0.835047 
525.125549 234.020584 0.718446 
541.307129 185.506149 0.658378 
511.897888 217.784012 0.112552 
0.000000 0.000000 0.000000 
535.413330 263.372437 0.765464 
532.448608 310.438843 0.788749 
522.124451 357.474548 0.821319 
536.902405 260.506287 0.620561 
533.901978 308.965240 0.687127 
523.608154 348.728455 0.600979 
547.250244 157.535477 0.890193 
556.020508 156.082672 0.469405 
535.374084 159.103699 0.788019 
0.000000 0.000000 0.000000 
18
556.020508 159.077118 0.966638 
535.422791 184.090378 0.786882 
533.906738 186.981445 0.843858 
501.660370 216.361053 0.831645 
523.658936 234.024719 0.717565 
541.309570 184.071564 0.671337 
510.439575 216.345383 0.111101 
0.000000 0.000000 0.000000 
535.384888 261.975128 0.766081 
532.434753 310.463959 0.781350 
522.125366 357.491180 0.826681 
536.935242 260.489655 0.625960 
533.918518 308.998810 0.687071 
523.611877 350.174683 0.595549 
547.215942 157.545197 0.930712 
556.020813 156.062759 0.654295 
533.947632 159.119003 0.792465 
0.000000 0.000000 0.000000 
18
556.033447 159.096451 0.960905 
535.452271 184.084518 0.793282 
533.924377 186.990051 0.850522 
503.084198 216.317276 0.821836 
523.724915 231.080154 0.740076 
542.754333 184.044830 0.691775 
511.905853 216.307739 0.096111 
0.000000 0.000000 0.000000 
535.372986 261.972748 0.765061 
531.035950 310.469482 0.779996 
522.139893 357.472656 0.834743 
536.912231 260.485901 0.618933 
533.899231 309.003113 0.683943 
522.254028 348.719025 0.598139 
547.220154 157.581802 0.945676 
556.038879 156.057983 0.674581 
533.976379 160.519165 0.813473 
0.000000 0.000000 0.000000 
18
557.422791 159.092880 0.971147 
535.459595 184.055389 0.797229 
533.938843 186.950394 0.861199 
505.994751 216.322617 0.804723 
525.166687 229.606720 0.738454 
542.763977 184.021255 0.687005 
511.885254 214.933350 0.107484 
0.000000 0.000000 0.000000 
534.004456 261.954773 0.770319 
532.428589 310.449738 0.790385 
522.119263 357.499054 0.820944 
536.887756 260.484528 0.630701 
533.889404 308.993011 0.684042 
522.244019 350.171478 0.592270 
547.259766 157.588440 0.931241 
557.426453 156.044281 0.696015 
535.371887 160.506821 0.831540 
0.000000 0.000000 0.000000 
18
557.429077 159.069092 0.967779 
535.491882 185.495193 0.796609 
533.917969 186.977890 0.851728 
505.997803 216.352066 0.819731 
528.060730 229.572098 0.732637 
544.214172 184.078796 0.718920 
511.908600 216.330261 0.101932 
0.000000 0.000000 0.000000 
533.979675 261.952881 0.776798 
530.991577 310.461365 0.787714 
522.117371 357.469208 0.820520 
536.907898 260.486176 0.639368 
533.895081 309.012726 0.703774 
523.618835 348.732727 0.623498 
547.269531 157.558350 0.911796 
557.424316 154.633087 0.641982 
535.389465 160.501297 0.801751 
0.000000 0.000000 0.000000 
