42
1
18
511.919586 197.273071 0.920989 
511.835388 216.371323 0.948425 
486.910492 216.331757 0.907638 
466.373230 248.745132 0.912148 
478.133850 270.746063 0.899546 
535.411621 216.428680 0.922804 
557.500427 248.696518 0.892965 
545.778931 272.255432 0.875228 
495.687561 275.163239 0.853961 
485.397705 313.386963 0.858581 
503.057648 359.046692 0.880731 
525.168823 275.154266 0.838266 
541.282837 310.419952 0.874769 
535.445496 359.011963 0.902289 
510.347870 192.887634 0.942791 
519.235901 192.928787 0.920365 
500.162628 192.825195 0.892646 
523.720642 192.900772 0.850824 
18
511.946533 197.262619 0.913517 
511.863190 216.389877 0.950662 
486.919556 216.333176 0.911962 
466.381958 248.746017 0.913760 
479.539703 269.318848 0.894987 
535.458862 217.800613 0.917119 
557.501648 248.740051 0.898286 
545.775024 272.247955 0.888779 
495.686707 275.156677 0.837736 
483.962585 312.001862 0.852868 
501.665222 359.000946 0.884490 
525.176147 275.163818 0.835429 
539.844604 310.406982 0.865846 
535.427979 359.011047 0.905078 
510.374237 192.880066 0.950810 
519.268188 194.254211 0.923867 
500.179291 192.819244 0.900462 
525.106934 192.898483 0.833119 
18
511.947144 197.259323 0.914439 
511.874390 216.381317 0.947774 
486.931366 216.313293 0.906104 
466.377014 250.129242 0.916033 
479.545380 269.302155 0.899451 
535.465454 217.803482 0.913536 
557.521973 250.138214 0.899814 
545.750610 273.660217 0.885533 
495.684753 275.157043 0.841964 
481.050385 311.990051 0.843725 
501.652435 359.004761 0.897048 
525.172668 275.164337 0.835990 
539.811829 310.425049 0.874243 
535.436523 359.031464 0.901067 
510.379272 192.878311 0.954158 
519.272217 194.256180 0.925329 
500.188263 192.824982 0.892411 
525.117310 192.916473 0.843895 
18
511.961731 197.247513 0.907124 
511.902161 216.357727 0.943546 
486.964050 216.287460 0.895717 
467.778107 248.723785 0.908180 
479.570007 267.856293 0.891346 
535.483582 216.439438 0.914004 
557.509460 250.153366 0.909864 
545.729187 273.657776 0.885808 
495.687317 275.121429 0.833641 
481.055115 311.987885 0.835538 
501.647125 358.973450 0.894959 
525.179504 275.162964 0.839001 
538.383484 310.477783 0.888291 
535.433472 359.023987 0.898131 
510.391998 192.877518 0.955040 
520.666992 192.922089 0.926076 
500.202118 192.827530 0.884124 
525.121460 192.901077 0.844110 
18
511.953430 197.262634 0.907137 
511.926483 216.370300 0.944140 
488.313660 214.937943 0.901084 
467.816772 248.706955 0.906425 
481.040863 266.426605 0.884595 
536.868835 217.800552 0.900673 
557.540222 250.157242 0.909653 
545.736755 272.223663 0.886573 
495.703186 275.132721 0.844832 
481.023743 311.973389 0.835790 
501.628021 358.972595 0.900878 
526.598511 275.190430 0.830610 
536.939941 310.422729 0.896287 
535.441467 359.022339 0.906587 
510.381653 192.886032 0.953413 
520.662354 192.927261 0.923225 
500.204651 192.831238 0.864846 
525.141174 192.900620 0.866433 
18
511.953369 197.263901 0.908021 
511.922882 216.383759 0.946196 
486.946716 216.320053 0.920623 
467.774078 248.688950 0.912131 
478.126648 264.868317 0.910302 
536.882874 217.807983 0.896079 
557.547363 250.166199 0.933488 
544.230469 266.374054 0.869049 
494.273376 275.127167 0.850835 
479.578217 311.966949 0.850295 
501.606995 358.987885 0.900835 
525.170410 275.181885 0.825964 
536.911987 310.427063 0.907457 
535.440063 359.014801 0.914667 
510.379089 192.888977 0.952758 
519.276306 194.256073 0.921660 
500.206329 192.847458 0.861068 
525.153503 192.913773 0.883456 
18
511.970734 198.721893 0.897224 
511.880920 216.403778 0.960443 
486.918945 216.340607 0.930661 
467.814819 248.713745 0.887755 
481.037567 260.457397 0.808931 
535.485413 217.824158 0.928407 
557.529419 248.737610 0.899479 
538.388184 257.520935 0.801829 
492.797150 275.145966 0.872191 
479.542664 311.928192 0.894497 
501.584320 358.958771 0.900116 
523.717529 275.140472 0.826592 
535.503235 310.391937 0.922889 
535.425720 359.009369 0.912610 
510.390717 194.257477 0.952972 
520.680542 194.279312 0.932229 
500.204956 192.856445 0.874783 
525.169678 194.261078 0.867658 
18
511.952393 201.666321 0.898629 
511.926666 216.337875 0.928778 
486.945953 214.923172 0.912746 
469.247894 248.724609 0.893150 
486.872253 248.737244 0.926291 
536.882874 216.430542 0.901806 
557.479675 250.169006 0.928376 
535.470581 250.146408 0.871620 
494.235840 273.677887 0.865241 
478.129425 310.520050 0.932007 
500.205811 358.962219 0.891106 
525.120789 273.707245 0.835002 
535.497986 310.415161 0.935485 
535.441223 359.017731 0.901085 
510.374512 194.354599 0.946014 
519.243774 194.380447 0.887359 
500.223755 192.902542 0.826243 
525.113831 194.300339 0.881486 
18
511.969879 203.136368 0.928067 
511.966187 216.302368 0.914968 
488.357788 214.885010 0.911211 
473.659302 250.165192 0.918375 
488.415253 238.391373 0.950221 
536.891968 216.419891 0.910547 
555.998291 251.595337 0.917524 
536.898193 239.894775 0.842196 
494.263885 273.701538 0.868102 
478.100769 310.512573 0.928957 
500.210876 358.968414 0.889907 
525.144104 273.711365 0.828392 
535.465942 310.450989 0.944184 
535.438232 359.045105 0.894420 
510.378510 194.395355 0.949860 
520.691162 195.787170 0.911354 
501.575653 192.888794 0.796275 
525.181396 194.325821 0.861829 
18
511.949524 203.169601 0.916720 
511.979218 214.923462 0.891911 
488.427795 213.398758 0.855091 
473.677948 250.165466 0.920144 
486.932770 229.638641 0.850749 
535.509216 216.388504 0.898778 
553.085999 251.699615 0.932465 
539.825073 232.549469 0.791614 
494.261963 273.688263 0.856576 
478.074860 310.475403 0.933678 
500.212372 358.974670 0.886675 
525.125244 273.701263 0.806548 
535.429932 309.033966 0.939746 
535.419312 359.036163 0.905592 
510.362396 195.779373 0.923956 
520.662170 195.810303 0.886133 
501.575500 192.891815 0.688330 
525.159119 194.302826 0.848492 
18
511.966248 204.558929 0.922901 
513.362854 213.403625 0.844586 
488.438568 210.480286 0.818336 
475.062927 250.133179 0.936038 
488.320770 228.078308 0.919480 
536.916321 214.890350 0.818676 
551.589844 251.671555 0.925433 
542.783875 229.567474 0.816282 
494.243164 273.685394 0.833128 
478.082520 310.479706 0.930654 
500.201050 358.961151 0.894576 
525.143311 273.688354 0.798399 
535.447754 310.436493 0.948976 
535.417725 359.051300 0.898621 
510.365662 195.824371 0.907854 
520.682007 195.853470 0.874077 
500.221130 194.285538 0.705073 
526.583435 194.296951 0.836666 
18
513.346680 204.542053 0.905628 
513.402161 210.521576 0.846893 
489.854950 209.016006 0.823752 
475.096527 244.333054 0.926722 
488.448090 219.362076 0.847740 
536.928772 213.420563 0.786815 
550.159485 251.613922 0.945055 
538.367554 219.334412 0.742709 
494.258270 272.260101 0.814742 
478.067963 310.484924 0.929799 
500.215942 358.951447 0.884596 
525.140259 272.270905 0.783228 
535.436646 310.426147 0.954517 
535.420593 359.040619 0.897500 
510.406281 195.788589 0.914527 
520.720093 197.244461 0.880320 
501.608429 192.886185 0.688576 
528.093628 194.335953 0.794282 
18
513.341003 204.573776 0.931659 
513.416016 210.490799 0.853358 
489.856567 209.003403 0.813756 
475.118042 242.878204 0.958136 
489.874847 217.841599 0.840672 
536.927490 213.412445 0.772858 
550.141052 250.202866 0.909992 
535.482544 214.925507 0.831311 
494.264160 273.675171 0.813958 
478.058350 310.513519 0.934260 
501.591034 358.970978 0.878038 
525.127319 272.271698 0.782670 
535.432251 310.472626 0.960070 
535.427979 359.042816 0.894335 
510.388702 195.801056 0.913295 
520.735779 198.711548 0.877209 
501.609009 192.885941 0.706624 
530.978821 194.384415 0.756045 
18
513.407410 204.575775 0.898464 
513.409424 213.412811 0.861885 
489.866394 210.473251 0.781580 
475.124512 242.851440 0.972245 
491.308502 216.414139 0.844838 
536.935303 214.901764 0.792354 
550.124939 250.178009 0.916643 
535.509521 216.362991 0.842987 
494.277496 273.677521 0.814276 
476.695496 310.492828 0.938120 
501.586060 358.962646 0.882564 
525.130310 272.269104 0.775326 
535.432434 310.436829 0.959859 
535.415222 359.027222 0.901803 
510.456970 195.811493 0.913926 
522.139099 198.735977 0.879871 
503.056122 194.286133 0.772067 
530.986328 195.797211 0.728778 
18
513.404724 204.607559 0.898512 
513.411438 213.403625 0.864342 
489.885834 209.063171 0.781548 
475.126465 242.842819 0.980641 
491.339294 216.428299 0.843373 
536.921753 214.892471 0.794044 
550.147522 250.177185 0.907540 
535.471130 216.335464 0.859720 
495.688324 273.666779 0.816146 
478.057678 310.491791 0.936070 
501.589996 358.957520 0.884839 
525.134949 273.666260 0.776718 
535.430725 310.430023 0.965529 
535.412354 359.040283 0.900453 
510.443207 195.848572 0.895117 
522.138428 198.764282 0.874741 
501.650879 194.317352 0.778684 
530.983887 195.788147 0.720802 
18
513.398071 204.630341 0.902071 
513.417969 213.423767 0.869507 
489.899292 210.486374 0.772160 
475.136688 242.830872 0.989133 
492.764038 216.383224 0.851249 
536.916016 214.914246 0.808515 
550.141052 250.157745 0.911488 
535.470276 216.337082 0.849816 
495.692535 273.670898 0.820880 
478.063660 310.496948 0.934660 
501.590942 358.960022 0.888222 
525.127075 273.668915 0.779364 
535.440430 310.442810 0.965413 
535.409607 359.015717 0.902355 
510.437103 197.252899 0.889416 
522.135498 200.200592 0.883288 
501.641998 194.306473 0.761520 
530.990784 195.789642 0.738595 
18
513.404114 204.605881 0.888377 
513.419800 213.425049 0.867592 
489.886841 210.482986 0.778995 
475.138367 242.849777 0.982245 
491.346802 216.405243 0.849474 
536.920288 214.916168 0.806620 
551.577026 250.167160 0.906632 
535.482788 216.333359 0.839603 
494.275574 273.663361 0.815700 
478.074860 310.502899 0.932293 
501.596649 358.963593 0.887263 
525.116089 272.272858 0.778499 
535.437500 310.448120 0.958733 
535.408203 359.020203 0.896493 
510.443542 195.848907 0.890571 
522.127502 198.763611 0.875579 
501.652100 194.285217 0.741737 
529.564392 194.395782 0.742726 
18
514.817810 204.616699 0.867303 
513.397522 214.850372 0.876960 
489.858765 211.960083 0.775301 
475.134613 242.849380 0.979822 
491.327240 217.789932 0.864075 
536.918945 214.930679 0.807813 
551.597778 250.156891 0.906656 
535.478760 216.353104 0.840900 
495.699036 273.671356 0.818845 
478.063751 310.490845 0.932486 
501.593658 358.951752 0.887086 
525.142273 272.265717 0.773388 
535.440247 310.421234 0.954354 
535.414185 359.013672 0.899215 
510.455475 197.253204 0.866888 
522.147034 200.185760 0.868728 
501.652069 194.336075 0.745490 
530.988892 195.786316 0.716684 
18
513.408630 204.627060 0.886203 
513.349915 213.413651 0.877832 
489.820038 210.510666 0.786212 
475.144714 242.867889 0.964970 
492.771759 216.420181 0.858765 
536.887878 214.899567 0.804929 
551.624451 250.189835 0.913405 
535.476196 216.321106 0.834719 
494.269226 272.272034 0.802772 
478.079681 310.495209 0.928597 
501.592255 358.952209 0.889135 
525.117371 272.249207 0.778249 
535.464111 310.439331 0.946987 
535.428345 359.033905 0.896329 
510.438019 197.274399 0.866629 
522.133362 200.221817 0.875078 
501.640198 194.333389 0.761860 
529.542480 195.808914 0.686304 
18
513.407349 204.631363 0.892812 
513.386353 211.947205 0.871038 
489.818848 209.031540 0.811979 
475.138184 242.889938 0.967655 
491.337616 217.849655 0.848525 
536.942932 214.867508 0.801951 
551.612671 250.192688 0.922253 
536.876404 217.819366 0.788568 
494.260437 272.252838 0.806016 
478.090088 310.499420 0.927261 
501.584900 358.956696 0.884792 
525.125549 272.251617 0.785971 
535.466003 310.440887 0.943438 
535.421082 359.026978 0.900193 
510.435272 197.280243 0.865816 
522.140137 200.208496 0.875839 
501.611847 194.286774 0.734694 
530.977295 194.400452 0.692968 
18
514.847717 204.621033 0.876308 
513.425781 211.950974 0.864337 
488.447998 209.052399 0.811971 
475.135437 244.327667 0.945076 
489.877777 217.905975 0.845384 
539.823303 214.878357 0.798467 
553.050171 250.209167 0.915483 
536.914917 219.338028 0.815327 
494.247406 272.256195 0.807770 
478.094635 310.500153 0.928824 
501.581512 358.963959 0.887639 
525.136597 272.267487 0.786427 
535.466553 310.422546 0.947772 
535.432434 359.022675 0.905129 
510.484924 197.265762 0.861062 
522.189697 198.760315 0.881475 
501.643738 194.271622 0.731836 
531.021057 194.364456 0.691380 
18
513.401489 204.606598 0.900007 
513.407593 210.500809 0.859491 
488.441620 209.022949 0.834319 
475.135651 247.229416 0.944167 
489.830902 220.772018 0.866483 
538.378418 213.455826 0.778931 
553.044861 250.214615 0.921973 
538.383850 225.186295 0.834064 
494.237183 272.253571 0.804675 
478.115051 310.535614 0.917350 
501.581329 358.956024 0.882677 
525.140686 272.265289 0.779884 
535.475403 310.430817 0.948651 
535.430359 359.024292 0.900986 
510.445465 197.239655 0.879090 
522.147583 198.714661 0.898405 
501.620209 192.878174 0.766115 
529.535889 194.338623 0.723859 
18
513.360718 204.595566 0.917613 
513.362244 213.397369 0.859639 
488.398254 210.503220 0.816526 
475.064026 248.705414 0.912264 
488.392700 226.661469 0.914872 
538.360046 214.897507 0.797713 
553.073608 251.610306 0.911173 
539.861450 228.075241 0.851551 
494.230896 273.672272 0.811578 
478.125519 310.524841 0.915132 
501.594147 358.948151 0.885562 
525.151489 273.670990 0.784875 
535.485291 310.437012 0.943424 
535.429260 359.031250 0.903495 
510.407806 195.851563 0.896151 
522.106934 197.281845 0.888240 
501.590546 192.905579 0.799707 
528.048889 194.302750 0.777738 
18
513.373962 204.537964 0.903064 
511.955139 214.869690 0.885158 
488.381592 211.968124 0.834209 
473.672150 248.750275 0.890386 
488.362061 229.552582 0.915676 
535.504761 216.333023 0.851965 
555.999756 251.584641 0.917018 
538.405762 229.561874 0.829280 
494.236786 273.716888 0.834191 
478.140808 311.900787 0.905598 
501.595184 358.971863 0.887990 
525.126526 273.687256 0.799899 
535.463196 310.428284 0.930886 
535.429993 359.032623 0.902069 
510.432922 195.786118 0.926598 
520.750854 195.855148 0.894852 
501.639282 192.882263 0.823393 
526.609314 194.333771 0.785644 
18
513.401123 203.159195 0.892302 
511.935211 214.858292 0.892278 
488.379974 213.410355 0.857751 
472.197418 247.260544 0.858843 
488.431824 229.685928 0.884675 
535.492554 216.307648 0.900136 
556.014221 245.793106 0.802878 
539.822510 236.934143 0.736985 
494.227997 273.703705 0.847911 
479.535889 311.892517 0.904406 
501.596130 358.986877 0.882987 
525.111450 273.694611 0.830710 
535.488098 310.436768 0.933922 
535.403809 359.002655 0.910295 
510.463135 195.775879 0.923092 
522.117737 195.840408 0.907791 
503.054779 192.881165 0.838081 
525.183472 194.350571 0.760012 
18
513.397034 203.163803 0.909808 
511.971771 214.924545 0.905089 
488.370087 214.866455 0.894680 
472.220306 247.277298 0.891009 
489.882355 236.940842 0.903892 
536.902771 216.398483 0.898361 
557.482300 247.282059 0.882561 
536.883362 239.935913 0.876835 
494.249634 273.670013 0.854581 
479.535248 310.522919 0.908448 
501.599365 358.970062 0.889930 
525.149536 273.715027 0.836666 
535.480103 310.397064 0.936420 
535.428894 359.013641 0.910156 
510.457275 195.775131 0.934715 
522.119019 195.829788 0.917029 
503.052887 192.864609 0.831538 
526.593567 194.322739 0.785153 
18
513.396240 203.164948 0.911872 
511.968750 214.916245 0.877980 
488.383362 214.859131 0.889759 
470.728271 247.240143 0.871953 
489.825043 241.336197 0.987519 
536.898865 216.392303 0.879615 
558.887329 248.686203 0.914751 
536.927795 242.869659 0.891779 
495.691223 272.268280 0.857872 
479.555237 310.518219 0.902422 
501.588654 358.975830 0.893488 
525.139954 273.730347 0.849432 
536.868713 310.400391 0.920659 
535.428528 359.023987 0.912968 
510.467163 195.780991 0.945389 
522.110413 195.841583 0.906380 
503.082581 192.869034 0.829750 
526.589294 194.351791 0.777702 
18
513.403625 203.159683 0.904243 
511.955200 216.302750 0.898024 
488.358154 214.907944 0.907162 
466.361938 247.269226 0.916601 
486.959717 250.172195 0.983344 
536.882507 216.397095 0.875332 
559.008240 247.280151 0.893136 
539.836426 251.635574 0.916631 
494.251068 270.792023 0.843431 
479.559967 310.528381 0.895440 
501.610413 358.992615 0.887058 
525.123291 273.676971 0.805735 
535.503357 310.390106 0.921592 
535.430359 359.014038 0.905848 
510.472931 195.774719 0.941983 
522.111267 195.832352 0.899614 
503.073120 192.874802 0.851937 
526.605225 194.353836 0.790586 
18
513.405396 203.153580 0.894280 
511.952087 216.312729 0.909789 
488.372864 214.918701 0.909977 
466.362793 245.766846 0.944181 
488.324707 253.097244 1.028329 
536.865845 216.376648 0.881394 
560.405884 245.791519 0.890614 
538.372253 253.192688 0.908179 
492.805450 273.680756 0.867272 
479.544373 311.891510 0.909173 
501.608093 358.977478 0.899094 
523.741150 273.708313 0.799850 
535.508972 309.029999 0.925370 
535.437622 359.027405 0.906767 
510.481995 195.767517 0.933998 
522.117554 195.823563 0.896526 
503.071991 192.871307 0.854312 
526.618530 194.353180 0.778116 
18
513.406799 203.150818 0.890158 
511.959106 216.323181 0.911281 
488.381622 214.921768 0.909911 
466.308594 247.221771 0.964676 
486.969666 254.593460 0.997703 
536.886780 216.396210 0.879230 
559.004517 245.780823 0.905719 
542.782776 254.661728 0.886304 
494.264374 273.694427 0.856178 
479.553436 311.890961 0.914322 
501.601135 358.971863 0.904690 
525.176514 275.109100 0.794398 
535.502136 309.024780 0.923104 
535.443298 359.011902 0.914581 
510.484985 194.410004 0.929954 
522.119507 195.819473 0.899543 
503.073547 192.861145 0.840281 
526.619263 194.350235 0.796945 
18
513.406250 203.149826 0.888117 
511.969299 216.318283 0.900814 
488.374634 214.902710 0.896095 
466.322845 245.795425 0.958008 
486.946045 258.992065 0.942703 
536.905823 216.413712 0.878547 
558.920349 247.252777 0.910598 
539.839355 260.483704 0.864506 
495.690918 273.677338 0.840272 
479.555969 311.919830 0.889582 
501.633179 358.977386 0.905885 
525.182495 275.109070 0.798288 
535.490967 310.390594 0.928690 
535.450256 359.000275 0.909172 
510.487823 194.407455 0.929018 
522.123108 195.821274 0.895654 
503.083313 192.860001 0.815747 
526.619507 194.355179 0.776037 
18
513.423889 203.152390 0.881971 
511.968079 216.313065 0.902610 
488.377258 214.893066 0.894992 
466.365997 247.231033 0.941493 
486.916290 260.489044 0.940990 
536.904236 216.416855 0.882760 
558.887024 247.273285 0.907470 
539.843445 263.405426 0.865137 
495.691864 273.666779 0.826998 
479.546082 311.912354 0.875847 
501.632507 358.977325 0.903432 
525.178528 275.123383 0.804345 
536.882141 310.426208 0.925076 
535.441895 359.007538 0.904133 
510.499603 195.766785 0.925801 
522.137390 195.823990 0.901562 
503.081696 192.878235 0.840110 
526.615234 194.354111 0.754860 
18
513.422546 203.145065 0.879717 
511.972931 216.299301 0.888860 
488.384888 214.874588 0.884572 
467.815277 247.228485 0.930144 
486.909241 263.379822 0.945748 
536.899475 216.411606 0.879674 
557.522339 248.725021 0.924965 
538.368286 264.942169 0.833363 
494.253967 272.258392 0.815553 
479.556671 311.944885 0.854930 
501.632996 358.980896 0.901550 
525.160217 275.111481 0.796628 
536.898987 310.441620 0.932668 
535.430481 359.017609 0.897050 
511.834595 194.408051 0.930680 
522.137024 195.823303 0.902070 
503.091125 192.879379 0.842898 
526.605774 194.378006 0.764352 
18
513.423523 203.140137 0.883594 
511.963318 216.309509 0.900006 
488.372070 214.889282 0.902277 
469.259949 247.274231 0.928842 
486.879669 263.440521 0.964163 
536.901062 216.417343 0.878122 
557.498718 248.713531 0.923970 
538.362549 266.369141 0.833581 
494.251434 273.709137 0.833890 
479.583435 311.955383 0.854943 
501.636200 358.976990 0.902522 
525.165039 275.158722 0.797315 
536.904541 310.457550 0.926655 
535.436707 359.039337 0.892021 
511.839020 194.399597 0.935839 
522.142517 195.824615 0.906745 
503.094727 192.855209 0.844894 
526.602417 194.367203 0.748249 
18
513.424011 203.127762 0.880951 
511.936493 216.318680 0.905421 
488.349548 214.925873 0.907921 
472.166962 250.168854 0.936093 
486.883026 264.911133 0.945214 
536.877991 216.398193 0.881135 
557.471558 250.160156 0.926501 
536.917725 270.763367 0.810429 
494.262054 273.699432 0.825241 
479.579346 311.928009 0.876425 
501.630707 358.977417 0.906275 
525.183472 275.142792 0.796995 
536.928894 310.443756 0.913916 
535.442444 359.027374 0.901080 
511.837646 194.395325 0.940970 
522.133972 195.815826 0.903420 
503.094940 192.859344 0.845970 
525.193481 194.347198 0.716459 
18
513.425293 203.128296 0.879347 
511.935638 216.322861 0.902471 
488.352631 214.930344 0.898229 
472.177002 250.209152 0.930533 
486.884399 266.373535 0.900124 
535.513977 216.397095 0.880349 
557.436646 250.184753 0.933284 
536.877563 270.787445 0.819723 
495.685760 273.691681 0.817306 
479.581085 311.924591 0.872302 
501.632050 358.984985 0.903486 
525.189148 275.138733 0.801788 
536.928833 310.436493 0.913396 
535.438049 359.015656 0.904031 
511.836975 194.399261 0.936960 
522.129089 195.813385 0.902202 
503.084930 192.864716 0.854863 
525.175415 194.331680 0.718537 
18
514.817810 203.127792 0.875941 
511.941833 216.336945 0.908324 
488.352356 216.291245 0.898883 
470.756287 250.219101 0.925807 
486.880829 266.398651 0.897359 
536.874329 216.417847 0.883720 
557.428589 251.589432 0.954254 
536.890991 270.787994 0.817365 
495.722778 273.711609 0.831379 
480.999298 311.938934 0.861830 
501.643036 358.944916 0.901797 
526.606201 275.141388 0.806861 
536.953979 310.457489 0.910924 
535.412354 359.002502 0.903816 
511.845734 194.403122 0.936897 
522.137939 195.813324 0.909543 
503.070068 192.856812 0.873301 
525.164368 194.304504 0.695713 
18
513.432373 203.140121 0.878011 
511.929962 216.323685 0.905414 
488.338501 216.287369 0.894388 
472.179169 250.214432 0.930925 
486.878510 266.412872 0.895753 
536.872620 216.407623 0.883789 
557.416687 251.592819 0.946717 
536.903137 272.232910 0.812327 
495.691406 273.718567 0.825562 
479.577728 311.914124 0.870833 
501.628510 357.558258 0.911503 
526.599426 275.146118 0.806995 
536.932251 310.441132 0.915964 
535.423889 359.011475 0.903932 
511.836914 195.769608 0.929940 
522.127869 195.822830 0.901136 
503.060364 192.870148 0.870934 
525.160156 194.308395 0.704547 
18
513.428528 203.145401 0.879435 
511.924591 216.317047 0.903989 
488.332581 214.937912 0.891042 
472.193146 251.569122 0.940140 
486.891083 266.422272 0.902237 
536.869385 216.402710 0.882850 
557.404114 251.604721 0.949746 
536.878906 272.258057 0.828788 
495.688751 273.727417 0.824764 
479.587860 311.926453 0.860061 
501.631104 357.570770 0.907452 
526.593689 275.156128 0.804789 
536.952209 310.436890 0.909250 
535.417297 359.016449 0.906905 
511.832397 195.772552 0.925982 
522.125122 195.825653 0.897640 
503.055054 192.872375 0.868981 
525.161072 194.316467 0.720908 
18
513.426025 203.139755 0.880356 
511.923492 216.312897 0.902806 
488.341064 214.929047 0.891553 
472.201904 251.570602 0.943380 
486.928192 266.425354 0.902434 
535.510254 216.397263 0.884299 
557.413818 251.595840 0.946024 
536.907288 272.243805 0.818024 
495.684448 273.697510 0.818501 
481.001221 311.915527 0.862371 
501.631958 358.940094 0.911867 
526.591736 275.135956 0.807647 
538.346497 310.434753 0.904416 
535.407166 358.991882 0.910848 
511.831482 195.767029 0.927032 
522.121887 195.821793 0.899232 
503.056793 192.861893 0.863512 
525.152222 194.311371 0.711367 
18
513.418945 203.138229 0.882629 
511.922333 216.313782 0.902098 
488.343048 214.933960 0.893893 
472.195343 251.570419 0.939256 
486.901276 266.415924 0.899333 
535.505432 216.392044 0.885008 
557.409302 251.591965 0.942695 
536.891846 272.258698 0.821157 
495.687012 273.686584 0.812398 
481.001282 311.904938 0.869683 
501.625549 357.579315 0.909306 
526.594055 275.126160 0.805439 
538.345764 310.422546 0.897649 
535.407654 359.008667 0.907198 
510.493042 195.767136 0.929318 
522.113525 195.815979 0.899526 
503.056793 192.878174 0.855395 
525.147034 194.311172 0.724508 
18
513.415100 203.134201 0.884585 
511.920135 216.314728 0.900629 
488.339264 214.930618 0.892001 
472.202545 251.569031 0.940452 
486.907806 266.422699 0.900043 
535.502441 216.394485 0.886558 
557.397339 250.216934 0.934359 
536.888245 272.250458 0.822774 
495.690521 273.689209 0.811066 
481.000885 311.908081 0.866448 
501.628571 357.579590 0.910473 
526.598633 275.129425 0.805206 
538.361145 310.449219 0.900227 
535.420166 359.013580 0.902320 
510.491119 194.406250 0.934820 
522.112610 195.814148 0.901486 
503.054474 192.876404 0.861555 
525.148743 194.318314 0.731954 
