34
1
18
551.580933 159.114304 0.908120 
523.731689 195.836868 0.706022 
526.637878 203.108643 0.806415 
532.431519 247.242325 0.838721 
538.397644 282.557526 0.914834 
523.647400 192.891388 0.581026 
532 281 0.000000
532 281 0.000000
523.672119 270.763855 0.745132 
523.676758 317.849640 0.765232 
522.144653 360.476288 0.756435 
522.145447 266.348572 0.589527 
523.694824 314.871368 0.714981 
522.229980 357.501709 0.729542 
547.145020 156.123322 0.914150 
0.000000 0.000000 0.000000 
532.472778 159.016159 0.806252 
0.000000 0.000000 0.000000 
18
550.154785 159.074463 0.929437 
523.672729 195.842072 0.759286 
529.526367 203.143936 0.811539 
532.461304 245.782166 0.856793 
539.822510 279.626221 0.922277 
520.702637 192.886749 0.638105 
532 281 0.000000
532 281 0.000000
523.690002 270.760681 0.754678 
523.704468 319.264557 0.785499 
522.169739 360.505005 0.769688 
516.322632 264.943451 0.613367 
523.624878 314.864899 0.713049 
522.236633 357.517273 0.717947 
545.781128 156.084000 0.910523 
0.000000 0.000000 0.000000 
532.458313 159.019897 0.812028 
0.000000 0.000000 0.000000 
18
550.162048 159.095520 0.920134 
523.673340 195.846771 0.757580 
529.525696 203.155151 0.818651 
532.477783 247.224991 0.853617 
541.324829 279.619476 0.918445 
520.706299 192.896255 0.636886 
532 281 0.000000
532 281 0.000000
523.693481 270.746155 0.749601 
523.709045 317.832703 0.782126 
522.168030 360.491028 0.777603 
517.753723 264.932678 0.617622 
523.630859 313.449097 0.714552 
522.237976 357.506683 0.732250 
547.124451 156.114822 0.917265 
0.000000 0.000000 0.000000 
532.457520 159.036560 0.809110 
0.000000 0.000000 0.000000 
18
550.161682 159.101425 0.921765 
523.660828 195.815643 0.772366 
529.530090 203.124771 0.801521 
533.910645 245.800568 0.860716 
542.774292 279.589417 0.925890 
520.686279 192.887146 0.649833 
532 281 0.000000
532 281 0.000000
523.732422 270.765076 0.744701 
523.700012 319.264069 0.789092 
522.141479 360.471893 0.773379 
516.323303 264.942841 0.638785 
523.619385 313.462372 0.698492 
522.224915 357.485596 0.720396 
547.125000 156.119232 0.919307 
0.000000 0.000000 0.000000 
532.459167 159.035660 0.814363 
0.000000 0.000000 0.000000 
18
550.154724 159.100967 0.926101 
523.674988 195.820511 0.775052 
529.555359 203.116577 0.802954 
533.922729 247.222733 0.864682 
542.799744 279.601257 0.919461 
520.708069 192.898300 0.650080 
532 281 0.000000
532 281 0.000000
523.741211 270.756866 0.743327 
523.700562 319.279236 0.798010 
522.134033 360.480255 0.777038 
517.790222 264.945587 0.637585 
523.631775 314.873047 0.698716 
522.233704 357.486237 0.719966 
545.775574 156.116226 0.922259 
0.000000 0.000000 0.000000 
531.033508 159.036835 0.813089 
0.000000 0.000000 0.000000 
18
550.142700 159.075638 0.934807 
523.678101 197.250992 0.779167 
531.028931 203.129379 0.825110 
533.943665 247.251144 0.878231 
544.215576 278.191925 0.933945 
520.685242 194.317596 0.658454 
532 281 0.000000
532 281 0.000000
525.150024 272.212616 0.745859 
523.710571 319.260956 0.798811 
522.128662 360.469574 0.778399 
516.333191 266.356018 0.658966 
523.629700 314.864227 0.705706 
522.223022 357.475922 0.724361 
545.754944 156.098740 0.925962 
0.000000 0.000000 0.000000 
531.002319 159.070709 0.806419 
0.000000 0.000000 0.000000 
18
550.145996 159.071030 0.922325 
523.671204 195.799606 0.816319 
532.442322 201.650101 0.829675 
532.431335 244.327148 0.849200 
545.667908 276.601166 0.972723 
519.255920 194.274506 0.678441 
533.991760 241.345810 0.206579 
548.632751 256.076477 0.295856 
525.158936 270.778320 0.750208 
523.747742 316.352753 0.784915 
522.139587 359.069458 0.784580 
516.321350 264.955811 0.649199 
523.650818 313.432251 0.713663 
522.227295 357.453674 0.723806 
545.774963 156.073257 0.901027 
0.000000 0.000000 0.000000 
532.435791 159.017731 0.804996 
0.000000 0.000000 0.000000 
18
550.164124 158.980972 0.942575 
526.619568 194.328156 0.757573 
530.989441 198.724792 0.762637 
523.736572 241.426300 0.853304 
545.761536 264.902740 0.864812 
526.593750 192.848877 0.641250 
535.404663 238.393585 0.505831 
550.162354 251.660461 0.741504 
523.674622 266.402740 0.804052 
523.741699 313.433838 0.823443 
522.122314 359.021667 0.780272 
520.735107 264.876953 0.596511 
523.699219 311.977264 0.727461 
522.232239 356.042511 0.717728 
545.776917 154.596985 0.875302 
0.000000 0.000000 0.000000 
532.492432 157.627411 0.808237 
0.000000 0.000000 0.000000 
18
553.048645 158.990417 0.935098 
526.591309 194.306412 0.798528 
532.509399 197.289886 0.816362 
523.618591 239.926895 0.902966 
548.692688 256.078613 0.842358 
523.637939 192.781174 0.653677 
534.003784 234.032043 0.422909 
550.169373 241.356598 0.646548 
523.727905 266.366882 0.818374 
523.741333 313.398376 0.822232 
522.136353 358.998718 0.770513 
519.246277 263.477875 0.610649 
523.713684 311.950562 0.700982 
522.255005 356.040649 0.720169 
547.164856 153.175369 0.868084 
0.000000 0.000000 0.000000 
533.929321 157.609772 0.812830 
0.000000 0.000000 0.000000 
18
553.072449 159.051117 0.921303 
526.596802 192.852875 0.783107 
533.913757 194.378372 0.851604 
522.194214 238.420639 0.882794 
550.142578 251.624985 0.849429 
522.190552 189.927002 0.619087 
535.385254 229.639877 0.300146 
553.037659 238.454315 0.579879 
525.182922 266.378448 0.794271 
523.732483 313.441223 0.819609 
522.118225 359.014801 0.754245 
522.181763 264.849579 0.632416 
523.727905 311.999756 0.701238 
523.605896 356.039703 0.725593 
547.205017 156.071991 0.873637 
0.000000 0.000000 0.000000 
533.976624 158.972412 0.819569 
0.000000 0.000000 0.000000 
18
554.531799 159.065094 0.909097 
523.726990 191.389160 0.789622 
533.888245 192.888214 0.894764 
522.148987 235.483017 0.856422 
547.185486 245.794968 0.884379 
517.792786 186.982773 0.609230 
526.583618 229.627686 0.130822 
548.639587 236.951324 0.268918 
526.611572 264.956665 0.781699 
523.743042 313.411591 0.820185 
522.129883 359.027863 0.753036 
520.732666 263.453796 0.635586 
523.713928 311.965332 0.714396 
522.236450 356.082092 0.730858 
547.262085 156.072235 0.853787 
0.000000 0.000000 0.000000 
535.373657 157.604385 0.832529 
0.000000 0.000000 0.000000 
18
555.947205 159.052780 0.897489 
523.687866 189.911255 0.772781 
532.495178 192.837082 0.844977 
522.231689 234.012634 0.781157 
544.240662 245.813431 0.780589 
516.306946 184.053055 0.634173 
531.011230 228.173569 0.147170 
547.239197 234.008255 0.336142 
526.584778 264.920746 0.783923 
525.115845 312.010834 0.813551 
522.133972 359.013855 0.761079 
519.254944 263.403473 0.616191 
523.693298 311.924744 0.694276 
522.240417 356.054962 0.710143 
548.645325 156.056534 0.833161 
0.000000 0.000000 0.000000 
535.384277 157.581024 0.812924 
0.000000 0.000000 0.000000 
18
554.534363 160.492676 0.863129 
523.671509 188.433243 0.699096 
530.984070 192.796356 0.744617 
525.161804 229.637527 0.526707 
544.201965 242.875504 0.608552 
519.227539 184.037415 0.586195 
533.934509 228.115265 0.113639 
545.783325 233.997711 0.246214 
523.720093 263.445374 0.778399 
523.743958 311.998138 0.820146 
522.123840 359.055908 0.756833 
522.225159 261.956879 0.599500 
525.154846 311.939301 0.694580 
522.206482 357.484650 0.721655 
548.629028 157.514236 0.862662 
0.000000 0.000000 0.000000 
533.992310 157.628494 0.810995 
0.000000 0.000000 0.000000 
18
555.974854 159.121567 0.871347 
525.120667 188.461700 0.697465 
532.463318 191.403091 0.769339 
532.466003 228.110138 0.524332 
545.664795 242.824524 0.648741 
520.735291 185.484482 0.620319 
531.023132 228.082794 0.106920 
547.154358 232.540222 0.202300 
525.124329 263.431061 0.781081 
523.739624 311.948517 0.829402 
522.119202 359.035492 0.754057 
522.157227 261.935394 0.605619 
525.168274 311.904999 0.691168 
522.223511 356.067841 0.718207 
548.675171 157.514175 0.853267 
0.000000 0.000000 0.000000 
535.395447 158.983292 0.821103 
0.000000 0.000000 0.000000 
18
555.993286 160.489059 0.884235 
525.120422 189.923111 0.723662 
532.499634 192.831985 0.786292 
528.079712 231.080444 0.589686 
545.736816 241.449585 0.662241 
520.709717 185.525742 0.622847 
532.495789 228.169128 0.141576 
547.130310 234.029343 0.281938 
525.126404 264.874573 0.791713 
523.721619 311.962921 0.837367 
522.118652 359.031616 0.769193 
522.181213 263.368927 0.630719 
526.596436 311.917969 0.695042 
522.251343 356.030487 0.719673 
548.710510 157.512344 0.853930 
0.000000 0.000000 0.000000 
535.414734 157.605453 0.828270 
0.000000 0.000000 0.000000 
18
557.398010 160.496246 0.892904 
525.162537 191.365494 0.791317 
535.366455 192.901123 0.856066 
529.537048 236.964615 0.684025 
545.759888 244.335770 0.720942 
519.231262 185.531906 0.682298 
525.121948 229.584274 0.130296 
545.751770 233.995163 0.248164 
525.183289 264.871643 0.807792 
525.125427 311.971222 0.833238 
520.749268 359.039337 0.747762 
514.835327 263.362091 0.674862 
523.719421 311.897980 0.713900 
522.241882 356.075256 0.735278 
550.142578 157.531952 0.861277 
557.498596 157.472794 0.149742 
535.465149 157.624924 0.838220 
0.000000 0.000000 0.000000 
18
557.442688 161.992432 0.889540 
525.158447 191.339111 0.801041 
535.374878 192.899216 0.886756 
529.547241 235.491104 0.713403 
545.735962 244.340271 0.709992 
517.780518 184.079254 0.702908 
528.047058 228.163879 0.112161 
547.133850 229.601669 0.238925 
525.167297 264.864716 0.813212 
525.124512 311.953156 0.841036 
520.748230 359.047791 0.755257 
514.859253 261.981964 0.653706 
525.105469 310.520416 0.709401 
523.610535 356.072479 0.732673 
551.622681 157.604370 0.871270 
557.512512 157.547607 0.205840 
535.501831 158.984940 0.815234 
0.000000 0.000000 0.000000 
18
557.473694 164.942612 0.888631 
526.632507 189.899582 0.750418 
535.389587 192.874130 0.866904 
529.556702 234.042404 0.695656 
545.752014 241.428329 0.686986 
520.717834 184.060135 0.698223 
528.045227 228.158798 0.125483 
545.751953 229.604874 0.242192 
525.164368 264.850006 0.810900 
525.128601 311.919861 0.845138 
520.745422 359.037109 0.766852 
516.295410 261.970215 0.645700 
525.121399 310.500732 0.707333 
523.609924 356.039673 0.718391 
554.532959 159.023926 0.871001 
557.561279 157.644211 0.176324 
538.353699 159.004730 0.777569 
0.000000 0.000000 0.000000 
18
558.889771 167.827148 0.948039 
528.094604 191.357742 0.764655 
535.412048 194.275101 0.892700 
531.007568 234.033432 0.733539 
545.742310 241.434998 0.719199 
522.175781 186.944382 0.728910 
529.531860 229.596436 0.125274 
545.756165 231.073883 0.237229 
525.166504 264.855988 0.818939 
525.146912 311.931610 0.847328 
522.133301 359.057465 0.759328 
514.846069 261.977142 0.678979 
523.727234 310.510498 0.731025 
523.630676 357.477264 0.752129 
556.017029 159.102676 0.912355 
0.000000 0.000000 0.000000 
538.403564 159.090729 0.792280 
0.000000 0.000000 0.000000 
18
558.922180 169.276550 0.955395 
528.094177 191.326889 0.768565 
535.441345 192.903214 0.897320 
531.029053 234.017166 0.740231 
545.712585 242.855591 0.713493 
522.138794 185.497559 0.735515 
529.503479 229.600067 0.128830 
545.726868 231.068726 0.231146 
526.589783 263.480957 0.806788 
525.162598 311.943939 0.842927 
522.130127 359.046509 0.758328 
513.400330 261.960571 0.707241 
523.669739 310.507202 0.752578 
523.619263 357.474243 0.759944 
557.432922 160.524353 0.900954 
0.000000 0.000000 0.000000 
542.750366 159.101990 0.789468 
0.000000 0.000000 0.000000 
18
558.957886 169.328873 0.974464 
529.524597 189.888168 0.772288 
535.453186 192.900665 0.895393 
532.452942 234.019730 0.732485 
545.722168 242.839127 0.708019 
522.155884 184.039963 0.757601 
529.521606 229.577179 0.124304 
545.753174 231.101913 0.215637 
525.165466 263.452332 0.806208 
525.155273 311.892822 0.836457 
522.144470 359.010986 0.756530 
513.374084 261.924469 0.705906 
523.662537 310.466034 0.744763 
522.242737 357.464020 0.745199 
557.448853 161.976212 0.894113 
0.000000 0.000000 0.000000 
542.742371 160.511795 0.784309 
0.000000 0.000000 0.000000 
18
558.950073 170.753784 0.978581 
529.558899 188.458176 0.756543 
535.441223 192.857620 0.900119 
533.914246 235.498871 0.802071 
547.207092 241.444443 0.764968 
522.216125 184.050293 0.744172 
529.543518 229.591980 0.135849 
545.754272 234.027893 0.236835 
525.162842 263.463043 0.820576 
525.137573 311.899963 0.842748 
522.135559 359.020752 0.751857 
513.388977 261.930908 0.701833 
523.650513 310.477142 0.738943 
522.232422 357.474457 0.750503 
557.463379 164.910065 0.881343 
0.000000 0.000000 0.000000 
544.219299 160.552765 0.778314 
0.000000 0.000000 0.000000 
18
558.968872 170.781448 0.955008 
531.016479 189.911148 0.753132 
535.437744 192.853348 0.911151 
535.407288 236.934418 0.832940 
548.671021 241.419998 0.764773 
523.638062 185.507599 0.726173 
532.458618 229.589417 0.121429 
547.188965 234.033417 0.249391 
525.169373 264.859528 0.816531 
523.742188 311.960663 0.837805 
522.144043 359.009003 0.745059 
513.406555 261.944244 0.688368 
523.652954 310.519348 0.727655 
522.210938 357.474457 0.742510 
557.483521 166.352005 0.871434 
560.467651 164.938324 0.125427 
544.253601 160.551453 0.780645 
0.000000 0.000000 0.000000 
18
558.958191 170.836945 0.937985 
531.015442 189.906174 0.760797 
535.485901 192.853973 0.883531 
535.498413 236.936508 0.778400 
547.262451 242.857666 0.780664 
522.243042 185.486282 0.749489 
526.605469 228.085724 0.087886 
548.645447 235.498383 0.140718 
525.139038 264.845734 0.822328 
523.718933 311.973083 0.831204 
522.137207 358.988586 0.726121 
511.963989 261.938416 0.711066 
523.628784 310.519775 0.715996 
522.213562 357.456940 0.742088 
557.457092 167.807953 0.879946 
560.434937 169.258118 0.187799 
544.196899 161.956009 0.766257 
0.000000 0.000000 0.000000 
18
560.391357 170.840225 0.943777 
531.030273 191.353088 0.771303 
535.494141 192.910934 0.877952 
536.937317 234.034607 0.778485 
547.151733 242.882584 0.800401 
523.628235 186.953079 0.733755 
526.622314 225.199295 0.076782 
548.645447 235.498383 0.140718 
525.116638 263.469269 0.829978 
523.721558 311.895538 0.808311 
522.152649 358.997467 0.745556 
513.372559 261.941559 0.687218 
523.696411 310.451416 0.674976 
522.199341 356.075714 0.704150 
557.512268 167.805634 0.904145 
561.881897 169.262054 0.278482 
544.201294 161.973923 0.754829 
0.000000 0.000000 0.000000 
18
560.466675 170.870178 0.917478 
532.432495 191.330765 0.783987 
536.897583 192.905045 0.856102 
536.914673 234.001404 0.756476 
544.233704 242.856735 0.676276 
523.615173 185.508133 0.750146 
525.142090 226.608917 0.068747 
548.645447 235.498383 0.140718 
525.128906 263.446625 0.820869 
523.743713 310.515259 0.817019 
522.115356 359.001190 0.739686 
511.949707 261.909790 0.710243 
523.641968 310.434723 0.703796 
522.207947 356.072571 0.715409 
558.929443 167.858017 0.904447 
563.389587 169.273697 0.229509 
545.671692 163.467316 0.753410 
0.000000 0.000000 0.000000 
18
561.862366 172.241943 0.903753 
532.447571 189.914398 0.783034 
536.935974 192.875000 0.859503 
536.927246 234.015213 0.739051 
545.678284 242.879349 0.686045 
523.619629 185.481781 0.759342 
523.696411 226.619095 0.071521 
548.645447 235.498383 0.140718 
525.121460 263.453705 0.819999 
523.738831 310.517090 0.824835 
522.123962 359.001831 0.746605 
511.933990 261.915894 0.708635 
523.665588 310.442841 0.697477 
522.230713 356.054626 0.719317 
558.969482 167.872635 0.902554 
564.833801 169.301132 0.218908 
545.752625 163.426331 0.761790 
0.000000 0.000000 0.000000 
18
561.875610 172.282349 0.878564 
532.485657 189.890182 0.774849 
536.929260 192.855423 0.861622 
536.954590 232.558044 0.711498 
545.746216 241.388000 0.712143 
523.673218 184.064529 0.750787 
525.133545 225.199432 0.081864 
548.645447 235.498383 0.140718 
525.121460 263.447937 0.822706 
523.742493 311.900482 0.822987 
522.119751 359.025574 0.745695 
511.942566 261.913361 0.702878 
523.661133 310.476257 0.702507 
522.215027 357.457031 0.722679 
558.951599 169.265671 0.899491 
564.844177 169.333374 0.337200 
545.685913 163.456039 0.753209 
0.000000 0.000000 0.000000 
18
563.335144 172.287064 0.866736 
532.478455 186.970886 0.798782 
538.351929 192.797516 0.843320 
539.852783 229.593964 0.694447 
545.704407 241.362335 0.771597 
523.654236 182.606186 0.798693 
526.588989 223.706497 0.086878 
548.645447 235.498383 0.140718 
525.121399 263.417969 0.823323 
525.114685 311.903900 0.824174 
522.138062 359.003693 0.748050 
511.909088 260.497040 0.718023 
522.253052 310.471222 0.702259 
522.206604 357.460175 0.726101 
559.011963 169.271667 0.885067 
566.296448 169.317596 0.280582 
547.127075 163.435272 0.758166 
0.000000 0.000000 0.000000 
18
563.354187 173.738800 0.846980 
532.510437 186.976959 0.785889 
538.369263 192.811096 0.845813 
541.292664 229.642624 0.682564 
547.140015 241.368881 0.732937 
523.682251 182.600815 0.772247 
526.621399 225.192963 0.088788 
548.645447 235.498383 0.140718 
525.102600 263.403656 0.823436 
523.737976 311.908417 0.822498 
522.128845 359.021820 0.748703 
511.919952 260.469452 0.697499 
523.631653 310.474304 0.697018 
522.210938 357.464783 0.729170 
560.389648 169.314560 0.889883 
567.715515 169.336136 0.260655 
547.150391 164.900146 0.753082 
0.000000 0.000000 0.000000 
18
561.908936 173.772034 0.846323 
533.920288 189.876434 0.774879 
538.375061 192.879745 0.859586 
539.829346 231.106934 0.701639 
545.667969 242.814804 0.733336 
525.127747 184.026581 0.718922 
528.068298 222.245972 0.070139 
548.645447 235.498383 0.140718 
525.129456 263.456177 0.812029 
523.731506 311.915527 0.827709 
522.136414 359.022552 0.738522 
511.949768 261.931976 0.693832 
523.643372 310.483704 0.711136 
522.235352 357.465637 0.724958 
558.990417 169.357712 0.905183 
566.267090 169.388733 0.296244 
545.762634 166.410950 0.757456 
0.000000 0.000000 0.000000 
18
561.926208 173.756058 0.849405 
533.897766 189.904495 0.792954 
539.839905 192.886978 0.856561 
536.913635 229.607391 0.774648 
544.237000 242.827835 0.810638 
523.693787 184.043427 0.763645 
525.124084 222.248962 0.076018 
548.645447 235.498383 0.140718 
525.123474 263.398438 0.824542 
525.132568 310.464813 0.811601 
522.133545 358.991974 0.731590 
511.909454 260.467041 0.719804 
523.665466 309.002655 0.706314 
522.229919 357.450165 0.724097 
559.017517 169.337128 0.910352 
566.297974 169.382156 0.288991 
547.145386 166.376450 0.769920 
0.000000 0.000000 0.000000 
18
563.334778 173.729065 0.855011 
533.925781 191.340668 0.801092 
539.862122 194.263229 0.867971 
535.484436 234.014343 0.776205 
545.697754 242.890579 0.752612 
523.721985 184.070755 0.740091 
526.600708 226.639404 0.100256 
548.645447 235.498383 0.140718 
525.152283 263.423645 0.813816 
525.107727 311.918945 0.819352 
522.140625 358.998901 0.731866 
511.930267 260.459656 0.723060 
523.620972 310.465515 0.715030 
522.215515 357.479126 0.737098 
559.031372 169.316193 0.903898 
566.326355 169.359268 0.244043 
547.161072 164.946869 0.768372 
0.000000 0.000000 0.000000 
18
563.345154 172.301666 0.861102 
533.932800 191.345154 0.819155 
541.280701 192.907944 0.885012 
535.385864 231.094574 0.830860 
545.710510 242.829926 0.773091 
525.106995 185.487549 0.750015 
526.587524 228.127502 0.140753 
545.704529 232.556107 0.211816 
525.173096 263.413483 0.812777 
523.744263 311.922363 0.846360 
522.137756 359.003326 0.736502 
511.959595 260.451141 0.730907 
523.654968 310.477722 0.728703 
522.225403 357.464935 0.732612 
559.026978 169.286179 0.897057 
567.724854 169.322769 0.263422 
547.149353 164.919373 0.788397 
0.000000 0.000000 0.000000 
