50
1
18
486.817627 169.354187 0.966854 
485.397156 197.239990 0.871303 
457.476959 195.815826 0.830156 
444.268036 229.634399 0.875800 
461.932953 239.938065 0.769990 
510.405853 197.276062 0.861540 
520.725586 239.882492 0.930573 
495.687561 244.331772 0.843285 
475.090302 272.230621 0.767009 
475.151855 317.833252 0.869393 
475.214600 361.943634 0.842485 
500.194519 270.749786 0.821964 
497.209808 316.353607 0.838471 
500.130829 359.019287 0.896149 
476.680573 162.004822 0.903623 
488.456360 161.964874 0.912517 
472.196930 164.927994 0.745485 
498.691162 163.457413 0.830820 
18
485.456299 169.392059 0.968835 
485.418488 197.238632 0.878062 
457.505890 195.771179 0.841968 
442.853912 229.621994 0.888949 
460.422028 239.901764 0.765825 
510.420074 198.728027 0.853224 
520.708496 239.895081 0.926013 
495.714661 244.302414 0.860300 
475.076477 272.255859 0.765390 
475.146332 319.291870 0.881018 
475.197479 361.947906 0.842960 
500.184448 270.790802 0.824150 
497.220612 317.820282 0.843922 
500.123840 359.022186 0.892069 
476.666473 163.449173 0.903560 
488.457062 162.007675 0.904703 
472.186584 164.927490 0.713756 
498.703125 164.900940 0.817568 
18
485.454926 170.743378 0.970749 
485.413696 197.244003 0.884259 
456.064301 195.791718 0.844358 
444.295227 229.633331 0.869947 
458.964233 239.921509 0.763931 
510.428223 198.740250 0.853748 
520.684021 239.914429 0.923699 
494.270477 242.898575 0.861308 
473.704224 273.680725 0.769254 
475.111359 320.715118 0.874296 
475.207764 361.964691 0.836048 
500.182617 272.229858 0.821445 
497.213654 317.844696 0.846246 
500.131500 359.059601 0.884073 
476.670288 163.462387 0.902294 
488.457520 163.442841 0.895948 
472.205078 164.900543 0.698566 
498.731567 164.905029 0.851471 
18
485.460632 170.756363 0.973196 
485.414764 197.246567 0.885859 
457.474518 195.806961 0.839841 
444.270874 229.665680 0.853633 
458.989838 239.943741 0.771454 
510.430054 198.730362 0.851356 
519.271362 239.907547 0.915556 
494.242462 242.896759 0.851434 
475.121674 273.670868 0.777674 
475.133240 319.287903 0.868694 
475.211639 363.400604 0.837386 
500.223083 270.784454 0.797371 
498.582001 316.381226 0.852889 
500.108765 359.030914 0.889028 
476.689636 163.471054 0.897223 
488.467224 164.897598 0.890902 
473.607025 163.462830 0.697519 
500.076447 166.359390 0.859520 
18
485.464539 170.763763 0.973754 
485.422150 197.247040 0.889793 
457.478882 195.802002 0.844065 
445.761871 229.689240 0.852888 
461.909943 241.308838 0.797216 
510.435852 198.738968 0.852751 
519.253174 239.917572 0.912118 
494.230316 242.896683 0.850000 
475.131836 273.680939 0.779328 
475.143341 320.708862 0.869070 
475.210297 361.959259 0.835222 
500.219910 270.800537 0.800718 
498.595917 316.389008 0.852426 
500.106873 359.009003 0.894680 
476.694000 164.892502 0.897119 
488.468384 164.908463 0.890749 
473.614319 163.463318 0.699529 
500.073883 166.356598 0.855845 
18
486.812805 170.765869 0.973222 
485.434265 197.264999 0.892953 
457.495056 195.827469 0.839430 
447.190033 231.078308 0.856142 
463.388763 241.341278 0.811455 
510.438354 198.751328 0.854954 
519.251648 239.910919 0.909914 
492.782257 242.897705 0.858102 
475.154846 273.683014 0.781478 
475.155426 319.318909 0.886654 
475.212494 363.395325 0.834893 
500.227509 270.799164 0.801788 
498.579071 317.807678 0.848106 
500.107086 359.023071 0.893910 
476.695007 164.892563 0.898574 
489.820648 164.909042 0.888673 
473.614990 163.481339 0.676115 
500.086639 166.367218 0.849994 
18
486.815765 170.762741 0.974241 
485.417358 197.247131 0.891935 
456.057831 195.823135 0.838784 
447.198608 231.074142 0.840673 
461.866211 241.335632 0.797496 
510.438965 198.716354 0.862068 
519.223694 239.907867 0.905356 
492.798309 242.894669 0.857680 
475.101837 272.216949 0.761975 
475.174438 317.846924 0.869407 
476.545074 361.924438 0.841268 
500.215637 269.333984 0.804764 
498.628296 316.349396 0.861806 
500.105560 358.968170 0.900741 
476.694824 164.893250 0.898781 
488.468475 164.901733 0.889791 
473.610962 163.467728 0.705464 
500.084351 164.928101 0.862456 
18
485.463959 170.761215 0.973217 
485.421570 197.241333 0.892617 
456.045563 195.806381 0.848455 
448.641083 231.103546 0.829827 
461.929169 239.965073 0.787129 
510.454407 198.737076 0.857935 
519.222534 239.923889 0.905371 
491.347107 242.872894 0.871282 
473.700623 270.787506 0.758923 
475.138977 319.260406 0.857559 
475.210815 361.920746 0.849718 
500.199188 270.750916 0.812041 
498.607758 316.353546 0.857199 
500.104675 358.969849 0.897491 
476.690552 164.892838 0.899993 
488.464752 164.901505 0.892745 
472.225128 163.462830 0.705411 
500.077087 164.933334 0.862416 
18
485.458679 170.762177 0.972643 
485.420837 197.239655 0.888811 
456.020721 195.817459 0.851368 
447.219055 231.085617 0.799145 
456.050934 239.909851 0.786428 
510.465424 198.729218 0.861561 
517.810608 239.939728 0.907668 
492.769501 242.836227 0.882112 
475.061310 272.227753 0.768833 
475.136963 319.288269 0.865728 
475.215210 361.915741 0.849056 
500.190735 270.770447 0.816734 
498.599152 316.348755 0.861674 
500.099670 358.973511 0.902731 
476.682526 164.897400 0.903193 
488.458649 164.895523 0.892373 
472.216492 163.479340 0.698574 
500.074554 164.915863 0.865451 
18
485.457062 170.755981 0.970899 
485.452240 197.258224 0.884234 
457.484314 195.838013 0.835617 
448.654419 231.110367 0.779048 
456.033386 239.932312 0.735839 
510.461700 198.748611 0.853091 
517.769653 239.947800 0.904382 
494.239807 241.458313 0.874457 
475.113586 272.233765 0.783066 
475.151184 319.300232 0.872262 
476.548157 361.933502 0.851840 
500.205078 270.802002 0.819679 
498.602875 316.371399 0.861595 
500.093842 358.964081 0.906037 
476.675598 164.894882 0.900650 
488.457245 163.468857 0.897724 
472.202881 164.919907 0.696547 
498.733582 164.913986 0.862902 
18
485.442078 170.747101 0.966953 
485.441498 197.264160 0.886278 
456.050018 195.825165 0.851047 
448.690521 231.093521 0.758625 
456.024506 239.895355 0.712866 
510.448639 200.188705 0.847372 
516.306946 239.951157 0.903044 
492.812592 241.421967 0.891214 
475.109314 272.217316 0.781111 
475.149994 319.266998 0.860693 
476.546539 361.922119 0.850208 
500.200989 270.766632 0.818400 
498.585052 316.334076 0.859887 
500.101807 359.006348 0.906539 
476.661743 163.477020 0.906386 
488.446777 163.454849 0.904096 
472.189636 164.930695 0.689299 
498.724670 164.921082 0.863298 
18
485.427185 170.751816 0.958224 
485.448822 197.291138 0.884878 
456.067932 195.854965 0.838125 
450.178314 234.027237 0.754742 
444.279358 239.840698 0.471253 
510.442810 200.197266 0.847539 
514.854126 241.314316 0.906406 
495.694427 241.323013 0.881390 
475.122986 272.211853 0.791579 
475.146271 319.258575 0.856030 
475.209656 360.523895 0.856379 
500.199036 270.788177 0.816910 
498.584503 316.348389 0.862768 
500.102997 358.984741 0.910408 
476.652954 164.896164 0.908292 
488.433380 163.460602 0.909515 
472.165100 164.926102 0.677839 
498.711334 164.914108 0.862803 
18
485.433014 170.756409 0.957151 
485.440552 198.755478 0.867437 
456.060883 197.280075 0.831167 
451.541870 241.332199 0.776544 
438.392426 235.458939 0.585515 
510.434418 201.675598 0.851073 
514.881042 241.327972 0.896643 
497.210815 239.838226 0.859101 
475.073547 272.227112 0.790124 
475.123779 317.841949 0.842592 
475.199951 360.520020 0.862523 
500.172882 270.778137 0.807245 
498.583344 316.341003 0.852668 
500.085754 358.970123 0.903291 
476.652985 164.917892 0.906432 
488.428955 163.469116 0.907930 
470.757050 166.364548 0.699387 
498.698944 164.909470 0.860586 
18
485.425720 170.764664 0.956594 
485.404175 200.186127 0.854865 
454.601837 197.277298 0.850513 
451.606110 242.821899 0.779833 
439.790344 234.038651 0.788255 
510.424591 201.696854 0.843677 
519.229248 241.367859 0.894658 
500.081757 234.013626 0.841861 
473.681488 272.236359 0.802469 
475.119171 319.296844 0.853220 
476.547241 361.911499 0.860871 
500.175507 270.768219 0.816272 
497.220703 316.376099 0.849680 
500.101349 359.016815 0.893593 
476.660522 164.933289 0.910737 
488.425659 164.905701 0.911975 
472.176727 164.945816 0.704988 
498.690369 164.934311 0.861301 
18
485.424713 170.782623 0.964224 
485.386719 198.716705 0.855895 
456.021790 195.810913 0.860881 
450.158600 238.409561 0.789173 
438.402618 231.123825 0.756520 
510.390381 201.668747 0.838900 
520.712585 241.347885 0.912563 
503.054108 231.118713 0.877203 
473.616302 269.299408 0.771750 
475.116119 317.835358 0.841232 
476.544800 361.914917 0.859981 
500.167664 269.306366 0.823983 
497.225464 316.363342 0.843635 
500.102142 359.003937 0.893004 
476.660614 166.358658 0.916063 
488.421906 164.930008 0.914581 
472.180481 164.929001 0.723585 
498.677185 164.930466 0.854537 
18
485.427856 170.799347 0.967243 
483.952820 197.254364 0.865915 
454.597534 195.803574 0.878172 
448.679230 234.001740 0.735163 
439.815277 232.567032 0.726652 
510.386963 200.194550 0.850636 
522.215027 241.329193 0.924100 
508.990326 229.692978 0.931163 
469.255432 266.421326 0.773585 
475.121277 316.344971 0.839767 
476.545959 360.507782 0.863499 
500.141510 266.422363 0.847882 
498.604187 314.917908 0.853531 
500.113190 358.986938 0.884798 
476.659607 166.371933 0.915031 
488.421631 166.355637 0.918426 
472.172607 164.910507 0.718599 
498.681030 164.934509 0.855524 
18
485.425476 170.823166 0.968429 
485.375092 197.266388 0.858821 
456.049805 195.779144 0.857011 
445.718964 229.648209 0.736331 
439.875397 235.479462 0.725513 
510.426239 200.200500 0.844295 
523.699707 241.428268 0.863829 
511.967224 231.145889 0.920538 
467.780853 266.410706 0.783358 
475.113007 314.921997 0.845485 
476.569092 360.522888 0.862317 
500.109375 267.822174 0.845597 
498.586334 316.343262 0.844104 
500.094330 358.969299 0.882644 
476.662292 166.416550 0.929606 
488.425995 166.405701 0.928274 
472.188782 166.355850 0.705701 
498.684326 166.401886 0.873179 
18
485.449524 170.848495 0.969573 
485.431671 195.849960 0.882328 
456.051178 194.372162 0.885407 
439.881012 226.613708 0.801128 
439.821564 232.586105 0.831114 
511.851288 200.204742 0.839030 
526.589355 241.318985 0.824664 
519.253052 231.106918 0.896057 
467.771484 267.824097 0.776523 
475.127380 316.375183 0.853341 
476.563660 360.523621 0.855709 
500.087006 269.288025 0.836178 
498.577881 316.344513 0.834170 
500.088531 358.963501 0.880521 
476.675781 167.820053 0.934895 
488.446594 167.809906 0.928216 
472.210114 166.352341 0.680704 
498.725525 166.377472 0.864188 
18
485.431335 170.873428 0.961383 
486.853210 197.256500 0.892096 
457.526703 194.362167 0.878942 
438.411591 225.183578 0.775607 
441.280457 234.003357 0.785449 
511.899963 201.654007 0.834967 
530.984070 239.952820 0.809452 
522.121033 231.075073 0.899795 
466.381287 266.346588 0.770107 
475.127075 314.907532 0.845095 
476.557922 360.518219 0.851078 
500.093567 267.833435 0.830517 
497.217285 316.360626 0.825166 
500.096130 358.975586 0.871154 
476.666504 167.851379 0.953958 
488.432587 167.833771 0.942635 
472.216736 166.386734 0.665983 
498.724640 166.396439 0.872195 
18
485.414978 170.884506 0.949712 
486.856262 197.273758 0.895670 
457.510254 194.386658 0.875380 
439.786621 226.630081 0.764027 
436.934448 231.113770 0.758392 
511.925262 201.666901 0.846734 
532.453979 239.946732 0.817933 
522.221558 231.071930 0.910684 
467.772858 266.361542 0.780312 
475.114594 314.905579 0.849850 
476.562012 360.518860 0.855080 
500.111664 267.834656 0.833132 
497.187744 316.346680 0.826075 
500.097473 358.965607 0.875094 
476.659363 167.878555 0.966238 
488.416504 167.850494 0.948731 
473.609680 167.810989 0.641381 
498.717224 166.405762 0.876394 
18
483.961761 172.253510 0.922278 
486.861328 197.247696 0.893315 
457.494171 194.383759 0.868414 
432.507446 226.693634 0.825876 
441.299469 236.956329 0.816632 
511.916290 200.220016 0.846499 
532.508789 239.921707 0.809105 
523.642517 231.067108 0.918276 
467.785126 266.402191 0.772538 
475.111755 314.921692 0.848232 
476.564026 360.514221 0.857768 
500.114227 269.288879 0.824463 
497.190887 316.371460 0.820985 
500.103546 358.980286 0.877706 
476.615509 169.248413 0.982921 
488.366394 167.867096 0.962405 
472.197876 167.841522 0.515031 
498.706848 167.813309 0.881486 
18
482.519226 172.276749 0.903585 
486.884918 197.246780 0.902174 
458.943604 194.374298 0.871941 
436.913513 226.659683 0.793094 
439.832550 236.960098 0.708155 
511.946594 201.638535 0.849309 
533.930481 239.881287 0.824233 
523.678955 231.058395 0.903803 
466.380798 266.366364 0.781499 
475.115173 314.918610 0.849303 
476.556824 360.513763 0.861585 
500.109924 267.865967 0.830242 
497.174011 316.388092 0.813472 
500.097565 358.994720 0.879509 
476.587158 169.272614 0.992652 
488.336243 167.887512 0.969337 
472.170868 167.864594 0.444010 
498.689148 167.811646 0.875819 
18
481.023285 172.281342 0.899106 
486.872253 195.841980 0.906271 
458.962830 194.364029 0.876491 
439.786285 226.640793 0.797777 
435.429352 232.562714 0.738615 
511.924774 200.202301 0.850079 
533.951538 239.861832 0.816962 
523.695801 229.649597 0.925098 
466.383179 266.366150 0.778188 
475.117554 316.337219 0.847511 
476.560760 360.524292 0.863350 
500.134064 267.848358 0.828527 
497.183594 316.362000 0.822713 
500.096191 358.973602 0.882003 
476.548340 169.269135 0.998769 
486.962433 169.250931 0.971780 
470.736053 167.831558 0.311937 
498.672607 167.819504 0.863508 
18
481.012543 172.279510 0.899697 
486.893219 197.251709 0.908848 
458.990875 194.370667 0.880186 
441.268005 225.186813 0.799827 
435.458557 231.084900 0.775152 
511.945435 201.662643 0.853062 
533.906189 239.879898 0.819940 
523.707153 229.668839 0.908112 
467.781036 266.365692 0.777068 
475.134430 316.334991 0.852379 
476.568146 360.521790 0.862518 
500.143158 267.863831 0.827554 
497.195221 316.378662 0.820307 
500.087280 358.962067 0.882835 
476.543152 169.275986 1.002830 
486.952057 169.247406 0.972934 
470.750885 167.856949 0.264487 
498.675873 167.813766 0.874740 
18
481.030212 172.277039 0.899668 
486.899200 197.242096 0.917219 
460.402344 194.377289 0.882610 
441.362213 226.655167 0.799419 
435.453644 231.064270 0.715509 
511.944702 200.224960 0.854337 
532.500366 239.896744 0.800061 
523.727905 231.054871 0.890823 
467.783508 266.360718 0.780106 
475.126526 316.335083 0.839555 
476.555237 360.513031 0.860785 
500.168457 267.834076 0.829767 
497.215515 316.387573 0.820955 
500.110107 358.982727 0.884904 
476.550049 169.267334 1.004993 
486.967865 169.245285 0.974041 
470.747223 167.859985 0.281828 
498.688843 167.822220 0.860296 
18
482.509979 172.267227 0.906449 
486.879791 197.256134 0.911590 
458.964752 194.394882 0.876433 
442.772583 228.069794 0.767620 
438.413422 232.539169 0.689805 
511.931976 201.637695 0.867322 
533.880310 239.884918 0.808943 
523.735657 231.050735 0.900139 
467.808105 266.364288 0.773259 
475.126404 316.343079 0.839004 
476.552490 361.915527 0.850412 
500.180786 267.827271 0.836707 
497.222443 316.360199 0.829741 
500.121094 358.992676 0.886911 
476.582397 169.265289 0.998054 
488.329834 167.881760 0.973728 
472.171753 167.879654 0.401642 
498.692322 167.823944 0.872298 
18
485.390564 172.250259 0.928605 
486.857605 197.296600 0.894849 
457.502380 195.804428 0.863302 
442.831268 228.170471 0.710724 
439.837616 236.947464 0.777535 
511.917145 201.656052 0.869676 
532.508728 239.876770 0.788085 
525.177490 231.053848 0.855870 
467.802155 266.358978 0.773260 
475.137726 314.918762 0.836863 
476.559906 360.522614 0.851830 
500.192139 266.414490 0.840398 
497.221466 314.916199 0.835340 
500.120117 358.966125 0.888271 
476.634369 169.265533 0.977440 
488.388153 167.864075 0.961293 
472.185059 169.246445 0.598184 
498.706085 167.822678 0.875641 
18
486.838257 170.883957 0.961351 
486.838837 198.732697 0.883354 
457.493408 195.851990 0.838499 
441.367493 226.654068 0.745212 
439.833618 234.039948 0.778359 
511.892822 201.655212 0.879222 
532.440796 239.886215 0.738617 
528.088684 231.071350 0.836786 
467.832855 266.394135 0.761205 
475.139465 314.920898 0.828744 
476.556915 360.516663 0.854151 
500.197449 267.850525 0.825600 
498.586243 314.922729 0.829882 
500.112976 358.985077 0.888877 
476.686859 169.241959 0.943691 
488.461517 167.818069 0.922290 
472.181091 167.855499 0.740898 
498.730072 166.364838 0.828272 
18
486.870972 170.879013 0.965823 
485.466583 198.721085 0.868266 
457.513031 197.240295 0.828619 
441.388123 226.658051 0.728623 
438.398956 232.579865 0.717967 
511.856659 200.204803 0.877178 
529.527039 234.010956 0.634787 
532.435242 231.119400 0.860340 
469.248901 266.390961 0.764178 
475.155090 316.350281 0.837436 
476.557953 361.911041 0.850112 
500.184998 267.824890 0.832957 
498.578552 314.926971 0.823275 
500.104431 358.991119 0.885906 
478.066528 167.877151 0.925089 
489.858704 167.825653 0.910809 
472.206879 167.836517 0.762278 
500.087097 166.396286 0.824909 
18
486.899078 170.876572 0.970342 
485.441864 198.715179 0.864901 
457.525269 195.841064 0.833343 
441.278137 225.170303 0.758846 
436.920959 231.134003 0.731064 
510.488892 200.213531 0.878247 
528.089661 228.128616 0.652935 
532.497803 232.530640 0.860677 
469.255066 266.410675 0.759473 
475.163910 316.375275 0.843500 
476.561584 361.927063 0.849338 
500.183563 267.823273 0.842298 
497.227234 316.349365 0.827713 
500.099152 358.989624 0.890072 
478.113403 167.880463 0.917988 
489.887878 167.851974 0.910754 
473.624695 167.829636 0.789487 
500.081116 167.811279 0.795887 
18
486.937897 170.872116 0.969659 
485.432098 198.725983 0.861212 
457.508270 197.256302 0.831798 
439.878754 226.675903 0.799578 
441.272125 239.940552 0.702345 
510.466125 198.764786 0.874917 
526.625366 228.116043 0.679518 
532.514160 231.088760 0.840544 
470.729889 266.384766 0.756588 
475.162537 314.877838 0.848771 
476.573029 361.928528 0.849470 
500.209229 266.406006 0.835954 
498.606903 314.902374 0.844155 
500.105164 358.982880 0.889630 
479.549805 167.888809 0.904318 
491.303925 167.870026 0.907343 
473.650757 167.850098 0.817157 
500.072510 167.820282 0.700830 
18
488.334106 170.868240 0.967089 
485.413177 198.730652 0.857670 
457.492859 197.264008 0.824095 
439.892181 226.657913 0.769558 
439.792389 236.979080 0.696102 
510.458405 198.764496 0.871944 
526.614868 226.688507 0.692310 
533.933167 231.113785 0.848571 
470.732056 267.839294 0.754625 
475.158813 316.354919 0.844676 
476.565063 361.916718 0.853802 
500.204956 267.826477 0.837738 
498.605804 316.352173 0.844080 
500.118286 359.007141 0.889753 
481.039886 167.888824 0.891571 
492.774597 167.864670 0.903645 
473.652283 167.843689 0.834547 
500.093750 166.402206 0.583422 
18
488.427185 170.879074 0.960967 
485.427399 200.180481 0.854237 
456.051453 198.713699 0.815034 
439.855530 226.684128 0.760884 
439.793396 238.414688 0.715707 
510.489319 200.232834 0.864618 
532.505493 232.527405 0.641805 
533.937073 231.080978 0.817879 
469.271820 269.305786 0.754969 
475.160919 317.807251 0.845253 
476.566620 361.944489 0.847343 
500.202209 269.297791 0.834197 
498.597717 316.373535 0.836956 
500.128723 359.028656 0.889313 
483.976166 169.243347 0.904780 
495.690521 167.868973 0.920430 
473.637329 167.863052 0.846161 
500.099731 166.355255 0.317970 
18
488.458069 170.874191 0.943867 
485.408966 198.727722 0.852045 
456.050568 197.269440 0.820040 
439.867645 225.205154 0.749633 
438.357697 236.970093 0.704000 
510.464020 200.198730 0.853386 
532.506287 229.634293 0.632932 
533.937073 231.080978 0.817879 
470.712952 269.285950 0.755312 
475.162354 316.372284 0.844555 
476.558014 361.926483 0.850210 
500.203827 267.845978 0.839356 
498.596283 314.926270 0.838090 
500.107849 358.986908 0.890327 
485.393066 167.889069 0.915650 
495.715515 167.862930 0.927931 
473.621948 167.874786 0.836838 
498.722137 166.356049 0.178281 
18
488.465210 172.248856 0.935748 
485.415833 198.754181 0.852264 
456.040436 197.274673 0.820234 
439.888641 223.747482 0.744498 
436.937164 232.570267 0.736546 
510.487640 201.641830 0.855869 
535.431396 231.061798 0.594519 
534.010193 229.663055 0.811595 
469.291870 269.322845 0.757123 
475.165985 317.833069 0.845641 
476.555939 361.950806 0.846870 
500.207367 269.290405 0.826996 
498.601715 316.350739 0.835254 
500.104889 359.004852 0.890881 
485.400757 169.250412 0.921889 
495.726624 169.242737 0.935915 
472.211731 167.865463 0.820248 
498.706604 167.787262 0.118923 
18
489.822510 172.243073 0.933860 
485.392181 198.745377 0.846794 
456.006836 197.295975 0.818590 
439.911621 226.660233 0.713157 
435.459351 232.564606 0.716742 
510.467712 200.198898 0.854076 
533.902344 228.162689 0.611101 
534.003113 229.684067 0.772524 
470.704834 270.786530 0.763809 
475.169586 319.267090 0.848842 
476.551544 361.943542 0.846147 
500.202118 269.318420 0.829804 
498.594208 317.822906 0.831462 
500.107239 359.023224 0.882145 
485.402588 169.249390 0.922475 
495.732483 167.882355 0.933993 
472.215729 167.885300 0.822318 
498.704865 167.787857 0.120022 
18
488.455231 170.861511 0.954671 
485.385681 198.731506 0.844496 
454.614288 197.290939 0.825727 
439.919250 229.583832 0.706446 
435.461975 231.108627 0.740079 
510.444977 198.764618 0.855159 
532.475952 228.132004 0.640306 
533.998169 229.681061 0.778092 
470.710938 270.754913 0.758361 
475.145447 316.380096 0.841960 
476.555054 361.964050 0.838030 
500.201721 267.829651 0.829041 
498.614197 314.914276 0.843213 
500.099945 358.961578 0.897308 
485.386902 167.865952 0.909165 
495.719727 167.849075 0.922942 
472.217529 167.863770 0.822609 
498.705353 167.812012 0.148814 
18
488.428101 170.832336 0.978426 
485.385498 200.175201 0.842069 
454.614594 198.725449 0.823904 
439.913452 228.104553 0.735601 
436.926483 234.016953 0.748921 
510.449493 200.211014 0.861743 
533.939575 229.624405 0.640166 
533.998169 229.681061 0.778092 
470.727875 269.290131 0.766900 
475.158295 316.365814 0.844153 
476.564484 361.940857 0.841850 
500.214020 267.823700 0.829097 
498.604126 314.889069 0.846237 
500.095062 358.941467 0.895714 
483.959656 167.838531 0.895089 
495.699554 167.806839 0.913234 
472.198212 167.865143 0.817689 
498.732727 167.814117 0.225389 
18
488.384033 170.814850 0.996662 
483.992310 198.750900 0.841620 
456.017181 198.712570 0.820767 
441.282135 228.102570 0.748018 
438.414154 235.471405 0.751254 
510.427277 200.188889 0.863776 
532.462952 229.630463 0.658440 
533.903625 231.092819 0.769090 
470.716034 267.870178 0.761483 
475.158112 316.380432 0.844304 
476.566589 361.944061 0.841537 
500.198273 267.829132 0.836767 
498.609253 316.336456 0.836402 
500.106293 358.958344 0.892811 
482.500549 167.818573 0.881785 
494.250397 166.406235 0.898311 
472.192780 167.830399 0.799517 
500.063843 167.801041 0.282217 
18
486.954376 169.368744 1.008891 
483.988007 198.754578 0.840052 
456.008362 198.742493 0.819980 
439.891663 228.076813 0.751263 
438.332825 234.018280 0.733508 
510.429840 198.754272 0.874641 
530.992920 228.134140 0.675301 
533.936890 231.098724 0.800419 
470.709930 269.283661 0.758077 
475.160370 317.807556 0.840491 
476.570007 361.943390 0.839291 
500.205902 267.835724 0.830616 
498.608948 316.332886 0.839846 
500.107361 358.963745 0.890794 
479.547974 163.466309 0.858141 
491.307739 163.436554 0.882214 
470.737488 166.392517 0.772634 
498.710358 166.361816 0.470226 
18
486.911560 169.312531 0.996069 
483.978760 198.754578 0.833259 
454.596924 198.747131 0.826063 
439.907135 228.113419 0.727232 
438.364929 232.573410 0.761763 
510.439209 200.184952 0.880976 
532.435120 229.619263 0.734953 
532.477112 231.128204 0.751358 
470.710449 267.871857 0.771830 
475.161438 317.826935 0.846742 
476.561951 361.953461 0.839143 
500.200409 267.830200 0.835093 
498.600616 316.342773 0.838719 
500.108185 358.960236 0.890818 
478.129486 161.982269 0.873965 
489.866364 161.954697 0.908969 
470.725311 164.927200 0.779754 
498.646423 163.429153 0.532225 
18
486.860291 169.277527 0.963437 
485.377258 198.735489 0.840563 
454.581421 198.752106 0.837499 
441.272552 236.971176 0.675661 
439.793823 229.659988 0.830607 
510.464020 198.756088 0.884680 
531.030396 229.620926 0.717529 
531.029602 232.575714 0.789706 
469.289612 267.852539 0.774296 
475.164154 316.368134 0.843968 
476.576294 361.919556 0.848662 
500.199036 266.396698 0.840033 
498.597076 314.891724 0.849605 
500.098236 357.568970 0.887110 
478.068634 160.550369 0.899337 
489.823608 160.517853 0.928019 
470.715454 164.906876 0.783112 
498.620300 161.999405 0.669965 
18
486.817902 169.266663 0.933026 
483.986084 198.713226 0.845475 
454.603485 198.744949 0.835046 
439.876648 234.039886 0.700649 
439.809753 229.616272 0.843363 
510.439178 198.720551 0.882149 
525.170837 228.124832 0.769226 
530.988831 234.041595 0.797477 
470.711212 269.293884 0.772105 
475.155518 316.356110 0.837182 
476.560333 360.501129 0.855435 
500.200104 266.409760 0.843033 
498.609375 314.889038 0.854348 
500.115814 358.977600 0.901749 
476.679443 160.538498 0.915415 
488.441559 160.499420 0.941700 
469.293610 164.939087 0.774547 
498.626526 163.423294 0.744683 
18
485.437683 169.268372 0.922534 
485.383087 198.722305 0.849672 
456.010254 198.757385 0.826912 
439.923340 238.432587 0.713088 
439.827240 229.578690 0.842582 
510.444977 198.733978 0.888885 
525.180786 228.130600 0.737742 
530.991821 234.014496 0.811254 
470.720367 267.843140 0.774613 
475.144867 316.329865 0.836156 
476.572388 361.913055 0.851740 
500.210968 266.379974 0.848042 
498.588226 314.885590 0.850203 
500.107269 358.968079 0.894310 
476.656006 160.549759 0.920779 
488.417816 160.493912 0.948702 
469.285614 166.361755 0.772881 
498.623413 161.995911 0.786873 
18
485.447113 169.267441 0.925730 
485.389648 198.709900 0.852701 
456.021393 198.723709 0.823120 
441.273712 234.045319 0.713598 
439.796112 228.190277 0.810800 
510.444794 198.721573 0.891817 
525.124390 228.153091 0.743654 
531.008850 235.488480 0.806076 
469.287994 266.398804 0.771093 
475.146881 316.376038 0.836319 
476.573303 361.918243 0.850085 
500.211090 266.356323 0.850466 
498.578339 314.911713 0.845702 
500.128632 358.986786 0.894366 
476.662994 160.551056 0.918440 
488.424866 160.494415 0.946583 
469.292542 166.363403 0.775449 
498.626678 162.005539 0.788976 
18
486.819916 169.298065 0.945994 
485.392029 198.727249 0.853332 
456.030975 198.725647 0.820923 
439.898621 238.383255 0.735482 
439.815674 228.139008 0.846643 
510.444611 198.745850 0.888164 
525.117554 228.123398 0.752610 
531.023132 236.932083 0.832052 
469.291901 267.836731 0.766044 
475.157074 316.377228 0.839437 
476.575165 361.924255 0.852558 
500.203552 266.366852 0.850225 
497.223572 314.921967 0.840731 
500.120605 358.978760 0.890420 
476.675964 161.977051 0.903732 
488.431061 160.529785 0.942324 
470.721954 166.409485 0.783601 
498.631592 163.450897 0.791133 
18
486.847504 169.317093 0.964807 
485.375305 197.300247 0.848353 
456.011108 197.303207 0.825349 
439.870941 238.400131 0.720437 
439.781097 228.150909 0.868124 
510.439636 198.719925 0.889673 
523.734436 228.130157 0.775681 
530.979309 236.928085 0.817355 
469.279144 267.825470 0.769168 
475.144958 316.350922 0.840655 
476.576843 361.917328 0.853698 
500.187286 266.352325 0.859478 
497.220276 314.918884 0.838931 
500.121857 358.963654 0.893916 
476.699890 162.012436 0.888879 
488.453766 160.559097 0.924755 
470.733368 167.819443 0.798597 
498.639343 164.898834 0.756416 
18
486.884979 169.324982 0.981977 
485.392670 197.264725 0.858755 
456.051147 197.252991 0.817137 
439.880463 229.627228 0.700204 
438.351379 229.575577 0.811358 
510.437866 197.285980 0.895359 
523.717590 228.104889 0.781049 
530.993286 235.492416 0.830309 
469.284149 267.833374 0.768524 
475.151703 317.795532 0.845772 
476.573395 361.929535 0.849521 
500.191956 266.360352 0.861431 
497.215240 316.351410 0.834827 
500.123535 358.959900 0.891718 
478.082916 163.442719 0.880735 
489.828735 161.954712 0.910956 
472.179169 167.843491 0.821895 
498.662048 164.894974 0.746101 
18
486.911255 169.328720 0.991260 
485.406769 197.247467 0.865197 
456.062561 195.847168 0.830129 
441.281708 239.872711 0.733398 
439.880127 228.157745 0.891501 
510.441345 197.280380 0.888594 
525.168945 228.156921 0.770114 
529.527100 236.966064 0.807025 
469.295502 266.416779 0.770831 
475.158081 316.345764 0.844444 
476.575592 361.931305 0.846760 
500.189880 266.352753 0.855725 
498.591248 314.916595 0.838717 
500.115662 358.980011 0.890665 
478.108459 163.446640 0.872047 
489.859650 161.959824 0.902344 
472.197052 167.843704 0.815291 
498.676453 164.893677 0.688621 
18
486.936523 169.317230 0.992564 
485.432861 197.291031 0.872873 
456.060669 197.277435 0.823846 
441.388123 232.544312 0.698198 
439.885223 235.494476 0.731975 
510.471527 198.745132 0.888886 
528.052673 232.562546 0.701674 
523.668152 231.136337 0.875943 
469.266144 267.838470 0.774047 
475.158203 316.377655 0.847461 
476.564301 361.921875 0.852529 
500.180450 266.375488 0.859645 
498.586700 314.904999 0.851562 
500.111755 358.974365 0.897194 
478.138123 163.430313 0.862637 
489.886566 160.564011 0.909307 
472.210846 167.827637 0.817079 
498.676025 163.444687 0.673254 
