32
1
18
542.772339 157.530991 0.798459 
517.781250 195.778564 0.737458 
523.725220 201.645004 0.864008 
533.940063 242.864624 0.881652 
548.658691 276.726990 0.934444 
510.415039 192.857300 0.633816 
535 279 0.000000
535 279 0.000000
520.681335 266.348145 0.737576 
513.405151 316.341766 0.776766 
510.468384 359.051178 0.869420 
510.395599 263.434540 0.644453 
511.949890 313.414612 0.727943 
510.487885 353.096527 0.586873 
535.487549 151.665634 0.802157 
0.000000 0.000000 0.000000 
523.718872 158.993439 0.780699 
0.000000 0.000000 0.000000 
18
544.220337 157.544891 0.876664 
514.860718 195.774811 0.727507 
523.667419 201.682785 0.878808 
532.507385 245.760101 0.828577 
547.246826 276.739532 0.912416 
510.359894 192.826462 0.607100 
501.654877 235.469177 0.055170 
535 279 0.000000
517.790100 264.940430 0.730783 
514.848816 313.457581 0.769904 
510.446533 359.007050 0.870278 
507.477661 263.413696 0.651695 
513.347961 311.971130 0.736968 
511.862946 351.641571 0.640759 
536.874695 150.247070 0.820128 
0.000000 0.000000 0.000000 
523.655029 157.605942 0.791475 
0.000000 0.000000 0.000000 
18
544.256775 157.594894 0.936934 
514.815063 195.823730 0.766393 
523.655273 203.134888 0.894954 
531.015991 247.257309 0.811629 
545.784363 279.625977 0.901500 
508.939545 192.862061 0.636745 
501.654877 235.469177 0.055170 
535 279 0.000000
516.307800 266.363678 0.705447 
514.836426 313.459625 0.774804 
510.434113 359.041229 0.871066 
507.486633 263.459106 0.638974 
513.370667 311.976227 0.718524 
511.847015 351.658813 0.628735 
536.907837 151.695908 0.849674 
0.000000 0.000000 0.000000 
523.620239 157.604279 0.819374 
0.000000 0.000000 0.000000 
18
544.244995 158.985672 0.932517 
513.427368 197.259995 0.769063 
523.642456 203.173752 0.903883 
526.596985 248.724609 0.834006 
539.850403 278.171600 0.872175 
508.948029 192.879074 0.646205 
501.654877 235.469177 0.055170 
535 279 0.000000
516.322754 269.293701 0.699960 
513.409546 316.344818 0.767072 
510.416962 359.035675 0.859819 
506.023346 264.892731 0.639569 
511.972626 313.414154 0.700644 
510.485901 351.649048 0.606690 
536.880432 154.632813 0.859929 
0.000000 0.000000 0.000000 
523.615356 159.055649 0.810910 
0.000000 0.000000 0.000000 
18
544.244446 159.015137 0.939967 
514.834961 197.268433 0.764363 
523.631836 204.546860 0.911177 
525.113953 250.187897 0.881884 
535.451599 278.167969 0.887888 
508.978699 192.893112 0.659902 
510.397766 234.038559 0.050979 
535 279 0.000000
514.827881 269.325500 0.731594 
513.392639 314.863586 0.779625 
510.411957 359.051147 0.875279 
504.548035 264.923309 0.648270 
513.411011 311.982483 0.674181 
511.864044 350.183594 0.596860 
536.870789 156.055328 0.865816 
0.000000 0.000000 0.000000 
522.240662 159.086502 0.813376 
0.000000 0.000000 0.000000 
18
544.252380 159.018112 0.952662 
513.423645 197.295242 0.785484 
523.657776 204.578827 0.925335 
523.748291 248.713028 0.858630 
535.400513 276.699738 0.965772 
508.925354 194.295563 0.666342 
504.567657 239.881821 0.057423 
535 279 0.000000
516.342346 272.238708 0.742976 
513.376953 317.811493 0.769683 
510.435211 360.445923 0.852136 
506.003662 266.383392 0.668843 
511.970673 313.451355 0.693076 
511.857513 351.646637 0.601573 
536.879089 156.049164 0.867878 
0.000000 0.000000 0.000000 
522.231445 159.080063 0.813150 
0.000000 0.000000 0.000000 
18
544.273682 159.047989 0.952249 
511.968933 198.730209 0.827002 
523.632263 203.174561 0.905203 
523.723755 245.785416 0.850477 
536.928345 275.188843 0.965343 
504.547729 194.309174 0.650112 
466.383942 207.592407 0.221420 
535 279 0.000000
516.327209 269.312042 0.716043 
513.404541 317.810089 0.778631 
510.440491 359.056641 0.866326 
503.101105 264.924957 0.675353 
511.939697 313.438629 0.727699 
511.850616 353.127808 0.616187 
536.898132 154.652817 0.864365 
0.000000 0.000000 0.000000 
522.182068 159.063309 0.809437 
0.000000 0.000000 0.000000 
18
545.628235 160.518829 0.915877 
513.341553 195.836578 0.822008 
523.615540 203.116013 0.855145 
525.159363 241.406799 0.856643 
544.219727 264.892761 0.911558 
506.014130 192.874283 0.680175 
472.216492 206.132980 0.237894 
535 279 0.000000
514.827942 266.357330 0.771948 
514.851807 313.395752 0.818922 
510.441772 359.030365 0.886105 
506.031708 263.471222 0.662215 
514.816895 311.929108 0.740683 
510.457275 350.189728 0.607655 
536.930359 157.508545 0.879559 
0.000000 0.000000 0.000000 
522.211792 159.068649 0.817491 
0.000000 0.000000 0.000000 
18
544.252747 159.119217 0.895395 
513.375732 195.826645 0.814367 
523.598511 203.101746 0.863934 
530.987122 239.927231 0.767588 
545.673584 254.639740 0.872108 
507.492035 192.892075 0.704379 
492.794678 217.836761 0.478459 
488.374481 204.593628 0.462852 
514.866699 264.900299 0.783568 
516.293945 311.937317 0.804963 
510.433563 358.974030 0.883757 
508.917175 263.411926 0.671995 
514.847107 310.485291 0.717587 
510.456787 348.730743 0.617049 
536.930176 156.117386 0.841031 
0.000000 0.000000 0.000000 
523.608154 159.049408 0.788303 
0.000000 0.000000 0.000000 
18
544.220032 160.543930 0.809217 
514.843750 195.842285 0.816999 
525.199097 203.142441 0.807945 
536.918457 245.770752 0.790707 
548.654419 245.761658 0.504727 
504.526764 194.284531 0.745347 
485.440094 216.337234 0.501799 
482.501221 203.093140 0.581296 
519.231812 264.948792 0.782880 
516.304504 311.956757 0.787971 
510.423950 358.973450 0.845014 
501.651031 263.404877 0.726558 
513.380432 310.487518 0.714052 
510.475800 350.169067 0.611463 
536.927734 157.533783 0.820828 
0.000000 0.000000 0.000000 
523.647583 159.068985 0.779364 
0.000000 0.000000 0.000000 
18
544.250427 160.514160 0.865609 
513.390442 195.826218 0.834032 
525.143188 203.119003 0.821075 
539.819153 241.419113 0.817741 
557.492249 248.693756 0.595983 
501.650116 192.877472 0.745432 
483.935608 216.309814 0.539936 
483.939240 200.221527 0.559800 
519.274963 264.962189 0.785983 
516.312317 311.994446 0.781281 
510.416168 358.958160 0.822871 
503.095795 263.427887 0.709840 
513.345520 311.900116 0.742550 
510.441833 350.185883 0.609327 
536.949768 157.513840 0.843959 
0.000000 0.000000 0.000000 
523.649353 159.071198 0.773448 
0.000000 0.000000 0.000000 
18
544.233826 160.539352 0.796862 
513.376465 195.828705 0.862202 
526.602600 201.685883 0.806794 
541.292114 241.376953 0.838261 
555.984985 242.873947 0.462920 
500.208771 194.290985 0.776829 
479.555420 214.936371 0.593147 
482.500641 200.216522 0.551506 
520.690002 266.351044 0.797737 
516.325745 313.388855 0.768983 
510.407501 358.959381 0.804994 
501.592987 263.446991 0.747586 
511.949829 311.902893 0.745162 
510.451630 351.653046 0.606926 
538.345642 157.548065 0.823295 
0.000000 0.000000 0.000000 
523.718567 159.084778 0.737741 
0.000000 0.000000 0.000000 
18
542.758545 161.959747 0.691971 
513.358032 195.841354 0.864084 
526.619324 201.691986 0.806751 
541.321045 241.345642 0.856281 
557.430298 242.842819 0.379530 
500.145020 194.291702 0.804680 
476.637451 214.930145 0.556363 
479.570831 200.217422 0.495734 
520.700378 264.942322 0.799231 
516.315186 311.987457 0.782585 
510.419586 358.990784 0.814556 
500.192108 263.422424 0.771971 
511.919220 310.515625 0.737813 
510.477356 351.645020 0.619976 
536.871765 157.572159 0.777954 
0.000000 0.000000 0.000000 
523.689819 160.496368 0.733871 
0.000000 0.000000 0.000000 
18
541.305359 160.495270 0.476511 
511.963135 195.836395 0.892249 
529.540283 203.092850 0.807383 
541.283508 239.907776 0.852357 
545.700867 219.325394 0.292310 
498.667694 194.308044 0.832442 
469.266205 214.863785 0.585403 
475.169525 200.232376 0.511435 
520.723511 264.915924 0.822309 
516.324219 311.997345 0.767871 
510.408386 358.986603 0.799727 
500.113159 263.412445 0.795263 
511.857819 310.506989 0.745537 
510.479553 353.101837 0.628873 
535.501953 157.538666 0.576268 
0.000000 0.000000 0.000000 
525.180176 160.539261 0.676292 
507.501373 166.393692 0.079637 
18
542.777588 160.538651 0.513749 
513.347717 195.802246 0.891973 
530.991028 201.683289 0.812583 
541.291870 239.895554 0.850644 
542.794434 219.338776 0.186699 
498.684387 192.896408 0.839824 
467.829620 213.460770 0.597056 
476.604370 201.656799 0.514599 
520.721436 264.942902 0.816082 
516.307983 313.396912 0.761191 
510.404755 358.984192 0.797387 
500.103851 263.423004 0.800226 
511.843231 311.896576 0.740165 
510.456787 353.106201 0.626161 
536.944763 157.582535 0.603295 
0.000000 0.000000 0.000000 
528.085205 160.555298 0.690693 
508.942688 166.376556 0.082919 
18
544.192749 160.547501 0.296644 
513.372437 195.809967 0.888267 
531.031738 201.673981 0.810834 
538.403503 239.865417 0.843544 
545.660034 217.847214 0.256961 
498.693054 194.299316 0.842599 
467.811310 213.422760 0.611937 
476.604645 200.215912 0.524226 
520.711670 264.917267 0.819268 
516.291992 313.399414 0.759919 
510.412994 359.014618 0.788894 
500.095551 263.409424 0.791882 
511.863312 311.900818 0.739487 
511.853424 354.553131 0.639581 
539.816711 157.587906 0.380028 
0.000000 0.000000 0.000000 
532.459473 161.988968 0.678353 
510.352417 164.902939 0.149976 
18
544.194702 159.092316 0.276983 
511.980072 195.817932 0.901389 
531.027283 201.674530 0.815717 
539.851563 239.885544 0.842988 
541.315918 220.784149 0.171744 
498.647644 194.318634 0.848631 
469.269867 213.462006 0.596989 
478.066620 200.208878 0.501060 
520.723206 264.908630 0.821532 
517.765808 312.000092 0.765062 
510.402435 358.982758 0.787467 
500.086121 263.406616 0.797416 
511.867218 310.505188 0.743044 
510.456879 353.103668 0.626733 
538.386841 157.531006 0.354598 
0.000000 0.000000 0.000000 
531.024475 161.975677 0.665841 
510.340820 163.448563 0.161977 
18
544.241394 160.558914 0.327521 
511.954163 195.817123 0.915412 
532.440857 201.668137 0.813951 
541.287170 239.880951 0.846896 
539.831116 220.800323 0.164164 
497.200287 194.321152 0.866227 
467.771210 214.905548 0.722589 
473.687378 198.754608 0.599367 
520.732422 264.948059 0.808024 
516.332642 313.388336 0.765176 
510.406281 358.983276 0.797255 
500.076324 263.425934 0.798550 
511.855560 310.524200 0.737058 
510.461548 353.096832 0.620531 
541.280884 157.591721 0.407050 
0.000000 0.000000 0.000000 
532.437012 161.983017 0.682575 
510.335602 163.462845 0.157854 
18
544.201599 163.464188 0.235251 
513.397034 194.404404 0.897086 
532.453491 200.213165 0.810055 
542.745178 239.907684 0.852805 
545.707581 219.342575 0.211937 
498.692871 192.881714 0.876592 
466.373474 211.948959 0.738760 
475.082153 195.822845 0.723388 
522.121582 264.879639 0.818613 
519.217102 311.933838 0.770504 
510.421234 358.973358 0.789272 
500.164063 263.364990 0.773278 
511.929657 310.469971 0.751743 
511.863495 353.106201 0.635263 
539.846008 158.988632 0.316304 
0.000000 0.000000 0.000000 
532.469421 162.010086 0.671445 
510.383698 163.472168 0.200571 
18
544.258545 166.385223 0.119732 
513.356079 194.366486 0.912036 
531.024048 200.198059 0.795378 
541.321411 239.918747 0.872769 
547.137390 217.873108 0.304148 
498.635101 192.806351 0.843113 
466.368164 211.953476 0.699712 
475.123779 195.788147 0.677601 
520.752686 264.937286 0.803575 
517.761169 312.006195 0.762763 
510.404755 358.997040 0.809785 
500.149628 263.399139 0.783369 
511.907257 310.518250 0.737632 
510.464600 351.651062 0.605008 
542.749512 159.073334 0.178967 
0.000000 0.000000 0.000000 
533.943604 163.425446 0.694418 
510.379730 161.967606 0.258764 
18
545.695251 163.442795 0.110841 
513.369873 194.348984 0.891254 
529.553101 200.206467 0.788074 
541.308777 239.924240 0.871960 
547.203003 217.882523 0.374655 
498.685547 191.342575 0.798112 
466.332886 211.954575 0.663922 
475.094635 194.339752 0.626793 
520.740295 264.954895 0.802335 
516.325867 313.408417 0.760690 
510.402283 358.998352 0.813046 
500.187256 263.408936 0.773870 
511.924591 311.926270 0.725871 
510.467987 351.650665 0.603162 
544.220032 158.996414 0.175135 
0.000000 0.000000 0.000000 
533.977905 160.555557 0.697893 
510.396454 160.499512 0.240855 
18
545.736816 162.004333 0.121967 
513.413391 194.368683 0.878685 
530.997681 201.673431 0.793212 
542.750793 241.326584 0.880695 
547.240051 220.818481 0.376307 
500.093903 191.365173 0.833634 
466.381439 211.959991 0.600105 
475.084961 195.777191 0.574011 
520.733582 264.946716 0.799696 
517.764404 312.008881 0.759048 
510.406616 358.986877 0.795481 
500.195984 263.403351 0.772865 
511.925690 311.904297 0.732254 
511.840973 353.103943 0.632170 
545.671326 159.008926 0.204294 
0.000000 0.000000 0.000000 
535.487671 160.555206 0.727220 
510.494934 160.486298 0.249581 
18
545.712708 160.507202 0.129158 
514.874084 195.816513 0.841417 
532.453491 203.127090 0.822822 
542.756653 241.342590 0.884094 
547.232971 223.733337 0.331356 
500.165192 192.854004 0.834029 
466.355560 213.403976 0.652117 
475.104431 197.257874 0.613283 
520.717957 266.342804 0.788003 
516.325500 313.403442 0.766529 
510.388000 359.005432 0.799127 
501.595184 263.412170 0.755047 
511.923309 311.913788 0.717334 
510.470886 353.102264 0.626294 
542.739014 157.577957 0.182717 
0.000000 0.000000 0.000000 
533.908142 162.001373 0.626436 
510.449402 163.455109 0.211650 
18
547.219604 159.118469 0.137267 
517.805664 197.300507 0.806846 
532.506104 203.130035 0.836209 
541.294250 241.337143 0.875338 
548.701599 226.627808 0.398724 
501.656921 194.350693 0.767912 
467.796021 209.014267 0.566722 
478.111053 195.818466 0.508088 
522.123474 264.951447 0.808506 
517.773315 311.972870 0.776226 
510.405396 358.993073 0.800118 
501.637238 263.409302 0.759329 
511.975189 310.505554 0.720636 
510.457336 351.636719 0.614141 
545.675293 157.583755 0.193498 
0.000000 0.000000 0.000000 
534.008728 163.433533 0.607292 
510.483459 163.471130 0.207657 
18
548.631348 159.094406 0.103983 
519.265137 203.090652 0.832341 
533.936035 204.633469 0.909199 
544.203613 242.839127 0.859028 
557.430298 239.849335 0.548097 
504.529510 198.733398 0.727079 
501.631165 235.494385 0.122406 
478.111053 195.818466 0.508088 
522.204285 266.392059 0.787456 
517.762512 312.011230 0.757797 
510.427307 359.018860 0.804321 
501.654572 263.467255 0.773948 
511.979584 311.903961 0.730821 
511.902283 351.659363 0.649710 
545.750366 157.607117 0.175802 
0.000000 0.000000 0.000000 
536.944092 162.011765 0.630903 
511.851898 164.941940 0.229555 
18
548.660583 159.084732 0.286581 
522.158325 203.090363 0.830767 
533.934875 204.641953 0.902153 
544.231201 242.888748 0.842139 
557.533813 241.434799 0.599029 
510.367828 195.819748 0.712581 
507.468170 235.494873 0.092769 
478.111053 195.818466 0.508088 
523.599182 266.372925 0.831732 
519.221619 313.401581 0.744279 
510.414642 358.988922 0.812273 
505.998230 263.440735 0.775680 
513.401733 311.931152 0.725312 
511.896362 353.094788 0.649036 
545.753174 157.527878 0.381371 
0.000000 0.000000 0.000000 
536.883118 160.546005 0.671799 
511.829895 166.413971 0.111435 
18
548.678711 160.525665 0.564597 
522.211792 203.100067 0.844317 
533.955383 204.662979 0.895508 
544.237122 244.323242 0.814337 
557.519714 247.228271 0.655299 
510.422943 195.790543 0.722766 
506.006561 232.563324 0.105980 
478.111053 195.818466 0.508088 
523.632813 266.344025 0.851421 
522.109253 313.402374 0.770188 
510.430328 359.002899 0.824919 
507.467377 263.426239 0.784212 
514.828918 311.922211 0.701087 
510.456116 348.697937 0.581662 
547.125366 157.553268 0.652079 
0.000000 0.000000 0.000000 
535.469360 160.560577 0.699447 
511.832214 167.853928 0.056508 
18
550.129700 160.562592 0.505918 
523.627686 203.129318 0.860030 
535.361267 206.079208 0.890357 
544.272766 247.231247 0.811653 
557.512573 247.255936 0.685404 
511.868195 195.783890 0.738191 
508.953522 234.022491 0.091998 
478.111053 195.818466 0.508088 
523.693298 266.353180 0.838912 
523.698669 311.987244 0.812998 
510.425293 358.991455 0.825638 
508.966461 263.437378 0.798200 
519.243713 310.493469 0.657294 
510.478180 347.228241 0.568723 
547.187317 157.601334 0.636126 
0.000000 0.000000 0.000000 
536.938538 162.002304 0.705252 
0.000000 0.000000 0.000000 
18
550.164795 160.530258 0.658166 
523.659302 203.169144 0.856314 
535.387085 206.103439 0.886818 
545.738647 250.153778 0.796084 
554.553223 250.180206 0.497912 
511.909088 195.819138 0.725693 
506.041534 235.477005 0.098729 
478.111053 195.818466 0.508088 
523.697205 266.351563 0.813696 
529.523621 310.476410 0.782811 
510.422821 358.981079 0.773338 
510.427765 263.452576 0.799972 
523.663696 308.997650 0.716664 
513.355225 350.165222 0.613351 
547.209900 157.574417 0.766032 
0.000000 0.000000 0.000000 
536.920349 160.563690 0.711024 
0.000000 0.000000 0.000000 
18
553.071045 159.087814 0.787819 
523.739502 200.211594 0.802397 
535.452881 204.667877 0.879511 
544.273010 242.876678 0.747398 
556.025879 259.025391 0.781881 
513.400452 194.303940 0.737173 
510.438873 232.526184 0.085207 
478.111053 195.818466 0.508088 
525.120728 264.958313 0.798459 
534.006470 308.970062 0.752969 
510.433655 358.975067 0.752086 
511.860260 263.437164 0.787124 
523.721069 307.548828 0.745913 
516.299500 351.658813 0.645586 
547.247375 157.516769 0.815300 
0.000000 0.000000 0.000000 
536.885437 160.498550 0.735788 
0.000000 0.000000 0.000000 
18
555.974731 159.041489 0.356377 
525.177185 200.170761 0.802642 
538.371948 204.602661 0.849175 
545.761902 242.839844 0.844150 
557.487854 263.444458 0.900885 
513.393982 194.328217 0.751234 
510.444885 231.083710 0.085290 
478.111053 195.818466 0.508088 
525.162109 264.888763 0.800828 
533.993591 306.087341 0.710705 
510.433655 359.022186 0.800530 
511.875183 263.369537 0.762490 
526.596802 306.041046 0.694008 
522.138916 347.274689 0.791208 
550.119812 157.512405 0.415677 
0.000000 0.000000 0.000000 
544.221375 161.954544 0.696180 
519.244751 167.788330 0.101749 
18
557.404663 157.612366 0.264253 
531.026672 201.665985 0.760423 
542.789795 206.029800 0.828088 
548.699646 242.894424 0.825438 
560.427429 269.313354 0.841461 
520.681030 195.811661 0.656112 
513.380554 231.115616 0.063772 
478.111053 195.818466 0.508088 
532.429932 266.340851 0.743531 
532.488953 306.083984 0.657328 
510.473999 360.464691 0.844050 
513.364197 263.426788 0.771433 
528.088562 303.125214 0.663689 
523.698669 344.298737 0.785963 
551.589844 156.045990 0.307731 
0.000000 0.000000 0.000000 
545.703125 160.515625 0.665491 
520.755310 166.397018 0.148811 
