23
1
18
547.145996 151.705475 0.912284 
523.697510 192.891052 0.748274 
522.232117 195.805847 0.878070 
523.716858 241.424057 0.856579 
535.380188 275.198761 0.982477 
528.082886 189.924438 0.587750 
535.446167 229.664566 0.095656 
526 245 0.000000
522.182678 264.885498 0.787273 
522.133667 311.997620 0.758713 
514.823608 357.574921 0.731246 
526.585815 263.392365 0.603197 
523.620911 311.925354 0.761667 
520.736572 351.660736 0.665725 
542.740295 147.277252 0.896587 
0.000000 0.000000 0.000000 
526.582336 156.055542 0.795686 
0.000000 0.000000 0.000000 
18
547.151978 153.134338 0.918188 
523.705994 194.263657 0.761258 
522.238342 195.821457 0.869270 
523.720276 241.425156 0.842958 
534.020935 275.208527 0.994038 
529.521057 191.369659 0.611627 
535.421875 231.070068 0.237673 
545.734009 250.151505 0.356539 
522.163757 263.478119 0.792215 
522.231995 310.508759 0.774726 
514.842712 356.068207 0.733888 
528.090820 261.945557 0.597780 
523.707581 310.410889 0.777690 
520.734924 348.682312 0.691860 
542.752930 147.285995 0.894203 
0.000000 0.000000 0.000000 
526.608337 156.078903 0.793541 
0.000000 0.000000 0.000000 
18
547.162781 153.143051 0.926933 
523.716431 194.283981 0.773905 
523.605103 195.845337 0.854991 
523.731140 241.431091 0.836719 
535.373169 275.215881 0.987419 
529.512024 191.387405 0.615327 
534.012207 234.007843 0.287779 
545.720703 250.163666 0.555468 
522.173035 263.478180 0.798887 
522.211426 310.520966 0.775170 
514.830078 356.068604 0.726940 
526.631104 261.953491 0.594112 
523.693481 310.413269 0.774491 
520.717285 348.678375 0.688938 
542.767578 147.286896 0.904339 
0.000000 0.000000 0.000000 
526.606750 156.069733 0.796105 
0.000000 0.000000 0.000000 
18
547.164856 153.154175 0.923114 
523.682739 192.913010 0.777516 
523.608704 195.844437 0.860561 
525.107788 242.835373 0.811627 
535.456604 276.654266 0.979998 
526.579834 189.932602 0.600517 
533.999207 234.000229 0.255143 
545.751892 248.678024 0.539100 
522.175964 263.469330 0.772961 
522.215515 310.521057 0.777506 
514.829773 356.058929 0.733256 
525.130859 261.934937 0.568414 
523.681396 310.408417 0.756492 
520.695496 347.281891 0.690077 
542.783264 147.296570 0.905773 
0.000000 0.000000 0.000000 
526.630554 156.080093 0.799355 
0.000000 0.000000 0.000000 
18
547.180298 153.161209 0.920028 
523.667480 194.292343 0.788732 
523.698730 197.297348 0.831012 
525.162720 242.827393 0.803530 
536.868530 276.639801 0.956565 
523.640808 189.927887 0.602555 
533.973328 234.039337 0.274680 
545.752136 244.285522 0.559760 
522.177979 264.868134 0.783137 
523.599365 311.907349 0.787938 
514.842041 356.048065 0.738609 
520.726440 263.364258 0.561536 
523.651855 310.448853 0.748415 
520.684753 347.281097 0.686260 
544.194946 147.298645 0.910444 
0.000000 0.000000 0.000000 
528.068970 156.078766 0.790631 
0.000000 0.000000 0.000000 
18
547.203369 153.178955 0.920972 
523.696106 192.904572 0.754566 
523.713074 195.847733 0.839899 
528.059937 241.425491 0.793688 
536.919617 276.623962 0.946893 
525.112427 189.920425 0.573055 
535.398621 232.558289 0.255713 
545.770813 241.387604 0.417676 
522.210754 263.457886 0.783978 
523.655579 310.531342 0.788003 
516.298645 357.495209 0.750028 
520.737793 261.955719 0.558826 
523.666565 310.414459 0.735644 
520.750000 348.717834 0.684253 
544.217773 147.311417 0.917959 
0.000000 0.000000 0.000000 
528.069824 156.093994 0.794525 
0.000000 0.000000 0.000000 
18
548.666504 154.595642 0.905948 
523.710938 194.275482 0.786625 
528.070496 197.252472 0.800643 
531.023987 241.377823 0.825419 
536.945313 275.230865 0.952068 
522.168762 191.344391 0.615578 
535.393066 234.008835 0.228620 
547.179077 239.915848 0.328037 
523.624146 263.464478 0.802467 
523.745605 310.507141 0.817359 
514.840027 357.491821 0.789473 
516.316040 261.934662 0.606799 
523.691528 309.021057 0.736278 
522.141418 347.290588 0.709011 
545.658997 147.298187 0.945607 
0.000000 0.000000 0.000000 
529.562927 156.101318 0.794974 
0.000000 0.000000 0.000000 
18
550.143921 153.136932 0.881111 
526.631592 192.841843 0.703216 
530.991028 195.788727 0.817584 
531.023071 241.420959 0.824469 
536.905579 276.636688 0.965184 
526.599731 189.890808 0.554525 
535.393066 234.008835 0.228620 
547.179077 239.915848 0.328037 
523.621826 263.463959 0.786747 
530.995850 310.454651 0.770855 
516.324585 357.525604 0.774592 
523.628418 261.919647 0.574885 
531.015564 307.531158 0.629704 
522.177002 348.706238 0.646241 
545.716736 147.272461 0.941087 
0.000000 0.000000 0.000000 
532.479492 156.064224 0.783126 
0.000000 0.000000 0.000000 
18
557.401794 156.110901 0.905956 
532.441406 194.363647 0.678907 
534.001343 200.205109 0.840992 
532.440430 242.860077 0.800533 
535.359802 281.066681 0.937350 
526.595947 191.400528 0.534190 
535.393066 234.008835 0.228620 
547.179077 239.915848 0.328037 
522.241272 264.895264 0.781706 
536.945007 310.469269 0.805792 
517.766907 357.532928 0.732842 
525.132996 263.395294 0.553241 
538.401367 310.464355 0.677070 
522.154236 354.544250 0.651363 
548.688782 148.796463 0.840776 
0.000000 0.000000 0.000000 
535.476685 157.585922 0.818341 
0.000000 0.000000 0.000000 
18
557.440857 160.563675 0.861268 
533.890503 198.745804 0.673767 
535.367188 204.618576 0.821709 
532.479980 251.639297 0.783558 
533.906372 289.899078 0.965034 
528.054626 194.310516 0.559144 
535.393066 234.008835 0.228620 
547.179077 239.915848 0.328037 
523.627563 269.306366 0.756387 
548.686584 311.974243 0.916102 
520.725037 357.515533 0.823827 
520.728455 264.891846 0.511770 
544.208740 310.440948 0.530234 
523.675659 351.636475 0.531408 
551.591980 157.634598 0.842826 
0.000000 0.000000 0.000000 
541.289978 162.017883 0.707843 
0.000000 0.000000 0.000000 
18
557.496155 169.342773 0.967638 
535.388245 210.487000 0.667525 
535.429932 216.387970 0.865747 
533.875732 261.974762 0.809102 
533.983398 297.228790 1.007245 
533.960449 204.573639 0.527353 
535.393066 234.008835 0.228620 
547.179077 239.915848 0.328037 
523.623413 273.725769 0.730950 
556.001526 317.793549 0.838985 
522.128906 357.472717 0.779628 
528.076599 270.783112 0.521191 
550.106812 312.011475 0.550622 
523.714844 353.110748 0.578621 
551.588440 164.940582 0.845004 
0.000000 0.000000 0.000000 
536.932068 170.810074 0.791608 
0.000000 0.000000 0.000000 
18
558.891418 161.997086 0.514777 
535.490845 203.127747 0.677118 
534.011780 207.558929 0.847956 
532.511719 251.705505 0.845515 
536.940430 286.881836 0.957295 
539.826965 195.796768 0.538105 
535.393066 234.008835 0.228620 
547.179077 239.915848 0.328037 
523.737366 272.212524 0.748799 
551.610901 311.984802 0.862559 
522.117798 357.459930 0.794858 
533.986267 266.414154 0.628939 
547.152039 311.894196 0.613976 
523.703491 353.097961 0.594600 
556.000488 159.044724 0.587188 
0.000000 0.000000 0.000000 
547.177063 166.377151 0.805445 
0.000000 0.000000 0.000000 
18
558.910767 150.220184 0.805198 
535.426086 184.048157 0.718542 
535.364868 188.455276 0.814458 
533.991211 236.926392 0.788211 
538.399414 270.796478 0.901967 
538.351257 182.521301 0.576623 
547.233398 226.581818 0.060806 
547.179077 239.915848 0.328037 
532.461670 259.017273 0.737030 
545.702148 301.676086 0.771455 
522.248047 353.137299 0.792259 
541.281128 254.637070 0.616842 
545.745605 300.234344 0.678369 
525.154541 347.219666 0.641122 
555.986084 145.850311 0.794603 
0.000000 0.000000 0.000000 
544.213196 150.212967 0.732906 
0.000000 0.000000 0.000000 
18
558.909241 134.031723 0.720795 
538.398804 170.776581 0.772837 
534.001099 172.293060 0.895385 
533.878235 217.836716 0.838276 
535.360535 257.569061 0.918084 
545.749817 169.279633 0.695389 
547.233398 226.581818 0.060806 
547.179077 239.915848 0.328037 
536.874451 242.855896 0.753214 
539.831543 294.293213 0.710128 
526.637756 341.338623 0.703500 
545.696228 241.378723 0.707144 
535.459656 289.935333 0.698958 
523.696899 334.034729 0.640451 
556.001160 128.179398 0.670199 
0.000000 0.000000 0.000000 
545.718323 134.075287 0.785362 
0.000000 0.000000 0.000000 
18
561.863220 123.753304 0.860750 
536.923157 160.507477 0.705403 
535.452271 164.897278 0.858580 
528.071350 216.352539 0.840728 
525.137939 253.177170 0.910476 
542.769470 157.570190 0.515639 
547.233398 226.581818 0.060806 
547.179077 239.915848 0.328037 
536.895142 239.853363 0.714508 
550.153748 286.913269 0.882056 
520.667603 329.593872 0.781298 
535.478638 235.482727 0.512180 
544.213867 279.619354 0.247727 
520.734131 326.645416 0.147224 
557.522034 120.791595 0.864047 
0.000000 0.000000 0.000000 
545.694580 123.769669 0.793834 
0.000000 0.000000 0.000000 
18
563.380188 123.690361 0.702377 
538.339722 161.992767 0.666129 
535.480652 166.412018 0.848370 
525.139160 216.315048 0.838998 
522.206299 253.186371 0.962595 
541.302368 159.012848 0.524061 
547.233398 226.581818 0.060806 
547.179077 239.915848 0.328037 
535.376221 236.983093 0.694417 
557.410461 285.466217 0.908120 
513.351563 319.307861 0.823267 
533.955444 232.524384 0.447576 
545.703674 278.126038 0.131159 
520.734131 326.645416 0.147224 
558.974487 119.334938 0.736929 
0.000000 0.000000 0.000000 
547.248169 123.704330 0.763876 
0.000000 0.000000 0.000000 
18
561.928894 129.617783 0.690047 
538.393066 169.300140 0.716118 
535.472534 170.861496 0.842955 
525.187317 219.352921 0.776273 
522.216064 260.453674 0.877344 
544.256653 164.932449 0.570497 
547.233398 226.581818 0.060806 
547.179077 239.915848 0.328037 
535.425476 239.887512 0.721944 
556.005798 288.436737 0.920008 
522.160645 326.677399 0.845218 
538.384338 236.970886 0.475182 
547.175415 286.956970 0.285725 
523.659119 323.730804 0.252831 
558.911926 123.769012 0.777895 
0.000000 0.000000 0.000000 
547.146057 131.086517 0.723317 
0.000000 0.000000 0.000000 
18
559.022095 145.783051 0.672968 
536.940247 181.045120 0.764412 
535.380127 182.551025 0.833816 
529.551819 228.162643 0.752742 
523.732056 267.862274 0.843921 
545.687927 176.694214 0.619448 
547.233398 226.581818 0.060806 
547.179077 239.915848 0.328037 
535.499512 251.706406 0.729588 
548.711304 300.260406 0.835394 
525.127380 347.217224 0.802539 
545.687378 250.206833 0.676568 
547.190735 300.187012 0.519023 
531.008545 342.810791 0.391969 
557.475525 138.435867 0.684382 
0.000000 0.000000 0.000000 
545.721558 144.322815 0.741305 
0.000000 0.000000 0.000000 
18
558.919312 159.081924 0.675768 
536.892456 192.903442 0.704725 
533.897095 195.843216 0.749177 
533.881104 244.292923 0.678685 
533.941162 286.947144 0.857174 
545.692444 189.900604 0.589280 
547.233398 226.581818 0.060806 
547.179077 239.915848 0.328037 
533.966064 263.467438 0.736226 
555.959656 312.025085 0.872292 
522.243225 356.040924 0.796801 
545.659973 263.362610 0.653312 
547.169250 310.505310 0.538998 
523.710571 351.617706 0.550161 
555.979919 156.089523 0.646191 
0.000000 0.000000 0.000000 
541.321045 158.997147 0.672830 
0.000000 0.000000 0.000000 
18
557.478638 170.784821 0.947803 
535.485718 211.938492 0.693025 
536.924927 216.339645 0.797620 
535.430420 260.446442 0.815529 
544.241089 295.762817 0.900109 
538.372009 206.099014 0.543347 
545.748413 250.192795 0.053059 
547.179077 239.915848 0.328037 
531.026489 276.655426 0.772717 
557.459290 320.721069 0.863335 
520.744019 357.482513 0.745427 
533.953918 275.148621 0.587494 
557.440125 317.834503 0.643152 
528.092773 356.031494 0.690202 
551.605713 167.877716 0.844456 
0.000000 0.000000 0.000000 
538.376709 170.864090 0.781349 
0.000000 0.000000 0.000000 
18
557.435547 173.716919 0.910089 
533.908142 213.409729 0.690236 
536.876892 217.811111 0.879435 
545.674438 263.374023 0.878574 
557.461670 297.187653 0.968575 
526.614502 206.134872 0.571229 
545.748413 250.192795 0.053059 
547.179077 239.915848 0.328037 
525.170349 278.125458 0.788011 
557.532104 322.208832 0.896183 
520.740479 357.483887 0.725518 
523.667114 275.202179 0.564718 
558.902954 320.775024 0.655819 
530.976196 356.040222 0.712212 
550.155518 170.738159 0.905529 
0.000000 0.000000 0.000000 
536.939087 175.210449 0.775441 
0.000000 0.000000 0.000000 
18
557.405396 170.834534 0.913772 
532.482788 209.013931 0.744196 
536.913940 216.391632 0.842203 
548.658875 257.558411 0.826824 
569.217529 286.901184 0.949632 
523.700073 204.608780 0.668074 
542.723938 242.869308 0.051616 
547.179077 239.915848 0.328037 
532.456421 276.606842 0.788233 
557.446411 320.775604 0.867971 
522.234070 357.490326 0.821634 
522.202515 273.722809 0.675213 
547.159912 317.803040 0.604183 
526.586792 354.591797 0.594189 
550.151062 169.285538 0.867612 
0.000000 0.000000 0.000000 
539.840393 172.255951 0.776525 
0.000000 0.000000 0.000000 
18
555.967773 164.894470 0.861049 
530.998474 198.726288 0.696102 
535.372498 204.647125 0.818180 
547.197327 244.315765 0.802689 
572.174255 273.670776 0.911693 
523.716492 194.315613 0.659807 
544.259888 232.562286 0.122682 
556.006531 232.542908 0.127580 
532.436890 266.369019 0.765431 
551.615723 313.410858 0.846067 
522.178955 357.553925 0.847740 
522.230042 263.475189 0.674498 
542.783020 311.957855 0.748670 
523.703003 356.072144 0.632605 
548.662476 159.093460 0.892053 
0.000000 0.000000 0.000000 
536.942078 167.817337 0.764212 
0.000000 0.000000 0.000000 
