42
1
18
554.549377 161.995499 0.807296 
533.923279 214.882858 0.787356 
536.902161 216.368896 0.940023 
542.783020 256.069031 0.904198 
567.744019 242.846008 0.879333 
525.121643 214.884186 0.591620 
545.794189 241.361496 0.298152 
539 255 0.000000
534.003479 282.558411 0.753975 
528.093689 331.056702 0.705850 
523.635620 379.599640 0.716102 
522.156006 278.115204 0.723818 
525.171753 328.127136 0.689895 
523.729370 373.699677 0.660813 
547.231384 159.041672 0.875624 
0.000000 0.000000 0.000000 
536.900085 170.787384 0.752345 
0.000000 0.000000 0.000000 
18
555.987549 163.462784 0.812484 
533.921753 214.859695 0.787697 
536.893738 216.358032 0.928255 
544.186646 257.568756 0.894695 
567.771057 242.877167 0.835932 
525.162598 213.427094 0.592361 
545.761719 242.865891 0.303413 
539 255 0.000000
534.004578 285.475006 0.783654 
526.590820 333.984802 0.753712 
523.658875 379.604584 0.748674 
522.220276 281.063232 0.684139 
525.134521 333.923798 0.699811 
523.734436 372.249451 0.621365 
548.658691 159.063812 0.870320 
0.000000 0.000000 0.000000 
536.953125 169.367981 0.768436 
0.000000 0.000000 0.000000 
18
556.007996 163.430893 0.751416 
533.915405 213.465469 0.793956 
536.929871 216.334473 0.929377 
542.778870 257.555847 0.883859 
566.300537 247.228760 0.775384 
523.720581 213.445419 0.602574 
545.739014 242.850479 0.311721 
564.819580 241.420197 0.593371 
533.966431 284.014130 0.770741 
526.633423 333.930420 0.737810 
523.652466 379.584991 0.730392 
522.166504 278.169434 0.700687 
525.142517 332.480682 0.701859 
523.706360 373.671478 0.642206 
548.683350 159.052444 0.806354 
0.000000 0.000000 0.000000 
539.860779 170.788727 0.719956 
0.000000 0.000000 0.000000 
18
556.015808 163.440857 0.806896 
533.879639 211.988770 0.787080 
536.956726 216.317657 0.893759 
542.756165 259.008301 0.889308 
567.746887 248.699768 0.801568 
523.657593 210.470078 0.627755 
545.688293 242.855240 0.267088 
564.819580 241.420197 0.593371 
533.964783 285.447845 0.786993 
526.607727 333.958466 0.763475 
523.676025 379.604980 0.738365 
522.169922 279.620422 0.686520 
525.134827 332.523987 0.712099 
523.725159 373.677246 0.643552 
548.665649 159.042114 0.867430 
0.000000 0.000000 0.000000 
536.953003 169.340775 0.759499 
0.000000 0.000000 0.000000 
18
557.399170 166.369110 0.838798 
532.488159 213.423111 0.791102 
536.945862 216.320145 0.892153 
542.737976 259.000916 0.884410 
567.753113 247.267288 0.798675 
523.629089 211.935822 0.621234 
545.706726 242.845261 0.279769 
566.295898 241.418091 0.581174 
533.967712 285.441162 0.777061 
526.618835 333.965729 0.753740 
523.668335 380.997894 0.741117 
522.150818 279.610931 0.694301 
525.125000 332.531281 0.717630 
523.714294 375.140747 0.642788 
550.112610 159.081940 0.855043 
0.000000 0.000000 0.000000 
536.947937 169.282806 0.743867 
0.000000 0.000000 0.000000 
18
557.398499 167.859482 0.880703 
532.451477 213.447220 0.796658 
536.921143 216.315659 0.906476 
542.781433 257.550964 0.900505 
566.323975 244.345367 0.835239 
523.614685 211.980988 0.649692 
545.689148 242.852341 0.258671 
566.295898 241.418091 0.581174 
533.984924 285.452545 0.785137 
526.596741 333.979919 0.764521 
523.666260 381.000092 0.750539 
522.117554 279.600464 0.707795 
523.737610 332.544800 0.718556 
523.729065 373.699249 0.639996 
550.133667 160.523331 0.852194 
0.000000 0.000000 0.000000 
538.340698 169.306030 0.763078 
0.000000 0.000000 0.000000 
18
557.400757 169.269775 0.911197 
533.890320 213.407623 0.759831 
535.489746 216.355270 0.940113 
544.233704 257.558289 0.909238 
567.792236 242.843781 0.888444 
525.140869 211.953125 0.602655 
545.754333 241.372406 0.295900 
566.295898 241.418091 0.581174 
533.966431 285.439148 0.759991 
528.050964 334.011261 0.742647 
523.650757 381.071686 0.751355 
522.184143 279.610840 0.673732 
525.137939 333.947235 0.711814 
523.740295 376.632751 0.637686 
548.717407 161.978256 0.841830 
0.000000 0.000000 0.000000 
536.883179 169.345749 0.794920 
0.000000 0.000000 0.000000 
18
557.392639 169.295990 0.899740 
529.545227 214.856674 0.749304 
535.434265 216.354858 0.914149 
545.681213 254.632233 0.938338 
569.286133 241.324722 0.900828 
522.199036 213.441422 0.649763 
545.751404 239.905304 0.310655 
569.185791 239.818176 0.617265 
533.988342 284.010162 0.759889 
526.634277 334.001007 0.727670 
523.657959 381.055237 0.755689 
522.141724 278.174683 0.704471 
525.146606 332.548096 0.700229 
523.741150 376.618591 0.627186 
550.117371 161.980667 0.829855 
0.000000 0.000000 0.000000 
535.491028 169.305069 0.794499 
0.000000 0.000000 0.000000 
18
555.955811 169.371933 0.866092 
526.602295 209.047440 0.762404 
534.006470 216.303406 0.892015 
547.138062 253.203720 0.942690 
570.725586 238.407120 0.850491 
520.733337 207.535477 0.672639 
545.770935 235.502106 0.312064 
569.226990 229.655609 0.662039 
533.970032 282.536255 0.744829 
528.066223 333.952515 0.715426 
523.661865 381.038361 0.761847 
522.125977 278.102997 0.713196 
525.163391 332.502075 0.680501 
523.721008 375.174866 0.608491 
548.697266 164.891876 0.808708 
0.000000 0.000000 0.000000 
535.468628 169.294342 0.807996 
0.000000 0.000000 0.000000 
18
554.538025 169.397308 0.856050 
525.187195 209.020569 0.769337 
533.983948 214.890594 0.883470 
547.262634 253.124496 0.985061 
573.660339 232.555084 0.756916 
522.136108 207.531372 0.685722 
547.217102 236.940826 0.354354 
570.683350 226.692062 0.717439 
533.986511 284.018707 0.777734 
528.069336 333.986206 0.719457 
523.660339 381.056183 0.765887 
522.129578 278.143951 0.721992 
525.163696 332.534210 0.698904 
523.736206 376.615112 0.624096 
548.663757 164.935791 0.816653 
0.000000 0.000000 0.000000 
535.445679 169.311310 0.821050 
0.000000 0.000000 0.000000 
18
554.540710 169.379761 0.886051 
525.164246 206.112411 0.775965 
533.998779 213.426086 0.873323 
548.645325 253.116623 0.994760 
576.610901 226.690933 0.814170 
520.690308 204.616669 0.682334 
545.758545 234.019821 0.238658 
570.686523 220.811066 0.579468 
533.995850 284.009766 0.778462 
528.072327 333.981079 0.716733 
523.655884 381.044678 0.764158 
520.746582 278.147339 0.709111 
525.146362 332.531250 0.699673 
523.744995 375.176270 0.627615 
548.651733 164.917389 0.829575 
0.000000 0.000000 0.000000 
535.422241 169.281418 0.822902 
0.000000 0.000000 0.000000 
18
554.539246 170.736160 0.911255 
525.134033 206.042328 0.777695 
533.973572 213.400681 0.882944 
548.636597 253.094696 0.996796 
579.507935 226.630051 0.819900 
520.710205 203.136276 0.683544 
547.167236 222.275406 0.329018 
570.685120 217.843094 0.726151 
534.000610 284.012451 0.783029 
528.066406 334.000763 0.725242 
523.655762 381.041504 0.772509 
520.725708 278.157990 0.707312 
525.132629 332.550476 0.711779 
523.734741 375.182617 0.628590 
548.649353 166.368729 0.843532 
0.000000 0.000000 0.000000 
535.393433 169.268753 0.833300 
0.000000 0.000000 0.000000 
18
555.960022 169.389938 0.906795 
525.180908 206.054733 0.771578 
534.001892 213.434219 0.889356 
547.246216 253.110580 0.992690 
579.482544 226.637787 0.861197 
522.122498 203.136688 0.687298 
547.185120 220.789337 0.364322 
569.245300 217.830246 0.704733 
533.960083 282.531677 0.763989 
529.547607 333.943970 0.714968 
523.654724 381.000641 0.753537 
520.670776 276.707825 0.717715 
525.150513 331.066437 0.698468 
523.718689 373.716888 0.635237 
548.661743 166.362289 0.834577 
557.415283 162.004425 0.210830 
535.406494 169.306076 0.823137 
0.000000 0.000000 0.000000 
18
555.966248 170.764557 0.930047 
525.161194 204.647095 0.795139 
533.997131 213.406174 0.889540 
547.176086 253.128647 1.001422 
578.057373 226.693909 0.867852 
520.727722 201.679764 0.687939 
545.770996 219.334976 0.413916 
567.756836 216.402206 0.742916 
533.955688 282.524139 0.759666 
529.522095 333.946564 0.716369 
523.657898 381.021881 0.754710 
520.678101 276.705170 0.714897 
525.142517 332.482727 0.696208 
523.715088 375.169220 0.631508 
548.669556 166.417145 0.856668 
557.438416 164.887390 0.201175 
535.380920 169.298599 0.842842 
0.000000 0.000000 0.000000 
18
555.969177 170.774368 0.929374 
525.140442 204.647202 0.814744 
533.985413 213.405960 0.885331 
547.158508 253.115158 0.994293 
576.607666 228.090378 0.878674 
520.703552 203.092850 0.701441 
545.728394 219.331116 0.425830 
567.722412 216.364395 0.764428 
533.958862 281.069305 0.772037 
529.534485 332.555481 0.719894 
523.651306 381.017975 0.762837 
520.675476 276.673035 0.722779 
525.150757 331.065094 0.700305 
523.712219 375.163300 0.645388 
548.685364 167.825485 0.865501 
0.000000 0.000000 0.000000 
535.393555 169.316391 0.852481 
0.000000 0.000000 0.000000 
18
555.983765 170.831650 0.949647 
525.172058 204.609116 0.774430 
535.370789 213.439545 0.884085 
545.735779 253.167221 0.986733 
573.679932 228.163651 0.879920 
520.738770 201.640228 0.665051 
545.693848 219.300339 0.418295 
566.289734 217.806458 0.745995 
533.982361 282.520691 0.755591 
528.092712 333.945465 0.719969 
523.650757 381.001862 0.758093 
520.699890 276.698059 0.709598 
525.142151 332.482117 0.699273 
523.713867 375.149384 0.635796 
548.700317 167.890366 0.898139 
0.000000 0.000000 0.000000 
535.389954 169.317368 0.861556 
0.000000 0.000000 0.000000 
18
555.991882 170.844971 0.919191 
525.177612 206.076080 0.783663 
535.382507 214.862228 0.898068 
545.741516 253.127182 0.991567 
573.633972 228.173004 0.875613 
520.694092 203.154282 0.674236 
545.690735 219.312286 0.364180 
566.284241 217.871765 0.728140 
534.002258 282.534271 0.763525 
529.528015 333.932861 0.719226 
523.652344 381.001709 0.757145 
520.693665 276.716034 0.714519 
525.136719 331.071106 0.704790 
523.717163 375.150879 0.639037 
548.683533 169.270676 0.890081 
557.426025 167.772873 0.251312 
535.390991 169.353806 0.834064 
0.000000 0.000000 0.000000 
18
555.995056 172.241959 0.913626 
526.578979 204.664581 0.788541 
535.367432 213.454300 0.899199 
545.721497 253.097504 0.999477 
572.185913 228.192505 0.889794 
522.132629 203.097458 0.687709 
545.694031 219.309174 0.363002 
567.728882 217.880722 0.738962 
533.977783 282.527771 0.762892 
529.556030 332.537842 0.710623 
523.667297 381.004883 0.735792 
520.712463 276.698883 0.703694 
525.142029 331.040070 0.703153 
523.717834 375.183929 0.671091 
548.675293 169.313522 0.918968 
557.399292 167.826584 0.259217 
534.006165 169.387100 0.838540 
0.000000 0.000000 0.000000 
18
556.008545 172.262405 0.909625 
525.189209 206.064758 0.793555 
535.376282 213.455765 0.898266 
545.713501 253.065857 0.997334 
572.193665 228.165512 0.906901 
520.727173 203.155640 0.685461 
545.693115 219.338623 0.301599 
567.725342 219.307800 0.666975 
533.975525 282.527588 0.767832 
529.525085 332.546539 0.716415 
523.640747 381.002289 0.770975 
520.675354 276.693665 0.700589 
525.158630 331.057281 0.684342 
523.741516 373.711731 0.625543 
548.693054 169.327209 0.913328 
557.414734 167.813766 0.204037 
535.377258 170.745712 0.847694 
0.000000 0.000000 0.000000 
18
556.027222 172.245773 0.927721 
525.185791 204.611557 0.784703 
534.012939 211.972168 0.880675 
545.703186 251.723526 0.991230 
572.175415 228.155396 0.894216 
522.130737 201.671021 0.685814 
545.639465 219.336746 0.296351 
567.721130 219.318954 0.679794 
533.945129 282.526489 0.766606 
529.544861 332.545410 0.723108 
523.631714 381.006073 0.760455 
519.236389 276.693024 0.696883 
525.153076 331.043396 0.708749 
523.702026 375.157043 0.654706 
548.714600 169.305069 0.905523 
557.438171 167.791901 0.196182 
535.376404 169.377701 0.856941 
0.000000 0.000000 0.000000 
18
556.035217 170.815369 0.959362 
525.177795 204.622971 0.798720 
535.365662 211.987915 0.888508 
545.686523 251.725525 0.977699 
570.789185 228.156174 0.891868 
520.717957 201.672791 0.697631 
545.664001 219.337997 0.306404 
567.719788 219.297821 0.711799 
533.919678 282.520752 0.763682 
529.519714 333.930664 0.723777 
523.643860 381.007935 0.767215 
519.226868 276.696503 0.695584 
525.150696 331.060333 0.694898 
523.705505 375.141357 0.648558 
548.700500 167.869629 0.881151 
557.440552 166.399185 0.276915 
534.012817 169.338440 0.841668 
0.000000 0.000000 0.000000 
18
557.410583 170.803162 0.970196 
525.188721 204.633804 0.797023 
535.372803 211.974152 0.883535 
545.683899 251.720825 0.981944 
572.191589 228.155945 0.905339 
520.725403 201.679245 0.700561 
545.681519 219.321014 0.307261 
567.716370 219.316910 0.685908 
533.917786 282.541321 0.765830 
528.058411 333.966248 0.737547 
523.649780 381.023193 0.762990 
519.259216 276.715942 0.685864 
525.122559 332.510986 0.710443 
523.702026 376.604706 0.645309 
550.141541 167.844681 0.873508 
557.459106 164.922913 0.162180 
535.404236 169.319153 0.847133 
0.000000 0.000000 0.000000 
18
557.406372 170.798019 0.969250 
526.586243 204.634048 0.800233 
534.017212 211.942719 0.886056 
545.690247 251.717575 0.989153 
572.223877 228.187088 0.894470 
522.139404 201.678299 0.714023 
545.703125 219.331039 0.342529 
567.733765 219.309326 0.718338 
533.896851 282.514923 0.762173 
528.076172 332.549316 0.735040 
523.640747 380.999817 0.775085 
519.255066 276.688232 0.688570 
525.129333 331.048431 0.700257 
523.680237 373.698242 0.645770 
550.131714 167.836197 0.874791 
557.454407 164.886841 0.164606 
535.403076 169.307236 0.861597 
0.000000 0.000000 0.000000 
18
557.412231 170.825119 0.955031 
526.612915 204.642044 0.802254 
535.368835 211.937057 0.884789 
545.709534 251.709686 0.993055 
573.634338 228.187836 0.891347 
522.151245 203.094376 0.708268 
545.713379 219.329895 0.337302 
567.729858 219.308716 0.705376 
533.911804 282.512756 0.766654 
528.062622 333.930481 0.730805 
523.650146 380.997314 0.770603 
519.254883 276.686676 0.698618 
525.112793 331.060089 0.704891 
523.690063 373.706116 0.652521 
551.576172 167.865967 0.877354 
0.000000 0.000000 0.000000 
535.453064 169.303177 0.857991 
0.000000 0.000000 0.000000 
18
557.419312 170.795639 0.968222 
526.621155 204.588516 0.786945 
535.398376 210.497208 0.872720 
545.714111 251.679276 0.973852 
573.672180 228.196426 0.891069 
522.134827 201.643204 0.687473 
545.727417 219.303268 0.372615 
567.724426 217.877960 0.728478 
533.934326 281.062073 0.762201 
528.083557 332.525238 0.729238 
523.648254 381.010315 0.758131 
517.785034 276.648193 0.717769 
525.119568 331.018890 0.697650 
523.698364 375.165161 0.643398 
551.598145 167.841904 0.874490 
0.000000 0.000000 0.000000 
535.495972 169.287338 0.829877 
0.000000 0.000000 0.000000 
18
557.405273 170.794968 0.947094 
526.612549 204.630096 0.811956 
535.406616 210.511078 0.883648 
545.714966 251.695999 0.981889 
573.665222 229.588913 0.915631 
522.127869 201.684601 0.708967 
545.773865 217.920975 0.408893 
567.729309 217.889740 0.742769 
533.938538 282.512054 0.767577 
528.076294 332.532654 0.728294 
523.636230 381.009186 0.773832 
517.780762 276.673279 0.720420 
525.124451 331.023346 0.704292 
523.703796 375.148071 0.648631 
551.617126 167.818314 0.866054 
0.000000 0.000000 0.000000 
536.872559 169.271744 0.839157 
0.000000 0.000000 0.000000 
18
557.406128 170.824783 0.949668 
526.611572 204.646057 0.814329 
535.406311 211.940872 0.877407 
545.707947 251.711548 0.983573 
575.128662 229.633087 0.882505 
522.138855 203.104630 0.721565 
547.168091 219.305573 0.421788 
567.757080 217.850174 0.766858 
533.928711 281.065460 0.763966 
528.096802 332.535645 0.717642 
523.647888 380.999786 0.754962 
517.779541 276.645599 0.726200 
525.116089 331.029663 0.705950 
523.698853 375.167908 0.659455 
551.614685 167.842972 0.875235 
0.000000 0.000000 0.000000 
535.502197 169.268524 0.845921 
0.000000 0.000000 0.000000 
18
557.411743 170.758011 0.957404 
526.634705 204.585342 0.796755 
535.391235 210.488174 0.889055 
545.701172 251.709915 0.982462 
575.147766 229.665466 0.880186 
522.184326 201.633224 0.704515 
547.139465 219.322418 0.429045 
567.745972 219.298340 0.780339 
533.928467 281.045410 0.761483 
529.536865 332.525604 0.723845 
523.645752 381.001587 0.743913 
519.246399 276.642792 0.716657 
525.116943 331.026306 0.712621 
523.690918 375.174469 0.661065 
553.042419 166.390976 0.855574 
0.000000 0.000000 0.000000 
536.903992 167.876358 0.825834 
0.000000 0.000000 0.000000 
18
557.407166 169.363754 0.930211 
526.627075 204.635284 0.803598 
535.411682 211.967651 0.891023 
545.723511 251.707611 0.982134 
578.037354 231.074051 0.872453 
522.155640 201.664169 0.707428 
547.200439 219.345581 0.437936 
567.772461 217.858063 0.820100 
533.950562 281.051941 0.763058 
529.544128 332.495789 0.722643 
523.641968 380.987885 0.743021 
519.246338 276.637756 0.736135 
525.115173 329.566559 0.712823 
523.681641 375.152740 0.662912 
551.626709 164.913574 0.836370 
0.000000 0.000000 0.000000 
536.915466 167.849991 0.825528 
0.000000 0.000000 0.000000 
18
557.394958 169.385651 0.892786 
528.081238 206.090393 0.795774 
535.435425 213.417145 0.893844 
545.747925 253.082520 0.996794 
579.481628 231.118805 0.906036 
522.207031 204.567322 0.705869 
548.694641 219.370560 0.463074 
569.195618 217.834732 0.806948 
533.965637 281.063446 0.763720 
529.546997 332.490906 0.712266 
523.648865 380.985321 0.733081 
520.683533 276.667999 0.736440 
525.117188 329.560516 0.712619 
523.678040 375.159393 0.665031 
551.612671 164.937454 0.818567 
0.000000 0.000000 0.000000 
536.928162 167.851349 0.810681 
0.000000 0.000000 0.000000 
18
556.028748 169.339706 0.860990 
528.101868 206.138443 0.794170 
535.455872 213.449249 0.889487 
547.127380 253.072342 1.007517 
579.493408 231.075424 0.940598 
522.201416 204.624725 0.714001 
550.141724 220.780441 0.428754 
567.793823 217.856079 0.794890 
534.001587 282.543671 0.766647 
530.978882 332.510590 0.725456 
523.649170 381.008881 0.731339 
520.687500 276.719696 0.728802 
525.119873 329.590607 0.724495 
523.732483 376.610352 0.669837 
550.164185 164.899307 0.807113 
0.000000 0.000000 0.000000 
538.365417 169.273987 0.793417 
0.000000 0.000000 0.000000 
18
556.018799 169.327408 0.853013 
529.526855 207.594711 0.750149 
535.486694 214.879333 0.890506 
547.221680 253.070099 1.006067 
579.524414 229.572464 0.892520 
522.187988 206.103928 0.665049 
551.622131 222.276169 0.382290 
570.735474 217.891037 0.726684 
534.007263 282.528168 0.769074 
531.007996 331.058594 0.715594 
523.639587 380.991150 0.731679 
520.701904 276.707458 0.737685 
525.151001 328.095703 0.723140 
523.726685 375.164734 0.673358 
550.124573 163.470078 0.796866 
0.000000 0.000000 0.000000 
536.953979 169.276245 0.767628 
0.000000 0.000000 0.000000 
18
557.394226 169.267792 0.827640 
529.567444 209.014313 0.753269 
536.873718 214.886093 0.877283 
548.666809 251.714264 0.985263 
579.506531 226.679184 0.832595 
522.199646 207.531296 0.671693 
550.129333 226.677597 0.313729 
572.192383 219.329849 0.695527 
535.365112 283.977020 0.774483 
530.998596 331.079132 0.707466 
523.640930 380.977203 0.728316 
520.726685 278.102478 0.728195 
525.147583 328.113434 0.716823 
523.744568 373.704590 0.670454 
550.145264 161.969482 0.783026 
0.000000 0.000000 0.000000 
536.954285 167.858429 0.757887 
0.000000 0.000000 0.000000 
18
556.015442 169.253586 0.807147 
529.533142 207.549927 0.757307 
535.462158 213.427963 0.862850 
550.122009 253.094162 0.974690 
573.684143 226.686829 0.762646 
522.203796 206.067627 0.702575 
547.163452 231.074631 0.270712 
570.679626 220.805649 0.688636 
535.388428 283.980713 0.772764 
530.993225 332.509766 0.721763 
523.640076 380.989410 0.740274 
520.715332 276.717133 0.730522 
525.119751 329.579041 0.722079 
523.734070 375.161743 0.678717 
550.122009 160.566315 0.767735 
0.000000 0.000000 0.000000 
536.953674 167.843002 0.738448 
0.000000 0.000000 0.000000 
18
556.037476 166.401581 0.760432 
529.565857 206.147110 0.749791 
535.457092 211.961517 0.825617 
553.073242 251.727661 0.935156 
572.170471 226.617203 0.760554 
522.218384 206.050827 0.681510 
547.146179 228.141846 0.238716 
569.267456 219.354050 0.638119 
535.396606 282.520355 0.767850 
530.989319 332.486420 0.715468 
523.629333 380.988251 0.747268 
520.714783 276.670166 0.732312 
525.134705 329.564056 0.711626 
523.726196 375.173553 0.674010 
550.129761 159.097305 0.761759 
0.000000 0.000000 0.000000 
536.946533 166.396255 0.716814 
0.000000 0.000000 0.000000 
18
557.395752 167.858643 0.805830 
528.059387 207.605698 0.753037 
535.501526 211.965271 0.801966 
554.534424 251.688095 0.947500 
573.645813 217.885300 0.905582 
519.271179 206.139206 0.690514 
545.744568 229.618942 0.079590 
569.267456 219.354050 0.638119 
535.451538 282.529327 0.781774 
530.989014 332.529755 0.730175 
523.622864 380.998199 0.748733 
520.692993 276.705231 0.739477 
523.745239 331.023834 0.724542 
523.702271 375.182190 0.671947 
550.134460 160.508423 0.788883 
0.000000 0.000000 0.000000 
536.937012 167.828247 0.712573 
0.000000 0.000000 0.000000 
18
556.002136 169.315689 0.851940 
526.598145 209.020523 0.763611 
535.489868 213.408066 0.812629 
555.959351 251.674652 0.953852 
573.657227 217.912872 0.909088 
517.796814 207.544754 0.684311 
545.727112 231.095749 0.094459 
569.267456 219.354050 0.638119 
535.441467 281.091980 0.781827 
531.030945 331.075073 0.711323 
523.643982 380.977722 0.713162 
520.692444 276.701660 0.743818 
525.155334 328.122681 0.715219 
523.734619 375.185059 0.679145 
550.116089 161.994461 0.801076 
0.000000 0.000000 0.000000 
535.496582 167.820847 0.779808 
0.000000 0.000000 0.000000 
18
556.016296 169.326141 0.863177 
526.615173 209.028641 0.766399 
536.884155 213.417160 0.807795 
554.528809 251.673309 0.938957 
573.640015 217.905594 0.910881 
517.767761 207.551758 0.688070 
545.715393 229.606628 0.083564 
569.267456 219.354050 0.638119 
535.464172 282.528320 0.778504 
531.005249 332.521942 0.715574 
523.641541 380.989105 0.733573 
520.696838 276.703888 0.745192 
525.135193 331.024353 0.713614 
523.707458 376.617462 0.674814 
550.109436 162.007919 0.803888 
0.000000 0.000000 0.000000 
535.484680 167.849655 0.779630 
0.000000 0.000000 0.000000 
18
557.403015 169.316269 0.848900 
526.630371 209.048874 0.761358 
536.900513 213.419525 0.804633 
553.085693 251.713547 0.930428 
572.237000 219.329697 0.902504 
517.773010 207.574203 0.676544 
545.742004 226.694305 0.076427 
569.267456 219.354050 0.638119 
535.462402 281.096954 0.767458 
531.003845 332.504700 0.717276 
523.660217 380.986938 0.728882 
520.718201 276.686646 0.752211 
525.153931 329.600189 0.713788 
523.745239 375.174072 0.670896 
551.572998 162.013626 0.779732 
0.000000 0.000000 0.000000 
536.921753 167.865005 0.766346 
0.000000 0.000000 0.000000 
18
557.413208 169.344055 0.868057 
528.086792 207.607635 0.762886 
536.909363 211.954697 0.806814 
553.092346 251.704926 0.928184 
572.200317 219.370453 0.909654 
519.253601 206.141968 0.693141 
545.676208 228.144089 0.086260 
569.267456 219.354050 0.638119 
535.477356 281.064209 0.768109 
531.040771 332.493225 0.706750 
523.652039 379.601624 0.722969 
520.710144 276.648621 0.759056 
525.165100 329.568573 0.706374 
525.111511 375.163544 0.664291 
551.586548 163.454086 0.787913 
0.000000 0.000000 0.000000 
536.932190 167.884506 0.776951 
0.000000 0.000000 0.000000 
18
557.424866 169.369659 0.916093 
528.091431 207.609665 0.766409 
536.942627 213.404480 0.818097 
553.077332 253.069427 0.929560 
570.790161 223.730423 0.885623 
519.241516 206.120499 0.695285 
545.684143 225.240860 0.106962 
569.267456 219.354050 0.638119 
535.479431 281.075226 0.770372 
531.022461 332.507263 0.718298 
523.652893 380.995392 0.726892 
520.695984 276.648193 0.764804 
525.154541 329.603394 0.713586 
525.112000 375.182861 0.667672 
551.572449 164.913391 0.810894 
0.000000 0.000000 0.000000 
536.886658 169.276154 0.780962 
0.000000 0.000000 0.000000 
18
557.412109 169.372284 0.930958 
528.081909 207.587860 0.776375 
536.930054 211.993576 0.835420 
554.522156 251.733047 0.954293 
572.235474 225.193298 0.823923 
519.243469 206.109573 0.691355 
545.709717 228.173248 0.153354 
569.267456 219.354050 0.638119 
535.492737 281.081604 0.766668 
531.018494 332.512817 0.719481 
523.656311 380.989197 0.730685 
520.719116 276.646637 0.773334 
525.131409 329.602844 0.714070 
523.742615 376.605774 0.666404 
550.132385 164.919403 0.821390 
0.000000 0.000000 0.000000 
535.449280 169.265930 0.821376 
0.000000 0.000000 0.000000 
18
557.402771 169.360123 0.910572 
528.061768 206.140259 0.785570 
536.889099 211.980972 0.837736 
553.055237 253.076508 0.939911 
573.648010 226.657867 0.875257 
519.256287 204.648926 0.700364 
545.738281 226.691925 0.170258 
0.000000 0.000000 0.000000 
535.490845 279.620514 0.758311 
531.004944 332.534698 0.721770 
523.651123 381.031738 0.752171 
520.747498 276.610596 0.766319 
525.136414 331.041290 0.709127 
523.731750 376.648315 0.672158 
550.129822 164.900238 0.809499 
0.000000 0.000000 0.000000 
535.482422 167.879791 0.795279 
0.000000 0.000000 0.000000 
