35
1
18
641.258423 123.831879 0.929175 
605.990967 160.520782 0.844144 
614.829468 169.355698 0.862475 
617.796021 225.177734 0.866589 
632.470581 264.861450 0.865259 
595.754395 156.113113 0.742659 
621 264 0.000000
621 264 0.000000
604.565063 253.182587 0.766888 
592.818787 310.436401 0.833690 
582.540161 359.066010 0.800663 
592.772583 251.606171 0.697337 
586.880249 307.521423 0.721980 
582.429504 356.067627 0.720642 
638.334167 122.233017 0.936141 
0.000000 0.000000 0.000000 
623.639099 128.162964 0.842397 
0.000000 0.000000 0.000000 
18
641.255066 125.201317 0.925635 
606.003052 160.499008 0.856656 
616.237671 169.343445 0.879345 
617.820068 223.707794 0.856020 
633.948792 263.470734 0.876218 
595.744080 156.088318 0.760506 
621 264 0.000000
621 264 0.000000
605.957520 253.157959 0.789104 
594.175232 310.437347 0.848624 
582.513367 359.050415 0.830243 
592.712341 250.187271 0.701272 
586.859131 307.496338 0.735998 
581.033569 356.004028 0.706106 
638.337402 122.248383 0.942626 
0.000000 0.000000 0.000000 
623.641663 128.145081 0.847930 
0.000000 0.000000 0.000000 
18
641.253357 125.210785 0.929838 
606.004944 160.487106 0.860087 
616.251099 169.323074 0.876605 
617.803101 222.267502 0.857624 
632.487671 263.345459 0.860941 
595.737427 156.085587 0.766297 
621 264 0.000000
621 264 0.000000
605.979492 253.135880 0.793905 
592.825134 310.437286 0.847024 
582.538513 359.054016 0.814540 
592.712463 250.170044 0.696018 
585.414673 307.497772 0.739398 
581.031189 356.037354 0.714916 
638.334290 122.250710 0.945597 
0.000000 0.000000 0.000000 
623.627075 126.732048 0.848093 
0.000000 0.000000 0.000000 
18
641.243958 125.211464 0.931351 
606.007874 160.491196 0.863965 
616.265259 169.326324 0.877696 
617.812378 222.270828 0.854348 
631.050415 261.935181 0.866240 
595.729614 156.088333 0.774329 
621 264 0.000000
621 264 0.000000
605.964172 253.130371 0.801992 
592.807678 310.440002 0.856918 
582.503540 359.052734 0.820731 
591.298767 250.161209 0.689945 
583.980103 306.080231 0.746023 
582.432495 356.021698 0.698209 
638.325867 122.249283 0.944855 
0.000000 0.000000 0.000000 
623.635925 126.723839 0.851360 
0.000000 0.000000 0.000000 
18
641.257568 125.198563 0.930901 
606.003235 160.492157 0.865638 
616.264343 169.323029 0.877352 
617.780701 222.260437 0.867560 
630.978821 260.477112 0.870678 
595.724243 156.091217 0.776785 
621 264 0.000000
621 264 0.000000
605.983398 253.101028 0.799720 
592.814148 310.425476 0.864254 
582.519470 359.056335 0.816374 
591.298157 250.144043 0.693423 
583.930481 306.045319 0.749480 
582.432068 356.043152 0.708002 
638.339905 122.238182 0.947539 
0.000000 0.000000 0.000000 
623.645264 126.718826 0.851141 
0.000000 0.000000 0.000000 
18
641.255615 123.823997 0.933755 
605.996277 160.488708 0.872048 
616.281921 169.333771 0.885692 
617.745667 222.251282 0.871675 
629.553833 261.944275 0.901814 
595.689758 156.068588 0.785956 
621 264 0.000000
621 264 0.000000
605.951172 253.113251 0.791508 
592.794128 310.430542 0.863271 
582.485168 359.066315 0.827412 
591.271362 250.150009 0.682978 
582.545837 304.596313 0.752658 
582.434448 356.016052 0.697467 
638.335876 122.220978 0.943476 
0.000000 0.000000 0.000000 
623.654236 126.701591 0.855278 
0.000000 0.000000 0.000000 
18
641.235474 123.783051 0.951268 
605.962158 159.112457 0.889380 
616.265686 169.298950 0.886680 
617.740417 220.807877 0.881083 
629.493652 261.942444 0.894365 
594.277649 156.081177 0.808298 
621 264 0.000000
621 264 0.000000
604.561768 253.125854 0.804508 
594.204285 309.025116 0.867269 
582.479553 359.037781 0.850541 
589.828247 248.741486 0.683586 
582.516113 301.629089 0.789314 
581.024841 353.098816 0.695204 
638.308533 120.828255 0.929737 
0.000000 0.000000 0.000000 
623.630188 126.695633 0.852454 
0.000000 0.000000 0.000000 
18
641.227722 123.740456 0.962891 
605.951782 159.116333 0.897418 
616.280212 169.291290 0.894505 
617.781189 220.794601 0.868771 
628.108154 263.350891 0.888122 
594.249939 156.090454 0.821590 
621 264 0.000000
621 264 0.000000
604.530396 251.700745 0.821238 
594.317139 309.023590 0.872676 
582.502075 359.021576 0.881509 
586.885010 245.801010 0.695979 
582.460876 298.722626 0.828067 
579.516785 347.241211 0.722187 
638.289917 120.783165 0.914734 
0.000000 0.000000 0.000000 
622.191528 126.692688 0.846468 
0.000000 0.000000 0.000000 
18
639.881531 123.696716 0.956466 
605.941895 159.089951 0.923433 
616.325439 167.881241 0.894716 
619.219604 220.774567 0.855121 
630.965576 261.955353 0.885062 
594.190247 156.084885 0.843862 
585.416565 198.736176 0.118793 
621 264 0.000000
604.564941 250.220200 0.790834 
601.574707 307.545502 0.822345 
583.942932 359.028290 0.855392 
585.400635 244.310104 0.714498 
582.525330 298.656982 0.804221 
578.060425 347.201416 0.755748 
636.881836 119.360825 0.896152 
0.000000 0.000000 0.000000 
622.154114 126.689682 0.852237 
0.000000 0.000000 0.000000 
18
639.869690 122.342323 0.954440 
605.947693 159.082703 0.946960 
617.741211 167.852402 0.905933 
625.072571 220.769089 0.851623 
635.389343 263.385681 0.881717 
592.766907 156.097961 0.865449 
588.354309 198.741196 0.135944 
621 264 0.000000
606.008911 251.641296 0.793539 
606.010620 308.968719 0.863193 
586.859985 358.997498 0.833532 
585.393616 244.343689 0.710957 
582.535950 298.720215 0.844545 
578.039063 347.264160 0.786702 
636.857056 119.342621 0.890810 
0.000000 0.000000 0.000000 
622.156494 126.677856 0.859357 
0.000000 0.000000 0.000000 
18
639.875977 122.301605 0.949253 
605.962585 159.048508 0.959297 
617.771790 167.822037 0.892746 
628.012634 219.306946 0.907847 
639.779846 261.916290 0.875974 
592.774292 156.067520 0.864057 
588.347839 197.255936 0.152934 
621 264 0.000000
607.464783 250.174103 0.775027 
617.709229 301.675262 0.854805 
591.250671 357.563446 0.866586 
585.426575 242.859756 0.711065 
583.954590 298.635986 0.795117 
578.055054 345.812531 0.817488 
636.851624 119.311798 0.876749 
0.000000 0.000000 0.000000 
620.737488 126.702461 0.859376 
0.000000 0.000000 0.000000 
18
641.234985 122.299782 0.951455 
606.044067 158.991516 0.959071 
619.242371 167.825058 0.873127 
629.562073 217.917740 0.929427 
645.714294 263.352631 0.830366 
594.214355 151.713150 0.879672 
585.401245 195.799606 0.194351 
621 264 0.000000
608.944641 245.779846 0.730844 
626.562561 300.167847 0.894503 
594.196167 357.502686 0.900182 
588.328674 241.369125 0.734530 
583.927246 298.656158 0.833241 
579.494995 348.715149 0.799608 
636.890564 119.317657 0.885751 
0.000000 0.000000 0.000000 
622.184448 126.668373 0.848404 
0.000000 0.000000 0.000000 
18
641.290833 122.305649 0.956054 
607.479248 157.600983 0.949157 
622.166565 164.940552 0.823310 
638.286072 217.852554 0.891210 
653.029785 260.510406 0.861000 
594.253052 150.240570 0.892904 
586.873108 197.248322 0.302832 
621 264 0.000000
614.791443 244.324844 0.736215 
632.442749 298.720764 0.852706 
603.032166 357.467316 0.884008 
591.297180 241.357834 0.795068 
586.889587 297.215546 0.790674 
578.068176 347.219482 0.838403 
638.337402 119.336967 0.903911 
0.000000 0.000000 0.000000 
625.071045 126.674423 0.836719 
0.000000 0.000000 0.000000 
18
642.799622 122.259758 0.940445 
613.318604 157.593002 0.924909 
628.077698 166.377029 0.876323 
641.276367 216.429016 0.949965 
663.318665 260.483398 0.874120 
594.306458 148.773590 0.897648 
603.048706 195.817398 0.076061 
621 264 0.000000
614.782654 245.797684 0.758520 
636.892517 298.703033 0.903326 
616.285034 358.933655 0.954454 
592.706848 241.388367 0.789599 
589.833618 297.235046 0.825044 
579.507996 347.229370 0.854770 
639.822266 117.870415 0.932383 
0.000000 0.000000 0.000000 
627.979858 126.709724 0.859777 
0.000000 0.000000 0.000000 
18
651.500977 122.263023 0.921206 
617.692017 157.515457 0.943062 
631.014038 166.411530 0.873630 
648.643799 216.349411 0.885430 
667.748962 257.573120 0.826312 
598.664063 145.815109 0.898451 
603.048706 195.817398 0.076061 
621 264 0.000000
617.810303 242.870514 0.804040 
639.817688 297.262177 0.917108 
629.536438 358.983704 0.942374 
594.287415 239.889740 0.808523 
592.780945 295.761444 0.873317 
579.555298 347.256439 0.868930 
642.805786 119.303459 0.850104 
0.000000 0.000000 0.000000 
629.565430 126.709175 0.881676 
0.000000 0.000000 0.000000 
18
652.989807 122.292053 0.951309 
620.681396 156.042633 0.863244 
639.809692 167.846619 0.898103 
653.014832 216.361298 0.936579 
676.601440 261.929413 0.904436 
604.492371 142.850189 0.907525 
604.550537 120.833694 0.762321 
629.513672 97.270271 0.846718 
623.652466 245.797150 0.752713 
641.339355 300.233948 0.863821 
642.747009 360.460602 0.908344 
598.645386 239.897629 0.757465 
594.189758 298.645508 0.916888 
579.558716 347.258514 0.884792 
648.618713 120.764290 0.873870 
0.000000 0.000000 0.000000 
633.911743 128.179291 0.833913 
0.000000 0.000000 0.000000 
18
658.934143 122.303467 0.862687 
627.988831 156.102341 0.914306 
642.781555 167.817795 0.877977 
657.445374 216.367615 0.878960 
678.077759 261.944183 0.880819 
606.063904 144.290558 0.857021 
604.588684 119.340927 0.839826 
629.576843 86.954697 0.950705 
628.105774 248.729218 0.767928 
647.190552 304.600494 0.799122 
652.981506 360.514954 0.894072 
604.474792 241.330902 0.791402 
594.309265 298.732758 0.899183 
580.945618 347.253906 0.885639 
653.022644 120.765564 0.883262 
0.000000 0.000000 0.000000 
639.851807 132.517410 0.875721 
0.000000 0.000000 0.000000 
18
664.819702 123.691177 0.885283 
630.988525 157.550217 0.900670 
651.509277 167.851517 0.865587 
663.256165 216.390060 0.923094 
678.091370 263.367767 0.880632 
616.212769 145.766083 0.848406 
614.827698 119.309631 0.797849 
628.061035 81.140137 0.889996 
632.456604 248.724503 0.766817 
653.010803 304.600189 0.857568 
653.107849 363.380371 0.869393 
610.380615 241.356308 0.722851 
603.027710 297.268341 0.844489 
580.989319 347.214325 0.915412 
661.853760 122.228569 0.843204 
0.000000 0.000000 0.000000 
648.635010 133.992325 0.823892 
0.000000 0.000000 0.000000 
18
672.179321 122.333076 0.830961 
641.216797 157.499161 0.917521 
654.502197 169.282211 0.908968 
663.409302 219.294357 0.957333 
678.059387 264.930145 0.867298 
625.108887 142.880417 0.803344 
622.195740 119.317459 0.780324 
626.567444 81.130768 0.869997 
642.730042 248.712006 0.757615 
661.860718 306.071747 0.830024 
653.092773 361.934967 0.875641 
617.827576 241.348892 0.735305 
606.009399 298.679382 0.894368 
581.008423 345.776306 0.928514 
664.818970 122.217674 0.817416 
0.000000 0.000000 0.000000 
653.025330 134.042099 0.865070 
0.000000 0.000000 0.000000 
18
678.061096 123.707481 0.907886 
650.057129 159.037109 0.877421 
660.424744 170.749481 0.842458 
664.836426 222.290192 0.873826 
678.079407 272.249969 0.844525 
635.432495 147.329071 0.757110 
639.814087 114.914734 0.645319 
626.596069 91.432274 0.757928 
645.718201 247.253723 0.703316 
664.777710 304.594604 0.831999 
654.509888 360.508911 0.865084 
627.995361 239.909775 0.744995 
616.320007 295.796722 0.845901 
582.440369 345.701202 0.905885 
675.054993 122.266418 0.876114 
0.000000 0.000000 0.000000 
661.845093 134.065536 0.859032 
0.000000 0.000000 0.000000 
18
686.830322 123.764626 0.953232 
654.564148 159.093765 0.794899 
664.770142 172.260376 0.870446 
664.750488 226.619812 0.870530 
678.087036 275.138611 0.852599 
645.677979 148.759262 0.683475 
661.825439 104.671700 0.644129 
629.457825 97.287079 0.794681 
651.612366 250.179352 0.724476 
666.253296 310.435394 0.851916 
654.512695 361.926056 0.858299 
635.416626 241.387604 0.674111 
628.023560 294.303192 0.824553 
588.342224 338.385193 0.814682 
678.096497 122.287735 0.848757 
0.000000 0.000000 0.000000 
664.839844 135.481613 0.855566 
0.000000 0.000000 0.000000 
18
689.859253 125.220688 0.920160 
663.263489 166.393677 0.769512 
664.781067 178.162125 0.890007 
663.270630 229.551346 0.939225 
678.050293 275.247314 0.882468 
657.446167 156.099274 0.538907 
679.534607 100.239090 0.683236 
642.788086 88.412483 0.825500 
655.992920 251.698517 0.664455 
666.299316 309.030975 0.835353 
654.529480 361.916901 0.852856 
645.677246 248.721649 0.608681 
638.355713 295.750153 0.773001 
592.818542 335.423798 0.915044 
686.816650 122.318398 0.908090 
0.000000 0.000000 0.000000 
669.222351 138.428009 0.809164 
0.000000 0.000000 0.000000 
18
694.221497 125.247406 0.907120 
667.744568 166.356384 0.765651 
661.846313 181.043610 0.851356 
656.002380 229.651062 0.905669 
676.614380 275.211090 0.944034 
676.580994 153.144196 0.644840 
710.342529 100.264420 0.897247 
667.741821 75.263458 0.802774 
660.386536 253.100540 0.699770 
664.879456 304.595062 0.811172 
654.522888 360.492889 0.831294 
666.296936 250.165329 0.536591 
644.205750 298.687683 0.701774 
603.009705 332.504883 0.840514 
686.866882 123.803772 0.869553 
0.000000 0.000000 0.000000 
675.020630 138.460403 0.907771 
0.000000 0.000000 0.000000 
18
694.204895 123.821938 0.934229 
675.110901 160.523285 0.847172 
658.899658 179.636322 0.801929 
651.593018 229.561157 0.997073 
675.058533 275.130066 0.949593 
688.377563 145.808334 0.697151 
723.704895 100.258499 0.907898 
713.303894 53.151230 0.486119 
663.322876 253.138092 0.718597 
664.805115 308.950287 0.825969 
653.118713 360.522675 0.846783 
678.031433 251.627716 0.701765 
653.064758 300.189026 0.734707 
607.460571 328.106689 0.815158 
686.880859 123.769020 0.952281 
0.000000 0.000000 0.000000 
675.041748 138.440582 0.870742 
0.000000 0.000000 0.000000 
18
694.222412 123.824005 0.946473 
676.551392 159.045944 0.905562 
654.567871 178.146912 0.792695 
644.253418 229.586441 0.919746 
666.299133 272.260101 0.889909 
697.147766 138.489059 0.734449 
732.391235 101.703293 0.831771 
754.482117 63.471340 0.751785 
664.760681 253.144714 0.716096 
664.751709 309.019043 0.824363 
653.118042 361.920044 0.839033 
682.453003 251.626968 0.665771 
657.453918 303.107758 0.701385 
616.289673 323.776520 0.830990 
686.888916 123.788139 1.003193 
686.890808 120.850868 0.107676 
673.630920 138.436951 0.870110 
0.000000 0.000000 0.000000 
18
695.671814 125.221542 0.939376 
676.570313 158.982941 0.930969 
654.526306 176.660431 0.806666 
641.275208 228.137222 0.972653 
657.487122 273.714172 0.817910 
698.615601 138.455170 0.808179 
747.096741 100.184723 0.831995 
789.755737 61.950481 0.813528 
669.238098 253.118607 0.727153 
664.791260 308.958069 0.835080 
653.115662 361.912811 0.828568 
688.391296 251.621994 0.717007 
661.870850 301.684998 0.720317 
617.802490 323.744446 0.864601 
686.901672 123.821037 1.025545 
686.954224 120.833153 0.183868 
673.597107 138.455994 0.853359 
0.000000 0.000000 0.000000 
18
698.555176 125.219208 0.976990 
676.646240 159.062103 0.938312 
653.080383 173.748734 0.842063 
639.728149 228.110596 0.918673 
648.607971 275.117279 0.872872 
700.137817 145.749100 0.859796 
748.640808 110.520218 0.829001 
803.024536 69.383110 0.813799 
666.282715 251.705276 0.780565 
666.266113 306.047211 0.826955 
653.051147 360.521820 0.842044 
691.262634 251.612869 0.732951 
672.142944 300.225586 0.665695 
622.179688 323.649994 0.790659 
688.301880 123.827026 1.030736 
688.361145 120.793388 0.179333 
673.602173 137.043808 0.879121 
0.000000 0.000000 0.000000 
18
698.590637 125.248840 0.947012 
678.052490 159.052704 0.917629 
653.120361 172.301529 0.831893 
633.947266 223.713776 0.817669 
638.309692 266.352783 0.840696 
703.014709 145.829956 0.864477 
748.645996 120.760773 0.828594 
813.306152 76.740196 0.773889 
664.781372 250.178452 0.800544 
664.789856 304.600769 0.860133 
653.107666 360.485504 0.824118 
689.822327 247.263977 0.732129 
672.153076 298.730438 0.649694 
629.497437 326.629700 0.789785 
688.319824 125.195053 0.988693 
692.739075 122.187630 0.363275 
673.576111 137.037262 0.862447 
0.000000 0.000000 0.000000 
18
698.612183 125.205505 0.976068 
678.040771 159.039200 0.909743 
653.067383 170.812363 0.876467 
632.437317 217.918350 0.888344 
627.963135 263.480530 0.891695 
703.056396 147.259750 0.864048 
754.464355 122.276489 0.840288 
817.754700 87.014938 0.855724 
664.753479 244.327316 0.762634 
664.839478 301.627686 0.886637 
653.067505 360.506836 0.842636 
688.392456 242.871429 0.753764 
666.301819 300.138824 0.691774 
633.913208 335.444885 0.809002 
688.327087 123.784599 0.996246 
695.687195 120.789513 0.460682 
672.167603 135.571579 0.899822 
0.000000 0.000000 0.000000 
18
698.646423 125.193779 0.995013 
676.654236 159.027756 0.924032 
653.045349 170.750839 0.899590 
629.555054 217.899689 0.931744 
617.763733 263.450653 0.902172 
701.599426 147.300552 0.899797 
755.948181 125.271133 0.776643 
816.265503 100.204872 0.858271 
663.377869 245.772461 0.774184 
664.770325 301.627167 0.879438 
653.060730 360.519196 0.835258 
686.864746 244.333038 0.723168 
663.294922 300.148407 0.702743 
632.458801 335.538696 0.804461 
688.377136 123.759865 0.979530 
697.090881 120.776833 0.397865 
673.609863 135.497131 0.945133 
0.000000 0.000000 0.000000 
18
698.652710 123.773766 1.020934 
676.593445 159.012970 0.936061 
653.018250 169.352066 0.918114 
629.534485 217.928421 0.907919 
616.210083 263.349335 0.883694 
700.121155 147.327820 0.917987 
754.498901 137.008987 0.808745 
813.281067 114.917297 0.746979 
661.891602 245.758789 0.733423 
663.361694 301.645447 0.865791 
653.061401 361.912048 0.837876 
679.522339 245.774582 0.698382 
655.967407 298.737946 0.733295 
629.554810 336.995972 0.836115 
688.430237 122.311432 0.970687 
695.662781 120.751793 0.228872 
673.632813 134.019119 0.964664 
0.000000 0.000000 0.000000 
18
698.608765 123.700943 1.022302 
675.136414 157.622223 0.951118 
651.603210 169.280258 0.893400 
629.558533 217.863129 0.924692 
616.240784 260.493347 0.858117 
698.611328 147.287491 0.918658 
747.181213 148.799332 0.859535 
797.115845 144.312622 0.804401 
663.285828 242.847961 0.725142 
663.286133 301.636627 0.840186 
653.068237 360.504181 0.850282 
678.031494 241.421387 0.696612 
653.022156 297.210968 0.792991 
629.505432 338.407898 0.834962 
688.407654 122.211456 0.973970 
694.200439 120.758392 0.192508 
673.603821 132.553299 0.929014 
0.000000 0.000000 0.000000 
18
698.571899 122.294060 1.007648 
675.030518 157.582291 0.936174 
651.532227 167.841324 0.862959 
630.961243 216.404358 0.927828 
617.779724 257.546936 0.858305 
695.645691 147.276138 0.869482 
730.985535 163.443298 0.821889 
775.058594 170.783524 0.832778 
660.407471 241.425858 0.723324 
663.245972 300.239532 0.841248 
653.075073 360.484650 0.851085 
676.569458 241.359543 0.730225 
651.597473 295.768555 0.807036 
629.501648 336.980713 0.846247 
688.416321 120.765656 0.935376 
692.731812 116.390945 0.098498 
673.623840 129.633621 0.895905 
0.000000 0.000000 0.000000 
18
698.565369 122.295113 1.009879 
670.682678 157.606628 0.909222 
650.101746 167.819489 0.826658 
631.018982 216.332840 0.911160 
626.525574 254.612625 0.835729 
688.412048 147.343185 0.882489 
719.175720 179.619171 0.788300 
754.462280 203.096970 0.805743 
657.469666 242.821716 0.707281 
661.879883 301.653656 0.841638 
653.075256 360.489105 0.851704 
675.076782 241.328110 0.724437 
650.133301 295.750977 0.785803 
629.501221 336.978058 0.822963 
689.788940 119.309654 0.909605 
691.308594 113.482483 0.054777 
673.638428 125.279259 0.905302 
0.000000 0.000000 0.000000 
18
698.602783 122.282127 0.999709 
666.339661 159.006104 0.882992 
650.116943 167.828247 0.850406 
635.381531 214.928207 0.864976 
630.998840 254.657928 0.832568 
686.924194 150.244141 0.874336 
692.727112 189.910767 0.725956 
720.621765 211.982925 0.725332 
656.008972 244.315292 0.704089 
661.861816 303.116791 0.829199 
653.087097 360.511322 0.842184 
673.606689 241.438370 0.683592 
645.698547 295.765686 0.764314 
629.514893 338.390350 0.814914 
689.846008 117.877861 0.893931 
0.000000 0.000000 0.000000 
675.078308 125.230476 0.944618 
0.000000 0.000000 0.000000 
18
698.592834 122.215149 0.974346 
664.873901 158.978790 0.925528 
651.575012 164.943329 0.892492 
639.806519 214.881332 0.884275 
639.803101 256.112610 0.852942 
683.893127 151.706711 0.797414 
683.941956 197.251419 0.347867 
688.383484 204.645889 0.148598 
658.926758 245.789398 0.719738 
661.883240 303.132538 0.827338 
653.096558 360.518463 0.844261 
670.665955 242.871719 0.657063 
642.784729 295.756592 0.795082 
629.478149 339.858124 0.793105 
689.846313 114.959633 0.885002 
0.000000 0.000000 0.000000 
675.078979 123.785500 0.977580 
0.000000 0.000000 0.000000 
