35
1
18
525.147217 156.090347 0.904890 
501.601196 194.321869 0.805116 
507.480804 200.219666 0.792361 
511.895874 244.329697 0.850689 
523.605774 276.700653 0.944358 
498.694794 191.398041 0.575720 
467.773987 214.914581 0.296924 
472.212921 201.641159 0.267192 
500.158203 264.892303 0.797309 
501.663910 310.466858 0.826031 
500.079803 353.096771 0.846595 
504.545959 263.377747 0.587948 
516.325317 307.525391 0.707723 
510.393341 345.707947 0.867805 
522.172729 148.783936 0.917913 
0.000000 0.000000 0.000000 
510.377563 157.574966 0.849747 
0.000000 0.000000 0.000000 
18
525.170227 157.507370 0.920917 
501.590515 194.326584 0.810355 
506.044373 200.225479 0.781208 
511.929474 242.881317 0.830779 
523.644592 276.668182 0.912335 
498.680786 192.788589 0.585125 
467.811554 214.937729 0.344098 
473.612488 200.207764 0.310480 
500.114777 264.848572 0.786549 
501.593384 310.417847 0.841430 
500.074707 353.093872 0.845212 
500.167023 261.963806 0.606272 
511.901489 307.512543 0.754260 
510.378967 345.688507 0.852692 
522.186584 150.221283 0.913402 
0.000000 0.000000 0.000000 
510.352448 157.599136 0.860471 
0.000000 0.000000 0.000000 
18
525.179321 156.088211 0.905278 
503.110077 194.268463 0.775345 
507.478790 198.729599 0.773003 
511.929169 242.849594 0.825801 
523.620605 276.657440 0.901803 
504.532257 191.354187 0.571628 
472.215057 216.337143 0.223105 
473.657867 198.766876 0.209523 
500.118713 263.412109 0.774208 
501.623077 309.006439 0.824691 
500.093628 353.094879 0.842255 
500.153351 260.488647 0.594528 
511.842133 306.047485 0.722097 
510.348724 344.310150 0.832417 
522.187317 148.778244 0.928548 
0.000000 0.000000 0.000000 
510.360596 157.569290 0.867700 
0.000000 0.000000 0.000000 
18
526.610962 156.046005 0.885738 
506.030762 194.291611 0.768688 
508.914612 198.745758 0.783190 
511.914825 244.292877 0.829028 
523.626099 276.677734 0.936187 
506.032440 191.401077 0.579293 
522.174255 234.044754 0.116591 
533.961426 251.651321 0.238666 
500.133026 263.393158 0.767439 
501.602142 309.003906 0.825833 
500.087006 351.644135 0.831229 
501.593414 260.460236 0.567747 
510.441589 306.065948 0.713060 
508.979095 344.298798 0.820980 
522.207520 148.732193 0.938151 
0.000000 0.000000 0.000000 
510.383087 157.553589 0.859306 
0.000000 0.000000 0.000000 
18
528.074890 154.644318 0.877841 
507.496490 194.269638 0.778513 
508.960693 197.300064 0.804261 
511.892639 242.819672 0.847245 
522.228943 275.212341 0.933503 
507.503265 191.378860 0.591264 
522.168457 232.583954 0.173289 
533.952820 251.670822 0.413433 
500.182159 263.443665 0.804673 
501.619232 310.423004 0.860568 
500.093018 353.097931 0.851762 
507.468170 261.948700 0.579608 
510.435394 308.962280 0.727174 
508.983032 344.310181 0.813495 
523.600403 147.361450 0.937347 
0.000000 0.000000 0.000000 
510.454865 157.531555 0.860438 
0.000000 0.000000 0.000000 
18
529.541992 156.037674 0.887472 
508.956024 194.270432 0.797993 
508.985687 197.276810 0.826248 
511.878174 241.390656 0.863585 
522.202576 275.239532 0.905415 
510.397430 191.384644 0.612430 
522.183655 234.033173 0.293714 
533.962830 251.675156 0.705218 
501.614594 264.857574 0.791257 
501.627045 310.474030 0.862461 
500.110382 353.113708 0.854591 
507.466339 263.370575 0.586315 
510.432434 309.027557 0.733623 
510.371735 345.721680 0.818847 
523.633179 148.719406 0.940479 
0.000000 0.000000 0.000000 
510.447632 157.536880 0.851971 
0.000000 0.000000 0.000000 
18
528.085205 157.590378 0.926323 
510.374756 194.269531 0.817978 
507.496429 197.240341 0.828876 
511.860809 241.328079 0.883554 
522.255859 275.137512 0.914360 
513.369629 191.392899 0.661939 
523.620544 231.107010 0.404579 
533.962646 251.626022 0.778513 
500.204865 263.450348 0.809425 
501.592224 310.449249 0.862816 
500.113373 353.125366 0.870625 
510.433258 261.969208 0.635473 
510.422577 309.018433 0.756114 
510.356445 345.691467 0.799713 
523.628540 151.691895 0.880631 
0.000000 0.000000 0.000000 
510.441284 157.531128 0.864861 
0.000000 0.000000 0.000000 
18
526.627563 157.594208 0.951492 
507.488220 192.835403 0.765179 
507.488647 195.776657 0.813445 
514.843384 239.911804 0.792380 
529.556030 273.694611 0.811464 
510.398834 189.933258 0.606307 
523.641602 231.127823 0.289184 
534.005005 245.807220 0.474616 
501.583191 263.374573 0.772229 
501.624573 310.410217 0.857430 
500.123810 353.107788 0.877122 
508.943634 260.495148 0.599251 
510.370789 308.958130 0.722341 
508.979279 344.298767 0.791624 
522.243591 151.717285 0.905746 
529.559204 151.684021 0.201512 
508.939667 157.561523 0.859359 
0.000000 0.000000 0.000000 
18
526.591248 159.037674 0.943161 
506.013275 192.855530 0.736925 
503.067810 195.829636 0.816987 
520.745972 238.393677 0.765585 
541.278687 264.934174 0.855765 
510.436737 191.333206 0.630538 
523.608032 229.596451 0.160953 
534.005005 245.807220 0.474616 
500.153412 259.015259 0.777425 
501.640747 307.513855 0.819189 
500.128662 351.641327 0.873430 
510.473053 256.087891 0.672713 
510.416962 306.036469 0.734379 
508.985199 344.260559 0.784217 
523.597656 156.046463 0.929691 
531.031067 156.065552 0.152581 
508.977234 157.546097 0.862937 
0.000000 0.000000 0.000000 
18
525.181702 160.519501 0.906044 
507.513763 192.863434 0.777597 
501.582520 194.396988 0.840900 
523.623291 236.983597 0.834252 
554.532532 254.620392 0.889089 
513.361572 191.353424 0.698436 
523.740540 229.615768 0.252856 
528.107849 254.641830 0.239788 
500.086029 257.547943 0.767214 
501.646210 306.036163 0.834200 
500.133881 350.180023 0.870738 
513.381104 256.055969 0.730355 
510.487885 303.128906 0.778346 
508.941681 344.253235 0.767335 
523.635315 157.493347 0.960709 
0.000000 0.000000 0.000000 
510.374481 157.496811 0.880853 
0.000000 0.000000 0.000000 
18
526.578308 160.534729 0.899277 
507.500427 192.826340 0.792333 
501.582733 194.313263 0.858702 
523.608521 231.103745 0.841747 
560.412354 242.851730 0.819291 
513.358215 191.374863 0.704691 
523.705994 228.160172 0.449583 
532.504761 253.128891 0.606798 
500.097565 257.554230 0.784288 
501.643433 306.065521 0.826302 
500.124512 350.183411 0.865905 
513.360901 256.087311 0.745718 
510.489044 304.586914 0.769548 
508.957458 344.263184 0.781979 
523.636719 157.508972 0.953057 
530.974487 157.550751 0.153676 
510.372375 157.509430 0.887177 
0.000000 0.000000 0.000000 
18
526.580017 160.478119 0.916020 
507.507660 191.400513 0.799881 
501.600037 192.866348 0.858159 
523.651001 229.669022 0.848131 
560.410461 229.634171 0.875963 
511.936188 191.330841 0.726589 
523.702454 228.139755 0.530446 
534.009521 251.684036 0.710662 
500.106598 257.541168 0.795274 
501.633423 306.087677 0.816490 
500.133057 350.184509 0.863152 
511.945984 256.068481 0.768355 
510.456696 304.585144 0.771154 
508.943695 344.264343 0.772680 
523.621704 156.108582 0.948327 
530.994263 157.505402 0.247405 
508.961914 157.485138 0.868733 
0.000000 0.000000 0.000000 
18
526.580261 159.101318 0.913489 
507.514862 191.386581 0.804438 
501.625427 192.876083 0.874024 
523.717834 229.594360 0.871338 
560.463074 219.380295 0.828226 
511.908417 189.924622 0.731115 
523.673950 228.114929 0.575143 
535.478760 251.684616 0.859307 
500.117188 257.545654 0.790853 
501.606628 306.062592 0.832319 
500.133026 350.159241 0.883431 
511.961243 256.086426 0.791476 
510.457031 303.138977 0.799055 
508.964569 344.273071 0.785386 
522.251831 156.102814 0.947423 
529.551147 157.490524 0.456524 
508.913544 157.515228 0.870348 
0.000000 0.000000 0.000000 
18
526.596130 159.085190 0.919577 
508.910583 191.389359 0.814884 
501.611053 192.871902 0.871041 
526.605164 228.164108 0.880726 
559.004272 216.349670 0.917751 
511.942261 191.325104 0.735090 
523.715820 228.082352 0.559425 
538.378418 251.617203 0.877305 
500.093323 258.999084 0.789952 
501.610199 306.071259 0.828700 
500.145905 351.624786 0.876150 
511.953308 257.562439 0.786285 
510.444305 303.145752 0.797627 
508.959229 344.283203 0.778920 
522.256958 156.091507 0.940964 
529.552307 157.474350 0.445671 
508.914124 157.522812 0.876324 
0.000000 0.000000 0.000000 
18
526.603943 159.077362 0.909918 
508.930389 191.385239 0.825134 
500.212585 192.872086 0.877899 
529.568237 226.646835 0.860704 
558.975281 209.027008 0.886143 
513.359558 189.927704 0.743017 
526.592712 228.086151 0.488134 
539.847900 248.720688 0.834530 
500.100952 256.101776 0.796702 
501.606842 306.036682 0.831471 
500.130585 350.182800 0.877954 
513.351379 256.078461 0.793865 
510.451843 303.108002 0.813516 
508.939453 344.286102 0.781425 
522.243164 156.091187 0.937059 
529.522888 156.111557 0.498032 
507.502869 157.532318 0.863612 
0.000000 0.000000 0.000000 
18
526.577148 159.055389 0.925332 
508.960083 191.327835 0.816563 
501.619354 192.812668 0.893222 
530.982361 220.800568 0.881575 
558.926514 206.022156 0.947580 
513.383301 189.880173 0.746663 
525.164185 226.665573 0.451988 
538.360291 245.790161 0.846935 
500.101166 257.558655 0.789582 
501.613434 306.086060 0.838812 
500.120239 350.204224 0.871329 
511.965149 257.567413 0.797910 
510.480072 304.579926 0.797764 
508.940125 344.304749 0.790639 
522.227539 156.064880 0.933552 
528.083496 156.091385 0.441780 
507.495667 157.521133 0.869320 
0.000000 0.000000 0.000000 
18
526.586304 159.042099 0.940482 
510.364136 188.420593 0.814486 
501.612122 191.379456 0.902791 
529.553711 217.780380 0.921637 
557.486816 203.169693 0.892013 
516.298523 185.527374 0.734103 
526.632324 222.251572 0.430136 
539.848694 248.709503 0.811653 
500.148285 254.641891 0.790241 
501.625641 304.606445 0.826229 
500.129059 350.174530 0.874378 
513.361511 254.635513 0.794844 
510.483429 303.104614 0.804510 
508.943237 344.297729 0.785215 
522.214294 156.066284 0.936918 
528.082397 156.031677 0.446482 
507.492065 157.534927 0.864816 
0.000000 0.000000 0.000000 
18
525.179688 159.049820 0.952077 
506.032074 186.964874 0.751360 
503.061066 191.328964 0.894238 
529.545593 209.031891 0.690638 
550.148438 204.543045 0.814761 
510.442017 185.508530 0.672215 
523.644165 229.586746 0.636677 
538.403503 251.615967 0.868798 
500.201996 256.101227 0.789522 
501.627350 306.056000 0.821137 
500.117004 350.176392 0.870908 
511.910797 256.085693 0.769466 
510.443390 303.138641 0.793400 
508.934692 344.281158 0.782856 
522.196838 156.076126 0.935878 
528.070801 156.034653 0.488463 
507.457611 157.520905 0.855292 
0.000000 0.000000 0.000000 
18
525.170837 159.059937 0.958881 
506.025726 185.482544 0.762318 
501.582458 188.460297 0.887993 
526.574707 206.073700 0.740446 
550.110657 198.733337 0.788418 
511.888733 184.082230 0.675340 
523.623169 228.115067 0.582166 
535.486755 251.631073 0.898133 
500.181213 257.526703 0.779818 
501.612427 307.502014 0.806748 
500.137482 350.179871 0.875897 
511.924713 257.538391 0.769399 
510.423950 304.576782 0.778395 
508.965820 344.275970 0.780868 
522.207703 156.070679 0.944945 
528.077942 156.057220 0.477448 
507.467316 156.116058 0.839898 
0.000000 0.000000 0.000000 
18
525.185303 159.041748 0.957327 
506.027985 184.056625 0.772234 
500.183502 188.441406 0.901357 
525.122986 204.585968 0.762678 
547.235168 197.248215 0.845430 
511.903687 184.039505 0.670492 
522.184998 225.165695 0.410670 
533.988464 250.181595 0.804621 
500.192047 256.074432 0.773935 
501.636597 306.048523 0.794332 
500.110657 350.165131 0.866781 
511.948364 256.085388 0.748146 
510.461639 303.127655 0.783793 
508.980652 344.277191 0.796772 
522.231812 156.053207 0.934212 
528.075806 156.050369 0.378451 
507.468750 156.120422 0.846137 
0.000000 0.000000 0.000000 
18
525.163208 159.020081 0.967481 
507.493744 184.065720 0.767155 
500.177002 188.459518 0.910921 
523.687927 204.576721 0.769202 
545.737915 194.364395 0.905122 
513.350281 184.028229 0.676661 
523.653015 220.795364 0.414270 
533.908752 251.617508 0.828615 
500.192230 256.079620 0.779763 
501.659637 306.048401 0.789349 
500.118317 350.150085 0.874383 
511.933075 256.095642 0.741024 
510.442627 303.136536 0.781143 
508.962067 344.280762 0.788097 
522.225403 154.649460 0.928708 
528.078857 156.034531 0.327144 
507.499176 156.093536 0.850753 
0.000000 0.000000 0.000000 
18
525.156067 158.978683 0.969330 
507.503387 184.025742 0.782174 
500.184021 188.436066 0.926312 
525.152161 204.542542 0.810961 
545.771606 192.897629 0.884354 
513.344971 182.613190 0.699023 
533.919006 197.292755 0.353301 
545.709534 194.285294 0.343926 
500.196106 254.626205 0.789276 
501.668457 304.602783 0.789658 
500.112183 350.152740 0.865961 
513.354675 254.622009 0.754501 
510.452911 303.104919 0.779067 
508.954315 344.283081 0.792628 
522.210571 154.612778 0.922365 
526.620422 153.162720 0.281282 
508.907623 157.484375 0.862903 
0.000000 0.000000 0.000000 
18
525.151001 157.615509 0.968097 
508.916534 182.633713 0.790139 
500.202576 186.990616 0.918178 
526.589050 201.683151 0.768643 
547.152405 192.836548 0.865120 
513.365784 182.572281 0.697597 
533.970764 195.782883 0.401442 
545.752930 194.291428 0.465699 
501.619995 254.610168 0.777499 
503.061890 304.602051 0.774364 
500.125092 350.167389 0.855053 
513.368958 254.614273 0.721296 
510.427216 303.101501 0.755097 
508.957733 344.296967 0.788571 
522.198853 153.169220 0.914244 
526.592712 151.708313 0.321918 
507.503815 156.120743 0.842386 
0.000000 0.000000 0.000000 
18
525.145752 157.620270 0.969209 
508.916107 182.621841 0.798171 
500.190735 186.996811 0.916939 
526.575378 201.676956 0.771388 
547.148376 192.813477 0.885041 
513.379028 182.555786 0.704829 
533.985596 195.792053 0.390369 
545.738953 194.299805 0.431773 
501.614960 253.204041 0.785667 
503.070892 304.590424 0.778845 
500.124084 350.158722 0.858751 
514.823181 253.198685 0.720627 
510.448700 301.699432 0.766256 
508.938232 344.289490 0.777389 
522.200500 153.169830 0.914551 
526.601135 153.135178 0.286886 
507.504517 156.110825 0.844863 
0.000000 0.000000 0.000000 
18
525.120117 158.975647 0.968233 
507.512665 182.638107 0.800769 
500.188354 188.412704 0.917585 
526.627930 201.697632 0.776308 
547.153931 192.777725 0.859170 
513.367371 182.572525 0.704825 
533.993286 195.805527 0.426522 
545.767151 192.878235 0.479048 
501.596802 254.584534 0.789172 
501.657867 304.612244 0.782137 
500.134247 351.639374 0.852305 
514.822205 254.581573 0.727626 
510.435638 303.114349 0.751751 
508.963409 344.311554 0.775918 
522.200500 154.602936 0.915930 
525.177979 153.162415 0.239615 
508.911163 156.108047 0.848980 
0.000000 0.000000 0.000000 
18
525.116028 157.636536 0.970218 
507.508423 182.637100 0.794143 
500.204681 188.416580 0.912396 
529.523804 201.685867 0.758118 
547.176208 192.796158 0.866902 
513.361816 182.571655 0.692594 
534.017761 195.791718 0.399001 
545.745422 194.283783 0.437067 
501.611542 253.207520 0.785565 
501.667816 304.591980 0.778133 
500.130066 350.197906 0.842162 
514.816528 253.200302 0.729025 
510.439392 301.702515 0.757585 
508.957428 344.303284 0.773920 
522.188416 154.593643 0.915326 
525.168884 153.139572 0.238780 
507.476746 156.103149 0.846288 
0.000000 0.000000 0.000000 
18
525.113770 157.624893 0.965883 
507.508148 184.003845 0.785941 
500.201752 188.420639 0.913792 
526.609375 201.701706 0.775087 
547.193604 192.812103 0.892683 
513.344666 182.582535 0.701068 
533.988892 195.800583 0.390207 
545.738831 194.296005 0.425623 
501.602325 253.205566 0.784704 
501.662872 304.590332 0.778635 
500.122772 350.191406 0.839690 
513.398315 254.575211 0.733364 
510.440887 301.700989 0.753989 
508.966400 345.686279 0.783224 
522.199829 153.172852 0.913386 
525.177673 151.673599 0.163071 
508.906189 156.105911 0.854063 
0.000000 0.000000 0.000000 
18
525.133240 157.633820 0.959273 
507.470245 184.008469 0.769390 
500.193817 188.434464 0.911598 
525.183899 203.142212 0.804480 
547.220337 192.846100 0.900800 
511.908722 182.593323 0.699904 
533.928406 198.729416 0.381984 
545.739990 194.312607 0.369758 
500.202789 254.600525 0.788984 
501.660553 306.039978 0.788035 
500.122375 350.197266 0.850420 
511.930084 254.588074 0.737291 
510.433380 303.115997 0.750394 
508.968109 344.313232 0.790066 
522.234192 154.592010 0.911916 
528.059387 148.760437 0.090713 
508.981506 156.117920 0.870893 
0.000000 0.000000 0.000000 
18
525.161499 157.632431 0.955921 
507.491577 184.030624 0.760106 
500.212494 188.427872 0.896030 
525.165283 203.149841 0.789608 
547.233276 192.849365 0.907385 
511.906952 182.622360 0.690449 
533.899780 198.758514 0.331556 
545.723267 194.294174 0.284402 
500.172028 254.621185 0.793246 
501.640076 306.040375 0.781042 
500.139252 350.187927 0.839981 
511.949890 254.618210 0.758476 
510.443176 303.127594 0.760952 
508.963257 344.315613 0.782318 
522.251160 153.182907 0.907925 
528.086121 148.773605 0.093497 
508.981598 156.108841 0.865469 
0.000000 0.000000 0.000000 
18
525.149414 157.629425 0.968016 
507.483856 184.016434 0.767917 
500.200378 186.998093 0.899566 
525.171692 204.537048 0.807108 
547.267517 192.841843 0.911767 
511.909882 182.611481 0.708540 
533.901367 201.682358 0.354363 
547.149780 194.311691 0.264404 
500.167755 254.631622 0.793466 
501.618378 306.063660 0.789591 
500.150818 350.182434 0.847369 
511.960022 254.633179 0.758494 
510.430420 303.139923 0.760102 
508.971039 344.313293 0.783695 
522.234619 153.180847 0.908156 
526.632202 148.777237 0.107154 
508.948181 156.105865 0.855148 
0.000000 0.000000 0.000000 
18
525.172546 157.582642 0.963375 
507.483978 182.622574 0.774498 
500.211426 186.979385 0.881547 
525.153320 204.558807 0.797221 
548.632568 192.874924 0.894252 
511.894348 182.577133 0.707372 
533.893494 198.729416 0.364583 
547.164978 194.286560 0.328708 
501.644928 254.617767 0.773294 
501.654022 306.043121 0.786084 
500.131409 348.752411 0.861429 
511.871887 254.602570 0.727838 
510.368500 303.102325 0.740630 
508.948792 344.301239 0.775239 
522.229309 153.125168 0.903833 
525.181030 148.764328 0.197015 
508.916626 156.093796 0.836636 
0.000000 0.000000 0.000000 
18
525.174622 157.574646 0.958659 
508.906830 184.010513 0.769293 
501.621613 188.415405 0.879884 
526.610413 204.582199 0.781133 
548.679260 192.872375 0.874319 
511.896301 182.601959 0.720443 
533.915955 198.740768 0.372586 
547.213562 194.292328 0.326311 
501.620026 254.612366 0.774637 
501.649780 306.042725 0.789873 
500.139496 350.166931 0.859228 
511.869476 254.597672 0.732021 
510.356720 303.103638 0.731314 
508.969116 344.315308 0.774411 
522.236816 151.701294 0.903119 
525.198792 148.756912 0.183889 
508.931488 156.077713 0.856194 
0.000000 0.000000 0.000000 
18
525.189087 157.567276 0.950631 
507.481567 184.008270 0.756156 
501.627075 186.998672 0.866580 
526.625977 204.576172 0.742897 
548.709961 192.884415 0.859752 
510.477173 182.611984 0.711570 
533.924927 197.303680 0.370406 
547.229736 194.286438 0.354476 
503.054932 254.610580 0.767200 
503.070496 304.610565 0.779241 
500.135101 348.760529 0.851335 
510.453857 254.587738 0.712850 
508.963989 301.700806 0.717673 
508.957062 344.304321 0.763784 
523.600159 151.691315 0.904205 
526.637085 147.378265 0.102912 
510.362854 156.053131 0.860059 
0.000000 0.000000 0.000000 
18
526.589294 157.584930 0.938066 
507.487091 184.009064 0.753795 
501.636810 188.433334 0.870117 
529.516052 204.558197 0.731620 
550.124695 192.867706 0.828807 
511.867157 182.606613 0.707089 
533.985535 195.829926 0.443297 
550.136597 192.890396 0.443442 
503.075256 254.601990 0.757729 
503.076080 304.610229 0.773628 
500.126190 350.176300 0.849646 
511.860199 254.582428 0.690781 
508.973358 301.700226 0.717005 
508.971741 345.692291 0.783171 
523.617737 153.128998 0.896784 
528.096497 148.764328 0.103117 
510.384674 156.073563 0.856323 
0.000000 0.000000 0.000000 
18
526.607605 157.591507 0.927187 
507.470032 182.639877 0.755068 
503.057434 188.469833 0.863128 
532.437073 204.523087 0.707218 
550.134521 192.910156 0.817401 
510.451782 182.582809 0.670201 
534.006836 194.366272 0.477982 
551.588562 194.267944 0.519560 
504.552643 254.607788 0.753167 
503.071442 304.605896 0.764414 
500.122314 350.150513 0.846048 
510.400360 254.579239 0.655318 
508.940674 301.685120 0.694291 
508.972107 344.305023 0.777951 
523.630920 153.152115 0.902580 
529.557068 148.774612 0.085116 
510.400543 156.090973 0.861944 
0.000000 0.000000 0.000000 
