57
1
18
570.731079 234.018921 0.779335 
533.986450 239.911972 0.937452 
538.366272 250.203003 0.853132 
533.938965 298.777740 0.877495 
569.204712 298.732025 0.981066 
525.144409 231.070786 0.801284 
544.213745 259.032104 0.306669 
560.449097 263.370544 0.741143 
525.146667 310.484039 0.534490 
594.282043 304.617706 0.872360 
573.640930 356.064392 0.828658 
513.403442 301.645782 0.428433 
580.980286 282.529877 0.343749 
581.049500 301.691986 0.070603 
570.776367 228.193787 0.896192 
0.000000 0.000000 0.000000 
560.440125 223.711868 0.894043 
0.000000 0.000000 0.000000 
18
570.723511 233.996658 0.743902 
533.972229 239.915024 0.938180 
536.957397 250.200165 0.853323 
533.927673 298.751251 0.862980 
569.199219 298.740387 1.000684 
525.147461 231.082520 0.798977 
544.262024 259.005310 0.383875 
563.340942 263.371826 0.792702 
529.543091 309.001068 0.510702 
594.282471 306.048035 0.856051 
573.646179 355.995178 0.810068 
516.330566 300.176086 0.400795 
591.243164 297.220398 0.304813 
580.992493 345.699249 0.352875 
570.778259 228.194702 0.884020 
0.000000 0.000000 0.000000 
560.462402 223.748489 0.902600 
0.000000 0.000000 0.000000 
18
570.671570 232.585968 0.783327 
533.965332 239.903824 0.943443 
536.957764 250.191360 0.859910 
533.895386 298.738800 0.853638 
569.164307 298.736389 0.989756 
525.125549 231.066360 0.817713 
544.245422 259.011902 0.370640 
561.921387 263.356628 0.798718 
526.634033 309.006592 0.513988 
594.276855 306.073822 0.883664 
573.650269 356.003662 0.826599 
514.850281 300.164001 0.418186 
579.561768 279.583954 0.384556 
581.009521 301.711395 0.072969 
570.727539 228.186066 0.914028 
0.000000 0.000000 0.000000 
560.447632 222.283615 0.901373 
0.000000 0.000000 0.000000 
18
569.266907 232.587921 0.755693 
533.914246 239.897461 0.929980 
536.900818 250.195831 0.869231 
533.894226 298.736359 0.843086 
567.781738 298.749725 0.977708 
523.728333 231.055923 0.837443 
542.791321 260.502136 0.421405 
561.907959 263.363647 0.866859 
529.533997 307.538635 0.514050 
594.278198 307.511108 0.908595 
572.228882 356.012146 0.850114 
514.848572 300.155701 0.419495 
580.987244 281.072906 0.395179 
580.996155 301.703613 0.070345 
570.658264 229.547226 0.890596 
0.000000 0.000000 0.000000 
560.416992 223.734451 0.914811 
0.000000 0.000000 0.000000 
18
569.244141 232.579865 0.801836 
533.895874 239.894028 0.928398 
536.868591 250.196976 0.884735 
533.870911 298.737640 0.833666 
567.727600 298.744629 0.988811 
523.724854 231.062454 0.837291 
542.764648 261.961212 0.436963 
563.349426 263.379486 0.827626 
529.543640 306.071350 0.509049 
594.265869 307.529724 0.919322 
572.230591 356.003723 0.841709 
514.865601 298.713409 0.413050 
581.015686 281.054657 0.388286 
580.987793 345.703735 0.349731 
569.294189 228.190216 0.930733 
0.000000 0.000000 0.000000 
559.019226 223.715012 0.931379 
0.000000 0.000000 0.000000 
18
569.201355 234.026932 0.821315 
533.895691 239.908585 0.928570 
535.511902 250.187225 0.892050 
532.433105 298.761292 0.827029 
566.323059 298.739594 0.974610 
523.743408 231.077164 0.827992 
542.798218 260.494751 0.428127 
564.833435 263.406982 0.836262 
525.166138 307.514282 0.520698 
594.296631 307.515320 0.913548 
573.647522 356.015472 0.826851 
513.392334 298.708527 0.433715 
591.243896 298.666351 0.306406 
581.007080 345.715942 0.358495 
569.253845 229.553543 0.943080 
0.000000 0.000000 0.000000 
558.986450 223.756439 0.947947 
0.000000 0.000000 0.000000 
18
569.205933 232.551727 0.788922 
533.894653 239.913071 0.908878 
535.471558 250.185211 0.868367 
535.412842 253.205032 0.097157 
566.323059 298.739594 0.974610 
525.109924 231.088669 0.809690 
536.920166 263.443665 0.420532 
558.913147 261.967285 0.905363 
532.490601 300.212738 0.542279 
595.699890 308.948181 0.873658 
572.214233 356.010376 0.828471 
516.329346 295.784943 0.382093 
591.255310 297.237579 0.341157 
582.480835 344.293182 0.424635 
569.241699 228.180191 0.925312 
0.000000 0.000000 0.000000 
558.931396 223.750107 0.947563 
0.000000 0.000000 0.000000 
18
569.190674 231.136765 0.757710 
532.504517 239.894165 0.910297 
535.465088 250.159775 0.854005 
523.610352 298.679474 0.860691 
560.403625 298.703461 0.930630 
523.706543 231.072617 0.823097 
538.355957 261.935944 0.359377 
558.920227 263.346069 0.874198 
526.617065 308.986328 0.529854 
595.694641 307.544403 0.874667 
572.241394 356.006653 0.798488 
513.375916 300.208374 0.355490 
580.970459 278.148773 0.501238 
581.021851 344.294373 0.407263 
569.228638 228.162018 0.899498 
0.000000 0.000000 0.000000 
558.902893 222.290710 0.942912 
0.000000 0.000000 0.000000 
18
567.783020 232.590408 0.726024 
532.436584 239.880707 0.887845 
535.407654 248.729752 0.844076 
522.162292 298.639954 0.855076 
560.402527 298.659668 0.887142 
523.686890 231.077332 0.825652 
535.418030 264.895874 0.333436 
558.928406 264.912720 0.749405 
526.610046 311.940643 0.534169 
595.705017 307.521484 0.887823 
572.244995 356.001770 0.813757 
511.904999 306.079285 0.364947 
591.252197 297.225464 0.293983 
581.007080 344.271820 0.355367 
569.197510 228.182022 0.858887 
0.000000 0.000000 0.000000 
558.882935 223.722916 0.939450 
0.000000 0.000000 0.000000 
18
567.774536 234.025345 0.769831 
531.026489 239.879990 0.872471 
534.017517 248.720505 0.834946 
522.123108 298.635254 0.855630 
557.523438 298.650879 0.935824 
523.685669 231.093750 0.802576 
535.377197 264.939209 0.355819 
557.447449 273.734314 0.609889 
523.689270 310.446991 0.543721 
595.718689 307.549988 0.866815 
572.216797 356.023956 0.822722 
511.862274 303.132477 0.370535 
582.482483 283.993988 0.416106 
582.460876 344.251373 0.378037 
569.187256 228.188141 0.884694 
0.000000 0.000000 0.000000 
557.530212 223.706512 0.932125 
0.000000 0.000000 0.000000 
18
567.749390 235.468094 0.777864 
529.570801 239.912292 0.861819 
533.939209 250.156265 0.829025 
522.146484 298.700958 0.863818 
557.470520 298.697998 0.881027 
523.666138 231.124756 0.784189 
535.371155 264.934357 0.429626 
556.008240 276.629456 0.749383 
523.700073 307.542297 0.525409 
594.319946 307.556793 0.867636 
572.212097 356.036774 0.794875 
511.909088 300.184113 0.365378 
582.539917 285.478668 0.422129 
582.437439 345.708038 0.439403 
569.160339 229.561279 0.887205 
0.000000 0.000000 0.000000 
557.497375 225.163422 0.940450 
0.000000 0.000000 0.000000 
18
567.733521 234.026321 0.770329 
529.531128 239.936981 0.858270 
533.916626 250.169754 0.828234 
522.169128 298.733826 0.883422 
557.491882 298.707153 0.868769 
523.637390 232.536316 0.789339 
535.378296 266.413391 0.404817 
557.487183 278.135284 0.726804 
523.718994 309.011444 0.530849 
594.322632 308.955750 0.879638 
572.187012 356.040894 0.811128 
511.922333 300.224884 0.359278 
592.730103 298.669678 0.365377 
582.482544 344.299408 0.440159 
567.795898 228.195419 0.885225 
0.000000 0.000000 0.000000 
557.477478 223.739944 0.938901 
0.000000 0.000000 0.000000 
18
567.724854 235.471466 0.765317 
530.974915 239.930222 0.857129 
533.916626 250.163956 0.813793 
522.225464 298.770020 0.892357 
557.520630 298.728363 0.886134 
523.672241 232.534363 0.776628 
535.423706 266.406982 0.473315 
557.498718 276.675720 0.781149 
523.677185 306.078583 0.539372 
594.316711 308.951477 0.869845 
572.188477 357.436096 0.798019 
513.365662 298.719910 0.379656 
582.513489 284.016144 0.506664 
582.442078 345.777161 0.475486 
567.787170 229.562546 0.881383 
0.000000 0.000000 0.000000 
557.467407 225.164139 0.933859 
0.000000 0.000000 0.000000 
18
567.721863 235.473221 0.763080 
530.978699 241.331207 0.860868 
533.898071 250.198105 0.831165 
522.196777 300.142365 0.873872 
557.480530 298.695251 0.883509 
523.692993 232.573883 0.749341 
536.873657 267.857239 0.465506 
558.940063 278.134155 0.769042 
523.673218 307.524963 0.540742 
595.683838 308.944702 0.866513 
572.231323 356.067017 0.797598 
513.402466 298.737213 0.360433 
582.462891 281.108795 0.562467 
581.016968 345.740723 0.437298 
567.779541 229.568604 0.885748 
0.000000 0.000000 0.000000 
557.458618 225.184265 0.923432 
0.000000 0.000000 0.000000 
18
567.715271 235.485748 0.721419 
530.992065 241.360306 0.866621 
533.897827 251.616791 0.830058 
522.202942 300.139496 0.875592 
557.470520 298.709625 0.886324 
523.716858 234.010757 0.735850 
536.896301 266.411163 0.473224 
558.938599 278.115540 0.772578 
523.696899 308.969055 0.537782 
595.690308 308.962097 0.867131 
572.220642 356.055023 0.803650 
513.411194 300.153290 0.341708 
582.440430 281.078247 0.536584 
581.036316 345.709717 0.404467 
567.778381 229.579788 0.854718 
0.000000 0.000000 0.000000 
557.471863 225.217499 0.929021 
0.000000 0.000000 0.000000 
18
566.324524 236.947510 0.742618 
530.992554 241.360382 0.871680 
533.911804 251.621582 0.829645 
522.223389 300.154144 0.889130 
557.481323 298.737091 0.892142 
523.702759 234.000061 0.749377 
535.464722 266.412689 0.451138 
557.521118 279.602722 0.726390 
523.674622 308.982544 0.544094 
595.702698 308.964386 0.870948 
572.204895 356.069458 0.812058 
513.376648 300.159912 0.358225 
582.503235 282.552368 0.532909 
582.447266 345.709137 0.415168 
567.775085 229.611588 0.862754 
0.000000 0.000000 0.000000 
557.485291 226.629425 0.932498 
0.000000 0.000000 0.000000 
18
567.724854 235.498672 0.736819 
531.018799 241.369690 0.875144 
533.941040 251.637817 0.839104 
522.229431 300.151550 0.894269 
557.498901 298.722565 0.906849 
523.716736 234.009445 0.747678 
536.877014 267.842285 0.432995 
558.951843 282.519531 0.699092 
523.696350 309.003357 0.552664 
595.699036 307.553467 0.860655 
572.206299 356.064423 0.806328 
513.367249 300.173828 0.357796 
582.510498 284.014801 0.528736 
581.042480 345.715546 0.419243 
567.786926 229.591797 0.868442 
0.000000 0.000000 0.000000 
557.503662 226.643677 0.937488 
0.000000 0.000000 0.000000 
18
567.718323 235.514328 0.713014 
531.012329 241.358124 0.879181 
533.959045 251.615448 0.846502 
522.242371 300.163361 0.888880 
557.500793 298.735321 0.879424 
523.718933 234.007874 0.764308 
535.413757 266.381592 0.472668 
556.011414 278.174377 0.803602 
523.700439 310.436646 0.529026 
595.705566 308.953796 0.841627 
572.218323 356.060150 0.799970 
511.945007 300.193420 0.354779 
582.503357 285.464417 0.444887 
581.036133 345.721741 0.404787 
567.781860 229.609039 0.831140 
0.000000 0.000000 0.000000 
557.523376 226.666153 0.949046 
0.000000 0.000000 0.000000 
18
567.717529 236.926285 0.732550 
531.015503 241.351761 0.883261 
533.954834 251.613083 0.844565 
522.249695 300.178192 0.889569 
557.497375 298.727356 0.900820 
523.717224 234.002304 0.762593 
535.461487 266.404205 0.475667 
557.446350 278.133881 0.821591 
523.653809 309.024841 0.546904 
595.686035 308.973297 0.859352 
572.217102 356.062744 0.794427 
511.943237 300.188782 0.373912 
582.496094 284.026550 0.462702 
582.473450 345.728546 0.467436 
567.786377 229.609711 0.840612 
0.000000 0.000000 0.000000 
557.527039 226.654160 0.938527 
0.000000 0.000000 0.000000 
18
567.727112 235.497803 0.713164 
531.015686 241.352234 0.878169 
533.944824 251.615372 0.836329 
522.238647 300.158264 0.877889 
557.464233 298.737183 0.892137 
523.725586 234.002060 0.758369 
536.868835 266.416992 0.487948 
557.499146 278.120850 0.837330 
523.693787 308.983124 0.534246 
595.683350 308.970642 0.848600 
572.226196 356.046539 0.783265 
513.364197 300.163666 0.355022 
582.468445 281.101227 0.476964 
582.463074 345.713043 0.454632 
567.791199 229.594696 0.828598 
0.000000 0.000000 0.000000 
557.535767 226.664444 0.936427 
0.000000 0.000000 0.000000 
18
567.723938 235.515549 0.705665 
531.029053 241.348526 0.883983 
533.954712 251.611359 0.838057 
522.239014 300.144562 0.877502 
557.456421 298.741211 0.897519 
523.733093 233.999268 0.757685 
536.925476 267.873505 0.496895 
558.943054 278.144104 0.830639 
523.692261 308.969269 0.539344 
595.695679 308.968903 0.850284 
572.200073 356.057953 0.792585 
513.366821 300.157562 0.361948 
582.473450 279.613617 0.481619 
582.481934 345.713898 0.473287 
567.789978 229.607391 0.827814 
0.000000 0.000000 0.000000 
557.529602 226.672043 0.944223 
0.000000 0.000000 0.000000 
18
567.718994 236.927948 0.729183 
531.032959 241.346512 0.889224 
533.965820 251.609329 0.841147 
522.236694 300.155457 0.873551 
557.485779 298.727783 0.884879 
523.727783 233.997757 0.761338 
536.925476 269.303894 0.489202 
558.932495 279.583984 0.814546 
523.656250 309.011261 0.544258 
595.689026 308.962677 0.857220 
572.218201 356.050812 0.799765 
511.921844 300.194305 0.374803 
582.466125 279.625610 0.480095 
582.466919 345.702179 0.431103 
567.788025 229.608337 0.846725 
0.000000 0.000000 0.000000 
557.518799 226.661667 0.938878 
0.000000 0.000000 0.000000 
18
567.743469 236.939468 0.749765 
532.429199 241.352173 0.886862 
533.979980 250.218140 0.842049 
522.233215 300.170288 0.891775 
557.486328 298.735199 0.922493 
523.735596 234.018661 0.746116 
536.906982 269.330475 0.440535 
558.996643 283.998230 0.717408 
522.236572 310.467346 0.551477 
595.688843 308.973907 0.857425 
572.213257 356.065979 0.814946 
511.934418 300.226288 0.366973 
582.465149 282.529480 0.560537 
582.469543 345.701233 0.437491 
569.158081 229.612961 0.868118 
0.000000 0.000000 0.000000 
557.521423 226.644913 0.938956 
0.000000 0.000000 0.000000 
18
567.736328 235.515472 0.759193 
532.431763 241.335632 0.872721 
533.969482 250.203171 0.826471 
523.597168 300.133331 0.879612 
557.486572 298.721893 0.864056 
525.111572 234.016403 0.742033 
538.363220 269.326996 0.502578 
558.952759 279.593140 0.822905 
523.695496 307.539551 0.540976 
595.700562 308.969147 0.873372 
572.222351 356.062836 0.807908 
511.957031 300.152222 0.363344 
582.460999 281.090881 0.576244 
582.446838 345.698212 0.402464 
567.799438 229.600006 0.883081 
0.000000 0.000000 0.000000 
557.516052 226.632370 0.929208 
0.000000 0.000000 0.000000 
18
567.749023 234.050247 0.756304 
531.026367 241.355988 0.871402 
533.950806 251.611649 0.834325 
523.595642 300.131592 0.878690 
557.472717 298.695496 0.857801 
523.727295 234.015869 0.750205 
538.356750 269.298187 0.504873 
558.931458 279.600861 0.815860 
523.689209 308.973724 0.539333 
595.684937 307.540497 0.842633 
572.219299 356.057465 0.801193 
511.942932 300.169098 0.364817 
582.495117 281.088501 0.411789 
581.049011 345.733948 0.441830 
567.797363 229.564819 0.880788 
0.000000 0.000000 0.000000 
557.507141 226.626190 0.930305 
0.000000 0.000000 0.000000 
18
567.731567 235.479385 0.755630 
531.036072 241.341949 0.870592 
533.953857 250.214081 0.830823 
523.601563 300.133057 0.882308 
557.473755 298.667572 0.827549 
523.737976 234.000946 0.743738 
538.378479 269.333252 0.522189 
558.963684 279.623108 0.829307 
523.706055 307.520447 0.533294 
595.693054 307.550232 0.843969 
572.210327 356.033630 0.787061 
513.356628 298.726807 0.361102 
592.729858 297.211426 0.368443 
581.051697 345.737000 0.453565 
567.787781 229.578278 0.879506 
0.000000 0.000000 0.000000 
557.499451 226.643738 0.934079 
0.000000 0.000000 0.000000 
18
567.747192 235.506409 0.774940 
531.031677 241.364670 0.874246 
533.956604 251.606140 0.839448 
523.597473 300.132813 0.882764 
557.432068 298.664063 0.823143 
523.732605 234.028244 0.739502 
539.802368 270.776550 0.499415 
558.967957 281.087372 0.794642 
523.713989 308.976990 0.525586 
595.699463 308.946045 0.828170 
572.215759 356.046143 0.787364 
511.963318 300.178314 0.352281 
592.800598 298.724243 0.386548 
582.481567 345.708801 0.462716 
567.797913 229.593033 0.887878 
0.000000 0.000000 0.000000 
557.499451 226.637360 0.929437 
0.000000 0.000000 0.000000 
18
567.740784 235.519836 0.781462 
531.024231 241.366074 0.866661 
533.948792 250.208252 0.836207 
523.605469 300.124115 0.884369 
557.408203 298.675995 0.772385 
523.726746 234.042938 0.731188 
538.345520 272.236847 0.491091 
558.915894 281.056000 0.847989 
525.154724 307.538391 0.511789 
595.709351 307.550690 0.830651 
572.197571 356.023987 0.780796 
513.403625 298.738403 0.336387 
594.177856 298.719635 0.406216 
582.465027 345.715240 0.478340 
567.798767 229.594116 0.890748 
0.000000 0.000000 0.000000 
557.503540 226.617813 0.925433 
0.000000 0.000000 0.000000 
18
567.743164 235.499481 0.764549 
531.018982 241.368484 0.859620 
533.929871 251.603760 0.831313 
523.613525 300.141327 0.887607 
557.421997 298.655914 0.737420 
523.733459 234.032654 0.728713 
538.340210 269.332123 0.502705 
557.534912 279.620758 0.880217 
525.167480 307.529785 0.511279 
595.712463 307.542938 0.833043 
572.220825 356.030731 0.776797 
514.851746 298.709595 0.335445 
594.178589 298.705658 0.425640 
582.443420 345.728485 0.472151 
569.153503 229.583481 0.879070 
0.000000 0.000000 0.000000 
557.513306 226.626801 0.925439 
0.000000 0.000000 0.000000 
18
567.729553 235.513260 0.768630 
531.005615 241.364822 0.867185 
533.922058 251.617706 0.832732 
523.626221 300.133270 0.886125 
557.433899 298.657288 0.746936 
523.721619 234.018066 0.744047 
538.356567 269.309937 0.517786 
558.894592 279.616943 0.884255 
525.120605 307.513306 0.527562 
595.697449 307.545441 0.844066 
572.216614 356.022675 0.783137 
513.413330 298.705811 0.348344 
592.786133 298.681366 0.399561 
581.033264 345.752411 0.466062 
567.786377 229.591553 0.882876 
0.000000 0.000000 0.000000 
557.489075 226.633942 0.927669 
0.000000 0.000000 0.000000 
18
567.724731 235.500275 0.768479 
530.987976 241.381348 0.864852 
533.922668 251.612747 0.832422 
523.626709 300.124054 0.872653 
557.424011 298.670654 0.790600 
523.699524 234.040558 0.750055 
536.918884 267.828857 0.510994 
557.474731 279.632111 0.844088 
525.148560 308.981750 0.539109 
595.698425 307.553864 0.839399 
572.204712 356.056458 0.786972 
514.842896 298.731842 0.335093 
592.773499 298.701050 0.422554 
580.997559 345.789917 0.458529 
567.783752 229.582123 0.877998 
0.000000 0.000000 0.000000 
557.492126 226.615311 0.932418 
0.000000 0.000000 0.000000 
18
567.722656 236.927536 0.766073 
530.991028 241.369766 0.861376 
533.910583 250.207443 0.831342 
523.626038 300.114594 0.871757 
557.427368 298.678223 0.789214 
523.716614 234.035004 0.736100 
538.345764 266.411957 0.521427 
557.492065 279.597382 0.874839 
526.591492 307.543060 0.524858 
595.692261 307.529175 0.833819 
572.211853 356.050323 0.769018 
529.529602 297.210815 0.310537 
592.771423 298.669220 0.392260 
580.976257 345.781189 0.437536 
567.792175 229.597244 0.882196 
0.000000 0.000000 0.000000 
557.503235 226.620712 0.943094 
0.000000 0.000000 0.000000 
18
567.719971 236.932281 0.753244 
530.987488 241.372818 0.854356 
533.890747 250.198029 0.824571 
523.614746 300.111786 0.874465 
557.411316 298.686035 0.791590 
523.726196 234.036850 0.720795 
538.377014 267.828217 0.534954 
557.502930 278.157074 0.908270 
523.713989 308.995911 0.540577 
595.704956 307.534637 0.829467 
572.191711 356.039124 0.780353 
529.518005 297.223083 0.309292 
592.793091 298.686005 0.388395 
581.023193 345.734192 0.450670 
567.796631 229.599258 0.876121 
0.000000 0.000000 0.000000 
557.507568 226.610001 0.944192 
0.000000 0.000000 0.000000 
18
567.717041 235.514374 0.724049 
531.001160 241.381821 0.857610 
533.886353 250.189835 0.822710 
523.598633 298.765167 0.881197 
556.008545 298.683655 0.801855 
525.142456 235.495010 0.711863 
539.842957 269.302795 0.536861 
558.894958 278.150574 0.892184 
523.688416 309.009216 0.546632 
594.319641 308.955048 0.842347 
572.194580 356.034027 0.776128 
528.060486 297.246948 0.308548 
592.792542 298.677521 0.379757 
581.013367 345.758148 0.472684 
567.790039 229.590912 0.855388 
0.000000 0.000000 0.000000 
557.504517 226.611679 0.933365 
0.000000 0.000000 0.000000 
18
567.749207 235.488968 0.773530 
531.019653 241.378387 0.855888 
533.888306 250.206818 0.820941 
523.594604 300.111298 0.892407 
557.422729 298.657379 0.787578 
525.146545 235.482834 0.698529 
538.381714 269.308655 0.503522 
557.502136 279.599792 0.853506 
523.696289 308.990051 0.547643 
595.690369 307.553894 0.840822 
572.197021 356.041718 0.780854 
529.534729 297.221619 0.333191 
592.749268 297.235229 0.410710 
581.015564 345.765503 0.474368 
569.150757 229.566818 0.894827 
0.000000 0.000000 0.000000 
557.482239 225.212585 0.926851 
0.000000 0.000000 0.000000 
18
567.725220 235.507690 0.775789 
531.014160 241.368149 0.859851 
533.880859 250.204056 0.817399 
523.608337 298.782745 0.886903 
556.028748 298.653503 0.775790 
525.132751 234.048798 0.704906 
538.365479 267.859009 0.500447 
557.479675 279.578186 0.836103 
523.688538 307.545959 0.548025 
594.309570 308.960693 0.855160 
572.215332 356.040466 0.785126 
529.542969 295.766113 0.341362 
592.732727 297.200378 0.411197 
581.039734 345.746735 0.491670 
567.781250 229.581604 0.890193 
0.000000 0.000000 0.000000 
557.472961 225.221558 0.921086 
0.000000 0.000000 0.000000 
18
566.325195 236.927048 0.772073 
531.007629 241.345688 0.855541 
532.509705 250.186783 0.814196 
523.626343 300.134125 0.888376 
557.463562 298.649353 0.773948 
525.139038 234.041946 0.705749 
536.923401 266.407837 0.531615 
557.476868 278.167999 0.868119 
523.641479 307.520020 0.540876 
594.315857 308.974518 0.862290 
572.216003 356.056824 0.787794 
529.529053 294.296539 0.343645 
582.488586 279.612274 0.507503 
581.028442 345.761566 0.476704 
567.771118 229.590683 0.886273 
0.000000 0.000000 0.000000 
557.449158 225.225327 0.927895 
0.000000 0.000000 0.000000 
18
566.311401 235.498825 0.764383 
530.985413 241.337158 0.852454 
532.494995 250.166016 0.806545 
523.615173 300.137909 0.885520 
557.446960 297.266541 0.751126 
525.122803 234.041275 0.712004 
536.917725 266.386536 0.536485 
557.505554 278.147156 0.893265 
522.229248 308.993652 0.551808 
594.320129 307.551849 0.854226 
572.224792 356.060730 0.783184 
528.058594 295.765900 0.329223 
592.747498 297.207947 0.403399 
581.045288 345.777985 0.477401 
567.757935 229.576004 0.881602 
0.000000 0.000000 0.000000 
557.444153 225.185150 0.922425 
0.000000 0.000000 0.000000 
18
566.300903 235.472687 0.725993 
530.990662 241.350952 0.845503 
532.481445 250.180466 0.807750 
523.617920 300.120453 0.892559 
557.444885 297.261505 0.753237 
525.153503 235.472900 0.696117 
538.342712 267.825256 0.525317 
557.537476 279.587128 0.883848 
523.694397 307.551941 0.548938 
595.700623 307.551483 0.837171 
572.242493 356.034821 0.744401 
532.468750 294.312714 0.358928 
594.193787 298.706573 0.429308 
581.049377 345.794830 0.505473 
567.750671 229.567642 0.852393 
0.000000 0.000000 0.000000 
557.437805 225.185440 0.915661 
0.000000 0.000000 0.000000 
18
566.296692 235.495712 0.747643 
530.998169 241.341858 0.854329 
532.483582 250.178253 0.812429 
523.603088 300.107147 0.895638 
557.434326 298.629883 0.745699 
525.161194 235.471649 0.691222 
536.914490 267.832214 0.522053 
557.509766 279.618561 0.883227 
523.666016 307.544983 0.553966 
595.690430 307.548035 0.836537 
572.231384 356.048340 0.760241 
531.011841 294.309723 0.347535 
594.196106 300.148132 0.445642 
581.052673 345.790375 0.496022 
567.742371 229.584000 0.862750 
0.000000 0.000000 0.000000 
557.419312 225.185165 0.911174 
0.000000 0.000000 0.000000 
18
566.312256 235.491089 0.757140 
530.987549 241.362366 0.851637 
532.468201 250.194092 0.810155 
523.598572 298.775452 0.894977 
557.453674 298.663818 0.803326 
525.162231 235.494675 0.677504 
539.831055 269.309265 0.537386 
558.941040 282.520355 0.860947 
522.227234 309.018127 0.570853 
594.316406 308.963440 0.833724 
572.234009 356.048798 0.758367 
531.005615 295.771942 0.344075 
594.211243 300.193665 0.460173 
582.450684 345.760345 0.506821 
567.759094 229.577911 0.881971 
0.000000 0.000000 0.000000 
557.424561 225.173416 0.908977 
0.000000 0.000000 0.000000 
18
567.709717 234.051559 0.750722 
529.544617 241.342621 0.852431 
532.453613 250.170654 0.802357 
523.607178 298.770599 0.888820 
557.454041 298.657654 0.778585 
523.729370 234.036667 0.699323 
536.909424 267.852173 0.513054 
558.901672 282.522644 0.826112 
522.227539 308.997009 0.562493 
594.318909 308.964966 0.862892 
572.234009 356.064453 0.775110 
530.991272 294.319061 0.332364 
592.739563 297.213318 0.426770 
581.039856 345.774872 0.480631 
567.767822 229.560547 0.885125 
0.000000 0.000000 0.000000 
557.419434 225.163986 0.911989 
0.000000 0.000000 0.000000 
18
567.718750 234.033569 0.757566 
529.532166 241.325531 0.847589 
532.442017 250.163605 0.795181 
523.632568 300.125763 0.889026 
557.502991 298.652496 0.773275 
523.729187 234.015717 0.707434 
538.358459 266.374298 0.552554 
558.974792 282.550415 0.870288 
523.664429 307.527527 0.550198 
594.318115 308.970947 0.863340 
572.221252 356.031555 0.776637 
532.447693 294.291565 0.342134 
592.748779 297.240295 0.401605 
580.962097 345.773682 0.442628 
567.771851 229.547211 0.888999 
0.000000 0.000000 0.000000 
557.411499 223.751602 0.905741 
0.000000 0.000000 0.000000 
18
567.709045 234.023102 0.779595 
529.528748 241.319962 0.841262 
532.444519 250.149841 0.792357 
523.666992 300.130341 0.893745 
558.914734 298.648254 0.768330 
523.730469 234.038513 0.701749 
539.813538 269.333130 0.528115 
559.003296 284.010986 0.846914 
522.211243 308.998627 0.553024 
595.682007 308.965240 0.863774 
572.216492 356.039032 0.788461 
531.006592 294.316010 0.325715 
592.765015 298.696289 0.409836 
581.033936 345.757202 0.447133 
567.757690 228.193756 0.903972 
0.000000 0.000000 0.000000 
557.394470 223.719101 0.898692 
0.000000 0.000000 0.000000 
18
566.316833 232.587051 0.786776 
528.090332 241.324295 0.841049 
531.032166 248.737381 0.786414 
523.681213 300.121857 0.891668 
558.899902 298.630829 0.755519 
523.725037 235.468460 0.706255 
538.373291 267.831451 0.537727 
558.959351 282.525238 0.832350 
523.624878 308.985260 0.553349 
594.316589 308.950104 0.868497 
572.227539 356.040375 0.779538 
530.989746 295.760651 0.328931 
592.771301 298.676849 0.413954 
581.029175 345.752960 0.454397 
567.739197 228.164551 0.896901 
0.000000 0.000000 0.000000 
556.017883 222.266968 0.890749 
0.000000 0.000000 0.000000 
18
566.322144 232.551468 0.779938 
529.515930 241.329865 0.830555 
531.029480 248.731201 0.785367 
523.693115 300.110779 0.874545 
558.912598 298.665924 0.822044 
525.142212 235.485413 0.688109 
541.309937 267.827545 0.599957 
560.450073 283.973236 0.788519 
523.691589 307.501099 0.550547 
594.319763 308.949860 0.869115 
573.635620 356.014618 0.772224 
532.463928 294.312897 0.372946 
582.564880 285.491852 0.453799 
581.016785 345.763824 0.448258 
567.734985 228.143143 0.898130 
0.000000 0.000000 0.000000 
556.001831 222.268982 0.881168 
0.000000 0.000000 0.000000 
18
566.306763 232.545609 0.781510 
528.070862 241.330322 0.834707 
531.021912 248.732468 0.787091 
523.667786 298.781830 0.881326 
557.458191 297.247223 0.749452 
523.703247 234.042496 0.708267 
538.349609 266.352753 0.564046 
558.909729 278.133026 0.890050 
525.150574 306.063965 0.544161 
595.685120 308.951263 0.871318 
572.243164 356.018005 0.765154 
532.464355 294.319489 0.372720 
582.568054 281.095612 0.456067 
581.044922 345.738892 0.449782 
567.727600 228.142746 0.893062 
0.000000 0.000000 0.000000 
556.011963 222.266068 0.892651 
0.000000 0.000000 0.000000 
18
566.301819 231.145599 0.772560 
528.054932 241.343994 0.843686 
531.015991 250.155365 0.786375 
523.649109 298.782806 0.890074 
557.475098 298.676483 0.807002 
523.698486 235.480209 0.724167 
536.904419 266.357544 0.553916 
558.906799 278.132904 0.890076 
525.120117 307.547516 0.551825 
595.679565 308.952759 0.858375 
572.234680 356.016815 0.766050 
531.007141 295.767975 0.346888 
592.758484 297.207947 0.377131 
581.014526 345.770691 0.448044 
567.720032 228.138794 0.882915 
0.000000 0.000000 0.000000 
556.000549 222.269882 0.888428 
0.000000 0.000000 0.000000 
18
567.712585 231.101700 0.782547 
526.622192 241.341156 0.835100 
531.001587 248.716644 0.767437 
523.631958 298.773132 0.891877 
557.515015 298.697510 0.817254 
523.673462 235.490814 0.728057 
536.905273 266.416077 0.545068 
558.959167 278.144257 0.904981 
523.707092 309.014862 0.548335 
595.680481 307.533295 0.858893 
572.209106 356.047943 0.779438 
532.449280 297.208801 0.315090 
585.419373 286.958832 0.379533 
581.036438 345.745422 0.444774 
567.738037 228.112595 0.883689 
0.000000 0.000000 0.000000 
555.998413 222.271515 0.885429 
0.000000 0.000000 0.000000 
18
566.322144 231.124207 0.785098 
526.633789 241.327057 0.833155 
531.005066 248.716644 0.774548 
523.647461 298.777710 0.884738 
557.504944 298.698669 0.804920 
523.700134 235.473862 0.732091 
535.451721 264.938690 0.566962 
557.475952 276.725677 0.915145 
525.115723 307.543091 0.543688 
595.678650 307.548431 0.839947 
572.207642 356.059998 0.766228 
532.458557 294.313690 0.342254 
592.768250 297.249359 0.403757 
581.031860 345.768494 0.466497 
567.726990 228.120224 0.886678 
0.000000 0.000000 0.000000 
555.999268 222.263428 0.891674 
0.000000 0.000000 0.000000 
18
566.279602 231.117188 0.754416 
526.633118 241.342178 0.825762 
531.008301 248.730682 0.773920 
523.666443 298.765167 0.875858 
557.478699 298.712158 0.793478 
523.699951 235.482315 0.725290 
536.929565 266.370117 0.580615 
558.933594 278.118256 0.938532 
525.163452 307.505981 0.535710 
595.693665 307.554321 0.848026 
572.219238 356.042542 0.769119 
532.463196 295.759857 0.356527 
592.791382 297.229065 0.411292 
582.447632 345.735077 0.473085 
566.322083 228.120682 0.863558 
0.000000 0.000000 0.000000 
555.994629 222.281525 0.879477 
0.000000 0.000000 0.000000 
18
566.260986 231.105682 0.738376 
528.064941 241.343048 0.815276 
530.996765 248.707748 0.766291 
523.678162 298.758728 0.873763 
557.504211 298.761841 0.819501 
525.120178 235.513367 0.707776 
539.840027 266.405884 0.625095 
560.414490 279.581360 0.898392 
525.139038 307.504578 0.550188 
594.314026 308.956543 0.854994 
572.203857 356.052399 0.757677 
533.939392 295.765778 0.389681 
594.227600 300.178894 0.455504 
582.452271 345.746368 0.512237 
566.321228 228.109451 0.845214 
0.000000 0.000000 0.000000 
556.029419 222.249008 0.891123 
0.000000 0.000000 0.000000 
18
566.301392 229.693497 0.787972 
528.064270 241.347458 0.825466 
531.002380 248.723816 0.775663 
523.684998 298.759369 0.878187 
558.899170 298.737305 0.839519 
523.723083 235.505661 0.708719 
539.835266 266.370331 0.624001 
560.418823 278.150269 0.860875 
526.600525 304.599670 0.546108 
595.682556 308.956268 0.876452 
572.214722 356.050537 0.774312 
533.943787 295.749786 0.396437 
594.196594 298.697479 0.398502 
582.467834 345.730896 0.476200 
567.705139 228.057571 0.860145 
0.000000 0.000000 0.000000 
555.981689 220.805389 0.877851 
0.000000 0.000000 0.000000 
18
566.254578 229.682510 0.785577 
526.611389 241.336227 0.827595 
530.986877 248.700424 0.776389 
523.677002 298.771423 0.880697 
558.895996 298.747253 0.802127 
523.687683 235.512207 0.719148 
538.357117 264.950562 0.642481 
560.440918 278.127716 0.921058 
528.074768 303.151123 0.535696 
595.698608 308.950073 0.874365 
572.223450 356.056641 0.755715 
532.496277 295.756653 0.382613 
594.191467 298.724335 0.382744 
581.014404 345.769440 0.444702 
566.299011 226.688736 0.842951 
0.000000 0.000000 0.000000 
555.980469 220.786804 0.880880 
0.000000 0.000000 0.000000 
18
564.831543 231.083191 0.774947 
526.619568 241.336914 0.831508 
530.981873 248.714676 0.771447 
523.712524 300.115753 0.879814 
558.930786 298.721954 0.813665 
523.703796 235.496719 0.710778 
539.825989 266.386566 0.647335 
561.896667 279.591553 0.890277 
525.131836 307.516418 0.545860 
595.687256 307.552704 0.871083 
572.197754 357.447815 0.771871 
532.481323 295.782471 0.378215 
594.201477 298.735046 0.409443 
580.984192 347.223206 0.464015 
566.294128 228.078339 0.856874 
0.000000 0.000000 0.000000 
555.981018 220.802917 0.882443 
0.000000 0.000000 0.000000 
18
564.818481 231.113174 0.778608 
526.606934 241.334351 0.825120 
529.556885 248.700531 0.765879 
523.703247 300.112274 0.878919 
558.932983 298.723480 0.791725 
523.698975 235.498657 0.704593 
539.826721 266.365051 0.671006 
561.908081 279.582703 0.920506 
526.617981 306.063751 0.538033 
594.317200 308.964203 0.872414 
572.205078 356.074463 0.764000 
533.959412 297.200348 0.386867 
594.246704 300.171936 0.424469 
582.450134 345.793579 0.473269 
566.283081 228.100128 0.864530 
0.000000 0.000000 0.000000 
555.975952 220.813110 0.879960 
0.000000 0.000000 0.000000 
18
564.830566 231.086151 0.791752 
526.600952 241.330734 0.832326 
529.535156 248.701675 0.765423 
523.684875 300.110535 0.893253 
558.922241 298.752991 0.815227 
523.710144 235.504562 0.706566 
538.363831 264.929047 0.672823 
560.447754 278.126556 0.955559 
525.155762 306.074951 0.536832 
595.688049 307.555847 0.866419 
572.224792 356.051392 0.760618 
533.951477 295.753876 0.381558 
594.232422 298.732880 0.416010 
581.034546 347.186188 0.475828 
566.282043 228.078491 0.867821 
0.000000 0.000000 0.000000 
555.969360 220.806549 0.877970 
0.000000 0.000000 0.000000 
18
564.809143 231.090042 0.784136 
526.585449 241.333817 0.836521 
529.546509 248.696442 0.766744 
523.689575 298.778320 0.894015 
558.955444 300.114990 0.826394 
523.687195 235.511826 0.707370 
539.828308 266.349854 0.673725 
561.915222 278.149139 0.915244 
523.702271 308.972076 0.560197 
595.694946 307.553741 0.872877 
572.206177 356.053406 0.775634 
533.925293 297.203522 0.369688 
594.248596 300.175354 0.390653 
581.001587 347.184265 0.457436 
566.267395 228.083832 0.859327 
0.000000 0.000000 0.000000 
555.953613 220.817993 0.869345 
0.000000 0.000000 0.000000 
