78
1
18
482.475494 210.507095 0.772567 
458.947235 236.983658 0.758475 
454.567413 241.356277 0.813400 
466.301178 286.943573 0.840753 
498.697815 287.004639 0.824420 
461.903503 232.548920 0.677071 
476.654022 264.944153 0.807428 
498.724182 278.176178 0.790163 
458.947510 300.176605 0.587302 
519.259644 301.699249 0.906365 
505.994324 356.067780 0.808988 
463.356506 292.823120 0.421439 
513.344971 295.791992 0.366112 
501.642059 347.209015 0.250361 
476.686951 206.106201 0.850998 
0.000000 0.000000 0.000000 
464.893127 207.589615 0.817139 
0.000000 0.000000 0.000000 
18
481.039612 210.497208 0.787132 
458.980530 236.979141 0.779839 
454.533234 241.334488 0.852146 
464.902466 286.940247 0.854823 
498.662781 287.004608 0.793547 
463.346313 232.544968 0.714576 
476.672821 264.910431 0.830686 
500.120087 279.588654 0.810571 
457.506561 300.147491 0.577649 
519.259827 301.698883 0.905548 
504.576080 356.065918 0.813555 
464.833496 291.381226 0.435130 
513.373840 295.793945 0.348454 
503.062592 345.764618 0.247972 
476.675385 206.099960 0.874743 
0.000000 0.000000 0.000000 
464.906921 207.603012 0.817182 
0.000000 0.000000 0.000000 
18
481.007477 210.473999 0.747811 
458.977264 238.389160 0.784090 
454.559937 241.347595 0.835898 
464.935181 286.932892 0.852514 
498.694672 287.007416 0.806057 
463.328735 232.575638 0.708562 
476.675964 264.927704 0.808550 
500.126770 279.580841 0.805594 
458.976410 300.201569 0.590930 
519.252136 301.652435 0.921044 
506.003418 356.010498 0.817632 
463.383575 294.279053 0.425718 
511.949524 295.787506 0.359345 
501.619476 345.723480 0.238647 
476.651917 206.093750 0.843596 
0.000000 0.000000 0.000000 
464.908569 209.010361 0.799484 
0.000000 0.000000 0.000000 
18
479.538910 209.064835 0.744087 
460.410431 238.390106 0.804710 
453.161469 241.363480 0.844400 
466.338013 286.944489 0.857592 
498.698303 288.362396 0.804000 
463.405518 232.576904 0.749764 
478.075378 264.927429 0.844866 
500.139038 279.594543 0.826100 
457.506775 300.196625 0.607315 
519.232971 301.658325 0.913607 
506.023987 354.598297 0.811544 
464.882294 292.823761 0.463525 
513.372253 297.201843 0.372628 
503.066467 345.703613 0.251109 
476.599792 206.091217 0.836845 
0.000000 0.000000 0.000000 
464.880432 209.023407 0.797192 
0.000000 0.000000 0.000000 
18
478.092010 209.053757 0.727433 
457.508087 238.389053 0.791702 
453.157745 241.344727 0.846183 
466.319794 286.900330 0.833179 
498.685333 286.986328 0.758435 
461.911682 232.580643 0.709370 
476.644562 264.901215 0.794463 
500.116699 278.166565 0.832202 
461.872467 300.149414 0.597592 
517.810303 300.201477 0.940762 
507.470062 351.630615 0.789378 
464.871613 292.811005 0.433699 
513.364990 297.195923 0.369200 
501.652100 345.736389 0.300267 
476.556244 206.084167 0.791802 
0.000000 0.000000 0.000000 
464.853271 209.033844 0.778316 
0.000000 0.000000 0.000000 
18
478.072723 210.474899 0.749028 
457.511505 238.375748 0.766711 
454.534698 241.325348 0.829427 
464.921417 285.493866 0.798761 
498.648346 286.933716 0.785042 
461.890564 232.575562 0.682142 
476.608124 264.890961 0.781029 
500.122192 278.113098 0.803462 
461.892761 298.664978 0.592688 
519.216370 300.159119 0.935783 
508.954865 348.763214 0.850579 
466.312775 289.867828 0.452541 
511.947144 294.291351 0.401248 
506.008301 345.712189 0.284372 
475.199951 206.094818 0.816875 
0.000000 0.000000 0.000000 
464.864594 209.046707 0.798507 
0.000000 0.000000 0.000000 
18
478.063629 210.496475 0.772425 
457.523865 238.372894 0.778618 
453.118256 239.949371 0.858568 
466.295441 285.504517 0.798588 
497.224152 286.944244 0.736153 
463.322815 233.997040 0.703910 
476.614136 264.881165 0.825462 
498.695831 276.692322 0.872409 
463.339966 297.234009 0.597250 
517.801208 298.674805 0.899476 
511.889160 347.257965 0.886486 
469.280579 288.418457 0.530455 
511.970917 291.379974 0.472864 
510.439667 342.824219 0.375338 
475.183044 206.117813 0.823015 
0.000000 0.000000 0.000000 
464.795593 210.479568 0.777063 
0.000000 0.000000 0.000000 
18
478.067444 209.025131 0.795663 
458.953522 238.407089 0.797082 
453.118500 241.343338 0.869920 
464.871857 285.506531 0.826767 
497.174774 286.992981 0.704149 
463.350006 235.472260 0.717809 
476.591217 264.906708 0.833356 
498.665741 276.654846 0.921682 
463.395905 298.678162 0.613141 
519.238647 297.257782 0.871347 
520.747070 345.796600 0.841538 
472.190826 289.874603 0.550984 
513.363220 292.840454 0.540895 
510.396667 345.717010 0.550650 
475.154327 206.080017 0.826670 
0.000000 0.000000 0.000000 
463.412628 210.488892 0.781616 
0.000000 0.000000 0.000000 
18
478.056122 209.033127 0.762706 
457.512939 238.434006 0.810487 
453.054657 241.372437 0.911798 
463.448029 286.907410 0.872862 
495.712372 287.003540 0.792200 
463.358521 235.467194 0.730950 
476.619080 264.882690 0.866141 
498.681732 276.677002 0.909572 
464.853119 297.257172 0.583957 
519.230774 298.645477 0.937428 
532.446716 347.168823 0.837852 
473.688324 288.444824 0.563614 
511.955872 295.793365 0.602702 
506.016083 345.816742 0.743371 
475.161438 206.077576 0.809695 
0.000000 0.000000 0.000000 
464.795502 209.059128 0.788453 
0.000000 0.000000 0.000000 
18
476.658417 210.512054 0.795374 
456.064392 239.889313 0.827084 
451.656708 242.825317 0.913235 
463.435211 286.919189 0.879271 
494.260376 288.379486 0.784023 
463.354950 236.957397 0.730843 
476.620728 264.888275 0.904167 
498.680023 278.092865 0.899530 
464.821991 298.689117 0.589382 
519.217712 298.738831 0.912973 
536.893738 347.305786 0.796386 
475.100739 289.881439 0.566431 
513.367920 297.255676 0.602492 
504.529694 347.269073 0.775303 
475.120636 206.129593 0.826120 
0.000000 0.000000 0.000000 
463.380859 210.506241 0.773774 
0.000000 0.000000 0.000000 
18
476.587738 211.947815 0.846621 
454.605164 239.830368 0.811233 
451.642212 241.411301 0.908334 
463.438019 286.878784 0.868751 
494.277313 288.396515 0.724249 
461.876251 235.496475 0.698614 
476.591248 264.891541 0.896195 
500.091187 278.169495 0.906238 
463.416992 298.674347 0.580932 
517.770691 300.171143 0.887641 
545.649841 356.013763 0.773751 
473.666351 289.867218 0.532915 
511.980438 298.666382 0.617614 
506.010010 347.239716 0.762867 
473.685059 206.145477 0.838560 
0.000000 0.000000 0.000000 
461.924042 210.492325 0.762242 
0.000000 0.000000 0.000000 
18
476.568329 207.615631 0.811881 
454.615631 236.956665 0.803650 
451.676514 239.929565 0.897599 
464.790771 285.486267 0.801335 
495.715881 288.382690 0.671630 
461.880341 232.543671 0.716814 
475.187225 264.893311 0.862663 
500.097351 278.160187 0.918650 
463.390442 297.220490 0.569470 
516.337158 300.193390 0.884248 
545.690430 356.035370 0.820919 
472.175354 288.415771 0.531530 
513.341187 297.247223 0.633919 
506.000427 347.231171 0.768600 
473.649200 206.055313 0.799093 
0.000000 0.000000 0.000000 
461.919739 209.001099 0.745087 
0.000000 0.000000 0.000000 
18
476.601257 209.025391 0.857154 
454.581879 236.933228 0.808342 
451.638550 239.947372 0.900538 
464.792297 285.474457 0.838087 
495.715302 288.399811 0.719019 
460.456848 231.086334 0.716535 
475.190613 264.876526 0.876673 
500.096375 278.166016 0.929889 
463.339172 297.217499 0.551189 
516.310181 300.236267 0.869499 
547.176636 357.507294 0.868396 
472.183533 288.380371 0.528392 
513.354187 297.238495 0.599927 
506.004761 347.229340 0.756246 
473.657501 206.084061 0.849075 
0.000000 0.000000 0.000000 
460.444183 207.593658 0.757192 
0.000000 0.000000 0.000000 
18
476.556671 209.012848 0.868858 
454.562408 236.956451 0.818590 
451.601349 239.938492 0.913565 
463.421570 285.468445 0.837413 
495.732391 288.394806 0.709749 
460.459381 232.524429 0.708226 
476.559814 264.884827 0.898195 
500.153290 278.181580 0.918276 
463.367432 298.643463 0.581731 
517.771545 300.229523 0.883027 
547.206055 357.472778 0.850535 
472.210876 288.436676 0.542806 
513.353638 297.258545 0.607223 
504.566803 347.282074 0.756311 
473.623474 206.061768 0.852220 
0.000000 0.000000 0.000000 
460.422394 207.544876 0.779902 
0.000000 0.000000 0.000000 
18
475.167603 209.046478 0.886740 
454.543427 236.971573 0.814515 
451.598999 241.332901 0.917450 
463.409332 285.463593 0.860906 
495.731720 288.385620 0.734745 
458.999359 232.543076 0.699885 
476.566589 264.883362 0.885684 
500.150146 279.572357 0.887407 
463.382111 297.256775 0.584469 
517.783997 300.226410 0.898379 
547.221802 354.600494 0.821248 
472.208008 288.438873 0.540955 
513.346924 298.693726 0.619963 
504.530426 347.299713 0.762634 
472.181244 206.086945 0.875221 
0.000000 0.000000 0.000000 
458.967499 207.540390 0.787290 
0.000000 0.000000 0.000000 
18
475.159027 209.021896 0.900847 
454.538849 236.968155 0.811066 
451.601715 241.339859 0.915077 
463.428894 285.491089 0.861604 
495.742767 288.385864 0.711193 
458.989716 232.536072 0.696106 
476.555237 264.901672 0.868454 
500.134277 278.183441 0.899129 
463.403595 298.643616 0.582644 
517.797058 300.249573 0.896827 
550.127930 357.450409 0.840599 
472.218689 288.452637 0.532911 
513.338379 298.704285 0.592034 
504.567749 347.295471 0.764558 
472.165649 206.065628 0.887356 
0.000000 0.000000 0.000000 
457.509247 206.150375 0.804094 
0.000000 0.000000 0.000000 
18
475.138855 209.026306 0.890244 
454.540466 236.943634 0.815466 
451.602386 239.951401 0.910589 
463.412994 285.465485 0.849522 
495.717987 288.380127 0.707457 
458.993073 231.105072 0.708705 
476.559204 264.886169 0.875361 
500.144440 279.571014 0.905549 
463.366486 297.260559 0.578549 
519.232300 301.634521 0.905914 
551.584839 357.448486 0.833892 
472.187256 288.442200 0.527941 
511.973114 298.685272 0.563555 
504.542419 347.298920 0.760086 
470.743103 206.073273 0.875743 
0.000000 0.000000 0.000000 
457.516541 206.156723 0.797050 
0.000000 0.000000 0.000000 
18
475.115845 207.590042 0.881353 
453.156464 236.945969 0.818606 
451.613403 241.337189 0.899346 
463.433685 285.482788 0.851809 
495.732300 288.364166 0.729094 
457.496765 231.112061 0.706495 
475.172852 264.886261 0.855054 
498.717804 278.153168 0.871698 
464.840363 297.243683 0.581123 
519.219238 300.230743 0.911668 
550.103943 354.603851 0.813203 
472.217407 288.438232 0.524935 
511.958679 298.673187 0.560189 
504.553375 347.273682 0.752077 
470.717102 206.038559 0.851222 
0.000000 0.000000 0.000000 
457.486237 206.128937 0.798974 
0.000000 0.000000 0.000000 
18
475.143646 209.008575 0.876648 
453.141449 236.934860 0.815235 
451.598206 241.349503 0.889327 
463.445374 285.491272 0.852466 
494.277222 286.996124 0.783233 
456.066803 231.073807 0.702242 
475.167114 264.856293 0.865321 
498.657166 278.117004 0.856873 
463.380829 297.247620 0.594753 
519.218689 300.198853 0.903114 
548.649353 357.472260 0.851804 
472.185913 288.403351 0.544208 
511.966553 297.213104 0.559095 
506.017212 347.229095 0.748688 
470.736237 206.069183 0.853802 
0.000000 0.000000 0.000000 
456.053436 206.161285 0.778544 
0.000000 0.000000 0.000000 
18
475.124786 207.598450 0.843284 
453.168274 236.976318 0.815253 
451.636719 241.352188 0.896863 
464.826111 285.508270 0.859471 
495.716919 286.905396 0.808935 
457.515350 231.123184 0.695103 
476.561768 264.886597 0.812413 
498.658997 276.718536 0.797267 
466.359222 297.241333 0.599061 
520.696167 300.231232 0.918650 
545.683777 357.450012 0.856804 
475.135345 288.444244 0.547659 
513.401123 298.729095 0.509974 
506.037140 347.256958 0.746641 
470.718842 206.046860 0.814622 
0.000000 0.000000 0.000000 
457.487549 206.153992 0.774075 
0.000000 0.000000 0.000000 
18
475.196014 207.588242 0.760394 
453.158356 236.945068 0.801364 
453.029846 241.354370 0.894946 
463.387329 285.490417 0.887470 
495.749237 285.433807 0.818975 
454.607635 231.081818 0.676739 
475.069214 264.927551 0.656292 
498.606384 276.628662 0.741497 
467.790894 298.687134 0.585699 
520.754761 300.180695 0.999690 
535.431519 353.108948 0.839770 
473.661621 289.919434 0.468737 
511.941162 300.214294 0.471781 
507.477478 347.294495 0.727895 
473.626801 206.029831 0.747414 
0.000000 0.000000 0.000000 
461.884247 206.132339 0.766902 
0.000000 0.000000 0.000000 
18
476.657837 209.027832 0.730812 
456.028442 238.425018 0.797135 
453.133606 241.359451 0.902378 
463.368225 285.494904 0.895704 
495.704376 285.431396 0.831518 
458.992523 235.470459 0.671226 
475.098145 264.924347 0.654563 
497.152618 275.213226 0.755785 
466.311340 298.716095 0.611251 
520.720581 298.661133 0.942791 
525.125549 350.169037 0.777360 
473.631042 289.920197 0.476152 
513.405884 297.205963 0.459869 
510.456970 345.802917 0.697607 
475.136292 206.056351 0.757362 
0.000000 0.000000 0.000000 
464.803436 207.572495 0.777357 
0.000000 0.000000 0.000000 
18
481.042175 209.064468 0.717597 
457.479828 238.405991 0.774584 
456.014313 241.337112 0.857862 
463.415161 285.508148 0.867345 
497.193939 285.504517 0.818350 
457.522552 234.041565 0.656501 
475.136108 264.951111 0.743636 
497.213959 275.226440 0.838993 
464.878052 298.688354 0.587036 
519.261108 298.633545 0.882790 
519.271179 348.687866 0.752110 
470.720062 289.921570 0.428288 
514.827026 291.377991 0.446959 
511.974335 345.770844 0.473959 
476.675781 206.088013 0.797598 
0.000000 0.000000 0.000000 
466.321075 207.575531 0.805364 
0.000000 0.000000 0.000000 
18
485.440094 209.058182 0.764380 
460.418915 236.966873 0.775890 
458.995148 241.324158 0.838624 
463.384369 286.921600 0.851447 
497.148529 286.958832 0.751385 
460.440948 232.547852 0.683488 
476.585541 264.923523 0.818446 
498.661102 276.639832 0.936813 
463.387604 298.714203 0.615515 
520.668518 298.747589 0.900119 
520.691895 348.720612 0.778182 
466.308197 289.922699 0.420302 
513.418640 294.296326 0.437659 
511.935760 345.746735 0.448068 
481.002838 206.109924 0.764158 
0.000000 0.000000 0.000000 
469.275024 207.607590 0.760258 
0.000000 0.000000 0.000000 
18
486.955109 213.426376 0.811840 
463.335846 238.409378 0.780058 
461.914551 241.367828 0.875849 
463.346130 286.865295 0.872931 
494.225342 286.975220 0.850247 
463.384491 233.998871 0.659468 
478.106018 264.939850 0.805440 
498.697601 276.680389 0.907925 
463.341187 298.735992 0.604573 
519.276672 298.775024 0.864640 
522.251221 350.199524 0.775946 
466.331696 292.800690 0.426699 
513.417236 297.203064 0.490370 
511.934418 347.180756 0.549160 
485.453674 207.529755 0.797279 
0.000000 0.000000 0.000000 
475.117950 209.011520 0.807703 
0.000000 0.000000 0.000000 
18
488.407104 214.909088 0.744769 
464.868195 238.438110 0.762175 
463.423462 241.391525 0.870225 
463.310944 284.013611 0.793360 
491.294189 288.418152 0.875188 
466.309540 234.008636 0.620999 
485.378418 266.346130 0.820031 
500.110779 278.159241 0.871616 
458.980225 298.714233 0.608779 
520.679993 300.168030 0.839856 
523.715881 351.639191 0.782699 
464.821991 291.350677 0.431794 
513.417847 297.260681 0.507781 
511.878540 345.799042 0.602416 
488.327637 207.561218 0.739559 
0.000000 0.000000 0.000000 
476.670013 207.613159 0.771538 
0.000000 0.000000 0.000000 
18
495.715424 214.937256 0.896804 
469.289978 235.496948 0.740698 
466.317810 239.917938 0.856829 
463.385895 281.096985 0.829013 
492.773743 289.919067 1.006142 
473.694977 231.089188 0.689349 
486.851196 264.959869 0.805596 
500.171936 279.600494 0.700888 
458.972107 295.788483 0.526042 
520.749512 298.737793 0.823047 
525.171326 351.659515 0.789782 
467.775299 286.964355 0.426031 
516.298584 295.750366 0.534105 
510.462036 345.774170 0.681996 
491.314545 207.607208 0.863212 
0.000000 0.000000 0.000000 
478.141113 209.016571 0.786021 
0.000000 0.000000 0.000000 
18
498.588806 216.300552 0.957575 
473.667145 235.488434 0.785007 
467.789642 239.911865 0.847173 
461.931000 282.569672 0.819746 
491.324005 289.900146 1.009665 
476.623474 231.080902 0.738653 
488.325439 264.957428 0.821395 
503.073212 281.056458 0.778149 
456.058990 297.235779 0.573926 
522.125366 298.760315 0.852552 
529.539673 351.658844 0.783494 
467.820984 288.405579 0.487221 
514.857422 297.221344 0.531157 
510.446594 345.790894 0.743055 
494.266968 207.608612 0.889129 
498.655304 206.145096 0.102450 
481.001068 207.574814 0.810971 
0.000000 0.000000 0.000000 
18
498.669952 216.316574 0.968862 
473.688507 236.981766 0.806603 
469.238892 239.949417 0.858015 
463.343872 284.013062 0.858511 
492.774506 289.889465 0.987773 
476.648468 232.562943 0.713964 
488.400421 266.372101 0.785213 
503.081909 282.529480 0.743666 
457.530457 298.714874 0.579922 
520.725952 300.158630 0.854359 
530.983459 354.575684 0.804306 
467.800781 289.898224 0.464454 
516.314026 298.688843 0.528917 
510.478760 347.172272 0.734011 
497.158112 207.619003 0.893671 
498.694763 206.118927 0.086384 
483.928741 207.601730 0.775563 
0.000000 0.000000 0.000000 
18
498.709045 216.346252 0.937633 
475.068481 238.439133 0.836448 
469.242950 241.318588 0.869026 
463.316345 282.545502 0.833966 
491.327026 288.387268 0.991679 
476.682648 235.506607 0.709373 
489.838684 266.379456 0.786663 
503.057617 281.098389 0.744490 
457.516052 298.716583 0.603733 
520.706543 300.130005 0.874097 
533.884338 348.691345 0.841012 
467.814972 289.930511 0.508201 
513.393005 298.678894 0.537650 
511.855804 347.177612 0.751878 
497.207397 209.042252 0.855886 
0.000000 0.000000 0.000000 
485.426575 210.498932 0.758855 
0.000000 0.000000 0.000000 
18
498.658112 216.412338 0.941592 
473.698486 238.395752 0.821249 
467.797394 239.955582 0.837886 
463.382019 282.527710 0.850991 
492.762451 286.997437 0.990052 
478.083191 234.001175 0.710032 
489.838226 264.938934 0.804758 
501.608002 279.636353 0.767604 
454.613953 297.263885 0.619931 
520.665771 298.654144 0.854006 
536.876465 345.757141 0.889446 
467.827515 288.462128 0.546050 
513.395386 297.271820 0.592221 
511.865997 347.192932 0.762812 
497.146973 211.955429 0.847878 
498.611664 207.590469 0.070796 
482.492920 211.942001 0.746837 
0.000000 0.000000 0.000000 
18
498.629974 217.810791 0.940453 
475.071808 236.976242 0.834923 
467.781403 239.908539 0.864505 
458.980438 282.556305 0.800460 
489.852905 285.491852 1.009103 
478.123962 234.032745 0.726878 
488.341644 264.937561 0.832762 
500.120422 276.708923 0.683046 
458.988617 298.663574 0.597477 
519.263062 292.851196 0.787311 
545.640869 335.409668 0.849567 
472.183258 289.913025 0.550256 
513.414246 294.293213 0.628267 
510.441772 347.218994 0.869986 
495.749542 214.854507 0.848111 
498.613159 213.413742 0.063544 
483.951385 213.463913 0.778802 
0.000000 0.000000 0.000000 
18
498.583832 217.845078 0.942210 
473.637756 238.400040 0.837078 
464.910645 241.327774 0.876899 
454.596130 283.994385 0.795399 
488.378662 281.087494 0.940275 
478.057068 235.467743 0.734718 
486.947388 264.879578 0.835236 
498.633392 276.612640 0.726675 
454.595581 298.664246 0.625777 
514.864990 288.423553 0.774710 
547.246033 323.716156 0.854006 
469.259003 289.874268 0.548353 
511.970062 289.920135 0.693726 
510.451172 347.197937 0.880970 
494.266296 214.893066 0.870807 
498.619965 211.975037 0.063261 
479.596039 214.873230 0.800445 
0.000000 0.000000 0.000000 
18
497.212036 217.921219 0.919883 
470.729370 238.441513 0.806098 
464.837555 239.959869 0.921580 
451.645599 281.059082 0.794590 
486.852722 278.160431 0.975014 
476.577515 236.945496 0.726860 
486.932556 264.898590 0.761957 
498.645325 275.154388 0.623932 
453.145905 298.694641 0.628103 
513.406738 286.949829 0.709468 
551.600891 312.034149 0.736885 
467.789063 289.901520 0.562790 
511.943237 288.474548 0.710164 
510.481506 347.263245 0.895613 
494.225861 216.332260 0.902682 
498.632751 214.834198 0.070923 
478.144714 216.303864 0.832094 
0.000000 0.000000 0.000000 
18
497.152588 219.346283 0.887241 
469.252777 239.842697 0.816409 
463.407593 241.345566 0.940563 
451.651642 279.610626 0.803115 
485.394043 276.722137 0.996516 
475.190155 238.390396 0.717406 
486.907379 263.427826 0.778173 
498.597534 273.683838 0.544465 
454.573944 297.195129 0.622210 
511.922699 283.995026 0.574226 
548.636414 304.601624 0.676389 
469.253082 288.377655 0.632700 
513.348694 286.946869 0.735517 
510.459839 347.243103 0.849333 
491.350403 216.396149 0.905681 
0.000000 0.000000 0.000000 
478.127014 216.354065 0.832592 
0.000000 0.000000 0.000000 
18
497.154510 217.913666 0.904414 
469.240875 239.909927 0.858014 
461.933746 241.367889 0.910113 
447.229309 281.059235 0.788984 
481.038696 276.752930 0.938820 
476.641083 238.458649 0.759490 
486.959900 263.435364 0.768638 
498.595154 275.143799 0.584998 
454.576324 294.322205 0.578785 
511.870697 303.111603 0.744030 
510.415375 348.762634 0.782515 
472.218872 286.971893 0.636442 
511.919891 278.169983 0.703687 
544.235718 300.198944 0.624731 
491.322418 216.340744 0.902129 
0.000000 0.000000 0.000000 
478.124268 216.351196 0.829322 
0.000000 0.000000 0.000000 
18
497.161285 217.913879 0.917199 
469.248779 239.949615 0.855093 
461.855988 241.401184 0.890167 
447.193390 282.524628 0.800188 
482.490540 278.128479 0.958357 
478.105621 239.868484 0.764843 
488.396820 264.904541 0.818607 
498.678619 275.234741 0.652720 
451.592865 295.758881 0.604655 
478.176117 297.215973 0.100053 
510.415375 348.762634 0.782515 
467.795685 288.395935 0.684147 
510.462006 288.420837 0.654729 
510.371338 348.703461 0.677861 
491.300171 216.336182 0.918076 
495.720581 213.455124 0.069283 
478.063538 216.337067 0.847803 
0.000000 0.000000 0.000000 
18
497.169525 217.932602 0.914487 
469.266663 239.964264 0.848605 
460.452240 241.395020 0.878287 
445.748505 282.535431 0.795329 
481.041412 278.149506 0.944867 
479.531738 239.931351 0.783367 
489.844116 266.366821 0.743463 
498.711243 276.677765 0.578345 
450.140686 297.220703 0.612739 
476.671875 298.569092 0.081413 
510.415375 348.762634 0.782515 
466.327881 289.884918 0.695151 
508.943634 288.402008 0.680732 
510.424042 348.712555 0.763983 
491.291748 216.352112 0.925173 
497.148499 213.413834 0.091820 
476.682587 216.350967 0.875326 
0.000000 0.000000 0.000000 
18
497.214478 219.295166 0.921676 
472.171173 241.324844 0.852863 
460.467041 241.412445 0.872184 
448.663788 282.565399 0.796631 
481.044189 279.613525 0.908883 
483.923309 239.955521 0.804373 
488.461914 266.347961 0.835860 
498.685913 276.726715 0.716480 
448.698151 295.751068 0.606577 
508.935913 288.398865 0.487599 
528.057678 310.414063 0.442457 
466.366455 288.437500 0.704472 
510.420654 288.379761 0.725036 
510.435822 348.694183 0.747567 
492.767761 216.355408 0.912512 
497.174835 213.451141 0.071576 
478.133881 216.387222 0.833753 
0.000000 0.000000 0.000000 
18
498.599457 217.924896 0.945825 
472.197357 239.947815 0.860706 
463.319519 241.417908 0.881623 
450.157623 285.464996 0.820184 
483.974792 283.977631 0.897963 
481.045746 239.856491 0.781399 
488.369110 266.356842 0.888793 
498.627594 278.122528 0.713449 
450.164703 297.204529 0.607058 
510.406189 289.885925 0.604376 
526.607727 310.505707 0.347215 
467.769196 288.445618 0.679744 
510.493011 288.385010 0.705596 
529.552795 311.904816 0.439600 
492.805756 216.348526 0.906203 
497.219208 213.415100 0.088594 
479.548950 216.383743 0.818877 
0.000000 0.000000 0.000000 
18
498.654053 217.931870 0.927868 
473.619415 239.965424 0.858420 
463.326813 241.429047 0.884262 
450.110870 286.868164 0.829316 
485.392365 285.429626 0.901983 
483.938934 239.910156 0.788886 
488.369995 267.849762 0.848501 
498.678894 278.173462 0.663047 
451.592957 297.255463 0.604007 
510.387695 291.365906 0.638737 
526.652710 310.476410 0.249594 
469.255920 289.869873 0.661276 
511.849335 288.380157 0.706778 
532.445923 311.906006 0.542370 
495.740234 216.334763 0.893226 
0.000000 0.000000 0.000000 
482.510437 216.376999 0.808254 
0.000000 0.000000 0.000000 
18
498.676727 217.918076 0.942165 
473.649811 239.948181 0.875298 
463.327850 241.410980 0.887118 
450.111511 286.880859 0.840571 
485.402374 285.442780 0.904236 
485.385651 239.890121 0.806595 
488.369293 269.291626 0.819511 
498.652832 278.163208 0.654299 
453.083771 298.660797 0.618889 
510.415985 292.819733 0.670029 
526.663025 310.492218 0.219768 
473.651489 289.904266 0.662440 
511.893250 288.416351 0.669967 
532.446167 311.925995 0.572368 
497.156403 216.306442 0.890973 
0.000000 0.000000 0.000000 
482.499115 216.302200 0.784849 
0.000000 0.000000 0.000000 
18
498.717133 217.924088 0.943347 
473.665985 241.310120 0.886303 
463.386841 241.420502 0.900690 
450.177063 285.472321 0.841152 
485.410187 285.443970 0.890365 
483.961395 239.910309 0.794841 
488.342438 269.307220 0.801038 
498.635284 278.160339 0.603122 
454.539459 297.245850 0.596413 
508.980286 297.217926 0.674913 
510.480377 350.165710 0.820988 
473.670624 288.478302 0.634405 
511.935089 286.986755 0.691349 
528.098694 311.885040 0.658040 
497.197266 216.317810 0.904617 
0.000000 0.000000 0.000000 
483.949860 216.350128 0.803879 
0.000000 0.000000 0.000000 
18
498.732727 219.315765 0.930246 
475.066101 241.347275 0.898967 
463.394379 241.436005 0.895586 
450.104004 285.508972 0.834024 
485.379456 285.495789 0.886674 
485.413025 241.312408 0.830425 
488.350403 269.331940 0.796925 
498.647552 278.184509 0.584832 
454.581940 298.663513 0.589493 
510.405243 297.217621 0.640097 
510.479401 350.178162 0.804960 
475.125427 289.911133 0.655697 
511.971039 286.972107 0.698499 
528.086243 310.519714 0.602233 
497.204834 216.355911 0.905385 
500.096680 214.837570 0.067098 
485.378784 216.387985 0.805548 
0.000000 0.000000 0.000000 
18
498.726898 219.307755 0.912461 
475.073822 241.368881 0.904892 
463.385254 242.826889 0.889234 
448.689117 286.897858 0.829503 
485.378204 285.503571 0.877519 
485.429626 241.343155 0.832119 
488.389465 269.336639 0.775319 
498.677490 278.141907 0.589627 
453.128540 297.244507 0.570560 
510.396149 297.218140 0.646755 
510.474213 350.174347 0.809898 
475.125366 289.862305 0.647202 
511.978241 286.937012 0.669079 
526.621765 310.489563 0.629043 
497.189911 216.368195 0.892016 
498.681549 214.845123 0.075057 
485.390076 216.435562 0.795118 
0.000000 0.000000 0.000000 
18
498.695557 219.304031 0.920843 
473.696106 241.347382 0.899476 
463.389587 242.819992 0.885667 
450.110291 286.881866 0.819849 
485.409332 285.484222 0.902749 
485.387848 239.958160 0.811185 
488.341431 269.300201 0.781358 
498.667847 278.121338 0.621790 
454.564240 297.207336 0.566011 
510.384277 297.255920 0.650965 
510.478973 350.175720 0.777843 
475.136566 288.452484 0.661391 
511.982025 286.917755 0.708998 
526.629883 310.517578 0.615090 
497.149017 216.363007 0.888955 
498.695251 214.874786 0.083756 
482.509460 216.415985 0.798085 
0.000000 0.000000 0.000000 
18
498.699799 217.922607 0.946772 
473.666748 239.953659 0.878987 
463.401917 241.446121 0.886371 
450.147125 286.883545 0.826592 
485.418304 285.453735 0.920753 
483.934631 239.890656 0.773270 
486.939911 267.849335 0.758265 
498.606140 276.690979 0.556187 
456.038605 297.211517 0.569529 
510.398254 294.314972 0.658362 
510.473694 350.164124 0.754939 
475.156586 288.440186 0.671348 
511.964844 285.494965 0.720948 
525.171997 310.488068 0.561466 
497.157684 216.333267 0.895342 
500.080750 213.411621 0.063637 
482.509460 216.383698 0.795968 
0.000000 0.000000 0.000000 
18
498.696777 217.911255 0.935296 
473.662720 241.332764 0.882416 
463.397766 242.866943 0.888338 
450.127411 286.896210 0.829008 
485.441986 285.450623 0.933729 
483.929291 239.904495 0.791756 
488.346313 267.840668 0.766490 
498.659088 276.679016 0.530846 
457.488800 297.202515 0.543378 
510.402740 298.672852 0.644787 
510.473328 350.174377 0.789039 
475.180542 288.435516 0.651337 
511.956482 285.461517 0.715404 
525.165710 308.990051 0.505457 
497.152405 216.324249 0.884638 
500.085968 210.520523 0.052448 
482.509094 216.389465 0.794178 
0.000000 0.000000 0.000000 
18
498.660126 217.895752 0.949380 
473.640686 241.331192 0.878273 
463.365479 242.864502 0.877796 
450.117859 286.881470 0.822451 
485.406799 285.450623 0.907238 
482.508026 239.895737 0.781137 
488.326294 266.419647 0.771143 
498.719879 276.659180 0.608825 
458.967651 295.774506 0.555273 
510.397949 297.207855 0.682145 
510.458313 350.195831 0.802843 
476.621277 288.412231 0.670203 
513.358521 285.505737 0.672058 
526.608643 310.431213 0.590251 
495.720337 214.936157 0.870856 
498.682098 209.057983 0.056132 
481.006836 216.335419 0.785237 
0.000000 0.000000 0.000000 
18
498.666016 217.884521 0.938643 
473.627228 241.362122 0.873148 
463.335846 242.881027 0.863800 
448.694153 286.936157 0.829678 
485.428192 284.016327 0.911419 
482.499023 239.938354 0.784539 
488.358002 269.291290 0.751952 
498.657959 276.672363 0.544575 
454.591980 297.234100 0.572492 
510.447357 295.755310 0.632794 
510.467896 350.199066 0.787815 
475.167145 288.474274 0.673934 
511.982819 285.465515 0.697098 
526.610962 310.470703 0.515683 
495.721832 214.920639 0.865669 
0.000000 0.000000 0.000000 
481.026672 216.331497 0.788937 
0.000000 0.000000 0.000000 
18
498.641479 217.885391 0.940021 
473.617065 241.353561 0.873089 
463.330811 242.883987 0.861551 
448.706757 286.940887 0.835198 
485.415649 283.993256 0.909130 
482.484741 239.923279 0.790232 
488.340973 267.868866 0.756408 
498.644257 276.665344 0.572764 
454.567780 297.261993 0.589903 
510.408722 294.293854 0.656874 
510.464355 351.648773 0.780268 
475.140137 289.869965 0.682293 
511.991669 285.453644 0.697565 
529.516418 310.502533 0.558991 
494.281219 214.934387 0.866737 
0.000000 0.000000 0.000000 
481.014557 216.357361 0.794246 
0.000000 0.000000 0.000000 
18
498.700073 217.872910 0.962668 
473.656769 241.315308 0.885869 
463.377716 242.840271 0.872708 
450.153839 285.510742 0.831211 
485.413330 283.973694 0.907710 
483.946350 239.895126 0.800161 
488.332581 267.851685 0.767401 
498.635529 276.668854 0.581000 
456.044586 297.213287 0.587402 
510.434723 295.760590 0.678090 
510.465729 351.627228 0.777317 
475.159424 288.450165 0.687986 
511.978241 285.483215 0.686205 
528.094299 310.456696 0.521642 
497.157562 214.908905 0.879501 
0.000000 0.000000 0.000000 
482.474274 214.935944 0.775821 
0.000000 0.000000 0.000000 
18
500.106689 217.902618 0.976574 
475.076660 239.922882 0.895485 
464.815643 241.405396 0.907356 
450.148895 285.483856 0.807298 
485.403351 283.977081 0.902020 
483.963104 239.878601 0.783022 
486.930969 267.814575 0.728404 
498.605560 276.615509 0.535191 
457.507111 295.777588 0.571391 
510.474884 295.759674 0.691073 
510.440155 350.211792 0.807868 
475.173492 288.418274 0.650076 
513.363342 285.442017 0.655893 
529.525146 310.442444 0.508723 
498.597382 214.936340 0.912109 
500.209930 213.454834 0.085849 
483.940033 214.930496 0.773049 
0.000000 0.000000 0.000000 
18
501.623291 219.291290 0.895079 
475.169800 239.952011 0.908657 
466.303558 241.412811 0.891902 
450.172180 285.480499 0.812870 
485.378357 284.004669 0.913368 
485.401062 239.914703 0.798431 
488.408722 267.859863 0.723666 
498.631989 276.676208 0.510875 
454.541748 297.198517 0.582542 
510.450958 294.305084 0.671936 
510.416656 350.189453 0.806294 
473.642212 288.410431 0.620817 
513.368408 285.430725 0.695198 
528.085632 310.507599 0.539570 
500.074432 216.359116 0.929920 
501.636108 213.449600 0.088839 
486.907166 216.431992 0.825390 
0.000000 0.000000 0.000000 
18
503.115173 219.368362 0.852846 
475.193024 241.341812 0.889286 
466.328003 241.446259 0.873699 
451.545654 286.901886 0.789573 
485.430817 282.567566 0.904355 
485.439606 241.322037 0.789670 
492.770325 270.789673 0.796296 
516.303955 288.438660 0.554977 
450.122986 297.193878 0.581148 
511.890320 298.699707 0.650070 
510.452789 351.642273 0.761283 
466.337799 288.432922 0.573863 
514.827087 288.443146 0.594998 
525.139954 313.400116 0.252970 
500.139984 216.422562 0.946142 
504.549072 216.394379 0.254212 
486.918121 217.824310 0.808034 
0.000000 0.000000 0.000000 
18
507.480927 220.799988 0.804418 
476.611298 241.350510 0.868616 
469.243195 241.414063 0.873135 
451.560699 286.892853 0.787810 
485.434845 281.082153 0.882487 
486.849335 241.344254 0.780907 
500.128204 275.117645 0.864050 
525.112793 295.780273 0.686434 
448.686737 297.248657 0.601547 
511.900940 298.684082 0.704393 
510.435944 351.673920 0.771899 
464.860718 289.878906 0.543667 
511.901672 288.480194 0.519627 
510.426514 344.310028 0.312498 
501.603424 217.817108 0.873632 
507.475677 216.408142 0.230195 
488.345520 217.853714 0.792756 
0.000000 0.000000 0.000000 
18
508.912018 223.748718 0.834568 
478.133118 241.392944 0.840434 
472.186066 241.395889 0.888670 
454.543610 283.971191 0.761706 
488.322876 278.155426 0.960572 
488.369629 241.423264 0.806447 
503.092834 273.666046 0.874292 
531.001709 297.246704 0.699557 
451.559753 297.239594 0.628470 
511.922394 298.755890 0.749934 
510.431915 351.651489 0.810683 
467.794739 288.476837 0.518044 
513.400940 288.441467 0.488011 
533.946960 316.375671 0.269945 
501.664459 217.885529 0.890930 
508.932587 217.823975 0.221187 
488.420410 217.881607 0.830551 
0.000000 0.000000 0.000000 
18
510.493378 225.167236 0.894553 
482.488739 244.307632 0.812077 
473.618652 242.845337 0.874387 
461.923157 282.558014 0.810100 
492.762817 279.586182 0.940729 
492.778717 247.235306 0.781800 
510.370392 275.228485 0.898837 
533.918274 298.754730 0.849975 
451.607300 297.216675 0.604543 
511.948792 300.139496 0.700516 
510.438721 353.097656 0.752436 
469.266998 289.914612 0.506148 
517.772278 294.318390 0.497645 
510.429871 345.783203 0.424123 
508.930298 217.878036 0.930671 
510.446869 216.427414 0.120980 
492.764221 219.290146 0.816443 
0.000000 0.000000 0.000000 
18
513.364502 226.655273 0.854288 
483.962860 242.847290 0.818415 
475.076874 242.889099 0.860752 
470.719482 287.006165 0.852106 
503.094269 285.458679 0.854615 
491.319000 241.437714 0.770808 
510.394775 276.621887 0.877615 
532.504822 303.114807 0.803759 
453.100403 298.760101 0.633234 
511.891724 300.160645 0.748191 
510.457123 351.668060 0.821794 
473.657990 291.368988 0.469848 
514.854797 292.839264 0.480039 
523.687988 310.512329 0.125760 
510.487305 219.320099 0.916586 
0.000000 0.000000 0.000000 
497.203949 219.368454 0.848689 
0.000000 0.000000 0.000000 
18
514.860046 228.055450 0.846608 
485.443878 242.893005 0.809919 
476.630463 245.782486 0.833795 
483.929474 288.443665 0.923394 
519.273376 291.360748 0.877280 
489.899567 241.404205 0.739182 
507.487183 275.230896 0.848558 
532.484192 306.079132 0.707273 
454.546082 297.256653 0.572429 
511.981964 301.649780 0.771913 
510.420959 351.655853 0.840058 
475.146088 288.432617 0.528527 
522.125488 295.786896 0.483840 
510.481812 339.873291 0.363357 
511.906403 220.773376 0.885879 
0.000000 0.000000 0.000000 
498.648132 222.254669 0.827966 
0.000000 0.000000 0.000000 
18
516.329651 228.124100 0.907829 
486.905273 242.853333 0.813196 
483.947815 251.595795 0.830964 
497.198181 291.337738 0.912986 
528.073242 300.246155 0.922963 
489.852600 239.924881 0.696991 
507.500793 273.684540 0.630242 
529.523193 300.169556 0.380112 
451.662994 298.693268 0.643906 
511.975922 304.589294 0.614515 
510.448914 350.211365 0.791685 
464.882813 288.474121 0.538175 
520.741821 297.232544 0.415676 
510.467072 345.712830 0.545930 
511.944702 222.255615 0.911003 
0.000000 0.000000 0.000000 
498.729858 223.753693 0.869532 
0.000000 0.000000 0.000000 
18
519.227539 229.576904 0.895264 
486.927734 244.289886 0.783785 
486.877075 251.707138 0.900960 
504.543945 288.456421 0.794287 
532.500916 308.993622 0.898297 
488.363495 239.870285 0.605792 
510.371857 275.138855 0.578013 
530.984131 301.686890 0.504282 
456.041443 298.708862 0.656656 
513.376343 303.125580 0.586432 
510.468384 350.155304 0.816910 
463.368011 289.882660 0.454113 
522.142151 294.315521 0.385702 
510.432709 344.278503 0.454470 
513.398193 225.210678 0.874253 
520.680908 220.817017 0.053810 
500.172241 225.178314 0.827253 
0.000000 0.000000 0.000000 
18
520.710205 229.687912 0.882676 
486.941986 244.298096 0.756801 
488.349426 253.109802 0.885640 
508.921844 288.460480 0.688483 
533.921570 310.524567 0.897136 
485.446167 239.860718 0.560399 
511.927460 276.641357 0.591459 
535.412781 304.604828 0.659704 
456.060394 300.164429 0.653954 
514.842651 300.203278 0.534504 
510.449493 348.765106 0.753621 
454.569031 292.833405 0.447363 
522.142273 288.457489 0.380837 
510.431061 345.751343 0.451721 
517.781677 226.677704 0.848025 
0.000000 0.000000 0.000000 
503.075256 225.207382 0.821588 
0.000000 0.000000 0.000000 
18
522.149048 231.107452 0.865396 
488.358398 244.345230 0.754750 
489.845093 253.169647 0.853493 
510.434998 289.882721 0.737869 
533.997070 311.897369 0.923222 
485.434479 239.875656 0.555859 
513.392395 278.178436 0.465037 
535.374146 306.049286 0.578947 
460.452179 298.703217 0.651031 
514.864319 306.041748 0.556673 
510.466461 348.769073 0.768538 
454.586517 291.344391 0.429948 
522.169800 294.301941 0.362963 
510.476471 345.729187 0.429304 
520.663391 228.098099 0.851697 
0.000000 0.000000 0.000000 
504.557068 226.685837 0.805084 
0.000000 0.000000 0.000000 
18
523.606018 231.130753 0.866329 
491.315033 245.760742 0.707732 
492.776703 254.607910 0.777518 
511.871338 291.346436 0.710187 
533.992432 311.952179 0.871289 
489.852234 239.880051 0.516239 
519.258362 283.982788 0.474746 
534.004944 308.959808 0.666666 
457.519958 297.222809 0.660593 
516.315369 304.589294 0.559190 
510.453949 350.148529 0.801299 
456.007233 288.435333 0.430144 
522.188232 292.841675 0.345725 
511.852692 344.298035 0.399463 
522.129211 228.115829 0.866555 
0.000000 0.000000 0.000000 
507.474182 228.070938 0.790442 
0.000000 0.000000 0.000000 
18
523.677124 235.486481 0.814747 
489.849487 245.776077 0.749927 
491.342285 254.596420 0.803909 
511.912445 291.369781 0.686986 
535.399658 311.968719 0.846157 
488.369293 239.864380 0.550608 
520.682190 282.539917 0.537718 
535.411316 307.522675 0.682423 
454.605652 298.709045 0.663432 
516.339966 304.580750 0.541465 
510.466095 350.162720 0.783116 
453.073486 291.368134 0.427170 
522.146729 289.905670 0.315779 
510.444702 344.290100 0.331749 
522.239624 229.565475 0.871463 
0.000000 0.000000 0.000000 
510.405121 228.150085 0.812922 
0.000000 0.000000 0.000000 
18
525.107422 231.134933 0.844062 
491.316254 244.329391 0.755233 
494.287354 256.059204 0.781236 
511.894531 292.843079 0.639008 
533.969849 313.443329 0.810614 
488.384125 238.401993 0.556736 
520.670715 281.067322 0.590221 
536.869995 304.615967 0.764241 
461.875824 294.323547 0.666593 
519.228027 304.593079 0.542650 
510.417816 350.164001 0.806931 
453.115997 286.956879 0.464307 
523.670837 288.488739 0.329313 
510.432587 344.312958 0.253638 
523.601074 228.131485 0.892844 
0.000000 0.000000 0.000000 
508.971405 228.091614 0.804590 
0.000000 0.000000 0.000000 
18
525.112549 233.994690 0.801120 
492.779205 244.319489 0.735423 
494.238831 254.628769 0.765356 
511.894165 291.408722 0.638891 
533.965393 312.005646 0.823256 
491.322723 238.438385 0.546031 
520.690857 281.034332 0.640976 
536.916016 304.573517 0.775508 
461.876251 294.289764 0.674275 
519.218689 304.590149 0.546976 
510.418854 350.163544 0.788226 
454.586639 286.953033 0.465516 
522.203308 289.938782 0.314322 
510.453674 345.724670 0.346701 
523.640747 228.175491 0.868749 
0.000000 0.000000 0.000000 
510.432404 228.118179 0.809388 
0.000000 0.000000 0.000000 
18
525.124146 232.568024 0.798042 
491.335022 244.349686 0.732230 
492.800079 254.616440 0.772637 
511.892700 289.902161 0.682192 
534.006897 310.526764 0.872386 
489.844818 238.448135 0.558648 
520.697327 281.054718 0.593020 
535.487000 304.617828 0.700119 
463.346130 294.310486 0.690908 
519.234314 307.504272 0.579697 
510.418854 350.176941 0.795882 
457.490234 286.983276 0.481640 
523.647217 292.856262 0.332132 
510.472961 345.696747 0.356769 
523.642334 228.150482 0.856492 
0.000000 0.000000 0.000000 
510.436310 228.115326 0.812660 
0.000000 0.000000 0.000000 
18
525.107239 232.581253 0.782220 
492.784210 244.340454 0.721201 
492.787750 253.200058 0.812516 
511.896729 289.868500 0.701170 
535.380981 311.926422 0.875938 
489.879822 239.866043 0.537609 
520.674500 282.541840 0.533907 
535.503784 307.499146 0.688637 
463.324280 294.317932 0.683866 
519.235901 306.065857 0.573790 
510.424438 350.153961 0.794185 
458.957031 286.988312 0.467970 
522.217529 292.830505 0.337082 
510.466980 344.305328 0.346704 
523.631836 228.168549 0.845515 
0.000000 0.000000 0.000000 
510.437073 228.110306 0.786706 
0.000000 0.000000 0.000000 
18
523.617432 231.087509 0.848588 
489.898254 245.781784 0.715859 
491.345673 254.589050 0.812715 
511.899780 289.909943 0.676421 
533.955200 311.995392 0.783799 
489.829926 239.902023 0.542422 
520.685181 281.061035 0.642215 
536.908020 307.496674 0.784675 
461.933929 295.778809 0.688490 
519.240967 306.035553 0.570585 
510.422424 350.156403 0.793654 
457.512482 288.416992 0.468191 
528.054321 295.782013 0.305569 
510.406006 345.710327 0.283545 
522.148438 228.100174 0.847218 
0.000000 0.000000 0.000000 
507.518280 228.078201 0.788272 
0.000000 0.000000 0.000000 
18
522.161499 229.634064 0.875904 
488.424316 242.886353 0.764666 
491.340668 254.626480 0.793188 
510.493011 289.944031 0.624939 
533.911926 313.436249 0.753292 
486.888031 238.396057 0.549391 
516.300720 276.666962 0.691481 
535.479797 300.225098 0.896964 
461.877228 295.764923 0.668151 
519.245605 306.058014 0.560755 
510.440979 350.210449 0.791832 
453.081879 288.395325 0.476256 
532.451172 298.703644 0.320997 
510.451660 344.307953 0.244362 
520.680603 226.662659 0.823929 
0.000000 0.000000 0.000000 
506.031433 226.673050 0.795646 
0.000000 0.000000 0.000000 
18
517.799744 228.130630 0.787423 
485.421417 244.318542 0.766687 
488.436981 254.631287 0.869045 
508.989594 292.845917 0.616733 
532.481567 316.369232 0.754200 
476.661133 236.934464 0.601107 
511.909698 276.622192 0.642662 
533.939209 298.730103 0.826596 
453.043915 301.674316 0.650745 
514.879028 300.219574 0.520274 
510.436523 350.195648 0.817751 
444.272217 295.752991 0.442257 
533.890869 298.680450 0.349252 
511.843903 339.927094 0.146104 
513.386353 222.274170 0.783661 
0.000000 0.000000 0.000000 
500.210205 225.182999 0.817488 
0.000000 0.000000 0.000000 
18
517.756531 222.262482 0.845398 
485.395935 242.885269 0.754676 
486.912476 253.171143 0.909512 
505.990692 294.308136 0.682889 
533.872742 316.346436 0.899766 
478.064423 238.407654 0.578780 
510.394745 276.700073 0.293936 
531.003540 306.060883 0.456914 
453.141205 303.108459 0.624925 
517.768616 297.234619 0.485074 
510.454895 350.211365 0.774606 
451.584625 295.759216 0.411982 
523.617188 285.451050 0.535626 
532.455750 311.939819 0.121234 
511.889587 217.858078 0.957187 
0.000000 0.000000 0.000000 
498.650513 220.819290 0.851777 
0.000000 0.000000 0.000000 
18
511.893188 217.895309 0.910338 
483.923004 241.414978 0.788215 
485.451904 253.088837 0.897032 
498.680756 297.247833 0.838755 
528.102539 313.413971 0.849030 
476.618835 238.390991 0.598154 
451.574707 247.222855 0.240818 
439.834595 235.483719 0.299700 
454.538116 300.159546 0.625331 
520.744995 310.441986 0.465626 
510.452209 351.643188 0.798131 
453.069000 291.335999 0.391313 
522.132813 284.005646 0.575362 
510.475433 341.334656 0.303705 
508.919067 216.348404 0.877891 
0.000000 0.000000 0.000000 
494.243622 219.307526 0.828478 
0.000000 0.000000 0.000000 
18
504.540680 216.329132 0.340484 
475.080872 241.407684 0.860982 
478.120850 251.623688 0.869449 
489.863617 297.270020 0.809008 
519.275879 311.914368 0.608774 
464.867920 238.398972 0.698111 
448.672607 248.692245 0.221425 
439.827789 235.487152 0.355273 
453.086761 303.118317 0.571487 
516.342468 306.042999 0.444212 
510.490265 351.646484 0.815994 
445.751007 295.740601 0.381289 
513.346252 279.632751 0.600895 
530.993835 326.646667 0.380389 
500.171356 210.481415 0.411146 
0.000000 0.000000 0.000000 
491.317383 216.358032 0.704509 
475.053741 216.300644 0.193041 
18
498.681549 216.392914 0.861265 
472.218170 241.353790 0.818109 
475.187805 248.695969 0.909110 
479.570129 289.937897 0.815009 
508.928986 298.689484 0.732778 
466.312836 238.419601 0.644032 
485.426453 272.253021 0.126337 
498.589478 276.617188 0.210978 
460.446960 298.655212 0.597170 
513.389221 298.697784 0.649918 
523.752136 311.992615 0.097860 
457.511780 289.888123 0.471725 
511.978607 283.990570 0.687706 
531.024780 323.678009 0.688118 
495.704987 211.982132 0.753653 
0.000000 0.000000 0.000000 
485.390839 216.370132 0.812011 
0.000000 0.000000 0.000000 
18
489.855347 214.918640 0.791983 
466.303864 241.361786 0.835372 
472.173065 245.782532 0.827636 
475.098053 288.363159 0.916170 
503.081787 288.453918 0.962476 
463.357147 239.823776 0.626360 
481.014709 272.241638 0.194255 
495.704559 275.172363 0.232841 
464.878235 298.653931 0.567094 
511.879395 294.300201 0.798970 
510.479706 350.161163 0.864823 
464.838440 288.457367 0.430216 
513.390015 281.064270 0.693880 
533.883362 322.245148 0.793793 
488.319183 209.031677 0.795888 
0.000000 0.000000 0.000000 
476.623657 214.930496 0.859005 
0.000000 0.000000 0.000000 
18
486.897186 211.947342 0.800672 
463.430359 241.351273 0.805052 
464.872986 244.329803 0.891294 
469.279968 286.898376 0.881919 
501.653259 282.538330 0.920418 
461.904633 239.849915 0.638788 
481.045227 267.825134 0.461667 
498.676971 275.200104 0.463897 
464.867554 297.254364 0.566514 
511.891479 295.792664 0.771682 
510.471832 350.165039 0.889330 
470.715698 288.418274 0.423994 
514.849976 286.871674 0.715524 
532.494507 320.786835 0.688734 
482.488190 206.159851 0.773083 
0.000000 0.000000 0.000000 
472.211304 214.907852 0.789463 
0.000000 0.000000 0.000000 
