46
1
18
525.107849 154.629150 0.914496 
501.651581 194.370819 0.809602 
508.933350 200.223145 0.814936 
513.357788 241.375488 0.906251 
529.533020 272.230194 0.864152 
500.165863 192.851639 0.629400 
470.735596 216.302063 0.307094 
472.181305 200.183533 0.275590 
501.608124 264.870880 0.770040 
501.659882 311.946564 0.824532 
500.161835 356.057190 0.818184 
498.698181 263.362213 0.640551 
506.026855 310.513062 0.706707 
501.638489 347.216370 0.664320 
522.147522 147.361145 0.943472 
0.000000 0.000000 0.000000 
510.369263 157.552399 0.852076 
0.000000 0.000000 0.000000 
18
525.133545 156.047699 0.911003 
501.654114 194.340912 0.797004 
508.917450 200.189468 0.802387 
513.349609 241.341537 0.904850 
528.094360 272.266785 0.871005 
500.176056 192.827652 0.621700 
472.195679 216.342361 0.259886 
472.228027 198.744659 0.225891 
501.649902 264.847412 0.757738 
501.656342 311.949554 0.833776 
500.192230 356.073547 0.839913 
500.130371 261.979401 0.646378 
506.013184 311.890869 0.718602 
503.084656 347.226654 0.669601 
522.169861 148.735138 0.937754 
0.000000 0.000000 0.000000 
510.391052 157.547302 0.867741 
0.000000 0.000000 0.000000 
18
525.119385 156.112793 0.919947 
501.643616 194.344955 0.808518 
508.933167 200.190323 0.803279 
511.950684 241.385757 0.907652 
526.589355 273.705597 0.891067 
500.133911 192.838608 0.640780 
472.178223 216.310486 0.281599 
473.601166 198.755524 0.235004 
503.059418 264.850861 0.755398 
503.067810 311.944153 0.819054 
500.193451 356.072510 0.826815 
498.676117 261.954010 0.641172 
505.993378 310.505798 0.691660 
503.082977 347.218201 0.660294 
522.163757 148.801407 0.912558 
0.000000 0.000000 0.000000 
510.355682 157.592438 0.847024 
0.000000 0.000000 0.000000 
18
525.123413 156.092102 0.904014 
501.603790 194.312943 0.817265 
507.495026 198.725952 0.809285 
511.878784 241.372162 0.920586 
523.752930 275.112671 0.923565 
500.111328 192.818573 0.625311 
469.266327 214.921585 0.300195 
472.217987 201.638626 0.272580 
501.634430 264.857635 0.761704 
503.073975 311.902863 0.817857 
500.194458 357.452881 0.845209 
498.675018 261.959412 0.653720 
508.903625 310.455933 0.700977 
504.543488 347.209778 0.657759 
522.179932 148.763962 0.924544 
0.000000 0.000000 0.000000 
510.373901 157.534119 0.848411 
0.000000 0.000000 0.000000 
18
525.124084 157.498016 0.924749 
503.067322 194.270157 0.791904 
507.495270 197.279999 0.811855 
511.873779 241.431122 0.875577 
523.686584 275.190796 0.930853 
503.058838 192.789459 0.602296 
470.734985 216.326797 0.230395 
473.620667 200.234375 0.218785 
500.200562 263.467499 0.778000 
503.089020 311.885284 0.816853 
500.194977 357.462891 0.857127 
500.109955 261.937561 0.636755 
508.961700 310.453552 0.700753 
504.542542 347.196014 0.636035 
522.186890 150.200928 0.909009 
0.000000 0.000000 0.000000 
510.394165 157.559158 0.861683 
0.000000 0.000000 0.000000 
18
523.749512 157.532516 0.942633 
501.634094 192.901871 0.805836 
507.473572 197.252609 0.821243 
510.482086 241.344101 0.898301 
523.660950 275.122101 0.938078 
500.164886 191.395844 0.604274 
470.705780 216.316772 0.298207 
473.632416 201.642258 0.271636 
501.613831 264.871002 0.767108 
503.054413 311.938354 0.817616 
500.201843 357.464325 0.846450 
500.108673 261.968842 0.629659 
508.937164 310.523804 0.707185 
504.540619 347.224030 0.625430 
522.176697 150.244003 0.899277 
0.000000 0.000000 0.000000 
510.370667 157.570007 0.859397 
0.000000 0.000000 0.000000 
18
523.741394 156.076202 0.935272 
506.040253 192.890640 0.802528 
504.561279 195.819168 0.829382 
510.466217 241.378845 0.827568 
528.046753 272.223724 0.859316 
510.440308 191.399231 0.690027 
520.741455 235.493652 0.485302 
534.001038 253.103928 0.704038 
500.186707 263.410675 0.783382 
503.073334 311.889618 0.821768 
500.199890 357.464844 0.873135 
507.479584 261.910492 0.589628 
508.940338 310.491577 0.749097 
501.610535 347.217194 0.652970 
522.145325 148.765778 0.915254 
0.000000 0.000000 0.000000 
508.946411 157.543198 0.843168 
0.000000 0.000000 0.000000 
18
525.110352 154.648010 0.910191 
508.931488 192.894302 0.809231 
503.055420 194.386383 0.832744 
511.886414 241.368835 0.783503 
535.469604 261.965454 0.810344 
511.958862 191.404480 0.746334 
525.154724 229.595154 0.731918 
544.247559 251.718842 0.794199 
498.718842 263.415100 0.821685 
501.640198 311.891327 0.847675 
500.215942 357.471344 0.880219 
510.442322 261.953369 0.726176 
510.357605 310.505768 0.765699 
501.620392 345.794800 0.635757 
522.166931 147.352585 0.930779 
0.000000 0.000000 0.000000 
510.356812 156.114594 0.837319 
0.000000 0.000000 0.000000 
18
523.745850 156.076202 0.928052 
506.042145 192.903610 0.803762 
503.062469 195.791367 0.819850 
513.422363 241.330521 0.776382 
545.668701 251.715744 0.840599 
510.476318 191.409744 0.759943 
526.584290 225.193954 0.773867 
547.157837 242.844925 0.765836 
500.109741 261.966431 0.784104 
503.097046 310.455231 0.821128 
500.197662 356.079834 0.857079 
508.918152 261.902527 0.624781 
508.969604 309.021912 0.693375 
503.073639 345.795471 0.638894 
522.165039 148.740646 0.924030 
0.000000 0.000000 0.000000 
510.355286 157.493271 0.837862 
0.000000 0.000000 0.000000 
18
523.732483 157.487961 0.934679 
505.998779 192.891556 0.813282 
503.099792 195.778992 0.791893 
516.305908 241.414429 0.711900 
548.675415 248.676376 0.544194 
510.413391 191.403229 0.737398 
526.604797 222.250961 0.791124 
551.582703 238.416733 0.816675 
500.178894 261.949005 0.785275 
503.100037 310.464081 0.822369 
500.200287 356.069458 0.851118 
507.483673 260.469666 0.594113 
508.950256 309.022491 0.691303 
503.067322 345.775757 0.645306 
522.159180 148.802536 0.896601 
0.000000 0.000000 0.000000 
510.358612 157.525146 0.828910 
0.000000 0.000000 0.000000 
18
523.746033 156.097031 0.919859 
503.115784 192.855942 0.820371 
501.591278 194.335342 0.811367 
520.721985 239.873123 0.743322 
553.083984 241.436142 0.783136 
510.401764 191.394272 0.733377 
525.177002 220.766403 0.804007 
550.152954 229.591873 0.893584 
500.129730 259.010406 0.792581 
503.112183 310.431122 0.819006 
500.200592 357.450989 0.861994 
507.455872 257.524841 0.594940 
508.987579 308.978149 0.693368 
503.088562 345.776886 0.632426 
522.169006 148.758911 0.910509 
0.000000 0.000000 0.000000 
510.358276 157.493912 0.816280 
0.000000 0.000000 0.000000 
18
523.728271 154.637833 0.914725 
503.107300 192.855896 0.829562 
503.098267 194.347992 0.797194 
522.164246 239.847565 0.814782 
556.006348 238.395874 0.842810 
508.936310 191.394379 0.678822 
529.509888 216.426987 0.698182 
551.597961 226.649780 0.802389 
500.190704 260.467865 0.793111 
503.100067 310.453552 0.820819 
500.205505 357.460876 0.863531 
506.029022 258.989258 0.585910 
508.971222 309.013611 0.686089 
503.082489 345.788635 0.626494 
522.140808 148.721619 0.916979 
0.000000 0.000000 0.000000 
508.963257 157.515900 0.812390 
0.000000 0.000000 0.000000 
18
525.114746 154.646576 0.907897 
503.096527 192.880600 0.836000 
504.572418 194.387177 0.824664 
522.155945 236.983078 0.794478 
548.678223 229.677841 0.641116 
508.936310 191.394379 0.678822 
529.509888 216.426987 0.698182 
551.597961 226.649780 0.802389 
500.177582 260.506592 0.804787 
504.556610 310.423859 0.816274 
500.190063 357.466187 0.839330 
501.612213 259.015198 0.590007 
508.940155 308.959747 0.652966 
503.077148 345.799011 0.648200 
522.165283 147.363480 0.932154 
0.000000 0.000000 0.000000 
508.991180 157.500519 0.829069 
0.000000 0.000000 0.000000 
18
525.153870 157.535294 0.938506 
501.589844 192.855820 0.858650 
507.473083 194.376373 0.847460 
517.804810 234.002121 0.830807 
544.258301 225.189072 0.770457 
498.693146 191.367157 0.649757 
522.176880 220.777344 0.370853 
544.255737 219.316727 0.587240 
501.610779 261.945129 0.789471 
504.554504 310.434540 0.811662 
500.203644 357.450653 0.823695 
500.111481 260.452026 0.591966 
507.498688 308.985809 0.636237 
503.092072 347.193207 0.656026 
522.208374 150.238617 0.902800 
0.000000 0.000000 0.000000 
510.370178 157.581619 0.845208 
0.000000 0.000000 0.000000 
18
525.151123 157.525192 0.946784 
503.084961 192.852005 0.836525 
504.566986 194.359940 0.828629 
520.737061 234.005173 0.797840 
547.215332 226.658768 0.750397 
507.477966 191.397705 0.680464 
523.651489 220.800568 0.585282 
547.202393 217.906097 0.812366 
500.136780 260.485870 0.797043 
503.107697 310.431946 0.808793 
500.203888 356.075165 0.842405 
506.004608 259.035614 0.607163 
510.370209 308.981140 0.682904 
503.082764 345.762146 0.648091 
522.192627 150.243256 0.899465 
0.000000 0.000000 0.000000 
508.961365 157.590179 0.828670 
0.000000 0.000000 0.000000 
18
525.157715 157.524216 0.948340 
504.556152 192.872131 0.828583 
507.482178 195.792007 0.834995 
522.246948 238.413803 0.875189 
548.694824 228.101349 0.749463 
507.487885 191.407455 0.705268 
522.238647 225.184586 0.521992 
545.683350 219.354523 0.763011 
500.172302 260.509003 0.789978 
504.536530 310.430267 0.817714 
500.195740 356.063812 0.843886 
505.989380 260.456085 0.597775 
510.367889 308.976685 0.684785 
504.535461 345.743042 0.661986 
522.202087 150.253220 0.897293 
0.000000 0.000000 0.000000 
510.352539 157.611633 0.827775 
0.000000 0.000000 0.000000 
18
525.161987 157.523331 0.941168 
504.531219 192.848206 0.816870 
507.490753 194.387451 0.837125 
522.234497 236.949265 0.867217 
548.657104 225.171509 0.750311 
506.020844 191.389313 0.682696 
523.651672 220.766312 0.541249 
547.164429 217.797791 0.837133 
500.190643 260.456177 0.784774 
504.528473 309.027039 0.820477 
500.203339 356.075836 0.859956 
504.545929 257.553314 0.591763 
510.397491 307.537598 0.685098 
505.998993 345.708435 0.652703 
522.206177 150.260620 0.890385 
0.000000 0.000000 0.000000 
510.376190 157.615692 0.831058 
0.000000 0.000000 0.000000 
18
525.158447 157.563538 0.938359 
500.209412 192.824600 0.858693 
507.461700 194.343628 0.833511 
520.716614 232.542480 0.828709 
545.698425 217.827148 0.839937 
498.674988 191.332443 0.641846 
523.621094 217.871796 0.425977 
547.187500 216.412613 0.598669 
501.581970 260.483612 0.780176 
504.551636 310.395935 0.802358 
500.202209 356.055054 0.848482 
504.541351 259.000214 0.575235 
510.405579 307.544861 0.676941 
504.559479 345.730713 0.646513 
522.209290 151.692841 0.888200 
0.000000 0.000000 0.000000 
510.358093 157.603790 0.817039 
0.000000 0.000000 0.000000 
18
525.159851 157.531555 0.937255 
501.629547 192.837891 0.842861 
506.004883 194.382156 0.811047 
522.116760 238.393234 0.823051 
545.760010 222.249573 0.752068 
501.623993 191.351013 0.641568 
523.647095 217.847839 0.494787 
547.152710 216.402069 0.744332 
500.196503 260.492615 0.769689 
504.559204 310.467712 0.790132 
500.198853 357.484924 0.836641 
498.685516 257.556183 0.576074 
508.917755 309.003845 0.629988 
503.072021 347.221100 0.635612 
522.215088 150.247406 0.889889 
0.000000 0.000000 0.000000 
510.372314 157.580887 0.816802 
0.000000 0.000000 0.000000 
18
525.152649 154.647675 0.903334 
504.544708 192.865540 0.832347 
508.924591 195.816895 0.841729 
523.690430 238.462494 0.920285 
550.146484 226.680023 0.774241 
506.009644 191.382904 0.685963 
523.657104 222.244247 0.514278 
545.735291 217.906296 0.785776 
501.624512 261.951477 0.780336 
504.539398 310.495789 0.807507 
500.215790 357.466980 0.833431 
500.145508 259.033844 0.590672 
508.941528 310.422852 0.666365 
504.557098 347.193756 0.635670 
522.202332 148.722946 0.932362 
0.000000 0.000000 0.000000 
510.392944 157.515305 0.846002 
0.000000 0.000000 0.000000 
18
525.148682 154.606842 0.901796 
503.093750 192.866470 0.812125 
507.514893 195.778229 0.838177 
522.251709 236.962860 0.885579 
548.700684 226.656662 0.765764 
503.091797 191.389313 0.670561 
523.656311 220.786469 0.516159 
547.227051 217.886475 0.788523 
500.207184 261.917511 0.781841 
504.550812 310.459686 0.804322 
501.583008 357.455902 0.829805 
500.122620 259.001312 0.574243 
508.947449 309.003052 0.663840 
504.565857 345.782166 0.631631 
522.190491 147.343094 0.945952 
0.000000 0.000000 0.000000 
510.386780 157.516495 0.851073 
0.000000 0.000000 0.000000 
18
525.187317 156.054169 0.904691 
501.596130 192.837402 0.843766 
507.465210 194.377914 0.842644 
519.237061 234.004654 0.818488 
542.749451 223.732147 0.729093 
500.121765 191.341278 0.656712 
522.207764 217.885101 0.396616 
542.759827 217.872025 0.628732 
500.194580 260.506256 0.779311 
503.113312 310.455963 0.795110 
501.592468 356.074036 0.831254 
501.595612 259.014679 0.576209 
508.946198 309.013977 0.650803 
504.558258 345.791046 0.617690 
522.225525 148.727875 0.932352 
0.000000 0.000000 0.000000 
510.399811 157.533524 0.848216 
0.000000 0.000000 0.000000 
18
526.601074 156.073196 0.898997 
501.611389 192.833267 0.857233 
507.478638 195.772385 0.831927 
519.250122 239.858902 0.783139 
544.264160 225.219742 0.722884 
500.137299 191.331818 0.648407 
522.221069 219.306564 0.435546 
545.743103 217.907104 0.681630 
501.612213 261.908051 0.750613 
504.571930 310.455505 0.776917 
500.213806 356.053772 0.800810 
495.719849 256.091034 0.593339 
506.021484 308.991821 0.608229 
504.536041 347.217651 0.637312 
522.241516 148.755844 0.924883 
0.000000 0.000000 0.000000 
510.402863 157.572754 0.834920 
0.000000 0.000000 0.000000 
18
526.635376 156.106369 0.890839 
503.088654 192.883926 0.827666 
508.948975 197.244476 0.845454 
522.242920 239.860641 0.902580 
547.234802 228.146286 0.774289 
501.624390 191.372971 0.667667 
522.232605 222.257996 0.486945 
544.266296 220.761581 0.741349 
501.603790 261.922516 0.768637 
504.564209 310.479919 0.790186 
500.200867 357.465485 0.828537 
497.211121 257.542328 0.576303 
507.488159 309.025330 0.633490 
503.098236 347.196991 0.633852 
523.612305 148.777039 0.906219 
0.000000 0.000000 0.000000 
510.461975 157.549347 0.842469 
0.000000 0.000000 0.000000 
18
528.060242 157.513138 0.894758 
501.651337 192.877090 0.830192 
508.966827 195.800201 0.848897 
522.220337 238.424622 0.923126 
547.237488 228.067734 0.821186 
500.116333 191.375015 0.670355 
523.610840 219.303909 0.419018 
547.161194 219.306427 0.701774 
501.627716 261.970917 0.768801 
506.024963 310.484711 0.804122 
500.200043 357.483612 0.824644 
495.725922 258.990906 0.606769 
505.997559 309.022247 0.639828 
503.077728 347.258881 0.655932 
523.637085 150.197281 0.887129 
0.000000 0.000000 0.000000 
510.488983 157.547272 0.835147 
0.000000 0.000000 0.000000 
18
528.089294 158.976120 0.922787 
500.184998 192.845154 0.860846 
507.505341 194.346619 0.859157 
520.671570 235.507523 0.830321 
545.675964 219.376404 0.808954 
497.216827 191.348099 0.664611 
522.169006 220.785461 0.335222 
544.264648 217.837234 0.551184 
503.064697 260.489685 0.763351 
506.027679 310.431488 0.796702 
500.185577 357.461578 0.823703 
495.738495 256.086029 0.612492 
504.572113 308.965210 0.627710 
503.089386 347.256348 0.667951 
523.663696 153.151093 0.879775 
0.000000 0.000000 0.000000 
510.469818 157.549713 0.846138 
0.000000 0.000000 0.000000 
18
529.546753 157.633987 0.938978 
500.199890 192.810760 0.865498 
508.913055 194.334854 0.861777 
516.339478 235.511841 0.803827 
545.657288 217.919968 0.809958 
497.202362 189.890457 0.636904 
469.249573 214.857147 0.365208 
473.639435 203.141357 0.401593 
501.654297 260.462860 0.756830 
507.460266 309.023865 0.788614 
500.165771 356.038452 0.795557 
495.735931 254.648514 0.615511 
506.035034 307.519684 0.629596 
501.653595 347.222473 0.678651 
523.649170 153.157791 0.895199 
0.000000 0.000000 0.000000 
510.398712 157.605087 0.842961 
0.000000 0.000000 0.000000 
18
530.983887 157.609100 0.933603 
500.196991 192.849274 0.885007 
510.372772 194.385849 0.888636 
520.709045 235.470886 0.821570 
547.231384 220.825302 0.785386 
495.708801 189.931931 0.681683 
522.134644 225.181808 0.303888 
545.708740 217.915344 0.604364 
504.553162 261.949615 0.754626 
507.492126 310.452515 0.810338 
500.176544 356.043732 0.784638 
491.316925 257.562622 0.674296 
501.645294 308.983612 0.679826 
503.057556 347.268738 0.689324 
523.678284 151.705399 0.879759 
0.000000 0.000000 0.000000 
510.444641 157.578094 0.836711 
0.000000 0.000000 0.000000 
18
530.984497 157.613800 0.947334 
501.627472 192.858765 0.853129 
510.389984 195.797577 0.880235 
522.130920 236.961090 0.862296 
547.247559 226.649414 0.812324 
498.627197 191.338745 0.689910 
522.142212 223.734406 0.340307 
544.242554 219.327271 0.651714 
503.084686 261.958221 0.746995 
507.473419 310.431641 0.794375 
500.192657 356.038544 0.792551 
492.771851 257.552002 0.650581 
504.532074 308.955841 0.639032 
503.105377 347.225616 0.681862 
523.690735 153.130142 0.886764 
0.000000 0.000000 0.000000 
510.462982 157.589035 0.847935 
0.000000 0.000000 0.000000 
18
531.004395 157.598724 0.943799 
501.584930 192.816910 0.847312 
508.951935 194.347763 0.868871 
519.258850 236.981644 0.821638 
545.723938 219.325424 0.854752 
497.213867 189.897751 0.657121 
469.252045 213.399216 0.351732 
473.697113 204.534668 0.357321 
503.109772 261.907562 0.742556 
507.460693 310.428864 0.784967 
500.191833 356.042816 0.786977 
494.277283 256.104767 0.620102 
503.114532 308.960632 0.629216 
503.096436 347.233429 0.675753 
523.699036 151.695999 0.883566 
0.000000 0.000000 0.000000 
510.476074 157.572159 0.856184 
0.000000 0.000000 0.000000 
18
531.010315 157.577408 0.937171 
506.003571 192.821854 0.754738 
508.932892 194.352844 0.865266 
516.326965 232.574921 0.834228 
544.211670 217.870529 0.848049 
503.090942 191.350708 0.626357 
522.251099 219.360626 0.353572 
547.172180 217.788727 0.509902 
501.584412 260.509583 0.779874 
504.548035 310.421600 0.812051 
500.212555 356.067352 0.834394 
506.025696 260.461029 0.590499 
510.365265 308.971893 0.672297 
503.084076 345.791656 0.630805 
523.715332 151.683670 0.869028 
0.000000 0.000000 0.000000 
511.868866 157.571915 0.857636 
0.000000 0.000000 0.000000 
18
531.033325 157.551834 0.913161 
503.094330 192.852783 0.793422 
508.964203 195.795731 0.854148 
520.723511 235.516403 0.853347 
545.717773 219.335846 0.834365 
500.162140 191.337158 0.646812 
522.141357 225.165543 0.328853 
544.250793 217.821701 0.601612 
501.636902 260.460999 0.763666 
506.012939 310.416931 0.792605 
500.198212 356.075043 0.806972 
500.119934 257.527008 0.564962 
508.911285 307.557098 0.632636 
503.058929 347.224976 0.643218 
523.742371 150.242447 0.858936 
0.000000 0.000000 0.000000 
511.901978 157.547653 0.841907 
0.000000 0.000000 0.000000 
18
531.008240 157.552826 0.908890 
503.083618 191.382156 0.806628 
510.396637 194.354462 0.883258 
522.239746 236.949036 0.877435 
548.667664 223.712967 0.809418 
498.690704 188.411865 0.664304 
522.143555 213.447403 0.337044 
545.687988 217.846237 0.713683 
503.115173 260.477203 0.731901 
506.035614 310.420258 0.781254 
500.191650 356.078369 0.792381 
495.714355 254.639542 0.627001 
506.002319 307.552643 0.611581 
503.096893 347.233398 0.644011 
523.728149 151.680740 0.858342 
0.000000 0.000000 0.000000 
511.897888 157.589783 0.855768 
0.000000 0.000000 0.000000 
18
530.996338 157.579147 0.938641 
501.644104 192.787292 0.823538 
510.392761 194.335144 0.877607 
522.169739 236.963242 0.892565 
547.207642 217.894516 0.866347 
498.643402 189.887222 0.669112 
522.195496 223.710510 0.266899 
545.699402 216.433319 0.555560 
503.085510 260.503845 0.750710 
506.004028 310.428772 0.785685 
500.206940 357.457458 0.802459 
495.744141 256.085846 0.594735 
506.021149 308.966858 0.612272 
503.093109 347.231384 0.635937 
523.686340 151.718536 0.882302 
0.000000 0.000000 0.000000 
510.479645 157.629257 0.843438 
0.000000 0.000000 0.000000 
18
529.517639 157.608292 0.943959 
501.616150 192.789017 0.818475 
508.990051 194.294006 0.880928 
516.299194 235.507690 0.826676 
542.791382 216.398483 0.925516 
498.634186 189.882187 0.654656 
469.260986 211.969543 0.286459 
473.680908 204.535873 0.327292 
503.060760 260.460632 0.747864 
504.560516 310.417114 0.795334 
500.208099 357.460175 0.824427 
498.666626 257.534546 0.576398 
507.490997 308.960907 0.630233 
504.529572 347.216431 0.627858 
523.618042 153.154984 0.893087 
528.100464 151.688904 0.188836 
510.374878 158.973389 0.831652 
0.000000 0.000000 0.000000 
18
530.979309 157.607819 0.940658 
501.633636 192.790787 0.823859 
510.380280 194.339218 0.874247 
516.293518 231.100327 0.865185 
545.653137 216.441864 0.923111 
498.637146 189.886215 0.657156 
470.730225 213.405075 0.245164 
473.657379 204.566299 0.297654 
504.525238 261.925232 0.743383 
504.552155 310.436035 0.793501 
500.204559 357.447479 0.809968 
498.633575 259.023590 0.597049 
506.039764 308.987518 0.620228 
504.527893 347.211700 0.635489 
523.672729 153.133194 0.884063 
0.000000 0.000000 0.000000 
510.450317 157.601517 0.853294 
0.000000 0.000000 0.000000 
18
531.020874 157.547226 0.925524 
503.057831 192.830338 0.828705 
510.448792 194.388428 0.867223 
520.735901 238.425690 0.870940 
545.753113 219.365234 0.934394 
498.619965 189.907974 0.691231 
467.819153 213.452881 0.365050 
473.632965 204.540955 0.385013 
504.580292 263.403839 0.752536 
506.009460 311.894836 0.783085 
500.183014 357.476746 0.790806 
495.700897 260.488495 0.636344 
503.069977 310.455505 0.640472 
503.069824 348.705780 0.644415 
523.703613 151.670349 0.880337 
0.000000 0.000000 0.000000 
511.856598 157.600464 0.858458 
0.000000 0.000000 0.000000 
18
531.026672 157.553619 0.923894 
501.656342 192.809784 0.830127 
510.417206 194.361694 0.872602 
520.736877 238.409805 0.859873 
545.773743 220.823288 0.898958 
498.632904 189.887512 0.689437 
467.831787 213.433167 0.417416 
473.663910 203.119095 0.394581 
503.088715 261.968750 0.753089 
504.562103 310.509003 0.803319 
500.189636 357.466370 0.809851 
497.214264 260.459473 0.612937 
506.031769 310.435730 0.640040 
503.096039 347.266022 0.643425 
523.721985 151.679443 0.872724 
0.000000 0.000000 0.000000 
511.888611 157.591461 0.861386 
0.000000 0.000000 0.000000 
18
531.013245 157.560455 0.937757 
503.082886 191.393250 0.795587 
510.388794 194.312317 0.891335 
517.791382 234.027008 0.826637 
544.247803 217.805893 0.965826 
498.697693 188.434921 0.670377 
469.247528 213.412170 0.337989 
473.633942 203.137421 0.379457 
503.061157 260.460175 0.755358 
504.527771 310.454498 0.810776 
500.198944 357.462708 0.812557 
500.136169 257.555908 0.589648 
508.928314 308.997314 0.648896 
503.073151 347.239685 0.641054 
523.696106 151.697479 0.887944 
0.000000 0.000000 0.000000 
511.851532 157.617523 0.865023 
0.000000 0.000000 0.000000 
18
531.006226 157.615082 0.942171 
501.662109 192.805832 0.801938 
508.954559 194.353439 0.871132 
517.776855 235.497711 0.843251 
544.238464 217.837723 0.892548 
500.106476 189.915390 0.657009 
470.731659 214.846512 0.293531 
473.632874 203.150467 0.318445 
503.064850 261.918549 0.747378 
504.549469 310.457123 0.796075 
500.213928 357.452026 0.799760 
500.106018 259.028015 0.587285 
506.025238 309.005096 0.618260 
503.067078 347.251617 0.627535 
523.707275 153.152618 0.879401 
0.000000 0.000000 0.000000 
511.852997 157.596573 0.863264 
0.000000 0.000000 0.000000 
18
531.025818 157.572250 0.929408 
503.092560 192.783859 0.793821 
508.986267 194.349182 0.864122 
520.725891 236.939972 0.828964 
545.731018 219.310654 0.826126 
500.137909 189.896912 0.661855 
522.143250 226.641693 0.291987 
544.220337 217.864120 0.565687 
503.098450 261.907928 0.742214 
504.556915 310.441315 0.794892 
500.193604 357.450043 0.804044 
500.126587 259.017426 0.589039 
507.464935 308.982574 0.623323 
503.065735 347.231293 0.632896 
525.113281 150.253815 0.858167 
0.000000 0.000000 0.000000 
511.904694 157.489609 0.844096 
0.000000 0.000000 0.000000 
18
532.420837 157.553482 0.919844 
503.107178 192.809113 0.801241 
510.447540 194.388657 0.866269 
522.184692 236.974030 0.878207 
547.194519 222.244125 0.853165 
498.675476 189.883896 0.686974 
522.141479 226.635895 0.277062 
545.654358 217.880188 0.637354 
504.562805 261.940430 0.738446 
506.002197 310.465302 0.792297 
500.186890 356.081360 0.794584 
497.212524 259.007935 0.604413 
506.013519 309.003632 0.599189 
503.063904 347.231384 0.638685 
525.112122 150.247971 0.858004 
0.000000 0.000000 0.000000 
511.915131 157.531464 0.847066 
0.000000 0.000000 0.000000 
18
531.038147 157.570862 0.928957 
503.074860 192.786652 0.806558 
510.420563 194.329636 0.872069 
522.109680 236.966873 0.866102 
545.750183 217.819397 0.946070 
498.669312 189.888382 0.686045 
467.826385 213.429855 0.348506 
475.063904 204.532883 0.391254 
503.090607 260.456177 0.749568 
505.995453 310.412598 0.785537 
500.197235 357.455841 0.801152 
498.654510 256.083679 0.594452 
507.486359 307.544952 0.615689 
503.063507 347.216034 0.638647 
523.745361 151.663437 0.860648 
0.000000 0.000000 0.000000 
511.897644 157.531662 0.859478 
0.000000 0.000000 0.000000 
18
532.428894 157.576080 0.937096 
503.110046 191.386307 0.768880 
510.401031 194.311447 0.866157 
516.331726 234.002792 0.823574 
542.805725 216.396729 0.925863 
498.703979 188.412659 0.659652 
470.749268 211.972076 0.205000 
473.668152 204.545731 0.291167 
501.639435 257.538269 0.747980 
505.990997 308.959290 0.783002 
500.200378 356.054230 0.823406 
500.130951 254.629272 0.575600 
510.356873 304.609039 0.637926 
503.073273 345.798920 0.634968 
525.116943 151.668198 0.860586 
0.000000 0.000000 0.000000 
511.903259 157.506195 0.847548 
0.000000 0.000000 0.000000 
18
532.435791 157.517105 0.919441 
501.660004 191.404388 0.803706 
510.398346 194.327713 0.850012 
519.249084 236.965668 0.819448 
545.649170 217.868530 0.959593 
498.630432 188.424118 0.660194 
467.829987 213.439926 0.363029 
475.063599 203.146469 0.361740 
503.084351 259.003998 0.747329 
504.570038 309.008148 0.781128 
500.190308 356.067657 0.807677 
498.639771 254.642853 0.592967 
507.501007 306.088928 0.610508 
503.057404 347.205414 0.643400 
525.135437 148.807999 0.869604 
0.000000 0.000000 0.000000 
511.933075 156.095566 0.828241 
0.000000 0.000000 0.000000 
18
531.036621 154.646591 0.883250 
504.568756 192.781342 0.784226 
510.420441 194.383682 0.857932 
522.157593 236.948608 0.844375 
547.187988 222.234406 0.889215 
500.150360 188.434097 0.658767 
522.166443 220.773972 0.305168 
545.665771 217.785004 0.650956 
503.104614 260.456696 0.730738 
504.528961 310.411499 0.800643 
500.184692 357.450684 0.827490 
500.159546 257.530762 0.584202 
508.932526 307.543915 0.630684 
504.524139 345.795837 0.640018 
525.105896 147.356537 0.901304 
0.000000 0.000000 0.000000 
511.923065 156.103531 0.833566 
0.000000 0.000000 0.000000 
