52
1
18
520.700989 192.894257 0.974599 
519.234009 217.854614 0.884053 
498.590515 217.781815 0.939362 
495.719452 253.126160 0.880101 
511.852386 276.713409 0.924792 
536.931946 219.331680 0.850711 
536.931030 253.155258 0.905852 
531.014038 276.693359 0.838898 
503.090759 273.668488 0.802952 
508.982361 309.020203 0.881751 
501.656860 356.075989 0.819257 
529.520081 275.136841 0.788160 
528.047729 309.001251 0.773524 
520.719543 347.271393 0.903950 
513.378723 189.888412 0.885561 
523.649963 189.893448 0.911972 
508.969910 191.393616 0.855963 
532.460205 192.772949 0.853473 
18
520.697937 192.900696 0.972550 
519.220459 217.858322 0.886962 
497.217621 217.805008 0.932353 
495.726227 253.178726 0.883711 
511.887390 278.104248 0.896220 
536.930664 219.315567 0.862257 
536.919373 253.161667 0.909550 
530.999878 276.723145 0.825457 
504.526062 272.266235 0.791072 
510.369354 308.999115 0.888627 
503.086029 356.053345 0.810400 
529.525818 273.744446 0.777859 
529.569580 307.545502 0.786791 
522.102600 347.289581 0.905922 
513.375610 189.896210 0.885757 
523.650085 189.904785 0.913208 
508.954224 191.404083 0.861669 
532.448364 192.782379 0.839555 
18
520.668823 192.906555 0.961395 
519.213562 217.868698 0.884404 
497.215485 217.829849 0.928757 
495.740143 253.203781 0.876415 
511.912018 278.120636 0.893368 
536.928101 219.314438 0.861083 
536.930115 253.155502 0.903726 
531.023315 276.686462 0.836432 
504.531433 272.223450 0.786543 
510.391296 308.974274 0.888565 
503.082275 356.062378 0.800417 
528.100464 273.703125 0.773450 
529.563538 307.499329 0.786715 
520.749634 347.270294 0.903694 
513.354797 189.921188 0.895504 
523.619934 189.916336 0.916046 
508.948456 192.784988 0.855664 
531.027161 192.791168 0.840269 
18
520.662109 192.921616 0.958031 
519.230225 217.881302 0.885485 
497.223755 217.854553 0.921276 
497.150330 253.206940 0.885839 
511.913483 278.135437 0.894873 
536.948853 219.308472 0.852867 
538.351074 253.143448 0.891980 
531.011292 276.675537 0.830878 
504.550232 272.219757 0.783270 
510.384369 308.997650 0.879630 
503.078796 356.072418 0.797900 
529.537292 273.704071 0.773298 
529.568298 307.529633 0.785296 
520.744934 347.231476 0.914483 
513.347229 191.328400 0.904469 
523.614563 189.934280 0.918175 
508.947815 192.803131 0.853246 
531.024353 192.799362 0.846973 
18
520.685120 194.283051 0.966963 
519.232971 217.870728 0.888952 
497.222076 217.835159 0.926266 
497.171082 253.202530 0.880219 
511.909576 278.135620 0.888377 
536.950256 219.303192 0.853335 
538.364685 253.140244 0.891013 
531.004089 276.671387 0.835170 
504.549164 270.796021 0.781994 
510.381317 308.954315 0.877119 
503.082489 357.457611 0.804732 
529.535645 273.697968 0.770977 
529.536072 306.075500 0.780086 
520.745850 347.260071 0.904943 
513.357727 191.367020 0.912018 
523.628540 191.340210 0.923090 
508.953217 192.809723 0.863641 
532.430237 192.780914 0.839926 
18
520.732727 194.316498 0.985406 
519.268188 217.873856 0.894524 
498.615601 217.838486 0.935563 
497.226379 253.187485 0.894733 
511.923187 278.117920 0.912004 
538.343811 219.309586 0.848813 
538.351807 253.115326 0.899115 
531.002075 276.653351 0.850858 
504.527405 269.327698 0.779775 
510.342133 307.530334 0.882353 
506.026459 356.038513 0.776236 
528.090820 273.678986 0.767739 
526.625610 306.052795 0.780055 
520.708557 347.236267 0.904119 
513.390198 191.400131 0.918774 
523.673645 191.380829 0.936064 
508.958740 192.831146 0.870048 
532.495972 192.808395 0.835931 
18
520.731567 194.348709 0.976006 
520.691040 217.871262 0.896816 
498.654266 217.800049 0.947832 
497.181427 253.122757 0.905915 
511.917938 276.658783 0.950379 
538.386414 219.348724 0.824787 
538.346985 253.134995 0.894036 
533.881104 276.644684 0.898346 
503.072937 269.318329 0.788480 
508.929962 307.514984 0.822095 
507.507172 356.020020 0.769895 
528.059265 273.689301 0.780886 
526.616760 303.152618 0.789540 
520.716431 348.680115 0.895107 
513.409424 192.776566 0.928841 
523.686829 192.778763 0.945750 
510.354553 192.833984 0.843931 
533.885742 192.853363 0.882800 
18
522.110596 195.770767 0.950540 
520.736450 217.913315 0.885146 
498.699158 217.816772 0.953606 
495.697235 251.695496 0.884956 
511.896484 275.129089 0.949960 
539.815430 222.234955 0.795500 
536.898621 253.209412 0.918377 
533.978516 278.118286 0.950795 
501.621521 266.400696 0.803081 
508.917267 301.648346 0.762529 
510.440979 348.711548 0.807494 
526.609680 272.244476 0.772610 
525.128418 306.059875 0.797157 
519.263916 348.739380 0.813314 
513.420837 192.844452 0.943555 
523.714417 192.829788 0.949081 
510.361359 192.911758 0.822075 
533.942871 192.893723 0.911196 
18
522.129578 195.824020 0.947671 
520.727783 219.344864 0.869678 
498.682709 217.861389 0.942058 
491.309052 251.693451 0.905431 
511.947754 273.667603 0.961369 
539.838867 225.183594 0.803360 
535.490173 257.520233 0.917104 
535.422729 281.069366 0.871811 
500.152527 267.838257 0.808129 
510.435394 307.511230 0.716669 
514.857178 347.240570 0.773822 
525.116577 273.701508 0.799613 
523.688293 308.996155 0.793438 
519.256042 347.223328 0.767377 
514.838806 192.888168 0.939293 
523.735352 192.886230 0.958509 
510.390015 194.334335 0.832204 
533.942627 194.331619 0.922768 
18
522.143677 200.186523 0.929891 
520.700317 220.826523 0.851288 
498.661926 217.912445 0.921295 
489.837463 251.729919 0.950409 
511.943787 267.842651 0.987923 
539.827698 228.070648 0.844729 
535.412292 263.434570 0.975799 
535.457825 297.259888 0.946276 
500.090607 267.821899 0.766551 
510.351837 286.959961 0.638481 
522.148254 341.337433 0.824828 
523.705933 275.114197 0.757328 
520.699402 297.220367 0.351143 
516.292419 336.928497 0.378970 
516.290344 194.314087 0.932943 
525.128723 194.349930 0.942476 
510.399902 194.391312 0.789081 
533.974243 195.812241 0.863639 
18
522.198792 203.111115 0.951391 
520.698364 222.268707 0.847392 
498.670624 217.917114 0.917342 
488.420044 253.089737 0.954762 
511.950745 266.396088 0.974063 
538.388550 228.099426 0.866645 
535.484436 263.422699 0.950753 
536.936035 295.749054 0.882758 
498.696320 270.759064 0.733492 
507.472656 279.617523 0.514059 
523.699524 333.978210 0.754963 
523.687622 275.214417 0.727862 
513.368408 303.122009 0.384820 
513.342773 345.708069 0.672529 
519.223206 194.398788 0.906075 
525.191650 195.820557 0.884057 
510.479980 195.766998 0.800015 
535.367065 197.305557 0.836015 
18
523.631287 204.551987 0.967053 
520.689697 225.171539 0.852341 
498.679443 219.304581 0.928765 
488.443939 251.733994 0.964239 
511.949463 264.971100 0.996744 
538.368713 228.180573 0.893603 
535.425659 264.834259 0.938206 
538.346497 297.228027 0.914770 
500.122894 269.303131 0.802550 
511.901733 288.440857 0.418850 
535.480347 323.795105 0.751121 
523.692810 275.167328 0.746543 
513.344177 300.204865 0.658216 
513.426575 348.677490 0.856782 
520.716553 195.846863 0.888511 
528.086609 198.730255 0.838086 
511.887207 197.244385 0.831706 
535.395081 201.654694 0.798021 
18
523.694336 206.030899 0.968158 
520.724060 226.646606 0.881668 
498.704285 219.342117 0.910218 
488.385681 253.078125 0.979196 
511.902222 266.361298 0.968426 
538.402527 229.627975 0.860209 
535.375183 264.920410 0.903012 
536.924255 297.179504 0.888229 
498.687897 270.782593 0.745747 
508.930695 282.512390 0.472548 
542.770630 323.652924 0.820521 
523.686157 275.237274 0.694880 
508.962646 295.795013 0.648932 
511.986420 347.175018 0.852201 
522.126343 201.656693 0.877921 
531.005249 203.131271 0.881268 
511.938965 201.642715 0.782178 
535.461060 204.546188 0.820936 
18
523.669861 206.126648 0.974957 
520.747559 228.092667 0.898393 
498.707703 219.366180 0.893941 
488.356262 253.082367 0.973079 
511.912018 267.811371 0.932902 
539.864197 231.133469 0.803420 
534.020752 269.283173 0.848416 
538.378662 298.687653 0.866508 
497.169159 269.322845 0.711993 
508.977325 284.002502 0.522610 
544.199768 325.149811 0.778200 
522.163574 276.618347 0.658657 
507.500610 297.213409 0.588096 
511.961426 345.811584 0.841547 
522.114990 203.136505 0.916513 
531.004333 204.579971 0.913375 
511.961609 203.136154 0.726524 
536.891235 206.034683 0.885197 
18
523.729980 209.018478 0.920063 
522.142761 228.145081 0.902590 
500.087006 219.370682 0.872946 
486.971558 251.707550 0.948332 
511.833862 269.280243 0.934912 
541.320557 235.485580 0.799366 
535.363647 272.245850 0.858011 
536.897095 301.691162 0.853991 
497.211700 266.392426 0.736701 
510.386505 286.913330 0.586073 
538.388733 332.487396 0.772768 
522.197693 275.188721 0.679976 
510.400818 297.232941 0.605536 
511.945984 347.224365 0.810382 
522.189209 204.625031 0.957477 
532.450562 206.038300 0.920577 
513.400146 204.576202 0.722502 
536.933350 206.118073 0.817126 
18
525.145508 214.873886 0.913326 
522.169861 229.623123 0.906570 
500.121643 222.266464 0.853213 
486.954651 251.723343 0.957199 
511.869354 270.756256 0.963659 
542.776367 239.834229 0.848693 
535.379333 275.134796 0.906530 
535.493042 307.534119 0.895972 
492.804230 267.834686 0.711454 
510.394165 288.440369 0.583868 
535.492188 335.535736 0.835719 
517.795776 276.613647 0.637233 
510.354492 298.711426 0.586900 
511.901978 347.267242 0.796108 
522.241455 206.135773 0.970442 
533.873169 207.597229 0.907845 
516.295837 206.056686 0.751673 
536.951477 210.480255 0.753742 
18
526.594055 216.330612 0.915827 
522.205994 231.076614 0.884595 
500.161163 225.162308 0.857511 
486.934174 253.069717 0.970467 
511.878418 272.213715 0.975610 
544.243591 241.313919 0.864771 
535.367126 275.231018 0.881853 
536.893738 308.991272 0.842374 
491.324738 267.859680 0.683194 
510.370209 286.972931 0.590930 
534.016113 338.434692 0.811404 
520.685547 276.695282 0.598125 
508.937378 298.706604 0.528135 
511.856964 347.277679 0.803278 
523.638550 207.599503 0.930859 
533.930542 211.957382 0.912643 
517.796753 207.541153 0.783059 
538.384583 214.894165 0.792330 
18
528.052063 217.888702 0.920601 
522.242615 232.560867 0.857188 
500.199554 225.201462 0.844251 
486.952423 253.080048 0.953487 
511.852386 272.227997 0.982240 
545.642700 242.817749 0.848065 
535.356812 276.717865 0.855691 
535.490967 310.415039 0.843587 
489.859009 266.380951 0.683815 
510.367065 286.962921 0.610029 
533.976318 339.879059 0.777754 
519.268860 276.660248 0.584920 
508.930298 298.693695 0.487378 
510.492828 347.238983 0.816584 
523.687378 214.864594 0.930166 
533.999695 216.361053 0.973402 
517.799072 211.950211 0.709778 
542.762146 217.823105 0.817963 
18
529.522034 220.781387 0.873540 
523.616760 234.045059 0.846170 
501.584320 225.207047 0.845869 
486.907898 253.095917 0.932226 
510.448212 270.776154 0.943856 
545.689331 244.306458 0.821085 
535.370544 278.145264 0.808439 
535.435120 310.421234 0.736224 
489.858765 264.914795 0.688057 
510.370758 285.490387 0.615418 
533.898376 335.507629 0.732964 
522.178467 275.210114 0.606350 
510.381439 298.724701 0.521899 
510.480164 347.259399 0.824257 
523.733032 216.367615 0.959387 
535.377625 217.837402 0.978391 
519.265503 214.914200 0.768635 
542.784241 219.338394 0.751229 
18
529.544006 226.616623 0.872674 
523.675781 235.506943 0.831339 
501.603699 226.663544 0.839602 
486.890594 253.109894 0.904376 
510.467133 269.305542 0.904152 
545.774048 244.334961 0.826708 
535.357849 279.624023 0.745413 
533.951538 310.441895 0.614369 
491.313812 266.351349 0.650114 
508.944000 282.522125 0.603110 
533.898376 335.507629 0.732964 
523.632385 276.668030 0.584046 
510.416290 298.720428 0.482873 
510.485535 347.239288 0.821409 
523.731201 217.839432 0.970192 
535.402954 219.328537 0.941683 
519.266479 216.377853 0.798466 
544.223022 219.377731 0.726510 
18
529.514465 228.068405 0.894349 
523.669189 238.396622 0.842261 
501.637939 228.079391 0.835275 
486.900421 253.132034 0.916773 
511.848297 270.745056 0.936223 
545.713806 248.704483 0.813219 
533.885681 283.979309 0.716078 
531.023315 310.453705 0.339878 
492.803131 267.851440 0.611869 
507.502899 279.592834 0.625932 
532.457275 335.472626 0.762962 
523.668640 278.167664 0.564897 
510.441010 295.785095 0.454728 
511.842682 347.194733 0.842620 
523.712097 217.937424 0.950755 
535.363037 222.250061 0.912031 
519.263184 217.809082 0.831620 
542.778381 222.284637 0.710877 
18
528.052551 228.103088 0.910948 
523.693420 236.950226 0.833158 
501.660675 226.627930 0.807187 
486.834137 253.127731 0.882132 
510.497803 269.285126 0.931381 
545.753357 247.274704 0.791351 
533.943970 282.530823 0.662937 
532.477051 310.426208 0.241288 
492.774719 266.373962 0.650342 
508.942810 279.588501 0.681965 
532.517517 336.926941 0.793717 
523.718445 276.689453 0.597573 
511.924042 295.772980 0.429605 
511.842682 347.237762 0.832527 
523.690063 219.312393 0.955986 
534.010315 223.728394 0.918984 
519.266663 217.810776 0.829189 
542.778259 225.174606 0.757625 
18
528.056824 228.116684 0.918296 
523.705811 236.944412 0.827357 
503.082001 225.190353 0.804294 
486.836761 253.107513 0.898519 
511.846100 269.316162 0.915068 
545.746216 248.714691 0.787975 
533.941101 283.986420 0.661986 
531.029602 308.982605 0.252658 
494.244385 266.391815 0.615621 
507.469971 278.161072 0.668042 
533.897461 335.502655 0.834400 
525.111633 276.713837 0.585664 
511.931549 295.785126 0.426970 
511.859161 347.211823 0.841212 
523.698975 219.324738 0.955967 
534.016541 223.755829 0.916481 
520.667664 217.821182 0.827442 
542.791443 226.614258 0.765476 
18
526.634644 228.127670 0.918741 
523.709229 236.966537 0.839101 
503.080750 225.198898 0.817590 
486.857117 253.098495 0.904322 
511.832886 270.751038 0.926544 
545.744446 250.143036 0.804214 
532.510315 285.467102 0.664315 
528.036377 311.887787 0.245049 
498.635803 267.830566 0.638981 
510.354309 285.456024 0.564354 
531.022583 335.466339 0.716081 
526.602051 276.708710 0.586530 
511.906219 298.670410 0.505630 
511.864471 347.207458 0.862553 
523.694519 219.338959 0.949059 
534.005127 225.186066 0.917109 
520.673340 217.827484 0.817507 
542.773499 226.661865 0.777825 
18
526.605774 228.140564 0.930354 
523.714783 236.930801 0.833562 
503.097565 223.725006 0.801654 
486.906219 251.729248 0.916511 
510.481628 269.302734 0.910547 
545.744263 250.183853 0.806973 
532.471741 286.945160 0.653904 
528.053284 314.894470 0.210921 
494.261292 264.954102 0.646785 
507.479797 278.164612 0.584630 
529.573364 335.468231 0.668315 
525.140564 276.681152 0.559201 
513.388550 297.227966 0.410441 
511.873596 347.210632 0.840213 
523.677368 219.345139 0.950759 
533.995972 225.197052 0.920820 
520.658569 217.803604 0.789298 
542.789307 226.641739 0.775221 
18
526.614624 228.134445 0.924474 
523.718262 236.975845 0.842361 
503.090240 225.182770 0.802829 
486.880615 251.731277 0.918220 
510.482605 270.770355 0.918495 
545.776733 250.192307 0.815349 
533.873840 286.966675 0.703404 
529.526550 319.298492 0.279110 
495.719269 266.406982 0.605825 
504.551819 276.694397 0.581762 
530.984924 335.477692 0.610165 
525.160034 278.143921 0.540960 
513.387878 297.248413 0.357802 
511.902527 347.230957 0.811403 
523.690796 219.343140 0.947501 
533.999695 225.205048 0.918293 
520.677368 217.829773 0.779562 
542.777222 228.060989 0.795424 
18
528.077148 228.175720 0.926994 
523.727661 236.927185 0.839254 
503.079498 223.746597 0.816795 
486.881165 251.729630 0.925390 
510.440918 269.328583 0.954763 
547.173035 248.699570 0.806019 
534.013611 284.002594 0.705809 
532.464355 317.828400 0.498597 
492.788971 264.930054 0.665129 
503.077423 276.710480 0.633493 
533.992737 344.244720 0.610814 
523.699463 276.680420 0.619324 
510.453735 303.123260 0.350015 
511.901428 347.278778 0.802350 
523.728577 219.380203 0.921768 
535.372986 226.632706 0.912029 
520.689758 217.826279 0.817631 
544.232727 228.070740 0.772825 
18
530.986267 229.558823 0.924907 
525.188354 236.960678 0.841639 
504.548920 225.165329 0.802524 
486.963318 251.702026 0.918943 
510.396667 269.331238 0.895642 
547.262512 250.153107 0.803860 
535.441284 288.465149 0.726524 
535.383789 323.674530 0.748200 
497.209045 264.947906 0.685416 
500.223694 276.622345 0.554164 
533.992737 344.244720 0.610814 
525.145203 276.667450 0.632063 
510.417786 311.913086 0.469053 
511.878296 347.294434 0.832035 
525.137207 222.237076 0.890249 
535.457764 226.686218 0.908958 
520.729553 217.849182 0.807835 
545.699585 228.083054 0.805424 
18
531.011230 229.579880 0.938328 
526.586731 236.966782 0.837692 
506.017059 223.739563 0.792780 
486.935913 251.670212 0.906557 
510.373749 270.764709 0.880937 
548.675476 250.145493 0.807570 
535.496460 288.422333 0.764791 
535.388855 325.165039 0.782000 
495.736694 264.894928 0.631447 
501.648834 276.700928 0.653230 
523.636658 345.770477 0.490103 
525.152100 276.685577 0.579716 
511.887573 298.719696 0.227588 
511.893311 347.252197 0.706832 
525.164246 222.260605 0.887925 
535.479980 228.068741 0.916955 
522.112122 217.885803 0.782498 
545.717468 228.155075 0.859691 
18
532.452087 229.650604 0.946754 
526.631470 238.392822 0.822776 
507.480652 225.179535 0.790390 
486.949341 251.652191 0.900571 
510.353668 272.237427 0.883034 
548.700256 250.192871 0.781702 
536.896362 289.871216 0.751022 
536.892517 326.644073 0.833026 
498.636444 264.906311 0.623775 
500.159149 276.673615 0.752134 
517.786560 347.222687 0.744758 
528.055481 276.711578 0.572039 
526.637939 289.935364 0.190811 
528.056213 335.528992 0.196788 
526.624695 225.200089 0.877074 
536.877747 228.158173 0.943553 
522.174805 219.319138 0.796496 
545.740845 229.572189 0.913167 
18
532.492065 229.698578 0.943304 
528.086548 238.412643 0.828931 
507.500000 226.657852 0.819472 
486.923187 251.662445 0.900846 
508.951416 273.663635 0.899965 
550.157837 248.742767 0.755263 
538.346497 288.461700 0.738618 
536.958740 326.667542 0.817532 
498.682312 264.910706 0.634727 
500.094391 279.626862 0.767558 
511.915375 341.372070 0.849662 
529.540222 276.698700 0.609109 
535.398315 292.834991 0.255125 
535.395569 334.040192 0.308243 
528.081665 226.660339 0.882034 
536.892700 228.202942 0.942762 
522.210083 219.375504 0.787170 
545.750732 229.613998 0.921909 
18
532.499634 231.123154 0.922416 
529.521790 238.384399 0.821778 
508.930115 225.191391 0.819280 
488.307190 251.657135 0.896292 
508.945984 273.698395 0.907114 
550.155640 248.734283 0.757870 
536.916809 289.926941 0.727279 
536.957886 328.101563 0.811287 
497.181824 264.921295 0.656898 
498.700958 286.908691 0.735636 
508.988708 342.786255 0.853790 
526.582214 276.700104 0.610720 
533.959717 292.850739 0.220234 
533.940247 333.970184 0.264159 
528.094666 228.082764 0.885123 
536.899902 229.593887 0.938370 
522.224609 220.822327 0.738984 
545.763855 229.670685 0.899952 
18
533.870422 232.547333 0.910392 
528.068970 239.860199 0.849082 
508.915680 228.149994 0.840433 
488.351990 251.706375 0.893490 
508.965149 275.125793 0.903832 
548.708252 250.216415 0.784700 
535.489014 289.918579 0.748343 
535.481140 329.573181 0.867962 
492.776520 264.866302 0.632973 
495.691223 292.829987 0.505188 
501.634399 347.194275 0.682463 
522.155945 276.666748 0.653113 
501.663116 306.080353 0.384472 
500.206482 347.227875 0.567672 
528.082397 228.118210 0.892249 
536.918396 229.629257 0.923339 
522.208618 223.737091 0.762037 
545.759033 231.068710 0.858123 
18
532.504944 236.940399 0.895050 
528.051636 239.902191 0.858421 
508.951416 228.188797 0.861715 
488.430939 253.085373 0.883991 
510.344818 275.199402 0.975539 
548.643799 251.655289 0.795102 
535.383423 289.916626 0.693873 
533.970276 329.583466 0.798206 
495.722015 266.356628 0.732875 
488.414612 308.974243 0.801738 
494.240631 347.249329 0.792913 
522.172546 276.687317 0.684547 
507.499359 308.997803 0.705551 
510.425751 347.293732 0.801712 
528.061707 229.570892 0.889100 
536.893982 231.126770 0.895058 
522.211243 226.619232 0.750535 
545.735657 233.999924 0.797105 
18
532.491455 239.845474 0.928485 
526.623413 241.378815 0.856557 
508.926788 229.597443 0.846531 
489.829376 253.133209 0.863195 
510.442871 275.239166 1.012657 
547.200928 254.603928 0.719170 
533.934631 297.197479 0.663134 
532.515076 329.604370 0.738123 
494.242950 264.930023 0.753833 
486.967590 309.028778 0.843130 
486.960815 351.663696 0.856166 
522.203979 276.615448 0.604272 
508.937378 310.401184 0.711970 
511.909760 350.201843 0.826982 
526.640869 229.692719 0.875442 
536.881165 235.496536 0.873367 
522.202454 228.072449 0.794357 
545.755432 236.983505 0.840373 
18
532.450562 241.309433 0.944248 
526.633850 241.423615 0.834374 
508.904663 229.631989 0.838282 
488.433167 253.146545 0.855153 
510.447021 275.188660 0.980419 
547.220703 256.064606 0.684349 
531.006287 298.663605 0.585893 
523.746338 332.543701 0.740522 
497.155060 264.937134 0.738319 
486.913086 303.141388 0.822798 
486.861603 348.689331 0.834959 
523.690369 276.652893 0.601010 
513.390259 309.015594 0.564160 
514.815369 354.562927 0.763941 
526.601868 232.567368 0.857550 
535.495178 238.452850 0.914169 
522.163269 228.190750 0.768256 
545.734070 239.852112 0.777242 
18
531.030029 242.905090 0.902502 
523.641235 247.269531 0.805943 
507.478149 234.034286 0.814103 
488.388611 254.611862 0.880878 
510.471252 275.208496 0.961084 
536.945251 264.858490 0.733225 
528.049805 300.164886 0.611975 
523.592468 335.491547 0.813877 
492.803375 269.293365 0.736402 
486.907135 308.975220 0.852545 
485.447327 347.264801 0.840604 
520.679260 278.153687 0.545343 
513.369690 310.508972 0.607142 
511.894226 354.578979 0.655667 
526.633850 239.853241 0.899537 
535.419312 241.409302 0.995214 
522.124817 232.533005 0.758497 
544.237305 242.844009 0.745417 
18
526.631897 250.155304 0.848950 
522.264587 250.196716 0.738597 
506.028381 236.938065 0.768216 
488.416748 254.644165 0.793102 
510.440979 275.213928 0.929902 
535.516907 266.392456 0.680883 
523.711548 303.102234 0.558865 
520.727112 336.937622 0.617305 
495.729828 269.325653 0.702697 
486.927277 307.534393 0.848338 
486.824860 348.701538 0.820398 
523.683716 276.717285 0.516045 
520.737061 307.545074 0.570694 
513.358704 344.263153 0.470800 
523.732300 241.381241 0.897087 
533.957642 245.771317 0.899334 
520.719238 236.972717 0.695510 
542.739563 247.229904 0.741342 
18
525.140320 251.649994 0.904568 
522.098999 263.384552 0.758232 
503.107605 251.640198 0.583752 
494.254730 263.432190 0.456663 
510.450592 275.217133 0.553370 
535.389587 275.130585 0.756919 
522.229309 307.553528 0.597261 
517.796448 341.325836 0.616371 
495.737335 272.228607 0.619143 
486.940735 308.971863 0.840067 
485.454987 348.710205 0.817361 
522.211426 278.158722 0.385456 
520.714600 309.005615 0.517206 
511.888855 345.713898 0.449254 
523.626770 242.892944 0.897005 
533.884216 250.135330 0.903350 
517.777771 241.314026 0.644934 
538.390320 251.649384 0.747642 
18
523.718384 253.198868 0.925028 
516.335205 267.839661 0.789825 
497.227844 264.859772 0.748057 
486.837677 306.061981 0.657663 
486.966278 347.218079 0.475921 
535.374878 275.207031 0.780762 
522.149841 310.418884 0.717706 
513.423279 344.273651 0.813873 
497.195343 276.630676 0.438468 
486.959198 310.457214 0.644306 
486.824036 348.692444 0.683888 
520.704163 286.966736 0.320573 
519.236633 310.462036 0.470241 
510.473450 350.175476 0.344074 
522.209473 248.750229 0.904160 
532.500977 251.662598 0.959994 
511.990631 242.822433 0.700365 
539.812622 253.068039 0.769131 
18
523.670715 254.581055 0.935131 
513.434326 272.215149 0.842488 
497.158203 266.377350 0.827787 
486.884247 309.003204 0.848124 
486.864380 347.290527 0.767424 
534.012512 275.222260 0.816282 
522.209351 307.554077 0.771548 
513.352905 344.273590 0.906024 
498.583527 301.648773 0.295443 
488.309418 311.955841 0.328264 
486.809845 347.289917 0.403710 
516.308777 307.504059 0.369983 
510.438019 345.769012 0.104520 
510.419495 354.568787 0.194782 
522.157104 250.181351 0.905816 
532.446289 251.688950 0.938665 
511.931061 244.330368 0.723000 
538.351074 253.124969 0.763334 
18
523.611816 254.590622 0.937375 
513.409180 270.765045 0.845347 
497.179901 264.973572 0.841077 
486.900452 309.014557 0.862386 
486.875549 347.292114 0.770458 
533.955322 275.199310 0.804047 
522.165100 308.972473 0.789277 
511.979279 344.277161 0.917167 
497.212524 301.649597 0.283354 
488.329437 312.024475 0.300728 
486.820801 348.676208 0.414861 
514.867493 306.068176 0.361321 
511.872925 347.217560 0.143343 
508.954559 350.160004 0.179748 
520.748413 250.187683 0.895009 
530.998718 251.700897 0.916854 
511.899170 244.309677 0.742576 
536.928345 253.117462 0.774492 
18
523.592041 251.728561 0.940503 
516.316895 264.959137 0.713484 
498.690704 261.913910 0.621662 
486.832001 301.691132 0.376835 
489.816254 347.211121 0.257642 
533.896790 276.620148 0.712192 
522.122925 310.416168 0.679723 
513.438110 344.238739 0.759393 
494.284241 270.761475 0.539969 
488.335266 308.948273 0.803951 
486.818237 347.268433 0.852762 
522.176514 276.682373 0.404095 
519.277893 307.509521 0.497469 
510.505859 344.251587 0.359521 
522.107483 245.803329 0.839845 
528.103394 250.195496 0.864663 
511.953064 241.382416 0.605504 
535.488953 251.618698 0.804943 
18
523.596497 250.139023 0.887722 
520.691833 253.120270 0.700381 
501.646301 239.908966 0.726804 
491.329041 263.366486 0.671900 
510.453400 276.604004 0.831064 
533.984375 266.378601 0.683002 
523.628479 303.145264 0.497873 
516.293518 339.861511 0.511345 
494.258942 269.313660 0.693387 
486.964355 307.518890 0.895481 
485.441315 347.294006 0.850799 
522.230286 275.187531 0.482166 
522.144348 306.071747 0.640952 
513.364868 339.852234 0.522747 
520.743713 241.395355 0.874299 
528.057556 244.293427 0.858285 
513.348938 238.430450 0.678723 
535.458923 244.321548 0.781759 
18
522.176697 241.380951 0.992134 
520.748047 244.306595 0.815753 
500.179077 236.970932 0.871509 
488.313324 260.495636 0.823673 
510.488892 275.185242 0.985316 
538.346497 257.538544 0.671366 
525.193787 298.674042 0.468854 
519.268555 334.044495 0.533668 
495.710449 266.374329 0.712242 
488.397736 306.035828 0.889927 
486.852661 348.679718 0.876091 
525.153442 273.695648 0.542761 
523.647461 301.684814 0.731575 
514.851563 335.515564 0.568989 
519.239014 236.974945 0.850489 
526.612793 239.865936 0.924404 
511.868805 231.052933 0.693825 
535.456726 239.869934 0.939382 
18
522.135803 234.025208 0.908132 
520.725586 241.439789 0.854215 
500.143890 234.006165 0.902451 
488.416199 260.455475 0.861087 
511.890930 275.229279 1.012642 
538.381226 253.167343 0.753422 
530.989319 294.279633 0.672414 
520.718445 328.144623 0.753689 
495.736725 270.778931 0.768567 
488.390839 308.985382 0.904477 
486.843597 350.180511 0.825580 
522.151062 276.706665 0.589295 
511.965210 311.921417 0.462888 
510.423950 358.988678 0.684514 
516.332275 228.191849 0.900382 
525.164856 229.652817 0.933957 
511.839508 228.053528 0.635132 
535.359192 231.108017 0.914358 
18
520.752380 228.132721 0.954664 
522.161377 239.844971 0.897590 
500.136169 229.672607 0.930231 
489.884369 260.456604 0.860911 
511.898438 276.687775 1.066261 
541.297607 247.258575 0.814162 
532.516174 284.009796 0.810747 
525.106018 317.840973 0.772976 
497.182007 270.793060 0.772905 
488.423523 306.083282 0.845207 
486.884613 348.719330 0.875106 
522.148438 278.142609 0.656425 
510.468475 310.472717 0.626296 
511.845551 356.042358 0.825823 
514.871643 220.768341 0.870741 
525.120911 223.705307 0.873500 
510.438965 217.894974 0.699399 
535.362244 223.723587 0.859223 
18
520.712219 219.303589 0.921203 
522.160645 232.586578 0.853597 
500.104950 228.176376 0.905935 
495.694824 260.445526 0.799321 
511.925201 276.687408 1.067657 
544.192444 241.357376 0.853947 
533.995789 276.669373 0.865520 
532.445557 310.543457 0.887353 
497.217987 267.862732 0.758749 
489.852020 306.075012 0.860065 
486.943115 348.690216 0.896055 
522.185974 276.699677 0.673750 
511.842682 309.005524 0.666461 
511.955566 348.733643 0.811034 
513.416992 216.336655 0.956377 
523.695374 216.378586 0.975852 
510.397034 214.894623 0.605711 
533.983826 216.369797 0.978652 
18
517.790039 216.290146 0.882328 
522.111633 229.564392 0.887331 
498.721771 225.219940 0.911285 
497.162445 258.997650 0.818690 
511.967468 276.651642 1.019262 
542.760620 235.510559 0.798784 
535.426941 273.745239 0.904330 
533.987000 304.605957 0.896022 
498.636261 272.266479 0.823086 
491.313324 310.411102 0.872505 
486.936859 348.751587 0.898256 
523.616882 278.123047 0.713022 
511.932587 310.518341 0.710013 
511.972015 348.749146 0.803965 
511.933807 207.557495 0.984799 
523.605835 207.598450 0.935047 
508.927948 206.160965 0.531399 
533.917542 207.570480 0.888493 
18
516.322754 207.557129 0.892019 
522.127075 228.115234 0.922051 
498.734558 222.256363 0.899079 
497.172394 256.094299 0.821491 
511.982086 276.625885 0.932970 
542.758545 231.117096 0.846562 
535.497620 269.313202 0.881733 
534.025269 298.741791 0.954785 
498.691467 272.231964 0.837679 
494.236389 309.023010 0.860755 
486.933624 350.175049 0.904830 
523.676453 276.687164 0.795602 
513.432617 310.500580 0.729763 
511.964844 350.147369 0.845964 
511.919464 204.590576 1.022018 
522.228760 204.608856 0.983067 
508.936890 204.599854 0.398656 
533.922913 204.595581 0.953621 
18
516.300354 204.591324 0.922479 
520.737732 220.798416 0.881441 
498.689240 219.310806 0.939777 
497.154358 254.610840 0.860044 
513.352417 276.651764 0.871372 
541.331482 225.206558 0.846272 
536.881165 263.411774 0.897617 
535.393555 291.381989 0.920483 
498.729675 269.289124 0.849655 
495.749176 310.404449 0.885828 
486.924957 350.159821 0.879041 
525.111755 275.159912 0.830334 
516.330750 310.530212 0.776837 
511.990326 348.738220 0.864231 
511.881409 198.731918 0.927684 
522.162292 198.762024 0.904056 
507.486176 200.186172 0.562672 
529.542908 200.198502 0.826035 
18
514.850281 203.096786 0.889976 
520.684387 219.305664 0.875904 
498.660583 217.852692 0.952757 
495.740326 253.135712 0.871451 
513.364929 275.244843 0.863933 
539.858276 222.263748 0.825146 
535.507629 260.505981 0.853684 
534.006531 286.925812 0.904176 
500.079193 267.846466 0.858006 
497.171692 310.428925 0.892424 
486.907379 350.180878 0.869742 
523.720520 275.120453 0.836889 
517.768494 310.506104 0.813761 
513.372070 348.683105 0.853413 
511.833557 194.414413 0.985483 
522.138062 195.775513 0.923371 
506.003845 195.798111 0.605571 
529.526550 195.778976 0.826717 
18
514.851746 198.708878 0.872164 
519.245911 217.908600 0.869096 
498.630005 217.815125 0.956680 
497.144592 253.099915 0.875753 
514.813965 275.230011 0.843642 
538.380371 220.780762 0.846336 
536.869385 256.094208 0.876622 
533.966736 282.558319 0.901730 
500.095001 269.286560 0.861516 
497.190979 310.438782 0.906654 
486.913635 350.201599 0.856098 
523.718384 275.110413 0.848524 
519.245972 310.464233 0.810664 
513.420349 348.706512 0.855481 
511.837952 194.300629 0.984818 
522.134155 194.282104 0.939019 
506.031891 194.365021 0.634612 
528.061951 194.283386 0.826713 
