30
1
18
648.658936 128.182388 0.858837 
613.357056 160.514175 0.728361 
611.879578 169.300552 0.822965 
607.523865 222.235123 0.853662 
616.249268 264.906586 0.915355 
613.348022 157.518570 0.569930 
617.824463 206.070435 0.095405 
619 226 0.000000
605.989868 253.181320 0.735272 
597.185730 310.489655 0.835418 
582.444092 363.430389 0.810385 
603.024292 251.680466 0.624016 
594.211975 310.412933 0.757369 
588.362610 357.512512 0.676662 
642.787964 123.712029 0.918195 
0.000000 0.000000 0.000000 
629.465332 126.706551 0.907204 
0.000000 0.000000 0.000000 
18
648.648376 128.182648 0.853646 
613.334106 159.113129 0.741107 
614.776367 169.263901 0.832015 
616.282166 219.337311 0.912049 
623.641663 264.844391 0.865273 
608.947388 157.504547 0.581785 
626.526123 206.049011 0.080229 
619 226 0.000000
605.955261 251.705124 0.766175 
598.670166 309.009918 0.812703 
582.463623 361.964325 0.833438 
600.110046 250.156876 0.615774 
592.823730 306.055695 0.751123 
589.791687 356.035400 0.641342 
642.779907 123.703918 0.921549 
0.000000 0.000000 0.000000 
629.464661 126.698303 0.919577 
0.000000 0.000000 0.000000 
18
648.657715 128.177628 0.848821 
611.866089 159.106201 0.755950 
616.249878 167.855377 0.847382 
617.718140 220.767944 0.909826 
630.967407 263.447540 0.886415 
606.006531 157.509338 0.664495 
626.526123 206.049011 0.080229 
619 226 0.000000
607.451355 251.676971 0.747850 
601.563293 309.024689 0.800339 
582.480286 361.940765 0.849725 
597.183777 248.716644 0.625576 
594.179321 304.590454 0.756081 
586.883911 354.572845 0.591865 
642.783081 123.704376 0.918066 
0.000000 0.000000 0.000000 
629.459961 126.725998 0.915377 
0.000000 0.000000 0.000000 
18
650.090332 126.709633 0.865655 
611.890076 159.104156 0.761848 
616.295532 167.843124 0.856789 
619.249817 219.352692 0.895735 
639.727966 263.361023 0.877796 
605.997375 157.523621 0.679555 
626.564758 206.037079 0.081074 
619 226 0.000000
607.505066 251.685822 0.757760 
601.576721 309.012909 0.809820 
582.480103 361.929840 0.848530 
600.091675 248.739471 0.618902 
592.782166 301.683319 0.759893 
585.422119 354.582153 0.603420 
644.201721 122.325966 0.907815 
0.000000 0.000000 0.000000 
629.478699 126.708855 0.911206 
0.000000 0.000000 0.000000 
18
650.120850 126.686623 0.873138 
611.891785 159.096359 0.792300 
617.712036 167.812973 0.860416 
622.154358 219.324844 0.876791 
641.306580 259.023315 0.865378 
604.561707 157.534836 0.729980 
625.098022 206.058975 0.076679 
619 226 0.000000
610.400940 251.609314 0.753774 
601.568481 310.405884 0.830511 
582.464478 361.946106 0.851162 
601.573059 245.807663 0.604564 
592.729248 301.687286 0.755018 
585.400269 354.594482 0.593951 
644.239319 122.312119 0.907566 
0.000000 0.000000 0.000000 
629.520935 126.679283 0.908509 
0.000000 0.000000 0.000000 
18
650.115479 126.697845 0.866284 
611.906311 159.090454 0.837575 
617.800415 166.392334 0.865135 
625.114014 217.932388 0.881819 
644.212952 257.541351 0.828434 
604.502686 157.548477 0.787595 
604.499634 209.030640 0.105468 
619 226 0.000000
613.340027 251.651718 0.761220 
601.609436 310.403351 0.853661 
582.474365 361.948303 0.854249 
600.128418 248.700470 0.655516 
592.691589 301.657745 0.794204 
582.522827 354.555115 0.589869 
644.239868 122.327461 0.903617 
0.000000 0.000000 0.000000 
629.542908 126.706551 0.908937 
0.000000 0.000000 0.000000 
18
651.489319 125.227257 0.891550 
613.363586 159.072601 0.859834 
619.247742 164.925995 0.836826 
629.524109 217.919022 0.903230 
651.597107 254.594177 0.916805 
604.517212 157.532288 0.816514 
608.924011 206.065903 0.090466 
619 226 0.000000
614.838867 250.165939 0.779055 
604.529724 307.511566 0.863979 
582.539917 361.941895 0.853262 
600.106873 242.862549 0.697340 
591.300354 298.748840 0.878721 
576.611877 345.753754 0.620575 
644.244873 122.273544 0.904952 
0.000000 0.000000 0.000000 
629.568848 126.681648 0.910666 
0.000000 0.000000 0.000000 
18
651.521362 123.809456 0.912581 
613.345642 159.047791 0.890454 
619.291016 163.476257 0.829354 
639.752136 216.343033 0.895339 
664.830017 250.176758 0.904834 
604.467773 157.507736 0.851965 
598.649597 198.749390 0.097501 
619 226 0.000000
616.286865 247.250824 0.788940 
606.057434 307.554321 0.843794 
583.918762 361.937286 0.841856 
597.151978 241.351807 0.758141 
592.755066 297.246674 0.889954 
576.617310 342.820282 0.659541 
645.675781 122.223099 0.896043 
0.000000 0.000000 0.000000 
629.594666 126.693329 0.905115 
0.000000 0.000000 0.000000 
18
651.538086 123.820175 0.925461 
613.327637 159.007874 0.847190 
619.219299 160.524948 0.866912 
654.494385 207.582764 0.863953 
694.230896 229.616684 0.848014 
604.531677 157.499802 0.830230 
626.583862 203.147705 0.115558 
619 226 0.000000
617.717468 247.276581 0.785143 
617.746277 307.557007 0.874089 
588.342590 359.023376 0.845761 
598.618774 241.351410 0.737013 
592.810852 298.658661 0.869372 
580.937500 339.913971 0.733630 
645.695007 122.241745 0.908353 
0.000000 0.000000 0.000000 
630.965027 126.718430 0.898158 
0.000000 0.000000 0.000000 
18
651.559692 123.836472 0.906776 
614.847351 157.609894 0.902423 
620.692200 159.118835 0.851208 
663.311096 191.331009 0.820607 
711.912231 206.103638 0.868670 
606.024658 156.067276 0.815119 
642.749878 182.568375 0.223435 
672.150269 175.230392 0.398399 
617.746826 245.776321 0.749435 
629.600159 303.101959 0.849800 
592.827881 357.447784 0.896883 
600.131958 241.333542 0.725374 
594.190552 298.694916 0.872247 
580.978455 345.805267 0.731501 
647.166870 122.259468 0.907393 
0.000000 0.000000 0.000000 
631.014465 128.160995 0.910804 
0.000000 0.000000 0.000000 
18
653.019287 125.220306 0.902227 
617.706238 157.545609 0.882718 
622.197021 159.076767 0.823289 
672.149231 178.130035 0.802808 
719.196228 173.738129 0.750846 
607.478149 154.591003 0.712774 
653.032593 175.227356 0.112081 
672.150269 175.230392 0.398399 
620.729614 245.763336 0.725851 
641.301880 300.137482 0.930392 
604.501709 356.006439 0.876945 
604.493103 241.350174 0.760367 
594.283691 300.120148 0.874655 
582.544678 347.221771 0.797223 
650.112671 122.267532 0.943526 
0.000000 0.000000 0.000000 
633.929260 126.670303 0.862491 
0.000000 0.000000 0.000000 
18
657.447021 125.231415 0.862428 
620.718628 157.506073 0.872007 
630.977234 159.037216 0.845166 
678.033875 167.860138 0.823128 
723.637695 147.327179 0.830142 
611.861145 154.597488 0.749843 
653.190369 159.052338 0.081485 
672.150269 175.230392 0.398399 
628.040405 244.344376 0.741643 
650.093323 300.128326 0.920727 
617.791077 357.468842 0.886794 
605.991577 241.356216 0.764093 
597.214172 298.741272 0.850901 
585.402527 347.185303 0.838053 
653.019897 122.285057 0.942162 
0.000000 0.000000 0.000000 
639.761414 128.145660 0.876407 
0.000000 0.000000 0.000000 
18
663.388428 125.238472 0.991639 
629.469360 157.570831 0.887131 
635.408813 159.088120 0.816456 
692.755859 159.064667 0.839055 
723.579895 112.033745 0.857644 
617.807983 154.623688 0.738156 
653.190369 159.052338 0.081485 
672.150269 175.230392 0.398399 
629.578979 247.249741 0.751103 
654.520630 300.143829 0.902651 
639.862732 357.547913 0.945150 
610.429260 241.393250 0.712286 
604.470642 298.714783 0.896456 
583.977112 347.250519 0.844836 
658.949219 122.321991 0.974950 
0.000000 0.000000 0.000000 
642.799072 131.081223 0.891871 
0.000000 0.000000 0.000000 
18
675.013550 129.622879 0.937686 
635.428101 159.016907 0.831367 
642.776733 159.060913 0.806435 
700.080261 150.228256 0.895982 
704.532166 98.816353 0.841987 
626.572815 157.543076 0.745617 
653.190369 159.052338 0.081485 
672.150269 175.230392 0.398399 
638.329163 248.722885 0.743062 
658.939331 300.203400 0.848482 
657.437317 357.574829 0.865973 
617.775513 242.851563 0.723527 
606.040894 298.757874 0.927481 
583.972595 347.197510 0.869143 
666.272095 123.731064 0.994957 
0.000000 0.000000 0.000000 
651.616455 132.583740 0.994182 
0.000000 0.000000 0.000000 
18
680.963623 128.194275 0.788814 
644.251465 159.021591 0.835505 
653.040710 159.057281 0.797279 
704.500916 135.514969 0.934115 
710.431946 85.504036 0.867928 
636.845642 157.595062 0.713174 
675.090088 173.746384 0.061798 
672.150269 175.230392 0.398399 
644.230774 250.202713 0.737647 
663.335754 301.696503 0.860368 
664.813232 358.966431 0.920174 
626.534241 244.309967 0.692502 
613.367737 298.683319 0.880621 
585.443604 345.824097 0.855805 
675.115845 123.827652 0.954294 
0.000000 0.000000 0.000000 
660.420959 135.502914 0.995048 
0.000000 0.000000 0.000000 
18
683.912598 125.258980 0.582447 
651.581482 157.609207 0.833992 
656.013428 157.568802 0.759417 
704.505493 122.238205 0.822660 
732.422546 66.463127 0.822296 
641.283752 157.623428 0.743093 
651.559875 203.115189 0.076352 
672.150269 175.230392 0.398399 
653.085266 250.211243 0.756102 
672.123352 304.576630 0.812328 
664.761536 358.987274 0.941497 
633.910461 242.884460 0.686509 
617.750183 298.710114 0.920941 
589.784851 345.746338 0.857810 
676.627197 123.726151 0.728138 
0.000000 0.000000 0.000000 
666.250366 133.978500 0.837312 
0.000000 0.000000 0.000000 
18
688.305969 125.218811 0.270989 
658.906067 156.062927 0.796394 
667.759705 154.610367 0.692356 
708.888123 119.344383 0.786826 
736.841675 65.021713 0.840127 
648.637024 157.533966 0.721953 
651.559875 203.115189 0.076352 
672.150269 175.230392 0.398399 
664.792236 251.616135 0.772243 
675.157532 306.057556 0.843803 
663.400574 358.971161 0.918332 
641.325500 244.341736 0.708755 
628.084045 297.270599 0.872429 
592.729248 342.784058 0.824168 
685.405334 122.294952 0.408231 
0.000000 0.000000 0.000000 
676.531433 131.086472 0.753463 
0.000000 0.000000 0.000000 
18
700.100830 122.277031 0.722800 
667.730774 151.700562 0.783347 
678.075134 153.142578 0.675735 
722.117798 113.489166 0.749026 
742.718811 62.002605 0.727164 
654.522217 154.609512 0.736212 
651.559875 203.115189 0.076352 
672.150269 175.230392 0.398399 
672.168823 250.148727 0.744739 
678.018250 306.064850 0.830550 
664.745911 358.954224 0.920597 
651.510132 241.431473 0.743176 
641.355042 292.829346 0.833336 
600.090454 335.462311 0.834220 
697.124146 119.347740 0.786701 
0.000000 0.000000 0.000000 
685.381348 128.174805 0.805916 
0.000000 0.000000 0.000000 
18
710.440369 123.779434 0.768550 
676.584900 148.720276 0.824851 
689.818542 150.231995 0.711354 
733.849121 114.970268 0.769512 
738.309875 64.886818 0.601613 
663.276855 147.329468 0.746131 
688.345947 157.593552 0.117289 
672.150269 175.230392 0.398399 
676.618530 247.237350 0.748069 
678.050903 308.990662 0.851218 
664.758484 358.961243 0.922675 
657.438416 241.326843 0.717743 
653.109863 289.906189 0.810916 
607.490540 332.499847 0.817308 
705.982727 122.242340 0.823026 
0.000000 0.000000 0.000000 
691.305969 129.610764 0.782170 
0.000000 0.000000 0.000000 
18
720.635925 125.231270 0.640710 
686.802612 148.749481 0.837893 
698.658447 156.043808 0.773548 
739.795044 119.302330 0.795510 
733.962769 72.262108 0.844186 
670.669861 147.258682 0.732662 
688.360535 104.627625 0.510206 
708.885498 78.184296 0.753498 
683.921143 244.340302 0.730558 
679.499695 308.978760 0.786008 
663.380615 358.959747 0.908367 
663.368530 239.932297 0.750883 
664.865112 289.908936 0.827504 
623.652588 331.043549 0.780401 
713.350525 122.312233 0.800966 
0.000000 0.000000 0.000000 
701.609070 126.706306 0.793708 
0.000000 0.000000 0.000000 
18
723.567383 122.217018 0.422355 
689.789551 147.326248 0.876891 
710.325500 147.333160 0.790453 
745.718628 112.022919 0.933600 
745.731812 64.947830 0.876950 
675.033081 147.340179 0.822715 
701.554199 101.684959 0.531029 
710.353149 75.255768 0.832706 
688.364319 242.845398 0.756752 
685.395264 304.590454 0.789364 
663.380859 358.961578 0.888190 
667.743469 239.847458 0.714304 
675.027710 294.284332 0.759075 
639.867432 333.959473 0.812096 
722.089233 119.340248 0.569156 
0.000000 0.000000 0.000000 
710.397156 128.143341 0.812022 
0.000000 0.000000 0.000000 
18
0.000000 0.000000 0.000000 
692.739746 147.270752 0.872357 
710.425232 145.829849 0.824701 
747.177368 103.157578 0.764468 
763.311340 53.236614 0.542343 
675.142822 148.735611 0.821044 
711.912048 98.700882 0.352850 
733.954224 51.756599 0.695362 
694.199951 242.832596 0.737427 
686.861145 303.102753 0.810614 
663.391785 358.938690 0.922605 
675.062927 239.892212 0.718748 
678.082214 297.262299 0.713435 
655.974060 335.487671 0.786162 
0.000000 0.000000 0.000000 
0.000000 0.000000 0.000000 
710.427368 126.718430 0.562152 
686.822388 123.732986 0.154175 
18
0.000000 0.000000 0.000000 
698.578369 145.826920 0.887247 
713.318237 145.785141 0.787872 
757.366516 109.076912 0.849664 
779.471069 59.045464 0.815359 
679.517212 147.308411 0.727587 
719.172852 95.838158 0.701622 
747.137817 54.644852 0.948447 
698.600952 241.371780 0.754711 
685.417847 304.590820 0.774875 
663.314331 358.927216 0.911720 
678.075928 238.454178 0.657736 
686.880249 300.238434 0.706570 
676.596619 345.717468 0.607529 
0.000000 0.000000 0.000000 
0.000000 0.000000 0.000000 
713.364258 128.173447 0.692074 
691.245544 120.830299 0.072994 
18
738.338379 123.721619 0.677847 
701.601624 147.250977 0.884981 
719.223267 148.758392 0.713569 
764.797974 114.959976 0.799175 
776.553162 67.895004 0.744329 
686.921021 145.805222 0.784765 
720.704834 95.837006 0.776784 
748.626099 62.008537 0.879414 
701.540710 241.384048 0.754159 
686.877197 303.127319 0.820344 
663.350525 358.934692 0.920843 
686.853333 239.836899 0.664849 
695.656067 298.756714 0.690760 
694.231995 333.936646 0.627018 
733.962708 120.797310 0.854855 
0.000000 0.000000 0.000000 
722.108765 128.165115 0.834213 
0.000000 0.000000 0.000000 
18
745.658813 123.811813 0.733411 
707.460815 147.305557 0.848763 
720.698669 153.159973 0.719891 
770.673462 122.225952 0.909611 
772.118286 75.209801 0.889605 
691.299133 145.809738 0.715058 
717.706421 100.232704 0.750144 
736.883606 75.228310 0.856484 
704.510132 242.819412 0.734977 
688.375061 306.061310 0.811197 
663.352539 357.588409 0.912777 
689.846313 239.887024 0.604055 
700.144958 298.675934 0.675738 
701.576111 334.005890 0.779828 
738.342529 122.252853 0.792966 
0.000000 0.000000 0.000000 
726.573792 128.155441 0.879716 
0.000000 0.000000 0.000000 
18
745.685547 122.285759 0.529206 
710.384827 147.328720 0.897417 
722.189758 150.245361 0.698316 
770.676270 116.378754 0.871210 
782.422729 67.917274 0.827684 
697.172485 147.294250 0.754317 
722.135315 101.714905 0.455201 
733.833130 84.076973 0.809741 
711.847046 241.390793 0.772700 
698.616638 301.642670 0.785826 
698.675903 334.069336 0.094040 
698.556824 239.882736 0.704540 
705.997742 298.690155 0.687024 
703.062195 334.039398 0.760781 
742.750366 120.785828 0.631511 
0.000000 0.000000 0.000000 
732.420471 125.264427 0.949662 
0.000000 0.000000 0.000000 
18
747.099304 122.229729 0.434326 
711.904663 147.223114 0.895875 
725.074829 147.319122 0.714392 
773.633362 112.003441 0.864117 
794.229919 63.392830 0.874770 
700.105652 147.270554 0.721449 
723.673462 98.787094 0.727756 
738.328979 72.252296 0.820294 
713.370850 239.942215 0.745882 
703.013794 300.227936 0.771836 
698.662598 334.040924 0.111770 
700.101074 238.430115 0.656778 
710.355042 298.657227 0.706907 
704.483704 335.411224 0.779062 
745.594910 116.413483 0.544772 
0.000000 0.000000 0.000000 
735.323181 123.797890 0.910235 
0.000000 0.000000 0.000000 
18
754.454468 123.752113 0.671798 
714.828491 145.858719 0.865100 
730.955444 147.333679 0.741345 
780.944397 119.303223 0.868198 
794.120483 73.726166 0.909793 
701.575928 145.822632 0.736679 
722.127136 98.708229 0.751584 
739.813232 66.408737 0.814427 
722.170898 239.890930 0.770099 
713.337524 298.746948 0.772431 
698.699951 334.004852 0.182047 
704.526550 236.951660 0.658240 
711.858093 297.234955 0.746887 
704.480225 335.409515 0.778962 
747.169800 120.818428 0.795169 
0.000000 0.000000 0.000000 
735.315186 123.819733 0.981070 
0.000000 0.000000 0.000000 
18
757.417786 122.290932 0.939684 
719.210876 145.866714 0.864121 
729.492859 150.197723 0.754278 
785.349976 131.083862 0.825685 
791.210144 88.534454 0.849526 
708.908447 141.408203 0.722889 
723.627625 103.210808 0.464612 
733.919739 79.656555 0.783123 
723.672485 238.405411 0.741442 
722.197632 300.153839 0.847364 
707.408813 331.071503 0.174262 
707.431458 232.557251 0.671554 
710.416626 298.660004 0.792150 
705.967041 335.524689 0.662800 
751.547485 117.867935 0.818645 
0.000000 0.000000 0.000000 
735.437378 123.704071 0.934946 
0.000000 0.000000 0.000000 
18
758.829651 122.256325 0.918534 
722.155884 147.255722 0.920974 
733.858154 153.144730 0.807695 
786.849976 145.829056 0.812263 
789.760986 113.510490 0.751423 
711.814819 142.880142 0.779335 
758.936584 145.797226 0.054293 
733.919739 79.656555 0.783123 
725.125061 232.562805 0.735998 
729.473450 297.257080 0.838412 
682.450928 350.149414 0.740875 
710.365540 229.606766 0.722707 
710.413269 289.873444 0.800190 
703.044678 339.897339 0.650976 
754.517639 116.429253 0.847759 
0.000000 0.000000 0.000000 
736.911072 123.700394 0.922635 
0.000000 0.000000 0.000000 
18
758.886047 122.198792 0.791544 
723.677124 147.287445 0.865088 
732.417236 156.042969 0.793984 
783.875549 163.424164 0.901142 
785.355469 137.025787 0.725982 
717.740784 144.288406 0.716997 
733.886841 145.758820 0.066743 
0.000000 0.000000 0.000000 
726.555786 234.005753 0.719344 
732.430420 297.226349 0.853900 
686.903564 348.746338 0.796190 
711.884399 229.652039 0.684846 
710.395447 287.006927 0.808533 
703.054260 344.291901 0.677501 
755.980286 114.951332 0.794379 
0.000000 0.000000 0.000000 
739.781860 123.752686 0.908236 
0.000000 0.000000 0.000000 
