24
1
18
564.818115 154.589066 0.830559 
541.275879 195.791458 0.771374 
548.633911 201.669037 0.823502 
550.128967 241.450516 0.836738 
558.952515 276.618896 0.953273 
532.462708 192.892105 0.682176 
544 265 0.000000
544 265 0.000000
538.388794 264.913177 0.722389 
536.867188 311.925049 0.717659 
532.455566 366.350067 0.752886 
526.613281 263.370575 0.641825 
538.369934 308.978821 0.596506 
536.930603 344.293335 0.586201 
558.927551 147.312866 0.909566 
0.000000 0.000000 0.000000 
545.757690 157.542969 0.829975 
0.000000 0.000000 0.000000 
18
560.448059 153.172455 0.846957 
536.912170 194.388458 0.804977 
547.157959 201.650253 0.855509 
547.225708 242.842590 0.886810 
557.547302 276.643097 0.961830 
530.984375 192.830032 0.677611 
544 265 0.000000
544 265 0.000000
538.355286 270.753235 0.705785 
533.960510 319.283569 0.723000 
533.868347 325.191101 0.071130 
525.165771 264.933136 0.658604 
535.403015 314.876495 0.606439 
536.889282 345.747589 0.621423 
557.459961 147.325119 0.908709 
0.000000 0.000000 0.000000 
545.698547 157.568436 0.864623 
0.000000 0.000000 0.000000 
18
560.411072 157.546539 0.902125 
535.451782 195.841446 0.791569 
545.650452 203.094696 0.850714 
547.122620 242.867737 0.906091 
557.431213 278.103363 0.927796 
529.520081 194.291443 0.656909 
544 265 0.000000
544 265 0.000000
535.466675 269.282593 0.729328 
533.974121 319.270630 0.748398 
533.955750 323.822937 0.058900 
525.150452 264.883972 0.654543 
535.429443 313.432098 0.617983 
535.461975 347.198792 0.609800 
557.441833 151.671143 0.859961 
0.000000 0.000000 0.000000 
544.276306 159.013519 0.810280 
0.000000 0.000000 0.000000 
18
559.032776 157.624313 0.943568 
535.382141 200.221954 0.792243 
544.192200 204.601807 0.894227 
545.633728 248.720703 0.883416 
555.977295 284.012756 0.915625 
526.601501 194.369293 0.643712 
544 265 0.000000
544 265 0.000000
535.382996 270.768951 0.721240 
535.442017 317.801941 0.775295 
533.894836 325.191467 0.056031 
526.583862 264.939331 0.609983 
538.374207 311.953644 0.649095 
535.481018 347.216736 0.621900 
557.423523 153.167526 0.887478 
0.000000 0.000000 0.000000 
544.201721 159.036316 0.822304 
0.000000 0.000000 0.000000 
18
559.004517 159.003311 0.945585 
533.967102 201.677826 0.797369 
542.766602 204.624969 0.882179 
542.784973 250.221573 0.891744 
548.709961 285.492584 0.922400 
523.693848 195.804230 0.650465 
544 265 0.000000
544 265 0.000000
535.367981 273.720459 0.745570 
535.453796 320.771912 0.790034 
531.007629 366.314545 0.746779 
523.722168 269.288605 0.619647 
535.502258 314.899292 0.686011 
533.975159 354.583435 0.655241 
557.414673 154.622803 0.887321 
0.000000 0.000000 0.000000 
542.797424 159.027435 0.809418 
0.000000 0.000000 0.000000 
18
558.965088 159.011887 0.969283 
533.967896 201.677292 0.782908 
539.863342 204.645432 0.876373 
542.738831 251.639343 0.885037 
547.271301 286.961029 0.973941 
525.124146 195.788315 0.606198 
544 265 0.000000
544 265 0.000000
533.968689 273.693695 0.728523 
535.387756 320.782562 0.771565 
530.985596 366.309143 0.729667 
526.605469 269.291504 0.586222 
536.937317 314.907532 0.712199 
535.372864 356.017914 0.732567 
556.004639 154.634766 0.881478 
0.000000 0.000000 0.000000 
541.285706 159.003540 0.797313 
0.000000 0.000000 0.000000 
18
558.938965 158.991241 0.929953 
535.406677 200.181747 0.707774 
536.909851 204.628250 0.869365 
536.932068 251.597916 0.882111 
551.594055 286.894165 0.905501 
532.504822 194.327377 0.537074 
544 265 0.000000
544 265 0.000000
533.945862 272.221283 0.696203 
535.376526 319.271301 0.755108 
529.543518 364.856506 0.715258 
533.959106 267.833618 0.543131 
538.380127 313.456360 0.709318 
534.023438 356.010956 0.727012 
555.962097 156.036957 0.832365 
0.000000 0.000000 0.000000 
542.742432 159.079865 0.765320 
0.000000 0.000000 0.000000 
18
558.978638 159.052231 0.947389 
536.885315 195.809158 0.726868 
533.982178 201.681030 0.855573 
535.416870 250.183990 0.889283 
561.911499 276.649811 0.926984 
544.209900 194.313080 0.632943 
548.635071 242.830643 0.135076 
563.347046 273.668213 0.113044 
533.976440 269.335175 0.749213 
535.490662 317.821777 0.801768 
530.988159 364.891724 0.780047 
545.689209 266.376709 0.642464 
544.219360 313.396790 0.719105 
535.408508 353.092010 0.670508 
556.016907 156.107437 0.878924 
0.000000 0.000000 0.000000 
542.752563 159.088928 0.775306 
0.000000 0.000000 0.000000 
18
559.014404 160.492950 0.854696 
536.908142 195.831787 0.765867 
532.482971 198.757675 0.822981 
534.002258 241.427002 0.924146 
567.784607 253.212692 0.883334 
545.718323 194.358871 0.712393 
547.169067 236.941071 0.149308 
567.775391 248.716934 0.099852 
533.978577 269.301178 0.765713 
536.946350 316.336090 0.772398 
531.009216 364.877472 0.819476 
545.709656 266.374817 0.726071 
545.761047 311.933838 0.782287 
536.917358 347.266541 0.673467 
557.446594 157.520996 0.846695 
0.000000 0.000000 0.000000 
544.220886 159.088608 0.760865 
0.000000 0.000000 0.000000 
18
560.409485 160.530685 0.847835 
535.494324 194.386932 0.768320 
531.020569 195.831421 0.845276 
535.455750 236.963501 0.856436 
557.492126 216.414963 0.903229 
545.670227 194.281906 0.675786 
551.628967 226.651276 0.103716 
567.775391 248.716934 0.099852 
535.456543 267.840149 0.807035 
536.951355 317.807983 0.765264 
532.436035 364.862213 0.833315 
547.140564 266.367615 0.756244 
547.178589 311.957947 0.775249 
538.348450 350.167542 0.688351 
557.501465 157.550842 0.877262 
0.000000 0.000000 0.000000 
544.225891 159.076309 0.762373 
0.000000 0.000000 0.000000 
18
558.956116 169.312515 0.670297 
541.309143 197.299301 0.704544 
532.428223 195.842819 0.804975 
541.285706 228.067123 0.847878 
548.658997 192.846268 0.719382 
550.138428 198.733398 0.598003 
557.459473 226.679367 0.096598 
567.775391 248.716934 0.099852 
536.885315 266.396362 0.774439 
542.775757 314.870514 0.762796 
532.466064 364.856964 0.824462 
547.202881 266.401337 0.763101 
548.689880 311.946106 0.786584 
539.828796 350.156189 0.704395 
557.423462 162.005371 0.676898 
0.000000 0.000000 0.000000 
544.241394 166.386566 0.721800 
0.000000 0.000000 0.000000 
18
533.953064 159.011154 0.486268 
545.641724 192.870178 0.787753 
530.996155 189.902130 0.671904 
522.233521 198.772232 0.495908 
497.208710 194.385239 0.580267 
555.963501 194.287628 0.726582 
544.201050 207.546036 0.755056 
535.496460 169.371002 0.942563 
538.370483 264.872742 0.690318 
547.121094 313.431000 0.789026 
532.426575 364.894745 0.792712 
547.188416 264.949554 0.735194 
550.133789 311.947449 0.755252 
542.755615 350.166351 0.716647 
529.561401 154.601944 0.357394 
539.826843 156.117447 0.501315 
0.000000 0.000000 0.000000 
557.489624 161.977066 0.683803 
18
566.291748 163.453995 0.601180 
544.228394 191.330887 0.689274 
533.944153 189.911484 0.616954 
548.689148 194.337891 0.510668 
533.993896 167.845932 0.788290 
554.550232 188.439926 0.552253 
558.912415 200.201172 0.255798 
531.024292 164.916931 0.284612 
545.694519 264.935608 0.716691 
547.214539 314.880096 0.788999 
531.033203 366.311035 0.788937 
548.648071 264.894012 0.613450 
553.040222 311.943207 0.720582 
544.228333 350.173401 0.723363 
560.429321 159.061676 0.655731 
0.000000 0.000000 0.000000 
553.046204 160.557770 0.604259 
0.000000 0.000000 0.000000 
18
536.916870 167.849213 0.060899 
545.719482 195.786148 0.605652 
533.944153 189.911484 0.616954 
548.689148 194.337891 0.510668 
533.993896 167.845932 0.788290 
536.931580 201.649139 0.435940 
558.912415 200.201172 0.255798 
531.024292 164.916931 0.284612 
548.659973 264.919006 0.688019 
548.634399 313.398438 0.764336 
532.425293 364.869873 0.789517 
544.250793 263.461731 0.621742 
551.574097 310.493317 0.679675 
544.238831 350.202148 0.696459 
0.000000 0.000000 0.000000 
0.000000 0.000000 0.000000 
0.000000 0.000000 0.000000 
0.000000 0.000000 0.000000 
18
0.000000 0.000000 0.000000 
545.669434 192.802734 0.721156 
553.089966 191.404510 0.796462 
579.551331 167.877136 0.818589 
545.744080 139.959000 0.724160 
535.400024 192.810287 0.654799 
523.669739 161.978394 0.074058 
531.024292 164.916931 0.284612 
551.591309 260.484589 0.699258 
548.649414 310.504883 0.794053 
532.443176 363.386871 0.785523 
536.906799 257.552795 0.652072 
550.119446 307.536102 0.692224 
542.782776 351.666107 0.675024 
0.000000 0.000000 0.000000 
0.000000 0.000000 0.000000 
550.112488 170.755356 0.320704 
531.046204 169.356644 0.158937 
18
569.248230 147.294769 0.806535 
550.135376 181.137741 0.733371 
553.097046 182.606918 0.807951 
588.351746 156.063950 0.773917 
575.124451 122.291550 0.591424 
550.123779 181.042160 0.496788 
582.439026 157.518188 0.199147 
531.024292 164.916931 0.284612 
548.640503 254.646332 0.701769 
548.635376 307.539642 0.759811 
533.894226 360.466492 0.806576 
544.232788 253.127655 0.622184 
551.575317 303.124115 0.677330 
544.198425 353.083282 0.704081 
561.925598 145.781586 0.809315 
0.000000 0.000000 0.000000 
553.087585 153.165024 0.727353 
0.000000 0.000000 0.000000 
18
570.654297 144.314926 0.826193 
551.577332 179.620728 0.775871 
558.961060 179.640305 0.784133 
598.639893 123.812660 0.688189 
614.777039 87.035866 0.803295 
541.320374 179.636017 0.628191 
582.439026 157.518188 0.199147 
531.024292 164.916931 0.284612 
550.125854 256.052856 0.696043 
547.172974 309.007874 0.765073 
533.987366 360.451660 0.794617 
538.392944 253.111237 0.641931 
548.655945 306.043457 0.673855 
544.209900 351.653198 0.704443 
564.805481 139.952515 0.748449 
0.000000 0.000000 0.000000 
554.550720 148.782944 0.732394 
0.000000 0.000000 0.000000 
18
570.672241 144.363510 0.821986 
550.122498 179.559418 0.851839 
567.770386 173.758118 0.767383 
605.988281 135.557510 0.850890 
636.848267 97.232590 0.869993 
535.434448 181.073349 0.788272 
533.985901 219.322754 0.326818 
531.024292 164.916931 0.284612 
554.540100 254.611816 0.700165 
547.204041 310.451508 0.789674 
534.015686 360.455383 0.789290 
535.397034 253.098175 0.745745 
547.136230 307.513916 0.706387 
544.217102 353.090820 0.708211 
564.849487 139.952179 0.720335 
0.000000 0.000000 0.000000 
556.020752 147.343567 0.802990 
0.000000 0.000000 0.000000 
18
569.230164 145.837494 0.684220 
550.145386 181.026169 0.904183 
569.289734 176.693741 0.853359 
614.814941 147.240692 0.892847 
650.045898 113.455368 0.874786 
534.000732 182.552185 0.808143 
525.122559 225.207794 0.775229 
531.024292 164.916931 0.284612 
557.430786 254.639374 0.720581 
547.233765 310.466339 0.765762 
535.368591 359.044312 0.773665 
535.374878 254.590454 0.754356 
545.688782 306.081207 0.708713 
542.793152 353.095825 0.707773 
564.815002 144.279526 0.622710 
0.000000 0.000000 0.000000 
557.439575 147.348587 0.797905 
0.000000 0.000000 0.000000 
18
0.000000 0.000000 0.000000 
551.578552 182.607086 0.907295 
570.744995 181.089066 0.898977 
617.788391 151.715652 0.840774 
651.613037 123.707985 0.925746 
533.915466 189.923096 0.791161 
523.611572 228.098801 0.867793 
536.899475 242.825745 0.134745 
557.470337 260.491821 0.737411 
547.213379 311.903198 0.766617 
533.979736 360.492981 0.783051 
533.963135 259.030609 0.754074 
545.677612 307.541626 0.720448 
542.794189 354.568787 0.721484 
0.000000 0.000000 0.000000 
0.000000 0.000000 0.000000 
559.019104 148.792725 0.757056 
535.490601 157.502045 0.214387 
18
0.000000 0.000000 0.000000 
550.162170 182.626938 0.921409 
570.772888 181.097763 0.899720 
617.786072 157.505890 0.866563 
653.009949 125.267189 0.906863 
532.483459 191.327652 0.828505 
522.219604 226.666824 0.887995 
523.627563 251.652557 0.715382 
557.469177 259.007355 0.746853 
547.227112 310.505371 0.799549 
533.997131 359.057343 0.789928 
533.939270 256.077057 0.752194 
542.784729 307.526978 0.742017 
542.792175 353.134186 0.732126 
0.000000 0.000000 0.000000 
0.000000 0.000000 0.000000 
560.423523 148.752289 0.802225 
536.929871 157.490036 0.218548 
18
570.669739 147.248062 0.559220 
550.132751 182.600510 0.925897 
570.750244 181.088257 0.913228 
617.821838 159.064682 0.844766 
653.059387 133.964447 0.915383 
532.436768 188.467651 0.791773 
522.169373 223.723297 0.864457 
511.925446 248.739471 0.784521 
557.406555 257.546082 0.734179 
547.256165 310.484528 0.799665 
534.010193 360.438721 0.796313 
533.926758 254.617416 0.750914 
542.763245 306.081177 0.729229 
544.207703 354.549469 0.735314 
569.162537 144.320023 0.547018 
0.000000 0.000000 0.000000 
558.978638 147.357895 0.782344 
538.354492 156.129105 0.121922 
18
569.299683 147.290680 0.291842 
547.267334 182.641388 0.941374 
569.271667 182.519989 0.917204 
617.746826 169.278229 0.882181 
653.022644 144.292450 0.898943 
531.024109 186.975327 0.773282 
520.718933 222.236816 0.836033 
508.973328 248.691025 0.782919 
555.962708 257.541840 0.729051 
547.264893 310.466492 0.807579 
533.993103 360.463562 0.809546 
533.929138 254.643097 0.735882 
544.261230 306.075043 0.726960 
544.205383 354.560211 0.734065 
567.771301 144.322174 0.340151 
0.000000 0.000000 0.000000 
560.432312 147.329819 0.772710 
538.342529 154.625870 0.194295 
18
569.185547 148.727997 0.517679 
547.153564 184.076202 0.920571 
566.296448 184.088867 0.801417 
616.328979 182.570297 0.885010 
642.803101 167.817307 0.791578 
529.550842 186.952515 0.736582 
519.261108 222.248901 0.782552 
504.562775 250.156052 0.780630 
551.602722 257.560089 0.716208 
548.652710 310.431030 0.805153 
533.941711 360.477356 0.831420 
533.938965 254.654480 0.717059 
544.254761 306.039337 0.709934 
538.406128 354.566071 0.661647 
566.272400 145.767395 0.537920 
0.000000 0.000000 0.000000 
557.503296 148.802185 0.785703 
535.419983 156.111526 0.099326 
