37
1
18
635.418701 125.271294 0.825033 
597.190796 159.049255 0.871102 
607.443604 166.399490 0.856647 
610.426941 220.772827 0.815928 
626.563416 260.479614 0.867635 
586.894836 156.121521 0.792522 
583.943054 211.964035 0.081606 
601 220 0.000000
598.644226 251.652481 0.739807 
592.794800 310.434479 0.873706 
583.995911 360.512512 0.854448 
582.429810 245.789108 0.707140 
578.057983 300.134644 0.815876 
572.192688 345.774689 0.758383 
630.971680 122.278557 0.920141 
0.000000 0.000000 0.000000 
617.731140 123.816460 0.943974 
0.000000 0.000000 0.000000 
18
636.856079 125.288277 0.820161 
597.206848 159.053131 0.860712 
607.438049 167.819061 0.864050 
608.936890 220.772614 0.823126 
622.157654 261.950256 0.850797 
588.342896 156.101746 0.780719 
583.943054 211.964035 0.081606 
601 220 0.000000
595.718628 250.204056 0.752098 
592.776184 309.002045 0.866725 
585.395020 360.489807 0.852146 
580.976318 242.885910 0.721431 
576.616882 298.770355 0.828226 
572.209534 347.189758 0.762647 
630.988770 122.307205 0.913821 
0.000000 0.000000 0.000000 
617.730408 125.190186 0.934236 
0.000000 0.000000 0.000000 
18
636.890869 125.282112 0.819727 
598.634460 159.080017 0.851535 
607.447449 167.859238 0.872595 
607.467773 220.784149 0.842616 
619.203308 263.408691 0.911440 
589.789856 156.111145 0.773613 
583.943054 211.964035 0.081606 
601 220 0.000000
594.304138 250.215530 0.764310 
592.769897 308.973236 0.851049 
584.003967 360.513763 0.837003 
579.544983 242.877502 0.734559 
576.606445 298.746643 0.820118 
572.201965 347.183075 0.777387 
631.018372 122.309204 0.909859 
0.000000 0.000000 0.000000 
617.772705 125.227921 0.927963 
0.000000 0.000000 0.000000 
18
638.292969 126.689758 0.822084 
598.662964 159.100479 0.838361 
607.443054 169.257294 0.877542 
606.048401 222.235001 0.853291 
616.353210 264.852905 0.931341 
589.830688 156.113022 0.773203 
583.943054 211.964035 0.081606 
601 220 0.000000
594.271729 251.656082 0.772616 
592.731201 310.412170 0.867907 
583.991516 360.495758 0.839315 
579.524963 244.329956 0.723297 
573.635498 300.200745 0.821564 
572.221436 347.202057 0.757694 
632.438293 122.335594 0.897882 
0.000000 0.000000 0.000000 
617.809082 125.262489 0.904848 
0.000000 0.000000 0.000000 
18
638.362793 125.249962 0.843750 
600.101990 160.485580 0.824575 
606.077820 169.283401 0.879716 
606.018250 222.287140 0.859171 
616.210144 264.955811 0.914415 
591.269348 157.510452 0.766359 
583.943054 211.964035 0.081606 
601 220 0.000000
594.243286 251.710770 0.767744 
592.694092 310.512543 0.871727 
583.977356 360.520477 0.831592 
579.560059 247.235428 0.707709 
572.234009 300.229675 0.815557 
573.638184 347.246918 0.753160 
632.498413 122.297455 0.883326 
0.000000 0.000000 0.000000 
617.844177 126.672684 0.891146 
0.000000 0.000000 0.000000 
18
639.732788 125.214470 0.850713 
600.129700 160.484955 0.832849 
606.076599 169.310196 0.891312 
605.964294 223.728622 0.874469 
614.818481 266.377258 0.892811 
591.308472 156.118561 0.765300 
583.943054 211.964035 0.081606 
601 220 0.000000
594.221313 251.701782 0.767538 
592.683350 310.522095 0.869866 
583.977356 360.513855 0.826429 
579.541565 245.793472 0.705568 
572.216736 300.243408 0.823445 
572.205200 347.248230 0.752489 
633.918396 122.280876 0.869510 
0.000000 0.000000 0.000000 
619.218323 126.695671 0.883189 
0.000000 0.000000 0.000000 
18
639.747803 126.682053 0.846337 
600.139893 160.510208 0.822344 
606.055847 169.333862 0.901209 
605.958069 225.200439 0.891070 
614.796570 267.823578 0.866834 
592.705200 157.506668 0.761611 
583.943054 211.964035 0.081606 
601 220 0.000000
594.250793 253.125549 0.771476 
592.697510 310.510071 0.879807 
583.994812 360.520203 0.824421 
580.984314 248.706573 0.714037 
573.670044 301.657593 0.778509 
572.224854 347.227905 0.727322 
633.943970 122.338188 0.878019 
0.000000 0.000000 0.000000 
619.233582 128.155563 0.876251 
0.000000 0.000000 0.000000 
18
639.768860 126.697914 0.858093 
601.550781 160.511673 0.830229 
606.056091 169.359818 0.904220 
605.953918 226.625320 0.905609 
616.216125 267.875214 0.876494 
592.714172 156.113922 0.763853 
583.943054 211.964035 0.081606 
601 220 0.000000
594.257446 253.111435 0.771969 
592.690613 310.472870 0.868391 
583.957520 360.511749 0.837462 
580.988281 247.255905 0.708324 
573.669434 300.239075 0.797037 
572.180847 347.214844 0.762598 
635.377930 122.337173 0.878467 
0.000000 0.000000 0.000000 
619.239502 128.163345 0.871860 
0.000000 0.000000 0.000000 
18
639.775330 126.718086 0.867935 
601.572327 160.563629 0.812079 
606.047119 170.784164 0.903081 
605.961975 226.645844 0.900935 
616.251343 267.865448 0.898254 
592.735779 157.531555 0.748676 
583.943054 211.964035 0.081606 
601 220 0.000000
594.270447 253.117950 0.773063 
592.682251 310.464447 0.869088 
583.966187 360.514832 0.843844 
581.030090 248.703613 0.712270 
573.639099 300.240540 0.792019 
572.163696 347.226532 0.763219 
635.386536 122.344131 0.889783 
0.000000 0.000000 0.000000 
619.241272 128.151230 0.874578 
0.000000 0.000000 0.000000 
18
639.780945 126.725365 0.871522 
601.584045 161.974762 0.800510 
606.025146 170.799744 0.906879 
605.964600 226.666733 0.915691 
616.331177 266.405029 0.907450 
592.770752 157.551773 0.727322 
583.943054 211.964035 0.081606 
601 220 0.000000
594.293396 253.148392 0.756244 
592.696472 310.477203 0.878196 
583.971252 361.918243 0.842812 
582.440552 250.159073 0.715616 
573.645569 301.675354 0.799218 
570.763245 347.221283 0.768399 
635.386902 123.691833 0.891433 
0.000000 0.000000 0.000000 
619.232849 128.168243 0.878789 
0.000000 0.000000 0.000000 
18
639.781982 126.698059 0.873895 
601.611145 161.974960 0.792420 
605.995300 170.823349 0.893784 
605.955688 226.667618 0.911941 
617.727417 264.963898 0.914592 
594.184937 157.541962 0.696132 
617.750977 182.484314 0.053021 
601 220 0.000000
595.688049 253.140381 0.745622 
592.703552 310.474182 0.868474 
583.993896 360.521576 0.835212 
582.506165 250.165939 0.690194 
573.655334 301.666626 0.800305 
570.749756 347.220825 0.782929 
635.383728 122.334595 0.888262 
0.000000 0.000000 0.000000 
619.237427 128.166367 0.875584 
0.000000 0.000000 0.000000 
18
639.795837 125.274338 0.885366 
603.009583 160.557877 0.808995 
606.013184 170.821533 0.896254 
606.008240 228.075058 0.938421 
617.829773 266.401794 0.891034 
592.808411 157.508041 0.704081 
617.796082 181.071640 0.075750 
601 220 0.000000
595.744507 253.191879 0.733295 
592.708740 310.502014 0.874270 
583.993347 361.925201 0.834026 
583.929138 250.204163 0.666834 
578.049561 303.135803 0.768611 
572.190430 347.245850 0.744911 
635.394470 122.312241 0.894346 
0.000000 0.000000 0.000000 
619.268250 128.162003 0.868004 
0.000000 0.000000 0.000000 
18
639.820129 125.225365 0.909074 
601.587219 160.566757 0.806894 
606.041077 170.808685 0.910988 
606.034851 228.084106 0.919582 
619.201172 266.377625 0.884794 
592.725159 157.526932 0.693040 
617.796082 181.071640 0.075750 
601 220 0.000000
595.752380 253.134995 0.732405 
592.748657 310.440002 0.875444 
583.959229 360.511749 0.842889 
583.922791 250.145645 0.661622 
579.526794 301.692352 0.784753 
573.657654 347.264496 0.717403 
635.401123 122.268944 0.901612 
0.000000 0.000000 0.000000 
619.250061 128.180679 0.885437 
0.000000 0.000000 0.000000 
18
639.826172 125.241478 0.901463 
598.636597 161.984055 0.843653 
607.530762 170.821686 0.896280 
607.505127 226.691162 0.886778 
619.214661 266.352692 0.894597 
583.956604 156.099167 0.725557 
570.644958 170.773865 0.675768 
570.772705 204.671356 0.749452 
597.203857 253.166504 0.725423 
592.754700 310.461121 0.879701 
584.004700 360.502014 0.834806 
582.526611 250.145599 0.696272 
579.544312 301.694214 0.788812 
572.206177 347.216675 0.749756 
635.417480 122.282303 0.907689 
0.000000 0.000000 0.000000 
619.255371 129.624695 0.891046 
0.000000 0.000000 0.000000 
18
639.838928 125.198830 0.922461 
600.106445 160.502167 0.884215 
608.948608 170.852615 0.874257 
611.856079 228.077209 0.873644 
619.221924 266.375092 0.863087 
586.908997 150.229736 0.738241 
567.725342 167.871323 0.778780 
570.782471 203.113190 0.782584 
595.756775 253.134262 0.738873 
592.767944 310.440979 0.874648 
585.406555 360.496948 0.835698 
582.474365 248.711243 0.700555 
580.924255 300.248871 0.816314 
572.196533 347.209473 0.760497 
635.423950 122.264122 0.899880 
0.000000 0.000000 0.000000 
619.243774 131.091217 0.900779 
0.000000 0.000000 0.000000 
18
639.811279 123.818871 0.925377 
601.562988 160.502518 0.884100 
610.407471 170.863022 0.870120 
613.341125 228.079605 0.890744 
620.676880 267.833527 0.821624 
588.378906 148.784973 0.753608 
566.314941 167.877640 0.817741 
570.777161 198.744995 0.782819 
597.206787 253.102097 0.730367 
592.774109 310.428375 0.866015 
585.387695 360.484100 0.846376 
582.482666 247.234467 0.704588 
579.544983 300.186951 0.847001 
572.172119 347.216614 0.782992 
635.374084 122.254974 0.893619 
0.000000 0.000000 0.000000 
619.236938 131.084564 0.896474 
0.000000 0.000000 0.000000 
18
639.784668 123.694832 0.945665 
601.584412 160.519669 0.880437 
611.892883 172.273300 0.854303 
614.766968 228.174088 0.900243 
623.652710 269.316315 0.803473 
588.355957 148.741745 0.785626 
563.382202 169.244339 0.845252 
573.671692 200.199753 0.697218 
598.651917 253.120605 0.714428 
592.784790 310.453033 0.862365 
583.979553 360.496735 0.859470 
582.483948 247.239853 0.712599 
579.523376 300.165894 0.846142 
570.751282 347.196838 0.792959 
632.489990 120.803802 0.869724 
0.000000 0.000000 0.000000 
619.208801 131.091614 0.895042 
0.000000 0.000000 0.000000 
18
638.321411 122.236504 0.927167 
601.603088 160.529602 0.873173 
614.797424 172.282425 0.868545 
614.821228 228.102890 0.907530 
625.129883 269.312134 0.829887 
586.879028 148.739960 0.793933 
561.871094 167.877609 0.879147 
575.131104 201.645767 0.776920 
603.020142 251.664597 0.729121 
592.781250 310.439514 0.856232 
583.985840 360.502441 0.851967 
582.485535 242.868958 0.750313 
579.533936 300.143494 0.876113 
570.764832 347.193451 0.800544 
629.597351 117.881805 0.874442 
0.000000 0.000000 0.000000 
617.772461 132.526917 0.917889 
0.000000 0.000000 0.000000 
18
635.374939 120.788696 0.892631 
603.018677 160.512970 0.888235 
616.228638 172.285187 0.862534 
616.238220 228.069931 0.909742 
626.609558 267.837830 0.869016 
586.872009 147.352234 0.836845 
560.418518 166.386780 0.902119 
576.580872 198.729416 0.800553 
603.047607 251.682907 0.752187 
592.783752 310.463654 0.854566 
585.398132 360.476990 0.847208 
582.473145 244.299896 0.753934 
579.544128 300.134521 0.867246 
572.186646 347.186615 0.789106 
629.476074 114.958046 0.911409 
0.000000 0.000000 0.000000 
616.341187 132.532944 0.916873 
0.000000 0.000000 0.000000 
18
631.022156 120.796051 0.915987 
603.033936 160.510162 0.891451 
616.244080 172.305008 0.855183 
617.699707 228.168320 0.945122 
629.460205 269.307983 0.858226 
585.453430 148.723282 0.856168 
559.022522 164.932343 0.901313 
576.585938 195.840485 0.798259 
604.468079 253.098648 0.776216 
592.770752 310.514526 0.870470 
585.412231 360.507324 0.836276 
582.491699 244.340652 0.745528 
579.499634 300.147552 0.850482 
572.185364 347.179016 0.787592 
628.039917 116.391586 0.905152 
0.000000 0.000000 0.000000 
616.268860 132.533585 0.909469 
0.000000 0.000000 0.000000 
18
629.524475 120.759468 0.940083 
603.021057 160.539902 0.882798 
616.244690 172.300705 0.878779 
617.734924 228.145905 0.941688 
629.581665 267.853485 0.831437 
585.428467 148.770889 0.864196 
559.021484 164.911804 0.890215 
578.045654 195.842255 0.729503 
604.530579 251.709412 0.792780 
592.779968 310.489136 0.876730 
584.000366 360.491486 0.842780 
582.516113 244.306122 0.752329 
579.508972 298.744232 0.871440 
570.771912 345.799225 0.798388 
626.548584 114.969849 0.871201 
0.000000 0.000000 0.000000 
614.828674 131.103165 0.871009 
0.000000 0.000000 0.000000 
18
629.452820 119.362442 0.916890 
603.013794 160.531784 0.882303 
616.263184 172.280273 0.891083 
617.772217 228.104904 0.920878 
630.965271 264.975800 0.864600 
585.410278 148.774536 0.875783 
559.007141 163.474243 0.889429 
578.067932 194.281601 0.730744 
604.554443 251.704361 0.803248 
592.777771 310.507294 0.880407 
585.399963 361.921265 0.828474 
582.552795 244.308670 0.746913 
579.511047 298.751068 0.864908 
570.770996 345.814850 0.783624 
625.071899 116.386383 0.822231 
0.000000 0.000000 0.000000 
613.365112 131.096619 0.842887 
0.000000 0.000000 0.000000 
18
627.967529 117.854309 0.867477 
603.032471 160.500732 0.900102 
616.291992 170.872681 0.894040 
617.808350 228.061951 0.897238 
631.039795 264.918243 0.852649 
585.415649 148.772079 0.889846 
558.966980 163.441055 0.894662 
578.031860 191.364777 0.711921 
604.557129 251.661407 0.797288 
592.790283 310.491425 0.875846 
583.996765 361.917755 0.832399 
583.927612 242.874405 0.749774 
579.522217 298.722961 0.875196 
570.752319 345.818146 0.784475 
619.244263 114.908279 0.820894 
0.000000 0.000000 0.000000 
608.980103 129.628998 0.811345 
0.000000 0.000000 0.000000 
18
626.548157 114.920105 0.840700 
603.042297 160.487244 0.900292 
616.331238 170.829849 0.914832 
617.806335 228.073883 0.901944 
631.012024 264.900024 0.871234 
585.407288 148.761871 0.888001 
558.972229 163.462173 0.898433 
578.058044 191.346237 0.730723 
604.573364 251.676056 0.798089 
592.785767 310.503143 0.886521 
585.394714 361.930420 0.836988 
583.947144 244.297897 0.735203 
578.082214 298.760529 0.868341 
570.744812 345.810272 0.795596 
617.816345 113.457581 0.818722 
0.000000 0.000000 0.000000 
608.946045 129.627319 0.829633 
0.000000 0.000000 0.000000 
18
625.104492 114.916489 0.794582 
603.015320 159.106613 0.902490 
616.327515 170.740112 0.914754 
617.763306 228.091522 0.927570 
631.035156 263.355255 0.869373 
585.401001 148.779205 0.868662 
558.974426 163.461609 0.901804 
578.087158 192.857941 0.788677 
604.549438 251.678635 0.784424 
592.770569 310.495117 0.889840 
585.425964 361.913025 0.828599 
582.544983 244.301895 0.743381 
578.062195 300.150360 0.854639 
572.189148 347.247131 0.774581 
617.774841 113.450294 0.808067 
0.000000 0.000000 0.000000 
608.931763 129.638077 0.837014 
0.000000 0.000000 0.000000 
18
625.082825 113.508522 0.800709 
603.012573 159.042908 0.917384 
616.320190 169.325104 0.911063 
617.693176 228.070618 0.910339 
629.600769 257.568390 0.864756 
585.390564 148.729919 0.865723 
558.966003 163.468979 0.905437 
576.613159 192.884506 0.799398 
604.535645 251.639755 0.766425 
592.751831 310.489136 0.869657 
585.391968 361.915039 0.836019 
582.543274 242.864182 0.743383 
578.067688 300.137207 0.861983 
570.759277 347.191559 0.797258 
617.753479 113.452934 0.824146 
0.000000 0.000000 0.000000 
608.918335 129.641296 0.848780 
0.000000 0.000000 0.000000 
18
623.662781 113.505501 0.787954 
601.580750 159.044891 0.933268 
616.310242 169.252960 0.913977 
616.278381 222.253662 0.913741 
627.989197 256.069977 0.881186 
583.943787 148.787338 0.880112 
558.932861 163.480698 0.911385 
579.506226 197.262405 0.797250 
604.466553 250.186218 0.752306 
592.767090 310.470245 0.865011 
585.403076 361.931732 0.828986 
582.502075 241.410370 0.787324 
578.046753 298.732880 0.859696 
570.764648 345.814087 0.797199 
617.752075 113.447258 0.822846 
0.000000 0.000000 0.000000 
608.920837 131.072815 0.863575 
0.000000 0.000000 0.000000 
18
622.165039 113.446259 0.772112 
601.569824 157.619583 0.925608 
617.699219 166.355667 0.882322 
616.313538 217.815063 0.986973 
617.794067 253.109283 0.871539 
582.540588 148.749680 0.886830 
557.521301 164.932266 0.909347 
579.494507 200.204559 0.830122 
603.075500 250.189316 0.745682 
592.782776 310.445435 0.856004 
585.402283 361.915588 0.828911 
582.472412 241.412155 0.772006 
575.148926 300.126099 0.851372 
570.761292 345.797638 0.795566 
617.706726 112.041725 0.805494 
0.000000 0.000000 0.000000 
608.923462 128.180771 0.849120 
0.000000 0.000000 0.000000 
18
620.711121 112.074928 0.733162 
601.548706 157.530670 0.918112 
617.733093 160.554398 0.906126 
614.817810 207.586182 0.897067 
610.422363 247.234283 0.703984 
582.491394 148.743118 0.911935 
557.520813 167.803848 0.933613 
575.114868 198.722610 0.876932 
604.474487 247.250671 0.725466 
592.824951 308.966095 0.830568 
583.996887 360.502441 0.844043 
582.475098 239.937363 0.794021 
576.587036 298.680817 0.871325 
570.744568 345.786530 0.806759 
616.338013 112.036949 0.770445 
0.000000 0.000000 0.000000 
608.929626 128.154099 0.846891 
0.000000 0.000000 0.000000 
18
620.739563 113.486641 0.722572 
600.127380 157.481628 0.888476 
617.736328 159.069290 0.929316 
608.931641 203.100159 0.862731 
597.176636 232.574020 0.832486 
582.475708 148.762482 0.885144 
557.427734 166.399704 0.910593 
570.742920 197.301559 0.909029 
604.515991 250.166443 0.776721 
592.811096 309.002319 0.853580 
585.395203 361.912537 0.836440 
581.028870 241.403168 0.754071 
576.568481 298.729065 0.866311 
572.158081 347.178406 0.791621 
617.695862 113.452408 0.772693 
0.000000 0.000000 0.000000 
608.934143 128.179916 0.851039 
0.000000 0.000000 0.000000 
18
622.196045 113.487869 0.695753 
600.127136 156.111038 0.880974 
617.739685 159.047791 0.950533 
605.946655 200.204971 0.911677 
591.315308 231.063599 0.737142 
582.478394 148.765030 0.873768 
557.411865 166.385864 0.925544 
570.709839 198.743195 0.905370 
604.509644 248.722580 0.783072 
592.798584 308.965179 0.819753 
583.994019 360.508453 0.852120 
580.998230 239.928741 0.745662 
576.615967 297.252930 0.863061 
570.711060 345.758911 0.814951 
617.725220 113.443283 0.755588 
0.000000 0.000000 0.000000 
608.933105 128.183517 0.857291 
0.000000 0.000000 0.000000 
18
622.162781 113.508148 0.685840 
600.130676 157.494843 0.888060 
617.723328 159.101837 0.945937 
604.445618 198.743622 0.861253 
591.257690 220.798264 0.645756 
582.469238 148.796600 0.864939 
557.449768 167.838028 0.948696 
570.752319 201.703278 0.901965 
604.494568 248.717178 0.774629 
592.800049 309.024384 0.851010 
583.987244 360.515747 0.851554 
581.020630 241.340561 0.765009 
576.601074 298.714874 0.863830 
570.740845 345.811127 0.803537 
617.708557 113.453125 0.754928 
0.000000 0.000000 0.000000 
607.526367 128.181717 0.868609 
0.000000 0.000000 0.000000 
18
619.271973 113.467613 0.730289 
598.676453 156.127014 0.880836 
617.698792 159.077820 0.927870 
603.074585 192.811066 0.763458 
591.250305 211.966888 0.653846 
582.452820 150.195160 0.874389 
557.462402 169.252365 0.967941 
569.280151 198.726425 0.831362 
604.497131 248.714676 0.772540 
592.793457 310.414948 0.854662 
585.391602 360.518646 0.838035 
581.022644 241.360794 0.751954 
575.153992 300.130737 0.854904 
572.155334 347.200317 0.785590 
616.289551 112.062065 0.778759 
0.000000 0.000000 0.000000 
607.479126 128.147705 0.871229 
0.000000 0.000000 0.000000 
18
617.820679 113.467812 0.814294 
597.182617 156.126038 0.901706 
616.289063 159.047867 0.942806 
595.707886 194.382706 0.799790 
586.894470 207.538345 0.518370 
582.414734 150.241547 0.873903 
557.439270 169.285095 0.981059 
569.270752 198.763229 0.866043 
604.464539 247.265884 0.745393 
592.774353 309.029266 0.862503 
585.388916 361.932343 0.835327 
581.002502 241.353073 0.745780 
575.122253 298.738983 0.869078 
570.764832 345.813782 0.787926 
614.841187 112.051895 0.812364 
0.000000 0.000000 0.000000 
606.023926 126.724365 0.874629 
0.000000 0.000000 0.000000 
18
617.751404 113.468040 0.784301 
595.700195 157.475662 0.927684 
614.834778 159.008179 0.901142 
594.223389 192.852036 0.802042 
585.413574 206.050735 0.556180 
581.002258 151.669327 0.871693 
557.402466 169.307693 0.988272 
569.292480 200.188248 0.854244 
603.077881 248.712189 0.740377 
592.778137 310.405396 0.869685 
583.994629 361.919495 0.847459 
581.014709 241.389389 0.723887 
573.665344 300.134796 0.868274 
570.757629 347.187561 0.783664 
614.759705 112.063461 0.757733 
0.000000 0.000000 0.000000 
605.971985 128.159790 0.874898 
0.000000 0.000000 0.000000 
18
617.740906 113.491882 0.785905 
594.271729 156.094696 0.965655 
613.322876 157.607544 0.880737 
594.190186 191.396133 0.816767 
582.497253 204.623779 0.544680 
580.956482 150.242950 0.867759 
556.024292 169.294876 0.966821 
570.661316 200.186508 0.837838 
603.059692 248.698807 0.737094 
592.807495 310.434540 0.883406 
585.396606 361.955872 0.834933 
580.983704 241.380997 0.705833 
573.691345 300.151276 0.852059 
572.187622 347.210205 0.763498 
614.771240 112.054863 0.780488 
0.000000 0.000000 0.000000 
605.945801 125.278351 0.889378 
0.000000 0.000000 0.000000 
18
617.735474 117.880348 0.761412 
594.241577 156.063232 0.965668 
611.856262 157.557343 0.862776 
594.189941 189.925064 0.791961 
583.939270 204.590820 0.500676 
580.942383 150.239929 0.860058 
554.534241 169.295471 0.961083 
569.254883 198.716614 0.873294 
603.024719 248.728271 0.726119 
592.826843 310.430969 0.867426 
583.980164 361.924957 0.847090 
580.944275 241.390472 0.699681 
576.567871 298.748596 0.858393 
570.772888 345.804932 0.789889 
614.805115 114.925369 0.771857 
0.000000 0.000000 0.000000 
605.951782 125.286346 0.903928 
0.000000 0.000000 0.000000 
