32
1
18
523.697937 169.251053 0.875816 
501.654541 216.345352 0.781576 
511.903381 217.902878 0.869365 
511.923737 266.344543 0.851936 
519.225708 303.152191 0.873849 
494.258972 213.419037 0.603638 
492.802399 253.110336 0.062139 
511 259 0.000000
503.061920 288.470367 0.704359 
498.731659 344.271027 0.767418 
498.650635 391.359955 0.734249 
494.271606 286.919434 0.619780 
500.171875 341.333405 0.644704 
498.710114 383.972687 0.590222 
522.136169 162.005859 0.839627 
0.000000 0.000000 0.000000 
510.436707 169.377441 0.824516 
0.000000 0.000000 0.000000 
18
523.732483 169.335449 0.887877 
501.610321 216.411423 0.778420 
510.457031 219.354172 0.843143 
510.407684 267.838776 0.818109 
513.358032 308.953125 0.912193 
494.262970 213.445938 0.587577 
498.656433 253.178391 0.051537 
511 259 0.000000
503.066864 289.882416 0.683225 
500.104980 345.689484 0.742503 
498.700195 391.350922 0.756735 
497.213684 286.964447 0.597134 
500.216614 339.899323 0.664396 
500.077087 382.502075 0.594023 
522.163147 164.933319 0.834453 
0.000000 0.000000 0.000000 
510.439972 170.801895 0.796806 
0.000000 0.000000 0.000000 
18
523.750366 169.336273 0.906432 
501.582458 216.421265 0.790708 
510.457733 222.240677 0.861410 
510.401306 269.328308 0.849906 
511.947571 308.993439 0.931592 
492.796570 213.419083 0.591032 
498.656433 253.178391 0.051537 
511 259 0.000000
506.006866 291.386780 0.661754 
500.161652 345.779755 0.749534 
498.692566 391.358246 0.734052 
498.626678 288.443542 0.617213 
500.138947 344.297394 0.721805 
500.088928 384.000641 0.626441 
522.166138 164.942062 0.856349 
0.000000 0.000000 0.000000 
510.436523 170.833237 0.822252 
0.000000 0.000000 0.000000 
18
523.750366 170.772736 0.905230 
500.184906 217.872864 0.809372 
510.399597 223.708160 0.851806 
510.375854 269.318329 0.852703 
511.991058 308.979950 0.918918 
494.258484 216.324631 0.609722 
504.547638 263.338776 0.061961 
511 259 0.000000
504.569366 294.303528 0.672972 
500.126434 345.796143 0.770442 
498.707031 392.750244 0.764332 
498.624084 289.897369 0.621252 
500.189209 345.707245 0.722609 
500.104004 384.017578 0.610001 
522.170349 167.827972 0.880656 
0.000000 0.000000 0.000000 
510.405518 170.857285 0.821193 
0.000000 0.000000 0.000000 
18
523.718140 170.869400 0.892763 
500.158447 219.350250 0.790059 
508.912415 223.731598 0.800139 
510.369629 273.658569 0.845987 
516.307251 309.017334 0.880535 
497.189941 217.838135 0.602108 
504.547638 263.338776 0.061961 
511 259 0.000000
503.103668 295.775818 0.676462 
500.107574 347.192078 0.778171 
498.688965 392.734131 0.769658 
500.106903 291.380127 0.608897 
500.222382 345.758911 0.702106 
500.093658 383.974243 0.593214 
522.142883 169.279404 0.894844 
0.000000 0.000000 0.000000 
508.982849 172.280167 0.771379 
0.000000 0.000000 0.000000 
18
523.741882 173.735886 0.846233 
500.108490 219.344070 0.799396 
508.973694 223.721237 0.837206 
510.438446 272.208374 0.859315 
522.150879 307.519867 0.900110 
491.308838 217.822891 0.608811 
503.065796 263.378113 0.058081 
511 259 0.000000
501.624237 297.252167 0.723840 
500.165375 345.792542 0.813840 
498.649017 391.339203 0.818924 
494.254089 292.852203 0.609267 
503.092041 345.707520 0.655010 
500.159119 381.061127 0.579156 
522.192261 169.373901 0.903920 
0.000000 0.000000 0.000000 
510.396393 172.301865 0.742983 
0.000000 0.000000 0.000000 
18
525.122986 178.145126 0.780931 
500.152924 222.266373 0.773791 
510.369232 225.206848 0.836039 
511.964417 273.719574 0.878594 
523.742554 308.997589 0.917522 
494.234192 219.307281 0.602708 
507.460022 263.441193 0.071134 
511 259 0.000000
500.208099 298.659210 0.743906 
501.653198 345.739471 0.761318 
498.653473 392.742218 0.843761 
495.734528 295.738831 0.590787 
507.508240 341.364563 0.656124 
500.173859 381.013306 0.601579 
523.597473 170.830124 0.851444 
0.000000 0.000000 0.000000 
510.475739 173.757385 0.716802 
0.000000 0.000000 0.000000 
18
523.733337 181.018921 0.223305 
500.199371 223.741669 0.791227 
510.459259 226.694122 0.869192 
514.818848 275.123383 0.856348 
526.628723 308.990143 0.886280 
491.329315 219.356216 0.658062 
504.518646 263.396332 0.051767 
511 259 0.000000
501.621735 297.197601 0.726395 
503.118378 344.279236 0.687102 
498.646240 391.311554 0.819361 
489.879211 291.375305 0.626444 
507.502136 336.950104 0.665269 
500.198425 373.712860 0.634789 
523.641418 173.759354 0.301453 
0.000000 0.000000 0.000000 
520.672913 179.636063 0.739709 
489.854675 182.577408 0.107463 
18
476.690430 192.852341 0.163198 
503.079651 225.217590 0.768469 
510.459259 226.694122 0.869192 
514.818848 275.123383 0.856348 
526.628723 308.990143 0.886280 
508.925079 226.656754 0.674047 
520.670837 270.752686 0.517069 
529.518188 301.699402 0.440491 
500.142944 294.316162 0.721265 
503.077728 344.259735 0.724505 
498.659576 391.314026 0.859023 
500.157593 291.389069 0.585542 
510.460968 336.921906 0.652037 
506.034271 367.811493 0.742774 
0.000000 0.000000 0.000000 
486.843597 184.055984 0.147010 
0.000000 0.000000 0.000000 
498.614838 184.065933 0.324371 
18
0.000000 0.000000 0.000000 
501.639282 220.794754 0.822675 
514.847168 223.739273 0.807273 
522.109131 267.812714 0.839813 
533.967834 304.593597 0.883391 
488.436279 217.894135 0.731389 
520.670837 270.752686 0.517069 
529.518188 301.699402 0.440491 
501.638031 289.884186 0.714044 
506.021301 338.429016 0.660564 
498.681824 392.790405 0.889673 
488.420471 286.951599 0.673187 
511.940857 332.509003 0.649508 
510.422760 363.420227 0.800710 
0.000000 0.000000 0.000000 
0.000000 0.000000 0.000000 
522.164795 181.122635 0.514948 
497.141388 181.129562 0.239761 
18
0.000000 0.000000 0.000000 
503.069611 217.908539 0.835644 
516.331665 220.809204 0.804348 
522.179626 266.418823 0.853351 
535.411316 301.702759 0.865747 
489.831482 216.422379 0.731399 
479.584351 251.596329 0.187708 
529.518188 301.699402 0.440491 
501.613159 285.492828 0.714723 
510.433594 325.181885 0.559774 
498.663116 392.757874 0.823288 
488.323547 282.532501 0.688163 
513.405823 320.733307 0.693856 
513.369629 357.547333 0.878612 
0.000000 0.000000 0.000000 
0.000000 0.000000 0.000000 
523.629395 181.135132 0.595417 
498.662994 181.067429 0.301816 
18
0.000000 0.000000 0.000000 
504.526581 219.331741 0.834150 
519.264587 220.800461 0.843114 
522.217407 264.970947 0.859081 
535.423096 300.207733 0.885778 
489.839172 219.304337 0.731462 
479.533478 251.684708 0.612115 
478.073486 206.067566 0.394333 
510.366486 288.456238 0.741309 
503.090057 341.341461 0.747842 
498.710419 392.781281 0.934718 
489.851074 286.914429 0.716299 
513.382446 328.102539 0.522292 
522.116882 351.647522 0.766622 
0.000000 0.000000 0.000000 
0.000000 0.000000 0.000000 
523.656250 182.528137 0.530773 
498.696075 181.096832 0.388231 
18
476.692444 194.306274 0.121701 
506.017975 217.907913 0.786290 
520.689331 219.321777 0.868719 
522.258240 264.930817 0.864088 
535.481384 300.145050 0.870429 
491.309174 219.330597 0.643046 
479.589813 251.658691 0.517726 
478.147675 266.378326 0.368935 
508.944550 285.483246 0.731574 
507.513245 335.452667 0.710978 
498.721405 392.765015 0.902866 
492.769379 281.064972 0.627035 
517.789063 322.213593 0.618196 
522.223328 348.691193 0.819596 
0.000000 0.000000 0.000000 
476.722809 194.286285 0.096669 
523.703064 182.593338 0.288671 
500.127045 181.118988 0.287217 
18
0.000000 0.000000 0.000000 
508.907043 217.894409 0.846617 
522.145874 219.304276 0.904726 
523.609863 263.466156 0.861658 
535.384949 298.738342 0.902101 
491.323120 219.305038 0.733365 
485.460052 247.273651 0.634433 
481.007111 264.841461 0.538381 
510.434052 285.470428 0.762843 
508.928406 335.512970 0.722549 
498.712769 392.750458 0.903489 
494.233826 279.616913 0.647027 
513.420349 322.238983 0.482098 
522.164246 345.797302 0.782669 
0.000000 0.000000 0.000000 
0.000000 0.000000 0.000000 
523.706299 184.052490 0.412566 
498.656799 185.526215 0.295054 
18
0.000000 0.000000 0.000000 
508.961823 219.294434 0.879424 
522.187622 219.299362 0.905839 
523.611206 263.440887 0.875959 
533.879456 300.180786 0.891516 
491.342804 219.326355 0.773937 
486.919647 251.599899 0.645076 
486.887848 263.345306 0.220747 
510.472931 286.909851 0.784845 
511.892334 338.438873 0.806982 
498.670258 391.349792 0.895162 
497.158508 281.081879 0.644133 
508.988281 335.420044 0.598164 
500.105164 376.645691 0.341155 
0.000000 0.000000 0.000000 
0.000000 0.000000 0.000000 
525.132996 185.498337 0.411237 
498.656128 189.925064 0.314287 
18
0.000000 0.000000 0.000000 
510.476837 216.369278 0.873680 
522.212708 217.836288 0.924504 
520.730591 263.415985 0.744958 
523.638733 300.151031 0.931467 
498.646332 214.910889 0.650062 
486.888397 239.934937 0.569365 
478.059662 207.558701 0.666656 
510.364746 279.599609 0.720443 
517.780457 335.465607 0.733796 
498.734283 386.931427 0.837557 
495.737427 275.201294 0.671820 
519.240662 329.593872 0.530118 
517.770874 348.683350 0.344506 
0.000000 0.000000 0.000000 
0.000000 0.000000 0.000000 
531.018677 179.629501 0.403457 
508.943024 178.165070 0.221413 
18
0.000000 0.000000 0.000000 
511.934479 214.879135 0.826800 
522.202454 217.804611 0.921735 
511.934906 263.366669 0.856672 
511.901855 298.736481 0.982655 
503.071442 209.038681 0.594466 
485.448944 241.371246 0.447311 
476.632996 206.124832 0.516240 
510.399017 278.149017 0.720374 
522.212097 331.040680 0.728923 
523.616394 344.281677 0.065144 
492.784424 275.171814 0.616808 
520.669983 323.689240 0.545361 
520.680420 347.153076 0.310468 
0.000000 0.000000 0.000000 
0.000000 0.000000 0.000000 
535.440735 173.737061 0.475939 
510.509949 170.764191 0.276156 
18
550.119385 172.315216 0.109010 
511.958862 211.949707 0.787901 
522.211121 216.395630 0.934833 
507.488434 260.474640 0.764499 
500.167542 298.715576 0.969055 
504.559784 206.087830 0.624080 
486.841431 239.937637 0.555043 
476.644958 207.561691 0.553155 
504.529510 275.222321 0.669992 
523.697510 323.676697 0.881245 
501.624756 376.619476 0.774241 
488.334778 270.770020 0.569580 
514.848572 322.258423 0.501284 
516.290405 347.271423 0.393306 
545.744995 169.379242 0.167513 
0.000000 0.000000 0.000000 
535.434692 173.754807 0.552654 
511.922943 170.761429 0.210804 
18
550.111206 176.699509 0.532600 
513.376465 207.606018 0.827514 
522.260010 216.424179 0.905033 
500.152466 258.984497 0.789506 
489.839569 291.382507 0.837026 
506.022003 203.132843 0.707145 
485.413361 239.881775 0.416034 
479.544250 207.569214 0.411829 
501.604340 273.668121 0.709187 
523.699036 317.852661 0.931451 
506.048218 370.713867 0.835811 
485.431580 263.448303 0.565575 
516.324890 317.810883 0.341504 
516.317932 345.791595 0.340922 
547.203430 170.786057 0.672996 
0.000000 0.000000 0.000000 
535.470337 175.225052 0.739651 
0.000000 0.000000 0.000000 
18
554.532349 181.033661 0.630407 
513.427551 211.943481 0.794166 
522.253601 217.886948 0.912987 
495.743805 257.534973 0.760381 
478.103607 289.862244 0.901505 
508.946503 204.569977 0.707553 
485.383270 236.975266 0.357319 
476.697418 206.103958 0.498785 
497.188293 269.312561 0.696524 
523.631165 313.453735 0.934741 
506.000214 364.870178 0.813592 
478.130646 261.970001 0.608507 
520.675720 311.975861 0.307000 
516.336853 345.792023 0.306582 
550.110474 172.322235 0.665211 
0.000000 0.000000 0.000000 
539.831055 179.606064 0.767756 
0.000000 0.000000 0.000000 
18
557.390198 184.035004 0.598537 
514.827881 214.903229 0.764331 
522.134155 220.792831 0.839689 
488.406128 257.519836 0.746540 
473.667816 288.429688 0.931495 
510.455078 206.106705 0.651305 
483.940094 228.152283 0.418833 
476.586639 204.600693 0.454188 
489.864685 269.284546 0.712638 
522.196472 311.968811 0.918412 
507.461914 364.892426 0.778875 
476.620544 261.957123 0.617024 
522.148438 310.446014 0.457515 
519.232300 345.779083 0.457967 
553.045898 181.072235 0.627914 
0.000000 0.000000 0.000000 
541.334412 184.051071 0.739013 
0.000000 0.000000 0.000000 
18
551.574829 191.362946 0.526310 
513.350281 216.400528 0.845641 
519.276672 225.222488 0.817253 
485.452332 259.014679 0.671915 
466.357025 288.400940 0.920300 
507.494415 209.045349 0.702994 
480.989594 228.112076 0.480725 
475.179230 203.127472 0.486307 
486.855225 270.755341 0.684746 
522.129822 311.928009 0.884397 
507.499725 366.317169 0.769698 
469.261444 263.386200 0.612183 
520.729675 308.987274 0.405340 
517.774780 345.778351 0.498864 
548.639404 184.015579 0.598983 
0.000000 0.000000 0.000000 
538.384521 189.904648 0.741792 
0.000000 0.000000 0.000000 
18
551.579041 195.788162 0.596912 
510.474854 220.820572 0.759562 
513.382080 229.598343 0.885351 
476.652008 260.489868 0.748655 
464.781769 291.349518 0.934868 
504.568390 216.334656 0.651284 
478.111145 219.300964 0.363732 
475.188965 204.634659 0.405018 
478.064880 273.686829 0.635734 
520.704163 308.987335 0.820404 
507.483582 366.329193 0.743728 
466.327789 264.889740 0.518139 
522.121704 301.683105 0.543653 
516.286316 345.802704 0.544754 
547.234863 192.800583 0.690350 
0.000000 0.000000 0.000000 
536.867004 194.358597 0.784495 
0.000000 0.000000 0.000000 
18
547.178894 203.149597 0.524082 
507.510468 228.110458 0.821716 
511.874451 234.046173 0.828963 
472.216278 261.979126 0.760226 
463.353455 291.390198 0.946070 
500.173065 219.320084 0.686889 
479.531342 217.861893 0.374066 
475.131805 203.141800 0.386863 
475.158264 278.115814 0.653093 
520.674072 310.446655 0.823941 
506.002960 367.788757 0.750617 
466.317413 273.685303 0.496378 
520.726318 304.606628 0.570490 
514.856567 347.227051 0.543940 
545.701782 195.783783 0.594914 
0.000000 0.000000 0.000000 
533.987610 201.691803 0.731535 
0.000000 0.000000 0.000000 
18
544.215393 206.152954 0.739937 
503.080383 229.595123 0.810817 
507.464600 239.891647 0.806201 
464.908295 263.444092 0.794297 
463.304291 294.294861 0.910394 
500.114868 222.228073 0.613996 
479.570892 225.173645 0.160227 
475.131805 203.141800 0.386863 
475.116791 282.555206 0.698341 
517.784180 310.494324 0.816214 
503.086273 369.230408 0.773544 
470.730347 276.647644 0.500555 
522.102722 307.514160 0.689812 
511.919830 354.554596 0.608440 
538.375061 204.559082 0.740096 
0.000000 0.000000 0.000000 
526.605103 206.075562 0.771955 
0.000000 0.000000 0.000000 
18
535.374023 207.531418 0.857567 
500.160248 232.562515 0.762483 
501.594604 241.372482 0.836313 
463.351807 264.834320 0.780481 
461.879395 297.213135 0.863594 
497.202240 226.634857 0.518373 
478.072540 217.825333 0.196525 
476.616699 198.723419 0.234575 
473.691925 286.908234 0.762261 
519.246277 311.930511 0.801067 
503.073547 369.207092 0.823207 
476.627197 281.039825 0.497550 
522.151489 308.961212 0.714474 
513.369690 350.184418 0.570266 
531.038391 204.633057 0.830035 
0.000000 0.000000 0.000000 
517.790894 209.002899 0.782361 
0.000000 0.000000 0.000000 
18
526.614807 206.136490 0.839947 
494.274597 236.926987 0.749780 
497.138245 245.787018 0.799594 
454.592529 264.851868 0.759260 
460.448639 297.251129 0.875037 
489.849823 226.667328 0.580311 
475.187042 206.078903 0.271928 
476.626129 192.896545 0.421334 
475.160431 289.908539 0.708572 
520.721191 311.927399 0.833580 
503.098816 367.836090 0.796099 
476.608459 286.968475 0.544108 
522.146179 308.981323 0.663834 
514.833252 350.184906 0.578516 
522.222229 204.674149 0.851625 
0.000000 0.000000 0.000000 
510.415894 214.895798 0.797876 
0.000000 0.000000 0.000000 
18
516.311157 216.303818 0.803892 
488.396637 241.346893 0.810908 
488.375641 248.729019 0.877534 
451.668152 264.839233 0.837582 
460.452850 297.258209 0.908930 
488.369904 236.940063 0.556538 
475.187042 206.078903 0.271928 
476.626129 192.896545 0.421334 
475.085144 294.323578 0.680364 
520.732849 311.907990 0.834551 
504.540131 367.830322 0.791355 
476.661621 288.491547 0.575319 
522.122375 308.983734 0.622474 
513.393250 351.631897 0.567108 
511.897034 211.940445 0.803253 
0.000000 0.000000 0.000000 
500.139252 217.786972 0.830288 
0.000000 0.000000 0.000000 
18
510.463135 214.894531 0.945564 
479.567627 239.836136 0.753417 
479.579376 247.230057 0.809725 
448.666290 264.945313 0.798212 
461.918610 297.213409 0.893012 
476.608459 229.588409 0.597755 
475.187042 206.078903 0.271928 
476.626129 192.896545 0.421334 
472.181824 295.754272 0.616404 
520.713257 310.475555 0.829758 
503.104645 367.772705 0.769503 
475.165039 288.489532 0.549497 
522.131409 307.524048 0.600585 
513.384460 351.635284 0.591146 
506.038055 209.044250 0.858501 
0.000000 0.000000 0.000000 
492.793457 216.350403 0.808508 
0.000000 0.000000 0.000000 
18
503.068695 214.890244 0.832010 
475.126007 238.437332 0.749916 
475.098724 242.830231 0.865510 
442.817139 267.871735 0.813990 
463.313995 297.235718 0.868955 
475.117462 231.086136 0.554426 
475.187042 206.078903 0.271928 
476.626129 192.896545 0.421334 
472.174133 295.775665 0.607887 
519.251404 310.468414 0.826773 
503.097809 367.761597 0.775067 
478.100647 288.435516 0.584378 
522.140564 306.041718 0.615539 
517.794128 347.281555 0.639412 
498.719208 207.616013 0.875529 
0.000000 0.000000 0.000000 
486.880127 214.932419 0.860480 
0.000000 0.000000 0.000000 
18
497.163361 213.453430 0.856605 
472.190704 235.513550 0.744297 
466.331146 241.337418 0.815517 
441.277863 273.666504 0.864307 
463.388824 297.237671 0.896266 
475.178284 231.058655 0.675064 
482.506165 263.491577 0.079751 
476.626129 192.896545 0.421334 
467.792999 291.378021 0.641526 
516.335449 310.424896 0.810263 
507.453522 366.319580 0.791765 
476.655945 286.915039 0.640774 
522.109253 303.132355 0.645745 
520.703125 347.265350 0.719224 
491.310272 207.552643 0.847733 
0.000000 0.000000 0.000000 
478.140411 209.048538 0.831589 
0.000000 0.000000 0.000000 
18
488.441620 210.490738 0.893180 
464.901245 236.951019 0.765253 
463.349518 239.959671 0.903655 
439.818726 275.149261 0.908919 
463.433655 297.199951 0.900190 
472.221497 232.532745 0.618452 
478.112305 263.453369 0.113344 
486.904510 273.729889 0.054408 
466.341614 291.374329 0.613432 
517.808655 307.550659 0.823976 
507.472809 363.403412 0.810137 
476.625305 285.495667 0.633790 
522.123962 303.117462 0.616032 
522.209167 348.711395 0.767459 
486.875793 206.065231 0.933508 
0.000000 0.000000 0.000000 
473.647705 207.603775 0.853583 
0.000000 0.000000 0.000000 
