25
1
18
547.224060 167.887726 0.939185 
522.155579 211.950043 0.795072 
532.495728 216.364288 0.885174 
535.385498 263.361053 0.836221 
545.687683 298.661926 0.948017 
510.423096 206.104614 0.634669 
529 292 0.000000
529 292 0.000000
523.636597 286.930847 0.759252 
519.261230 335.419861 0.785969 
511.885315 379.591187 0.774010 
510.385071 281.056427 0.693353 
513.399597 334.005646 0.771783 
513.381958 375.162933 0.640194 
544.267395 160.559250 0.906924 
0.000000 0.000000 0.000000 
530.988342 169.272415 0.783093 
0.000000 0.000000 0.000000 
18
547.213501 167.868851 0.933938 
522.195129 213.395325 0.811070 
533.885376 216.357208 0.902998 
535.411377 261.969055 0.853591 
547.121765 298.635345 0.942849 
510.464020 207.574203 0.634268 
529 292 0.000000
529 292 0.000000
523.683228 286.936920 0.771716 
519.219299 335.418915 0.777897 
511.896729 379.592896 0.790703 
510.384521 281.062836 0.701223 
513.416260 333.998077 0.774543 
514.874023 373.692322 0.644690 
544.261108 160.551178 0.906991 
0.000000 0.000000 0.000000 
531.008728 169.292465 0.787456 
0.000000 0.000000 0.000000 
18
547.176941 167.849396 0.944718 
522.194397 213.398468 0.830289 
533.903381 216.334763 0.901873 
535.462524 263.445740 0.862367 
547.227295 298.670441 0.948239 
510.451935 209.007721 0.654915 
529 292 0.000000
529 292 0.000000
523.706970 286.907318 0.765620 
519.240967 334.058838 0.765235 
511.880249 379.555420 0.797925 
508.982849 279.595703 0.710310 
513.406006 333.963379 0.753525 
514.844116 372.219757 0.624872 
544.207397 160.541916 0.904386 
0.000000 0.000000 0.000000 
528.100586 169.288239 0.778487 
0.000000 0.000000 0.000000 
18
547.150024 167.854843 0.943032 
522.181335 211.961716 0.819829 
533.894348 216.311966 0.890664 
535.495728 263.433472 0.855677 
548.671509 298.636444 0.919028 
510.445557 207.568542 0.657473 
529 292 0.000000
529 292 0.000000
523.722290 285.494934 0.750365 
519.236877 334.025421 0.769314 
511.871460 379.551697 0.802613 
508.979279 278.162903 0.709994 
513.430481 333.928558 0.740714 
514.842346 372.221680 0.632575 
544.196228 160.545410 0.895088 
0.000000 0.000000 0.000000 
529.533081 169.273819 0.782251 
0.000000 0.000000 0.000000 
18
547.121765 169.262527 0.959754 
522.157898 211.973450 0.818151 
532.501770 216.316101 0.885627 
535.473145 263.366302 0.879048 
550.110291 297.211884 0.889554 
510.433350 207.570480 0.652590 
529 292 0.000000
529 292 0.000000
523.681335 285.447357 0.746762 
519.248901 334.002380 0.770471 
511.876160 379.572235 0.807292 
508.952087 278.116852 0.716330 
514.819031 332.529633 0.736785 
514.838379 372.236023 0.633382 
542.777954 161.981171 0.884553 
0.000000 0.000000 0.000000 
526.635498 169.269913 0.776459 
0.000000 0.000000 0.000000 
18
545.767883 169.250839 0.966562 
522.157410 211.970688 0.814803 
532.479492 216.320297 0.879260 
535.495117 263.403534 0.879720 
550.114563 297.248108 0.897978 
510.446625 207.561554 0.643391 
529 292 0.000000
529 292 0.000000
523.679504 285.458832 0.742984 
519.217407 334.006744 0.763712 
511.889221 379.556610 0.803023 
508.972595 278.134430 0.712257 
514.817932 332.543671 0.730563 
514.872314 372.224091 0.634089 
542.740967 161.962418 0.883092 
0.000000 0.000000 0.000000 
526.594360 167.884857 0.781260 
0.000000 0.000000 0.000000 
18
545.740662 167.811813 0.944699 
522.161011 213.394714 0.827762 
533.874390 216.334259 0.889777 
535.473816 263.359680 0.882830 
548.715454 295.769592 0.899724 
510.443970 207.550079 0.664443 
529 292 0.000000
529 292 0.000000
523.673828 285.477264 0.768311 
517.783813 334.000549 0.772293 
511.902161 379.560669 0.803512 
508.962219 278.161285 0.703552 
514.823486 332.550720 0.721946 
517.773010 372.221069 0.653740 
541.291138 160.499390 0.888119 
0.000000 0.000000 0.000000 
525.191956 167.870041 0.774765 
0.000000 0.000000 0.000000 
18
545.704041 166.376633 0.940388 
520.752991 210.468491 0.819567 
532.473022 216.301346 0.874035 
535.425049 263.367157 0.901953 
555.985779 289.862457 0.975834 
510.389069 204.646332 0.663748 
529 292 0.000000
529 292 0.000000
523.647827 282.556061 0.747173 
519.217407 333.950226 0.744228 
511.894531 379.571136 0.804424 
510.377045 278.132751 0.720067 
514.879333 332.487488 0.692658 
517.781555 372.240967 0.656022 
539.813477 159.094070 0.907613 
0.000000 0.000000 0.000000 
525.109680 167.830002 0.784462 
0.000000 0.000000 0.000000 
18
545.688721 163.424286 0.926155 
522.188049 210.498093 0.842485 
533.871216 216.362000 0.874498 
533.984924 263.408478 0.905212 
566.323669 279.596222 0.905558 
511.855927 204.607803 0.663598 
532.505005 245.771118 0.123065 
529 292 0.000000
523.606445 279.589203 0.715271 
519.274658 331.083771 0.734277 
511.890442 379.577698 0.802558 
508.951630 275.199890 0.765996 
517.772522 326.660614 0.676772 
517.769897 372.244263 0.656904 
536.951721 159.038086 0.937570 
0.000000 0.000000 0.000000 
523.707642 169.262543 0.772914 
0.000000 0.000000 0.000000 
18
545.684448 161.992828 0.916975 
522.117188 210.505829 0.855494 
530.990173 214.912582 0.845252 
533.973511 254.626373 0.899203 
570.659180 261.904022 0.927599 
510.435913 206.106232 0.675469 
536.879089 232.585587 0.317146 
558.971497 229.567154 0.854464 
523.716248 283.998383 0.778365 
519.244751 333.933319 0.758662 
511.892456 379.572235 0.774478 
508.954559 276.697266 0.766063 
514.825684 331.060852 0.701701 
517.774475 372.255798 0.652093 
538.351196 159.020493 0.927182 
0.000000 0.000000 0.000000 
523.732971 169.264389 0.797248 
0.000000 0.000000 0.000000 
18
545.630554 164.901535 0.909776 
519.260925 207.581421 0.821004 
525.181885 214.877518 0.887022 
538.362366 253.164948 0.924654 
572.234497 239.909241 0.988974 
511.853424 204.618500 0.698918 
544.181702 228.092422 0.580807 
561.882629 220.792221 0.881439 
523.700378 283.986115 0.774117 
519.243164 333.935791 0.760753 
511.915253 379.570923 0.766894 
508.962280 276.684570 0.777355 
513.418152 332.473328 0.707725 
516.324402 372.270386 0.654349 
536.927307 159.078827 0.919988 
0.000000 0.000000 0.000000 
523.696716 169.279663 0.793783 
0.000000 0.000000 0.000000 
18
544.211243 164.938324 0.870917 
514.870178 206.138107 0.828391 
523.748291 213.443542 0.868021 
545.769409 251.673309 0.993246 
570.689697 229.643448 0.752380 
508.950317 204.576065 0.723115 
539.806946 226.667480 0.545610 
566.270020 219.347519 0.876055 
523.666504 282.545227 0.785893 
520.704651 331.067200 0.743273 
511.885315 378.130829 0.762285 
508.917755 276.641144 0.771077 
514.850037 328.103363 0.694927 
516.297974 370.804352 0.651197 
536.869507 159.099869 0.907729 
0.000000 0.000000 0.000000 
523.665771 169.270584 0.794367 
0.000000 0.000000 0.000000 
18
542.777832 166.406448 0.871912 
514.858154 206.133987 0.830530 
523.733521 211.993195 0.844309 
547.229431 248.709427 0.923760 
567.768250 223.739502 0.715411 
507.505188 204.616165 0.703999 
539.842102 231.088486 0.380836 
563.329895 219.364670 0.658455 
523.689880 282.560974 0.788289 
520.736816 331.059143 0.747358 
511.897461 378.131592 0.749390 
508.918610 276.676636 0.750083 
514.857666 328.093689 0.712606 
517.752319 373.675171 0.673652 
535.495056 159.098404 0.909047 
0.000000 0.000000 0.000000 
523.627380 167.843155 0.793584 
0.000000 0.000000 0.000000 
18
541.323120 167.861755 0.879148 
513.427795 206.145157 0.852348 
523.740784 210.511292 0.841392 
545.767212 247.265106 0.970592 
566.285461 222.265518 0.743783 
504.557953 204.650253 0.728915 
536.877930 232.541199 0.259462 
558.979980 219.328690 0.587571 
523.714478 282.524994 0.781179 
520.709351 331.058624 0.738624 
511.893311 378.133514 0.754693 
508.934631 276.664642 0.754985 
514.851563 328.114868 0.710153 
517.769775 372.259460 0.667723 
535.470154 160.487244 0.896165 
0.000000 0.000000 0.000000 
522.248047 167.841782 0.789103 
0.000000 0.000000 0.000000 
18
541.312683 166.374893 0.875307 
513.421509 206.159958 0.815674 
523.665466 211.964172 0.846513 
541.319519 250.147842 0.909221 
560.445251 223.739334 0.628320 
508.916016 206.050522 0.709700 
535.378235 225.220108 0.336297 
558.903198 217.879730 0.894383 
523.645508 281.071075 0.774271 
522.124451 329.565002 0.729515 
511.898499 378.106873 0.750063 
508.938110 276.633881 0.761078 
516.318359 325.218842 0.693908 
517.759583 370.811523 0.658681 
535.429443 159.062515 0.937260 
0.000000 0.000000 0.000000 
522.179016 167.817444 0.775667 
0.000000 0.000000 0.000000 
18
541.297729 164.896439 0.867405 
514.832642 206.109955 0.819308 
523.662048 213.411026 0.878682 
539.865540 251.640152 0.917401 
561.898865 228.126404 0.768153 
508.984222 204.581635 0.733110 
535.382813 219.315750 0.444280 
557.422974 217.832092 0.880858 
523.654358 281.047577 0.759461 
522.150818 328.113556 0.728801 
511.904999 378.077087 0.724426 
508.967407 275.238098 0.771161 
516.316528 325.181732 0.710437 
516.328430 370.809296 0.667840 
535.412231 159.050568 0.936776 
0.000000 0.000000 0.000000 
522.156921 167.837555 0.764341 
0.000000 0.000000 0.000000 
18
541.299988 164.901062 0.864603 
514.821716 206.125854 0.809825 
523.662476 210.521423 0.847340 
542.748840 251.589142 0.906517 
558.997803 225.181122 0.780589 
508.918488 204.636490 0.721081 
533.996521 222.285141 0.298863 
557.475769 219.343430 0.737531 
523.651672 281.061493 0.764496 
520.724060 329.598053 0.728584 
511.906647 378.106506 0.719947 
510.357605 276.636566 0.765704 
514.855774 326.654755 0.719228 
516.299866 372.252258 0.674914 
535.401794 159.031998 0.942903 
0.000000 0.000000 0.000000 
522.151978 167.817123 0.759712 
0.000000 0.000000 0.000000 
18
541.280945 164.904251 0.873111 
513.401367 206.063660 0.841724 
523.631531 209.030396 0.845301 
542.773071 244.355042 0.863033 
560.440186 225.199844 0.811056 
507.494171 204.573593 0.716012 
535.384766 229.628403 0.251412 
557.475769 219.343430 0.737531 
523.620300 278.142456 0.779006 
520.746216 328.144806 0.727618 
511.901245 378.090393 0.717296 
510.350708 275.216278 0.756658 
514.872192 326.631317 0.716694 
514.864136 373.685364 0.674155 
535.384583 159.022781 0.968297 
0.000000 0.000000 0.000000 
522.117065 167.813522 0.784020 
0.000000 0.000000 0.000000 
18
538.379333 162.007431 0.868618 
513.386230 206.130356 0.849487 
523.609436 211.972366 0.851305 
539.841492 250.216141 0.896957 
558.960876 226.637466 0.736944 
508.922211 204.629410 0.708567 
535.365479 223.750076 0.341146 
557.489685 219.354889 0.807830 
523.618042 281.056580 0.770026 
520.716003 331.054504 0.741089 
511.903809 379.527222 0.726795 
508.960114 276.638550 0.750862 
514.859924 328.124695 0.707541 
514.860840 373.699432 0.663382 
533.990356 158.994461 0.957481 
0.000000 0.000000 0.000000 
520.741943 167.836349 0.779741 
0.000000 0.000000 0.000000 
18
536.952881 161.952454 0.904468 
513.375977 206.071609 0.860484 
522.192017 210.505386 0.853694 
538.391174 250.218552 0.895188 
563.364807 228.137009 0.714659 
508.973999 204.572983 0.738627 
534.007263 219.370270 0.496458 
557.502136 217.866837 0.892650 
523.606750 281.048218 0.770947 
519.259521 331.071594 0.721856 
511.911591 378.135010 0.727523 
508.952179 276.627472 0.757950 
514.816711 328.125366 0.719767 
516.303162 373.676849 0.683392 
533.966736 158.997986 0.960730 
0.000000 0.000000 0.000000 
520.748962 167.861954 0.799118 
0.000000 0.000000 0.000000 
18
536.951599 161.995575 0.865204 
513.365295 206.127762 0.852079 
523.614197 211.950378 0.859421 
536.948059 250.204193 0.938727 
560.403625 228.088104 0.738027 
507.466919 204.640366 0.703242 
535.382996 222.288834 0.377505 
558.895142 219.357605 0.848848 
523.631653 281.052063 0.764233 
519.250244 332.480408 0.725510 
511.911652 378.124451 0.721339 
508.933563 276.629333 0.752133 
513.406738 329.563629 0.724687 
516.292419 373.684357 0.685897 
533.963989 159.001633 0.943479 
0.000000 0.000000 0.000000 
520.737244 167.860092 0.764174 
0.000000 0.000000 0.000000 
18
538.353271 163.430313 0.870023 
513.367798 206.095200 0.831595 
522.235779 210.479965 0.848945 
536.884033 248.691010 0.909372 
560.428467 228.061020 0.905811 
507.491577 204.597382 0.704257 
533.982544 231.069778 0.223483 
558.895142 219.357605 0.848848 
522.225220 279.589752 0.768664 
519.239807 332.479919 0.723623 
511.931854 378.134583 0.716113 
508.920593 276.627197 0.732553 
513.396667 329.573486 0.725850 
514.876526 373.701050 0.685778 
533.975525 159.010727 0.961633 
0.000000 0.000000 0.000000 
520.728455 167.876526 0.776721 
0.000000 0.000000 0.000000 
18
538.356018 163.441544 0.880868 
514.826538 206.091217 0.807706 
522.212219 211.941635 0.847759 
536.938354 250.174469 0.906417 
558.929932 228.082504 0.790954 
510.420105 204.606430 0.695665 
535.421387 236.939896 0.336673 
557.431641 225.178909 0.773996 
522.208435 278.158051 0.774005 
519.254578 331.076294 0.720773 
511.923309 379.527740 0.726706 
508.931824 275.228180 0.737162 
513.406738 329.565063 0.731471 
514.863159 373.691284 0.683571 
533.970764 159.022675 0.956899 
0.000000 0.000000 0.000000 
520.737122 167.875687 0.777184 
0.000000 0.000000 0.000000 
18
538.351501 163.476044 0.879863 
514.822510 206.151718 0.804499 
522.187012 211.990524 0.845723 
536.885376 251.579819 0.943287 
560.454895 228.172150 0.819207 
510.466217 204.655609 0.700733 
535.407654 220.814026 0.410831 
558.892151 223.722397 0.819673 
522.208984 281.096466 0.779364 
517.798401 332.552429 0.746559 
511.913300 379.540771 0.748005 
510.364777 276.694061 0.728723 
513.411194 331.058258 0.728523 
514.854248 373.684052 0.671022 
533.988037 159.041992 0.963677 
0.000000 0.000000 0.000000 
520.725708 167.870697 0.778920 
0.000000 0.000000 0.000000 
18
538.361877 164.906921 0.878461 
513.398865 204.659088 0.831050 
522.188354 210.474609 0.860363 
535.432861 250.213440 0.985224 
558.976440 228.122772 0.820839 
510.376282 203.143036 0.688456 
535.378235 236.926773 0.332685 
557.458984 225.191818 0.747435 
522.212280 278.176392 0.773263 
520.704224 329.582916 0.724293 
511.923187 379.541718 0.727393 
508.967041 275.240387 0.733950 
514.870789 326.659698 0.697981 
516.329407 373.686798 0.668193 
533.990723 159.027481 0.966898 
0.000000 0.000000 0.000000 
520.729431 166.410507 0.790075 
0.000000 0.000000 0.000000 
18
538.375610 164.907852 0.874922 
513.406433 204.637329 0.825241 
522.230957 210.492447 0.855529 
535.412903 250.214600 0.959657 
558.928772 228.142426 0.863788 
508.964111 203.095901 0.679596 
535.385620 235.486908 0.262458 
557.414734 226.669281 0.654538 
522.188660 276.701263 0.781327 
522.144104 325.220093 0.734618 
511.911957 378.113068 0.730879 
508.948853 275.156525 0.726819 
517.764465 323.738312 0.709098 
516.313171 372.223358 0.660023 
533.997314 159.039169 0.965168 
0.000000 0.000000 0.000000 
520.749634 167.833344 0.798357 
0.000000 0.000000 0.000000 
