25
1
18
647.153625 139.922424 0.795700 
606.062439 160.512527 0.796272 
606.057434 169.285278 0.889674 
606.028687 219.369263 0.905606 
617.729797 263.405029 0.958651 
607.464661 157.510880 0.602316 
619.239014 182.582779 0.164681 
601 217 0.000000
595.742737 250.159821 0.687984 
589.837769 301.645691 0.769427 
582.408081 356.032471 0.880449 
594.286743 244.331238 0.558669 
594.261047 300.219879 0.762761 
592.757690 345.739807 0.812347 
644.257385 134.077744 0.882293 
0.000000 0.000000 0.000000 
629.594055 132.590363 0.913285 
0.000000 0.000000 0.000000 
18
645.705750 141.376892 0.813367 
607.439819 160.502945 0.807367 
606.074463 169.285126 0.880768 
606.007019 219.368073 0.900691 
617.698242 263.416687 0.948199 
607.494751 157.509384 0.616702 
619.265320 182.502365 0.233786 
638.340393 185.499100 0.270278 
595.746826 248.728607 0.687607 
589.802795 301.659576 0.762089 
582.410950 356.049896 0.888197 
595.701965 244.303802 0.559772 
594.228455 300.218475 0.755311 
592.722839 345.747528 0.785280 
644.239990 134.101791 0.889519 
0.000000 0.000000 0.000000 
629.599976 132.585846 0.903435 
0.000000 0.000000 0.000000 
18
645.702881 141.409668 0.825828 
607.458191 159.119202 0.810308 
607.440430 169.278610 0.881421 
605.981079 219.349930 0.903591 
616.290039 263.474487 0.949850 
608.916931 156.118088 0.603654 
622.152344 181.083801 0.252325 
639.811768 184.032806 0.263642 
595.738525 248.697769 0.676592 
589.800781 300.240143 0.759987 
582.429504 356.049591 0.893367 
594.296143 242.872025 0.569387 
594.213745 300.162506 0.770079 
592.733948 345.721710 0.781058 
644.234192 135.462051 0.898206 
0.000000 0.000000 0.000000 
629.592468 132.590393 0.910507 
0.000000 0.000000 0.000000 
18
645.693848 142.825546 0.805482 
606.073547 160.491776 0.804941 
607.465088 169.305145 0.883315 
605.977234 219.353455 0.891310 
616.251343 263.470703 0.935542 
606.029602 156.090454 0.608031 
620.681946 181.068726 0.232752 
638.358215 185.501144 0.285739 
595.716492 248.729919 0.686781 
588.379517 301.658844 0.760543 
582.441345 356.056183 0.891225 
594.242737 244.323807 0.586979 
592.810425 300.206604 0.756323 
592.717834 345.731293 0.769283 
644.259583 135.475677 0.881191 
0.000000 0.000000 0.000000 
630.985657 132.591751 0.894322 
0.000000 0.000000 0.000000 
18
647.141907 141.389252 0.783207 
607.441467 160.484314 0.812627 
607.480347 169.308731 0.877271 
605.960266 219.324936 0.901293 
616.223389 263.455994 0.947871 
606.034180 156.072784 0.625659 
619.256470 181.060211 0.281530 
638.345398 185.516098 0.397149 
597.152649 250.147873 0.687879 
588.357666 301.699219 0.761809 
582.427856 356.053589 0.900094 
594.268372 245.762985 0.577827 
592.794800 300.248444 0.752685 
592.729614 345.725067 0.774883 
645.712158 135.463669 0.872380 
0.000000 0.000000 0.000000 
631.044250 132.581497 0.876605 
0.000000 0.000000 0.000000 
18
647.168457 141.385986 0.788898 
607.446533 159.112793 0.814503 
607.493286 169.293716 0.870911 
604.573669 219.293121 0.896741 
614.846497 263.431000 0.935292 
606.025635 156.078262 0.634390 
619.267151 181.065918 0.285635 
639.782593 184.074966 0.401429 
597.173584 248.728821 0.678182 
588.360413 301.698914 0.762506 
582.422180 356.058319 0.901092 
594.265625 244.333282 0.577427 
592.803955 300.236725 0.749178 
592.733154 345.706757 0.773026 
647.138489 135.460571 0.880353 
0.000000 0.000000 0.000000 
632.443604 132.595306 0.871073 
0.000000 0.000000 0.000000 
18
647.169434 141.411621 0.787996 
606.077393 159.086411 0.803554 
607.501831 169.284164 0.859051 
604.540649 217.918549 0.910798 
614.840088 263.379486 0.928646 
605.993591 156.047043 0.607658 
620.674683 181.049423 0.139081 
639.782593 184.074966 0.401429 
597.181091 250.163712 0.685239 
588.365784 303.121368 0.760548 
582.415344 356.079437 0.911657 
594.228943 245.785599 0.597381 
592.781128 301.649841 0.742489 
592.747498 345.727814 0.767226 
647.151123 135.472504 0.872009 
0.000000 0.000000 0.000000 
632.448425 132.583847 0.872173 
0.000000 0.000000 0.000000 
18
647.178650 141.385590 0.780126 
607.460022 159.092529 0.814018 
607.495789 169.283051 0.856511 
604.526489 217.915115 0.910421 
614.847534 263.372009 0.931343 
607.442383 156.063446 0.630618 
619.265259 181.068863 0.268306 
639.762207 185.512146 0.351885 
598.628235 248.692215 0.672216 
588.377502 301.683228 0.778424 
582.423035 356.067200 0.904532 
595.708191 242.877350 0.571631 
594.180359 300.238861 0.760219 
592.755249 345.721710 0.772368 
647.156189 135.463669 0.873465 
0.000000 0.000000 0.000000 
632.465088 132.591827 0.869577 
0.000000 0.000000 0.000000 
18
647.181396 141.371796 0.776018 
607.503784 159.096466 0.816754 
607.483032 169.284546 0.853604 
604.518982 219.290009 0.886102 
616.224060 261.937408 0.906899 
608.928345 156.081039 0.633553 
619.267944 182.512192 0.315007 
639.766357 185.520538 0.423151 
598.630371 247.243210 0.676799 
588.379395 301.667053 0.780807 
582.428101 356.061493 0.898501 
597.155884 242.842484 0.552890 
594.197083 300.230103 0.777720 
592.732483 345.732056 0.779638 
647.147217 135.460144 0.870408 
0.000000 0.000000 0.000000 
632.460388 132.598129 0.867528 
0.000000 0.000000 0.000000 
18
648.601013 141.399811 0.808147 
608.957947 159.092407 0.799928 
606.066589 167.828323 0.843246 
604.483337 217.846619 0.875449 
614.819397 260.488678 0.844483 
613.366333 157.571350 0.643517 
617.759277 213.445694 0.548143 
629.503052 241.359558 0.689128 
597.160095 244.315384 0.705057 
588.373840 300.246552 0.777135 
582.427551 356.051727 0.896090 
603.034363 241.397232 0.546817 
594.233459 300.180084 0.782279 
592.723816 345.726227 0.781321 
647.160950 135.466415 0.884995 
0.000000 0.000000 0.000000 
632.464905 132.569580 0.867459 
0.000000 0.000000 0.000000 
18
647.183044 141.408508 0.810165 
608.970886 159.074402 0.795087 
606.024719 164.942322 0.841739 
604.491882 217.854034 0.894850 
614.807800 261.930115 0.831258 
614.810303 157.605347 0.673769 
619.269897 211.950241 0.590431 
632.492188 241.373917 0.675050 
595.723633 244.318817 0.722527 
588.348145 300.239044 0.770117 
582.420288 356.048187 0.894524 
601.598816 241.364395 0.526626 
594.228271 300.159088 0.777924 
592.744263 345.708099 0.785795 
647.158203 135.465118 0.885699 
0.000000 0.000000 0.000000 
632.474304 132.556488 0.867559 
0.000000 0.000000 0.000000 
18
648.618469 141.368057 0.818595 
610.409241 159.074768 0.786144 
606.001160 164.903366 0.847173 
604.501038 217.810303 0.875629 
616.280090 256.089813 0.837640 
616.266968 159.008972 0.699110 
625.100403 206.056732 0.741701 
639.750610 236.962616 0.806632 
595.702454 244.298416 0.729260 
589.796875 300.195160 0.774311 
582.434265 356.044586 0.896696 
603.058228 241.373550 0.561499 
594.244324 298.764435 0.790403 
592.738464 345.696503 0.783632 
647.174866 134.092148 0.889100 
0.000000 0.000000 0.000000 
632.481689 132.547440 0.871566 
0.000000 0.000000 0.000000 
18
648.633301 139.912766 0.806941 
610.398315 159.074203 0.791970 
605.992676 163.457794 0.857033 
603.083191 216.419327 0.857078 
616.291809 260.485962 0.879080 
616.277222 159.002426 0.715410 
626.562561 204.606750 0.825402 
641.335938 232.557587 0.822943 
595.704956 245.776688 0.716694 
589.788025 301.693329 0.760506 
582.422974 356.075470 0.910817 
601.567749 241.402802 0.566229 
594.205505 300.234436 0.794626 
592.752197 345.723083 0.794129 
647.175659 134.072220 0.881516 
0.000000 0.000000 0.000000 
632.465454 132.543991 0.878671 
0.000000 0.000000 0.000000 
18
648.638245 139.919617 0.814118 
610.434692 159.073639 0.794560 
605.968567 163.429214 0.866924 
603.080872 216.431259 0.895843 
616.289307 261.899017 0.902453 
617.709839 159.006638 0.732973 
627.975586 204.548279 0.864338 
642.744080 231.085464 0.848885 
595.724792 244.306503 0.723987 
589.837830 300.225220 0.784179 
582.435852 356.048828 0.892418 
603.041260 241.350067 0.576499 
594.231995 300.157227 0.813751 
592.735718 345.730408 0.782750 
647.173218 134.077744 0.887703 
0.000000 0.000000 0.000000 
632.463562 132.545258 0.880491 
0.000000 0.000000 0.000000 
18
648.618286 139.920715 0.808707 
610.416870 159.066528 0.800461 
605.944641 162.013901 0.866059 
603.059570 216.409897 0.903305 
616.260132 261.910950 0.899872 
617.708679 158.996933 0.730856 
626.587402 204.561752 0.841077 
641.367249 231.105026 0.860478 
595.736206 244.340561 0.717098 
589.819458 301.635223 0.768360 
582.441528 356.047943 0.890698 
603.045410 241.388382 0.584840 
594.225342 300.199860 0.816904 
592.719788 345.747345 0.769939 
647.156494 134.084015 0.886642 
0.000000 0.000000 0.000000 
632.442200 132.548599 0.883075 
0.000000 0.000000 0.000000 
18
648.621460 139.915161 0.804706 
610.416626 159.059799 0.797953 
605.941528 163.441223 0.865276 
603.032654 216.428497 0.897312 
614.827820 261.933441 0.882076 
616.334473 157.617004 0.716990 
625.123047 204.662277 0.805354 
641.237549 234.013916 0.851510 
595.710938 244.302353 0.725527 
589.833740 300.203308 0.766632 
582.442505 356.036926 0.881772 
603.045227 241.341812 0.571823 
594.238708 300.137756 0.804849 
592.730469 345.737793 0.790214 
647.164490 134.075989 0.886110 
0.000000 0.000000 0.000000 
632.455444 132.542770 0.881953 
0.000000 0.000000 0.000000 
18
648.606750 139.936432 0.808063 
610.423401 159.057892 0.799122 
605.941223 163.447723 0.868203 
603.020203 216.418808 0.881012 
613.331909 261.930084 0.874474 
616.335693 158.993393 0.710665 
625.085205 206.074615 0.732027 
636.839355 238.401169 0.837288 
595.729431 244.331894 0.724635 
589.795776 301.627014 0.765819 
582.437683 356.049530 0.892813 
604.499084 241.376923 0.567239 
594.211121 300.194153 0.781837 
592.708069 345.750488 0.775523 
647.147034 134.086136 0.887812 
0.000000 0.000000 0.000000 
632.437439 132.545593 0.882775 
0.000000 0.000000 0.000000 
18
648.610474 141.370148 0.825664 
610.384521 159.070007 0.792257 
606.001343 164.903122 0.846080 
603.051880 217.798630 0.923183 
610.405762 261.955872 0.870246 
616.238342 159.008255 0.687041 
623.634949 209.041763 0.657771 
631.046997 241.363220 0.822933 
597.169434 245.797302 0.704050 
588.374207 301.693817 0.759446 
582.442505 356.064880 0.891881 
604.497498 241.413788 0.556557 
594.205505 301.638794 0.761552 
592.724670 345.760223 0.777520 
647.161438 134.087082 0.893199 
0.000000 0.000000 0.000000 
632.441895 132.516647 0.868107 
0.000000 0.000000 0.000000 
18
647.182861 141.375870 0.799938 
608.956299 159.072845 0.792277 
606.058472 164.941071 0.850628 
603.049988 217.798508 0.919158 
610.435303 261.950043 0.864921 
613.348328 157.573792 0.649315 
620.675781 206.099533 0.429628 
628.037598 242.837677 0.563619 
600.109985 244.304260 0.706277 
591.244202 301.674866 0.779265 
582.431702 357.447632 0.904390 
605.970215 241.389954 0.586761 
594.271545 300.223480 0.757910 
592.734802 345.762939 0.773927 
647.145813 134.103424 0.883388 
0.000000 0.000000 0.000000 
632.456299 132.563568 0.876122 
0.000000 0.000000 0.000000 
18
647.181396 139.936508 0.787250 
607.526489 159.066620 0.804228 
607.453003 166.408279 0.853802 
604.451782 217.847855 0.918390 
611.855286 261.958588 0.891870 
610.397278 156.100815 0.623284 
622.138611 182.533859 0.280453 
639.829895 184.065674 0.403599 
600.132385 244.336197 0.713747 
591.254944 300.247498 0.808050 
582.430115 356.075165 0.890260 
603.067261 241.410660 0.577757 
594.283508 300.181366 0.766830 
592.747070 345.766724 0.807249 
647.138062 134.090836 0.877810 
0.000000 0.000000 0.000000 
632.455872 132.549728 0.864055 
0.000000 0.000000 0.000000 
18
647.178955 139.951492 0.789486 
608.922119 159.068878 0.810564 
607.464417 166.413803 0.854036 
604.488342 217.904739 0.894149 
611.882324 261.948151 0.901651 
610.396790 156.104263 0.632012 
620.727051 182.545868 0.353772 
639.787659 184.004196 0.435975 
601.579651 245.771515 0.700323 
591.272522 300.255280 0.806956 
582.432190 356.068787 0.883731 
603.072571 242.822754 0.584851 
594.255676 300.199677 0.757628 
592.741150 345.756775 0.793969 
647.143677 134.098068 0.885125 
0.000000 0.000000 0.000000 
632.459473 132.549942 0.860685 
0.000000 0.000000 0.000000 
18
647.166870 139.950806 0.777035 
607.515747 159.057556 0.831912 
607.506653 167.821106 0.849697 
604.519226 217.847458 0.913626 
614.762146 261.899780 0.895704 
607.497559 156.056778 0.649199 
620.695923 181.069077 0.379693 
639.816162 184.006241 0.497622 
601.558105 244.327057 0.692303 
591.272949 300.246826 0.810005 
582.429199 356.046234 0.877218 
601.566162 241.418671 0.564823 
594.274658 300.187683 0.756884 
592.734375 345.753815 0.793946 
647.142578 135.450531 0.873665 
0.000000 0.000000 0.000000 
632.476257 132.575958 0.859585 
0.000000 0.000000 0.000000 
18
645.691589 141.397278 0.798735 
607.510437 159.044495 0.847758 
607.509521 166.412613 0.841575 
604.552124 217.826187 0.926395 
616.213135 261.907257 0.911378 
607.487183 156.058456 0.667051 
625.072083 181.053360 0.507005 
642.755554 182.540115 0.558359 
600.136230 245.783203 0.681140 
591.248779 301.645203 0.793019 
582.436401 356.059387 0.875099 
595.735718 241.419296 0.575197 
594.196838 300.206940 0.740970 
592.751282 345.747406 0.785575 
645.688232 135.464722 0.883016 
0.000000 0.000000 0.000000 
631.051880 132.559341 0.863369 
0.000000 0.000000 0.000000 
18
645.686768 139.946198 0.792433 
607.483521 159.032608 0.856646 
607.493591 166.410522 0.845617 
605.947693 217.881821 0.914581 
616.307800 260.479919 0.913238 
607.462830 154.636353 0.657316 
623.607910 179.629379 0.488722 
641.281250 182.614075 0.563577 
600.120239 245.790192 0.676990 
591.277466 301.666168 0.791361 
582.431335 356.069458 0.883158 
595.741638 241.426117 0.584498 
594.220459 300.239716 0.754713 
592.748291 345.750397 0.783138 
645.668701 134.096130 0.882706 
0.000000 0.000000 0.000000 
631.040710 132.539749 0.865093 
0.000000 0.000000 0.000000 
18
645.700500 138.462631 0.782516 
607.462158 159.039429 0.855327 
607.497925 167.820099 0.835434 
605.978210 217.886322 0.927035 
617.791809 261.905090 0.917007 
606.018555 154.650543 0.676188 
620.716797 182.535431 0.473413 
641.241638 184.021210 0.683580 
600.104248 247.234543 0.669676 
591.286926 301.675720 0.784767 
582.423340 356.075592 0.888685 
594.281311 242.832321 0.588488 
592.816711 300.248566 0.752612 
592.728394 345.769501 0.773746 
645.676147 134.049225 0.874974 
0.000000 0.000000 0.000000 
632.440918 132.528366 0.861964 
0.000000 0.000000 0.000000 
18
645.684265 137.041382 0.798804 
606.040894 159.031158 0.873857 
607.508179 166.403748 0.830054 
606.027527 217.873581 0.934499 
617.830261 260.501038 0.895968 
604.525330 154.638947 0.690797 
619.261169 181.074921 0.455655 
641.247559 182.614212 0.654789 
598.664307 247.250092 0.674145 
591.259644 301.675995 0.783037 
582.432861 356.076569 0.889452 
594.209900 242.839020 0.607217 
592.799316 300.242767 0.749472 
592.734985 345.762604 0.762794 
644.239868 134.020569 0.885516 
0.000000 0.000000 0.000000 
631.000305 132.520401 0.886497 
0.000000 0.000000 0.000000 
