27
1
18
511.896545 159.101959 0.998469 
510.392761 189.931717 0.902857 
485.440277 189.885986 0.846075 
478.066101 231.092316 0.873612 
476.698853 263.449066 0.909756 
533.976196 191.398224 0.903767 
536.949585 229.598480 0.907872 
535.437500 263.486664 0.961402 
494.280151 259.003876 0.779100 
498.592682 301.692291 0.844802 
498.635345 345.782898 0.894111 
522.194214 259.010406 0.816866 
519.242920 303.130005 0.791539 
517.776733 345.769897 0.858017 
507.462616 156.095261 0.885818 
519.250671 156.109192 0.905767 
498.648346 157.509476 0.858573 
525.149536 157.527191 0.815353 
18
511.900940 159.116013 0.996036 
510.376801 191.349625 0.908614 
485.422760 189.938751 0.849359 
478.073486 231.101456 0.879652 
478.058197 263.451599 0.913952 
533.957275 192.770065 0.902996 
538.343506 229.621643 0.899289 
535.437683 263.480377 0.957587 
495.689087 257.559174 0.781603 
498.598236 301.698334 0.849112 
498.641785 345.783539 0.903241 
522.213440 257.545013 0.820102 
519.255554 303.102539 0.809254 
517.771912 345.766022 0.862007 
507.465973 156.104843 0.891254 
519.261353 156.120941 0.915008 
498.643982 157.510452 0.860578 
525.160706 157.545639 0.804553 
18
511.911774 159.120087 0.992011 
510.375549 191.337769 0.904211 
485.432159 189.925964 0.847242 
478.064484 231.102936 0.882040 
478.063477 263.445618 0.921070 
533.951843 191.401840 0.897823 
538.351929 229.623276 0.894293 
535.440002 263.484192 0.952808 
495.701019 257.552734 0.782247 
498.608093 303.119568 0.845579 
498.627380 345.800781 0.891529 
522.224670 257.545197 0.811743 
519.263306 303.115814 0.799725 
517.754944 345.774780 0.854412 
507.479401 156.109528 0.893170 
519.271606 157.475723 0.917686 
498.653198 157.513046 0.866841 
525.155334 157.549011 0.791594 
18
511.924408 159.108231 0.996821 
510.377991 191.344009 0.906712 
485.433105 189.935165 0.849274 
478.055115 231.113586 0.883750 
478.081940 263.439331 0.909956 
533.959656 191.402802 0.904670 
538.359619 229.615204 0.893761 
535.468140 263.454803 0.958144 
495.732483 257.554474 0.789144 
498.630005 301.692902 0.862196 
498.638275 345.785339 0.903261 
522.234192 257.538391 0.813717 
519.243042 301.692566 0.810841 
517.766541 345.752869 0.857210 
507.487671 156.095978 0.890573 
520.669800 156.109375 0.922348 
498.648743 157.515198 0.868423 
525.163391 157.538574 0.759713 
18
511.941467 159.094238 0.998846 
510.392334 191.337021 0.907440 
485.451660 189.929901 0.852794 
478.089935 231.094421 0.879845 
478.094757 263.444366 0.899989 
533.967468 191.393982 0.902841 
538.376099 229.570908 0.898233 
535.493530 263.430939 0.960276 
497.151642 257.554047 0.799659 
498.639984 303.105103 0.852324 
498.638062 345.805542 0.899317 
523.609253 257.530029 0.815056 
519.250366 301.707062 0.820299 
517.773071 345.770538 0.861077 
507.509613 156.080444 0.890187 
520.692688 156.095490 0.930214 
498.655670 157.517319 0.871229 
525.167053 157.538269 0.716317 
18
511.965576 159.069794 0.999092 
510.418549 191.332306 0.902457 
486.837585 191.333099 0.861431 
478.116180 231.125229 0.863629 
478.096680 263.461395 0.900060 
534.000549 191.380569 0.903760 
539.815125 229.562500 0.886238 
536.957520 263.424194 0.942668 
497.181458 257.570648 0.806533 
498.652985 303.120636 0.853450 
498.647400 347.175476 0.909186 
523.640625 257.558990 0.816985 
519.275757 303.104584 0.820933 
517.771301 345.774109 0.860688 
508.930481 156.056061 0.897064 
520.709961 156.081177 0.932565 
498.687317 157.503113 0.876541 
525.157837 157.538528 0.687567 
18
513.344055 159.079788 0.983725 
510.428711 189.935028 0.903478 
485.466339 191.338028 0.857598 
478.111115 232.566071 0.856221 
478.129791 263.479919 0.887159 
535.362305 191.348999 0.894304 
539.809631 228.207886 0.883503 
538.350464 263.391022 0.932612 
497.199005 257.561371 0.810981 
498.666046 303.141113 0.851057 
498.668793 345.805695 0.921933 
523.657288 257.546539 0.820846 
520.711609 301.673767 0.842453 
517.761414 345.742035 0.866562 
508.970276 156.070587 0.909250 
520.730164 156.091919 0.939685 
498.716919 157.501007 0.888731 
525.178589 157.523849 0.690323 
18
513.345764 159.111343 0.973746 
510.457245 191.325165 0.911982 
486.857330 191.326080 0.869048 
479.556946 232.532532 0.846631 
479.537323 263.487549 0.882066 
535.382202 191.359894 0.909343 
539.815979 229.542023 0.885609 
538.390503 263.414368 0.919141 
497.222992 257.548798 0.807300 
498.670624 303.127930 0.851045 
498.666687 345.802155 0.917219 
523.696838 257.541931 0.817957 
520.736816 301.666718 0.841298 
517.770142 345.727509 0.859032 
508.968384 156.109940 0.918859 
520.728027 156.121933 0.944411 
498.727783 157.517960 0.876733 
525.195862 157.524139 0.695775 
18
513.341370 159.127640 0.970811 
510.454346 191.361938 0.919889 
486.855042 191.346207 0.872530 
479.543976 234.008545 0.825896 
478.102844 264.904449 0.903347 
535.385925 191.407486 0.915199 
539.811707 229.578323 0.894794 
539.848999 263.481445 0.936717 
497.195313 260.449829 0.804600 
498.674255 304.575256 0.857326 
498.673645 347.178192 0.927841 
523.672424 259.037292 0.820797 
520.744019 301.699921 0.843885 
517.785828 345.728851 0.860029 
508.950073 157.480774 0.916548 
520.723267 156.128311 0.943514 
498.715027 157.562561 0.881042 
526.581787 157.544571 0.734909 
18
511.962463 159.102631 0.990005 
510.440338 191.391525 0.922975 
485.454529 191.350632 0.859361 
478.081940 232.525131 0.858881 
475.204224 263.489716 0.916876 
535.402832 192.808517 0.927383 
538.355042 229.679214 0.892397 
541.295898 264.876831 0.930359 
495.739563 260.501648 0.805300 
498.666687 306.075409 0.864739 
498.666901 347.178040 0.924223 
523.638855 261.907776 0.857171 
520.734314 303.150909 0.833801 
519.232422 345.752106 0.864135 
508.908142 156.094543 0.899746 
520.708740 156.091980 0.929711 
498.683044 157.549805 0.871356 
526.584961 157.543991 0.747893 
18
511.910309 159.060593 1.006724 
510.402710 192.820190 0.942482 
485.383087 191.377426 0.857779 
475.176239 229.660187 0.936023 
464.921143 263.409180 0.913916 
535.382324 192.921082 0.922823 
536.888123 231.123306 0.906276 
539.867432 264.890350 0.926171 
489.869781 261.905823 0.794957 
498.624084 306.079803 0.855344 
498.642059 347.174042 0.912966 
522.180115 261.962646 0.854474 
520.667847 304.593262 0.811599 
519.261475 345.760529 0.847516 
507.456940 156.057281 0.879091 
520.657715 156.048813 0.898142 
498.648590 157.557434 0.869863 
525.174072 157.549149 0.816506 
18
510.445770 160.497498 0.966510 
510.343658 192.882355 0.929962 
483.974640 192.791565 0.867567 
473.620392 229.615967 0.905332 
460.462433 260.497650 0.863960 
533.951843 194.314117 0.911722 
535.468506 231.133133 0.910549 
538.401917 264.928711 0.915668 
488.356873 261.924713 0.830939 
491.352966 308.965210 0.834441 
497.200989 345.740479 0.857885 
519.277161 263.386047 0.791257 
519.214233 307.518616 0.800730 
519.222168 345.767059 0.841014 
503.058411 157.511322 0.914733 
514.855408 157.496429 0.907247 
497.185150 157.632858 0.821525 
523.691101 157.621170 0.902076 
18
504.553192 163.445480 0.861632 
505.991730 194.338409 0.889741 
479.529419 192.921585 0.912502 
464.896484 232.542816 0.874707 
451.628632 261.924988 0.955824 
531.024841 195.790298 0.823026 
533.977783 238.449661 0.877947 
535.441284 272.257813 0.870687 
486.901611 263.400360 0.865910 
488.362366 310.442169 0.942933 
491.319275 348.686737 0.862802 
516.302429 263.461945 0.777329 
514.856323 307.542114 0.835474 
517.798096 345.792999 0.867048 
498.740051 157.639236 0.991016 
511.853607 157.624329 0.977490 
491.351624 159.125168 0.686091 
522.153564 159.115875 0.882122 
18
500.071838 169.309692 0.989399 
500.092346 195.854233 0.898950 
475.171204 194.388763 0.932389 
460.459503 231.137848 0.840453 
442.783234 263.450226 0.936466 
523.719116 201.657288 0.854958 
528.089294 244.348373 0.783771 
532.451599 281.055176 0.866652 
483.965912 263.455139 0.824702 
485.372345 311.945496 0.862258 
486.917816 356.023315 0.882112 
511.970978 264.901062 0.793524 
513.373596 310.427704 0.833311 
516.343384 345.735321 0.846000 
494.245911 161.969452 0.857216 
506.008942 161.964432 0.855132 
486.932678 167.800262 0.700103 
513.389465 166.369690 0.795673 
18
489.909088 178.128311 0.866908 
495.722137 206.148392 0.871934 
469.248993 206.034378 0.896131 
451.675629 242.864563 0.905274 
439.793365 273.660767 0.859910 
522.127686 210.478226 0.815224 
523.635559 256.075592 0.803833 
523.667358 291.360840 0.862639 
478.142609 266.425995 0.807058 
476.667511 319.309631 0.890943 
485.438354 358.968597 0.921411 
510.430023 270.780548 0.733381 
508.947937 313.459656 0.774605 
519.225525 347.221008 0.843097 
486.909851 170.816177 0.976239 
498.670013 170.792801 0.964712 
479.536743 175.211075 0.601009 
508.978180 173.739914 0.812322 
18
485.412292 192.849197 0.940412 
488.437225 219.367340 0.870112 
464.892975 217.889938 0.925204 
450.144836 256.067291 0.856940 
431.014862 288.374725 0.900250 
513.352539 226.618347 0.793711 
514.865479 270.762207 0.785227 
513.369690 307.490540 0.831669 
476.592072 278.132660 0.842949 
475.158051 326.661865 0.878150 
485.413513 359.049347 0.901528 
503.091705 281.095673 0.712883 
504.542877 326.634888 0.715631 
520.717773 345.693359 0.797865 
476.672394 186.975052 0.923611 
488.427185 185.522827 0.914464 
470.748718 192.890976 0.802883 
498.732239 191.385681 0.881532 
18
476.591705 213.416107 0.911366 
483.956909 239.863190 0.848576 
461.881134 239.857742 0.844577 
441.393097 275.237885 0.899768 
428.126343 308.962769 0.900748 
504.539551 239.949631 0.775719 
507.479126 286.984680 0.702461 
500.138672 325.174805 0.661313 
476.697723 289.937958 0.852454 
469.276947 335.524689 0.849528 
485.426544 359.063110 0.676649 
506.002594 291.385895 0.705777 
498.717194 339.872314 0.515056 
522.137756 345.801575 0.702987 
472.201141 206.141876 0.890350 
482.468445 206.114700 0.889632 
464.804962 213.419861 0.594713 
489.897125 210.473953 0.779044 
18
466.347290 239.838593 0.877760 
475.081543 261.946869 0.838126 
453.021515 260.501770 0.848866 
439.906006 297.255981 0.847013 
426.597656 329.561920 0.876328 
492.800293 263.453644 0.676309 
497.185608 311.934692 0.695696 
488.299133 347.240540 0.653627 
478.076599 297.216431 0.740206 
464.818634 341.352905 0.792052 
488.372498 367.746979 0.116322 
508.963745 291.394348 0.679248 
489.846191 336.935760 0.351303 
489.844025 353.085510 0.362158 
463.379639 232.565933 0.890428 
473.696777 232.560913 0.849758 
454.551910 239.855713 0.689997 
481.055328 238.415466 0.775265 
18
458.966125 263.407898 0.880524 
472.204987 281.054565 0.780354 
451.605896 279.619995 0.770638 
439.801636 316.364563 0.791889 
422.242432 351.668793 0.816167 
488.432800 282.558563 0.690951 
486.904327 333.978729 0.664559 
476.625214 370.759735 0.907799 
485.422913 307.536835 0.516448 
463.379242 345.691833 0.421012 
479.558197 358.966461 0.060909 
511.916351 301.674438 0.666539 
486.880341 345.761383 0.213604 
488.364258 367.806702 0.193233 
453.109009 257.579102 0.914375 
463.402771 257.521027 0.876062 
450.105774 264.833130 0.478246 
475.073120 261.895416 0.792163 
18
451.550568 285.435913 0.894941 
464.880188 300.133636 0.855384 
451.551849 300.203888 0.759114 
436.916168 332.501495 0.777785 
426.603546 367.798767 0.824418 
483.931610 300.215210 0.691835 
478.139648 347.247101 0.681330 
473.654999 383.983429 0.819024 
482.492188 316.353485 0.437667 
464.884949 356.024597 0.193919 
473.663757 372.329102 0.054043 
510.403137 312.003052 0.737055 
511.894775 334.002930 0.188960 
523.627380 347.287964 0.524207 
444.307098 278.124176 0.899620 
453.160126 276.743347 0.912678 
0.000000 0.000000 0.000000 
466.295349 278.184662 0.796773 
18
441.299988 300.127533 0.973320 
458.998993 310.484863 0.828521 
441.342682 310.512329 0.737478 
436.921021 342.820557 0.742023 
429.634674 378.086700 0.875572 
476.622620 313.397095 0.709803 
478.087708 357.548218 0.777749 
472.188873 392.735229 0.809946 
470.741364 328.132172 0.528243 
461.907959 369.284454 0.179544 
473.663757 372.329102 0.054043 
504.540710 323.697357 0.696201 
514.870850 337.011749 0.289231 
523.627380 347.287964 0.524207 
438.416962 297.200287 0.876332 
444.306427 295.756927 0.843013 
0.000000 0.000000 0.000000 
458.947784 295.747894 0.754454 
18
433.973663 308.942200 0.890191 
453.065277 316.382294 0.819112 
435.458923 320.782288 0.721303 
431.024902 347.205414 0.703295 
431.010925 379.551697 0.912430 
473.638489 317.813568 0.734404 
478.100281 358.988434 0.830106 
472.167206 392.868469 0.823537 
466.324493 336.933472 0.562617 
439.833313 369.300690 0.152181 
439.803955 373.701904 0.091406 
501.614868 334.009918 0.762072 
489.885498 385.443604 0.512639 
522.224365 356.018768 0.550078 
429.588287 301.651886 0.973451 
439.844116 300.217285 0.974784 
0.000000 0.000000 0.000000 
451.678955 300.165222 0.812243 
18
429.607483 307.547455 0.941151 
451.578705 311.975677 0.842195 
432.541199 314.888336 0.610217 
429.597046 344.301453 0.721304 
429.570740 378.112671 0.894435 
464.912842 311.979370 0.744810 
475.186523 356.051910 0.856224 
469.257324 391.355011 0.748639 
466.325928 332.484253 0.566424 
436.927521 358.996765 0.167665 
435.440430 372.208588 0.116529 
498.709625 328.123657 0.771446 
491.294464 384.027588 0.608601 
522.168884 353.104462 0.579584 
428.050751 300.249908 0.945377 
435.463226 300.193665 0.897642 
0.000000 0.000000 0.000000 
450.152985 298.764038 0.812917 
18
428.107422 303.104431 0.936999 
448.648376 311.898132 0.830714 
429.508667 311.966187 0.739844 
428.139099 344.282654 0.824546 
429.530060 378.099579 0.898913 
464.837372 313.424866 0.745403 
473.668762 357.481903 0.793828 
467.803955 391.285645 0.785358 
464.855133 331.029510 0.578769 
461.901672 370.715179 0.168496 
435.440430 372.208588 0.116529 
498.654633 325.170288 0.806483 
488.347290 382.540802 0.600520 
522.236206 351.672546 0.642391 
425.138184 298.761780 0.922410 
431.059753 298.736877 0.925692 
0.000000 0.000000 0.000000 
447.190369 298.646210 0.822056 
18
428.013184 301.637207 0.935986 
444.270752 311.887268 0.801112 
428.097900 314.859924 0.699194 
428.040497 345.770203 0.762355 
429.509308 378.118591 0.883218 
463.343781 311.924591 0.804050 
472.171661 351.669373 0.787663 
466.319733 389.867828 0.774925 
464.851776 325.209595 0.527375 
451.612488 361.950745 0.196601 
435.440430 372.208588 0.116529 
497.172699 322.255463 0.823307 
486.917908 381.078857 0.684926 
522.190430 350.167969 0.718977 
420.757233 298.688995 0.941714 
429.615112 298.655548 0.948504 
0.000000 0.000000 0.000000 
444.261108 297.242218 0.780397 
18
426.644836 300.171753 0.949948 
442.836212 310.494720 0.813883 
428.132782 313.423584 0.678859 
428.021088 345.796661 0.740746 
429.510345 379.533508 0.888053 
461.920685 310.477539 0.813496 
469.255066 351.665070 0.819564 
464.934448 389.885742 0.816248 
464.892883 325.180145 0.511522 
460.397736 369.254211 0.179885 
464.853027 381.053467 0.051728 
497.169739 322.229034 0.810390 
486.904236 381.081421 0.693849 
522.202087 348.747162 0.687080 
420.740479 297.219543 0.907760 
429.597046 295.791138 0.913643 
0.000000 0.000000 0.000000 
442.818054 294.324585 0.751890 
18
428.153992 298.726959 0.964073 
448.648987 310.456268 0.816827 
431.037323 311.947388 0.685770 
428.053345 345.710785 0.758586 
429.495239 378.133057 0.882460 
463.355469 310.481445 0.795506 
467.795441 354.571411 0.793640 
464.924255 391.285767 0.829353 
466.301758 325.185364 0.524988 
456.044800 366.349365 0.195678 
464.861542 381.103851 0.063654 
495.732513 322.244598 0.779745 
486.936279 382.465942 0.673424 
522.167419 348.745148 0.679904 
425.154022 294.292145 0.880310 
432.517456 291.381195 0.855176 
0.000000 0.000000 0.000000 
447.201050 289.940002 0.797406 
18
431.086029 297.218597 0.892743 
451.601135 310.409180 0.868842 
435.420959 310.519348 0.708916 
428.103271 345.709045 0.782942 
429.541840 379.533051 0.890593 
464.921783 309.003174 0.797306 
472.207245 351.632111 0.785796 
464.900177 389.883636 0.801393 
467.784485 329.566010 0.541804 
456.019104 369.267334 0.223828 
464.857788 381.072327 0.062853 
498.653656 325.159210 0.834896 
486.944641 381.092621 0.682031 
522.193909 351.639984 0.685007 
429.505035 289.904510 0.952205 
439.775574 288.475647 0.920585 
0.000000 0.000000 0.000000 
451.594055 288.464813 0.854774 
