52
1
18
545.719849 154.652908 0.929192 
523.672607 194.358017 0.775590 
526.608032 200.209671 0.770190 
529.555176 244.292496 0.762617 
536.880249 278.107941 0.879666 
522.167419 191.379623 0.608086 
533.995911 232.587265 0.124101 
545.717285 244.317017 0.166089 
522.225891 264.932312 0.781000 
520.702454 313.400543 0.723527 
511.933929 357.520813 0.762357 
514.848999 263.428284 0.630333 
516.303711 311.963074 0.775324 
513.426086 351.645813 0.671294 
538.390015 148.741760 0.874305 
0.000000 0.000000 0.000000 
525.112854 157.589417 0.822523 
0.000000 0.000000 0.000000 
18
545.696960 154.597549 0.918313 
523.618042 194.364487 0.778082 
526.578735 201.647049 0.816489 
525.187744 245.800095 0.786773 
536.929382 276.608429 0.907330 
519.260193 191.341843 0.590275 
533.921875 236.979950 0.104394 
545.717285 244.317017 0.166089 
522.143494 264.907715 0.777894 
519.250977 311.961517 0.734267 
511.907318 357.465027 0.834917 
514.850342 263.402649 0.588704 
520.742676 310.504303 0.737635 
513.418945 347.223419 0.673416 
536.947937 148.719864 0.887870 
0.000000 0.000000 0.000000 
523.730713 157.609756 0.832961 
0.000000 0.000000 0.000000 
18
545.657837 151.718445 0.905819 
523.609741 194.351776 0.755298 
525.113770 201.651062 0.837546 
523.666260 248.699295 0.844776 
535.464233 276.600342 0.916330 
520.707947 188.462662 0.556731 
533.957214 239.901581 0.192522 
545.627441 254.610535 0.275878 
516.337280 263.471313 0.718511 
519.262878 310.522064 0.717816 
511.938293 357.462219 0.855755 
520.715393 263.344604 0.531568 
522.219299 308.996674 0.669590 
516.297180 345.750336 0.657637 
536.880798 147.330109 0.917952 
0.000000 0.000000 0.000000 
523.687195 157.611206 0.843291 
0.000000 0.000000 0.000000 
18
545.643921 153.155151 0.902836 
520.743347 192.870377 0.745299 
523.705627 198.734528 0.820970 
523.733215 248.713425 0.804304 
535.458923 276.653564 0.921535 
513.389893 185.522186 0.600914 
533.875977 239.882843 0.078211 
545.627441 254.610535 0.275878 
517.805481 263.399323 0.714747 
520.746887 311.941162 0.723856 
511.939331 357.484894 0.815821 
511.923553 260.468201 0.571633 
520.720337 310.435028 0.663199 
514.866028 348.702850 0.652079 
536.867737 147.333694 0.913316 
0.000000 0.000000 0.000000 
523.657593 157.599564 0.839241 
0.000000 0.000000 0.000000 
18
544.269470 154.621689 0.912463 
520.696350 192.867538 0.754344 
523.676025 198.729111 0.837922 
523.719788 244.295044 0.828212 
535.499939 275.239532 0.921843 
513.360229 188.413315 0.621012 
533.875977 239.882843 0.078211 
545.627441 254.610535 0.275878 
520.674194 263.438080 0.749996 
523.615601 311.910797 0.795943 
511.974640 356.055450 0.779101 
510.420959 261.911804 0.639514 
516.284729 310.418549 0.695703 
513.410889 350.147095 0.668106 
535.509155 147.357361 0.911300 
0.000000 0.000000 0.000000 
523.639709 157.585083 0.851710 
0.000000 0.000000 0.000000 
18
544.222229 156.032532 0.893956 
520.741455 194.293579 0.743760 
523.683777 200.189651 0.855424 
525.173889 242.889862 0.802440 
539.828125 275.194153 0.912609 
514.867249 191.333908 0.589829 
533.955688 229.606049 0.100654 
545.627441 254.610535 0.275878 
520.699280 263.423523 0.734829 
523.630920 311.927948 0.820225 
513.348083 356.049042 0.762444 
510.453064 261.926636 0.627078 
513.368164 310.441132 0.760139 
513.360291 351.650482 0.674064 
535.493958 147.358978 0.907663 
0.000000 0.000000 0.000000 
523.633667 157.530762 0.850478 
0.000000 0.000000 0.000000 
18
542.795715 156.108597 0.896839 
519.257080 194.299805 0.759263 
523.666992 200.185043 0.850400 
525.130127 241.429520 0.843859 
541.309204 273.688751 0.884962 
511.940369 191.356949 0.654975 
533.856323 235.491760 0.146474 
545.676697 247.264969 0.323083 
520.740906 263.469116 0.782746 
523.657715 310.516144 0.861724 
513.359375 356.010803 0.781168 
510.390106 261.944366 0.678725 
513.376282 310.407257 0.784746 
511.976166 351.643555 0.708321 
535.469788 148.776703 0.892530 
0.000000 0.000000 0.000000 
523.609619 157.563522 0.835329 
0.000000 0.000000 0.000000 
18
539.837158 156.083481 0.887218 
517.763062 194.326004 0.775547 
523.597778 200.188202 0.841383 
523.730774 241.422256 0.861574 
550.112671 263.394257 0.898526 
511.917633 192.792923 0.671506 
532.470154 238.396576 0.373864 
547.263977 247.265427 0.613172 
520.696960 263.417023 0.781657 
523.653076 310.491333 0.877629 
513.357178 354.600830 0.771649 
510.438232 260.506683 0.668542 
513.420410 308.986328 0.718825 
511.975189 351.637970 0.681214 
534.009949 148.755753 0.921411 
0.000000 0.000000 0.000000 
520.710999 157.579895 0.827301 
0.000000 0.000000 0.000000 
18
536.912476 157.496338 0.923098 
516.339172 194.308609 0.775037 
522.123047 198.745255 0.830501 
528.078369 241.322693 0.797043 
557.442871 253.157745 0.867508 
514.839111 192.816727 0.665882 
535.459473 229.579697 0.671850 
558.975647 241.329666 0.730490 
519.244873 261.970093 0.761956 
523.601379 310.453064 0.845623 
511.969360 356.032623 0.785047 
510.446808 259.028107 0.652435 
516.286316 308.959198 0.688979 
513.408142 350.181000 0.690426 
533.932068 150.206680 0.905308 
0.000000 0.000000 0.000000 
519.253235 157.626450 0.833762 
0.000000 0.000000 0.000000 
18
535.485718 157.612518 0.949351 
513.398926 194.275528 0.824933 
517.770752 197.283325 0.782183 
530.995850 239.938583 0.875107 
561.879517 242.854095 0.860868 
511.934174 192.795898 0.722503 
532.461731 223.737381 0.543604 
556.008179 223.746536 0.814614 
519.252502 263.396606 0.770093 
522.229004 310.509247 0.848568 
513.345459 356.024170 0.764920 
510.403992 260.489380 0.675153 
516.291138 309.021698 0.689172 
514.826294 350.172394 0.694012 
533.919128 153.147369 0.874202 
0.000000 0.000000 0.000000 
519.268372 157.567902 0.812805 
0.000000 0.000000 0.000000 
18
535.419861 158.995300 0.987345 
511.951477 192.906235 0.831691 
514.841553 197.269196 0.795934 
533.971252 239.854004 0.933791 
569.288635 239.817810 0.927219 
510.474365 191.398575 0.748288 
532.455322 210.520889 0.534667 
550.156311 216.319534 0.923859 
517.808167 263.410889 0.768439 
522.166016 311.902679 0.823578 
511.966309 356.080017 0.781661 
511.853790 261.926147 0.667884 
517.799622 310.441956 0.667674 
514.847290 348.749115 0.680659 
533.876526 154.615677 0.876372 
0.000000 0.000000 0.000000 
517.780884 157.558334 0.796353 
0.000000 0.000000 0.000000 
18
535.354431 157.590958 0.982895 
513.357178 192.866531 0.806916 
513.411377 195.819901 0.772225 
535.400269 238.414856 0.955394 
570.745789 231.061539 0.921547 
511.949585 191.353424 0.738093 
533.922241 207.568268 0.592851 
554.552063 209.012268 0.832788 
516.313843 263.362396 0.769561 
522.174438 310.485229 0.817682 
511.970062 356.055573 0.787946 
511.892212 260.486328 0.632962 
519.266174 309.006927 0.673293 
514.857788 348.698120 0.679307 
532.443176 153.143997 0.853684 
0.000000 0.000000 0.000000 
516.333679 157.543243 0.784508 
0.000000 0.000000 0.000000 
18
533.983887 156.101624 0.958175 
511.970123 192.858810 0.809036 
516.286682 197.266724 0.766880 
535.443115 238.379837 0.944644 
572.200134 226.650925 0.958410 
511.874268 189.916809 0.757343 
532.497070 206.084412 0.608275 
551.619934 204.613144 0.930520 
517.761536 263.441254 0.782251 
522.120361 311.938751 0.808740 
511.977997 357.496826 0.793082 
511.897217 261.967621 0.660721 
520.673462 310.474518 0.661318 
516.291809 348.732147 0.659204 
530.984314 150.244522 0.835352 
0.000000 0.000000 0.000000 
517.782898 157.586670 0.797592 
0.000000 0.000000 0.000000 
18
533.996765 157.516495 0.989778 
511.977814 192.860672 0.814309 
513.416626 195.828140 0.774602 
538.356812 234.027390 0.898832 
572.227600 217.841934 0.948835 
511.925568 189.929260 0.749887 
533.990662 206.124496 0.652549 
557.418701 201.665375 0.849242 
517.789001 263.421326 0.786572 
522.146729 310.528931 0.807267 
511.961365 357.463623 0.803432 
511.951294 261.942169 0.633090 
520.683167 310.431335 0.681152 
516.317871 348.690674 0.676752 
531.008972 151.691650 0.844078 
0.000000 0.000000 0.000000 
517.764771 157.558151 0.804181 
0.000000 0.000000 0.000000 
18
534.010193 157.520828 0.979952 
511.963562 192.841721 0.832902 
511.957764 195.831421 0.795640 
544.212036 228.195099 0.893447 
570.774170 210.471283 0.824890 
513.393127 189.885101 0.718501 
536.913635 207.539047 0.602190 
557.474915 192.901550 0.889903 
517.807556 263.403595 0.780887 
522.119812 311.894196 0.803679 
511.954529 357.466003 0.806837 
514.859131 261.936371 0.612028 
520.700012 310.453125 0.688265 
516.288757 348.707764 0.681987 
531.000366 151.700409 0.839280 
0.000000 0.000000 0.000000 
516.307007 157.572083 0.807468 
0.000000 0.000000 0.000000 
18
535.356323 157.531128 0.918648 
511.915741 192.798416 0.815764 
511.971771 195.804230 0.796324 
547.246521 217.868271 0.859316 
570.721924 192.861572 0.672165 
511.896057 188.452667 0.683785 
542.783813 197.268829 0.623587 
563.349304 182.607788 0.793296 
520.667480 263.362091 0.789118 
522.200806 310.471527 0.833422 
511.970123 356.038696 0.791966 
513.350891 260.505768 0.637395 
520.670288 309.000244 0.679763 
516.318604 348.677216 0.701959 
531.034607 151.700714 0.827846 
0.000000 0.000000 0.000000 
517.763855 157.571411 0.783406 
0.000000 0.000000 0.000000 
18
535.434448 157.613770 0.939359 
511.922882 189.888748 0.771086 
511.870148 194.275162 0.881640 
547.267090 207.601593 0.908300 
560.418335 181.029327 0.741127 
513.381165 184.020782 0.616843 
544.228149 185.529633 0.408081 
560.448975 170.853790 0.561416 
519.215698 260.462463 0.748172 
522.145264 310.465271 0.816061 
511.947327 357.456146 0.817404 
516.331848 256.101624 0.609929 
522.112915 308.988678 0.673957 
516.325867 348.682373 0.686771 
533.881958 154.600403 0.884694 
0.000000 0.000000 0.000000 
519.244202 157.553650 0.800853 
0.000000 0.000000 0.000000 
18
535.438904 157.516449 0.905324 
516.326294 186.958405 0.749128 
511.868256 192.803635 0.931208 
548.639160 195.783157 0.933050 
557.449646 160.520782 0.766941 
523.637756 184.029022 0.639860 
548.682922 191.367447 0.111819 
560.448975 170.853790 0.561416 
513.426453 257.562378 0.743211 
522.207031 308.961090 0.803079 
511.951355 356.049805 0.818696 
522.171265 256.058563 0.684802 
522.223938 306.055420 0.690055 
517.778503 347.261963 0.710436 
532.497437 150.257172 0.839711 
0.000000 0.000000 0.000000 
519.236511 157.603317 0.816474 
0.000000 0.000000 0.000000 
18
535.493652 157.552902 0.567883 
517.804810 184.092270 0.764978 
511.924042 189.924332 0.892821 
548.640137 181.065613 0.901774 
545.630188 144.328201 0.765147 
523.626038 185.485672 0.628685 
547.242981 175.218506 0.125885 
560.448975 170.853790 0.561416 
516.323792 257.537384 0.717159 
523.616150 306.052490 0.796176 
511.955383 356.062256 0.829241 
522.231689 256.074127 0.678050 
523.667786 303.147614 0.702548 
519.219604 347.243805 0.706849 
533.912170 153.164185 0.531945 
0.000000 0.000000 0.000000 
522.163574 158.989349 0.706302 
0.000000 0.000000 0.000000 
18
0.000000 0.000000 0.000000 
516.320251 185.507782 0.736868 
511.890076 186.975418 0.858584 
545.735291 178.161224 0.806615 
534.000427 138.448822 0.716438 
523.650146 186.971115 0.587447 
548.652039 197.265640 0.136170 
560.448975 170.853790 0.561416 
517.761963 257.548615 0.705495 
522.215759 307.533936 0.789532 
511.945801 356.047455 0.818305 
523.671692 256.093903 0.679209 
523.708679 306.040863 0.716507 
519.231995 347.244019 0.714755 
0.000000 0.000000 0.000000 
0.000000 0.000000 0.000000 
523.646484 159.043091 0.384264 
0.000000 0.000000 0.000000 
18
533.916260 151.660278 0.201705 
520.724426 182.604324 0.845225 
511.865143 182.632843 0.895828 
541.319946 182.512512 0.428252 
541.323242 161.979645 0.717357 
529.561829 182.606201 0.697459 
555.981812 189.903702 0.757342 
553.048340 166.369934 0.577557 
520.677673 256.095551 0.715672 
522.241089 306.049500 0.778084 
511.956482 356.056366 0.820199 
526.631165 254.640518 0.646969 
523.745117 304.583649 0.703694 
519.238403 347.256256 0.719274 
528.093262 147.252655 0.272203 
0.000000 0.000000 0.000000 
522.205200 154.615372 0.422184 
0.000000 0.000000 0.000000 
18
532.454590 148.776947 0.238735 
522.190674 184.028824 0.846164 
511.850372 184.067719 0.868996 
532.478882 178.130096 0.337183 
538.385559 164.924149 0.574345 
533.930054 184.063385 0.738561 
557.415161 184.048096 0.833155 
548.630005 161.956848 0.740441 
522.123169 258.997040 0.726849 
522.244202 308.957123 0.791065 
511.945923 356.034241 0.821244 
529.558777 257.529877 0.646812 
523.714966 306.084320 0.711800 
519.237976 347.228363 0.715658 
526.579163 147.227432 0.311224 
0.000000 0.000000 0.000000 
520.704590 156.084885 0.331437 
0.000000 0.000000 0.000000 
18
0.000000 0.000000 0.000000 
523.666077 186.988068 0.818785 
511.911163 186.997498 0.870450 
531.003723 179.574234 0.350917 
535.410217 161.977448 0.525957 
535.419678 186.997711 0.730692 
557.500610 184.000580 0.797509 
547.206055 159.041855 0.842711 
522.149841 259.028870 0.747854 
523.611389 307.509521 0.796654 
511.947205 356.021057 0.822662 
532.434692 257.547333 0.665259 
523.718689 306.051361 0.710059 
519.228394 347.216278 0.721027 
0.000000 0.000000 0.000000 
0.000000 0.000000 0.000000 
514.875000 157.583969 0.227148 
533.959900 157.532547 0.113839 
18
525.145264 151.714081 0.333983 
523.657776 186.967606 0.801539 
511.902954 186.990234 0.871409 
531.025696 172.307190 0.431811 
510.474548 145.726425 0.643523 
535.418579 186.956085 0.727536 
558.892334 184.025452 0.813739 
547.186646 159.065155 0.962192 
522.153198 259.019226 0.749089 
523.608032 307.520203 0.799389 
511.945984 356.042297 0.825614 
532.439087 257.540741 0.672198 
523.729980 306.063416 0.717671 
519.250610 347.228424 0.728812 
520.731445 147.351776 0.391788 
529.542786 147.266937 0.332981 
519.230957 159.004089 0.263731 
533.973389 154.649567 0.154240 
18
520.736084 153.175430 0.274426 
523.659973 186.952026 0.758742 
511.898804 188.427872 0.858513 
533.912781 172.246094 0.584927 
510.446991 145.855240 0.801329 
535.429077 185.499634 0.668533 
557.525818 182.617065 0.760636 
548.672424 159.069382 0.883856 
522.130432 260.472351 0.739108 
522.208740 308.969818 0.800510 
511.951599 356.078461 0.822804 
532.476929 259.005249 0.691531 
525.118103 307.542084 0.735886 
519.270996 347.240723 0.727889 
0.000000 0.000000 0.000000 
528.049133 147.249023 0.275420 
522.161926 157.587128 0.185335 
533.887329 154.592529 0.182226 
18
513.361633 159.018570 0.370204 
523.674744 184.050766 0.792531 
511.874634 186.974899 0.816625 
533.895752 172.288895 0.448238 
510.413055 147.327789 0.763174 
535.453857 182.600418 0.736091 
557.528748 184.075180 0.783772 
550.157166 159.072281 0.877045 
520.733704 259.017761 0.737418 
522.186279 308.997467 0.804291 
511.948914 356.071777 0.824251 
532.504150 257.553986 0.703317 
525.116516 308.965759 0.747407 
519.261719 347.256866 0.725079 
0.000000 0.000000 0.000000 
526.594238 148.746094 0.366100 
522.239441 154.620270 0.128756 
532.470032 156.073471 0.351030 
18
531.004578 156.048004 0.258668 
523.685059 184.037766 0.763985 
511.905670 186.977203 0.783608 
532.436340 170.805298 0.513769 
508.979889 148.753479 0.767734 
535.421814 182.548859 0.734624 
558.937317 182.636459 0.846454 
551.591431 158.992462 0.911213 
522.128723 259.017303 0.739415 
522.189697 308.968964 0.803966 
511.946594 356.064056 0.824443 
533.932739 256.110291 0.717473 
525.135925 307.550323 0.743512 
520.662292 347.230011 0.726500 
523.655457 147.360031 0.273889 
0.000000 0.000000 0.000000 
522.220398 156.071899 0.208515 
532.476685 156.103821 0.242378 
18
533.963623 157.495728 0.338423 
523.709534 182.574997 0.808959 
511.924042 184.072937 0.773367 
530.992371 172.250885 0.413346 
510.472687 154.628708 0.722376 
535.468994 181.094604 0.748947 
558.936157 182.624939 0.888591 
553.085449 157.612274 0.873449 
522.146057 259.008545 0.749143 
522.185364 308.960083 0.793048 
511.947815 356.050964 0.827945 
533.897949 256.103973 0.702810 
523.747498 307.534821 0.743467 
519.251282 347.216278 0.720668 
530.989746 150.244217 0.302071 
0.000000 0.000000 0.000000 
522.225281 157.501617 0.341571 
533.898865 157.558609 0.259591 
18
536.881958 157.538666 0.462830 
525.122253 182.555832 0.818594 
511.916229 184.003082 0.784080 
528.070618 175.228195 0.405850 
511.942688 157.587982 0.692663 
536.941223 181.099030 0.763062 
558.966064 182.602310 0.935031 
555.956909 158.980194 0.896759 
520.735962 258.994934 0.739512 
522.148438 308.983765 0.781281 
511.959717 356.081329 0.827174 
533.935181 256.111298 0.724282 
525.114563 308.954498 0.752845 
519.241333 347.216553 0.697754 
533.919373 151.701630 0.458090 
0.000000 0.000000 0.000000 
522.219604 157.526779 0.468083 
0.000000 0.000000 0.000000 
18
538.377930 157.525421 0.655668 
525.122620 182.533279 0.809610 
511.930206 184.025665 0.770037 
514.859985 189.923233 0.380355 
542.757202 161.995483 0.390438 
536.912170 181.031998 0.741890 
558.969238 182.627411 0.902773 
556.024841 157.625595 0.881227 
520.741455 258.989899 0.739943 
522.113770 308.995636 0.781618 
511.957642 356.078735 0.833888 
533.940125 256.109314 0.719670 
523.735657 308.964996 0.767798 
519.239929 347.210693 0.697412 
533.973511 150.259216 0.658361 
539.833069 153.185989 0.377685 
522.236450 156.067474 0.604955 
0.000000 0.000000 0.000000 
18
538.393616 157.599365 0.780650 
525.111328 182.524094 0.839240 
511.925323 184.035095 0.748529 
554.534607 182.572159 0.266986 
542.757202 161.995483 0.390438 
536.918091 179.639603 0.743328 
559.032837 182.505661 0.866616 
555.998840 157.509537 0.844209 
522.142517 258.989349 0.756490 
522.138489 308.987183 0.805843 
511.930389 356.043915 0.840152 
533.891296 256.096130 0.687993 
523.703125 307.549866 0.753556 
517.783447 345.787445 0.687552 
534.013245 154.600800 0.750757 
541.284546 156.054840 0.423989 
522.188843 157.546631 0.660769 
0.000000 0.000000 0.000000 
18
538.385742 157.627731 0.798337 
523.685669 182.555008 0.872143 
511.878784 184.075180 0.795771 
557.534729 182.568130 0.416023 
542.757202 161.995483 0.390438 
536.895996 181.046921 0.769254 
560.486145 181.119843 0.758226 
555.996216 156.083862 0.736463 
522.155029 259.004547 0.752474 
522.129456 309.009857 0.797840 
511.939697 356.074036 0.832709 
533.910645 256.103119 0.691989 
523.680725 308.958984 0.761261 
517.789734 347.190765 0.681336 
533.988342 154.620514 0.778651 
542.734619 156.096619 0.387979 
520.731873 157.597824 0.747593 
0.000000 0.000000 0.000000 
18
536.950989 157.612473 0.796395 
523.682922 182.603867 0.865240 
510.470367 185.500885 0.803587 
514.832031 192.878113 0.523317 
532.504944 169.300049 0.556856 
538.348022 181.084946 0.818061 
561.887878 181.092117 0.884486 
555.997375 154.624771 0.870378 
522.144714 260.453796 0.755452 
522.159912 308.993073 0.801910 
511.930634 356.072235 0.834409 
533.926086 257.556702 0.703112 
523.716492 307.557343 0.746545 
517.766357 345.802734 0.686961 
533.948059 154.598419 0.775772 
542.727173 156.086960 0.420982 
519.219299 157.600601 0.740851 
0.000000 0.000000 0.000000 
18
539.836975 157.612335 0.827731 
523.701416 182.601151 0.847703 
511.853302 186.952179 0.783539 
558.926697 181.075333 0.269769 
532.504944 169.300049 0.556856 
538.371338 181.064575 0.771434 
561.935242 179.596054 0.792781 
556.026733 153.136169 0.821730 
522.160583 260.457367 0.758178 
522.160095 308.993164 0.800337 
511.934784 356.047852 0.826663 
532.509949 257.569855 0.670617 
523.696106 307.543823 0.740872 
517.768188 345.794952 0.686656 
533.998474 154.598022 0.796607 
541.334595 156.069016 0.367448 
519.239502 158.989822 0.736503 
0.000000 0.000000 0.000000 
18
542.799438 158.973785 0.881530 
523.710571 182.628922 0.853937 
511.864105 188.442490 0.833982 
517.790894 192.873428 0.257958 
535.426270 169.292969 0.373621 
538.367249 181.111267 0.750551 
564.812195 176.656052 0.682440 
557.425171 150.196671 0.738471 
522.150146 260.487183 0.755936 
522.146545 309.017273 0.796125 
511.938354 356.081543 0.837163 
533.903381 259.000244 0.684169 
523.700195 308.966949 0.754811 
517.780151 345.785736 0.679653 
535.417786 154.636292 0.823205 
544.215759 156.088608 0.279479 
522.153442 157.600906 0.790718 
0.000000 0.000000 0.000000 
18
544.197388 159.009949 0.907156 
523.717407 184.043015 0.832694 
511.864777 188.462799 0.809117 
517.813843 192.868088 0.331164 
545.686340 159.072495 0.367158 
539.821045 182.537521 0.724646 
563.377686 175.206802 0.677503 
556.012451 148.748169 0.753769 
522.154480 261.908417 0.759609 
522.120056 310.410767 0.787856 
511.931061 356.075409 0.844775 
532.476257 259.044891 0.661309 
523.671509 308.978851 0.763242 
517.778503 345.788452 0.677813 
535.450684 156.073257 0.828406 
542.804382 157.499802 0.277358 
523.606079 157.620544 0.763026 
0.000000 0.000000 0.000000 
18
544.230835 158.998199 0.908932 
525.105896 184.011047 0.841319 
511.931366 188.426910 0.793573 
523.636658 187.001373 0.091084 
545.686340 159.072495 0.367158 
538.348083 182.579254 0.676147 
561.893433 176.678452 0.418461 
558.897339 150.199554 0.607145 
522.160034 260.488495 0.752292 
522.129272 310.425873 0.797452 
511.942627 357.460327 0.828983 
532.453613 259.012634 0.656816 
523.653503 308.994019 0.759314 
516.322388 345.774689 0.656344 
535.483337 156.052689 0.807433 
544.230042 157.522354 0.219192 
523.661316 157.585861 0.793041 
0.000000 0.000000 0.000000 
18
542.769409 158.977219 0.707584 
525.109741 184.028244 0.808754 
513.355530 188.412323 0.765369 
557.492981 178.170471 0.765824 
553.088257 153.145004 0.654600 
536.906799 184.007843 0.626132 
560.480774 176.687668 0.362477 
557.547119 150.208130 0.527235 
522.154541 260.475952 0.744904 
522.126526 310.435913 0.794949 
511.935577 357.456879 0.836257 
532.446899 259.022461 0.656929 
523.657959 309.003143 0.765406 
517.787598 345.770477 0.665753 
535.420410 154.607986 0.664512 
542.769104 157.493591 0.258339 
523.672913 157.525848 0.720075 
0.000000 0.000000 0.000000 
18
539.835022 157.588867 0.460616 
525.109497 184.056641 0.816529 
511.913300 188.424805 0.794154 
557.491943 178.117661 0.690961 
554.510193 153.134674 0.606751 
538.360901 184.029678 0.651617 
560.461731 176.657547 0.459835 
557.507019 150.196411 0.643613 
522.138123 260.485352 0.736230 
522.119019 310.432983 0.792086 
511.936310 357.449921 0.830762 
532.452942 260.460785 0.655220 
523.654236 309.003662 0.760497 
517.775696 345.780396 0.669701 
533.948608 151.709351 0.450374 
0.000000 0.000000 0.000000 
523.648499 157.556854 0.499003 
0.000000 0.000000 0.000000 
18
544.245361 158.994263 0.758283 
525.120911 185.509995 0.798352 
513.363098 188.448318 0.802491 
558.928772 179.595734 0.803192 
554.557129 154.613968 0.676111 
536.881104 184.073563 0.661855 
560.438904 175.207428 0.323366 
558.925842 153.161636 0.476945 
522.148865 260.489868 0.742328 
522.148987 310.425262 0.798410 
511.939270 357.459229 0.828813 
531.037109 260.457123 0.661813 
523.687134 308.992859 0.760482 
517.790649 345.783051 0.671318 
535.487122 156.048996 0.707652 
545.638977 156.121017 0.226582 
523.633484 158.976028 0.795414 
0.000000 0.000000 0.000000 
18
545.652405 158.989807 0.651482 
525.110168 185.506180 0.779808 
513.377869 189.884720 0.805564 
558.931946 179.604645 0.889076 
555.973633 154.599243 0.786270 
535.446167 184.073517 0.637782 
559.021179 173.769226 0.254925 
558.902222 157.558319 0.321205 
522.144775 261.914124 0.738937 
522.144287 310.441071 0.798763 
511.934357 357.473328 0.834107 
529.559143 260.480164 0.645966 
523.657104 309.003906 0.753855 
517.774170 345.801239 0.665335 
535.505066 154.625717 0.591898 
545.650696 156.077896 0.134831 
523.640686 157.622620 0.748364 
0.000000 0.000000 0.000000 
18
545.688416 158.975372 0.631795 
523.722900 186.958420 0.760937 
513.382751 189.929520 0.821114 
558.909790 181.042801 0.945567 
556.000427 154.619247 0.813751 
535.409485 185.504791 0.602345 
559.054260 179.598358 0.188113 
558.900940 159.042084 0.225039 
522.163330 261.927032 0.743323 
522.164246 310.433350 0.798139 
511.935089 357.476563 0.833092 
529.531799 260.487610 0.639209 
523.653870 308.991730 0.746855 
517.786682 347.191010 0.680256 
536.906616 154.600540 0.566101 
545.697510 156.078812 0.095431 
523.677246 157.616455 0.748339 
0.000000 0.000000 0.000000 
18
545.649963 159.009415 0.608351 
523.699524 186.981186 0.748076 
513.371033 191.330551 0.807642 
558.945740 181.146866 0.954096 
556.023010 156.072281 0.832279 
533.985474 185.520737 0.574627 
559.015198 184.049271 0.109159 
557.500549 159.055191 0.134891 
522.171387 261.961243 0.748113 
522.116821 310.494690 0.795434 
511.926117 356.079926 0.840648 
528.063843 261.913177 0.637006 
523.623169 310.431915 0.755232 
517.780090 347.212494 0.672931 
535.511963 154.642807 0.565831 
545.674438 156.111435 0.119221 
523.678406 157.615204 0.734871 
0.000000 0.000000 0.000000 
18
544.186035 159.060822 0.616418 
523.677246 186.984512 0.770128 
511.955933 191.346466 0.821218 
557.493896 182.575775 0.941858 
555.951965 157.545609 0.731615 
533.989868 186.961090 0.572755 
558.963135 182.593109 0.234583 
557.440002 159.011169 0.340769 
522.183472 261.968964 0.754812 
522.146057 310.491791 0.804632 
511.929718 357.458374 0.834769 
526.609863 261.923248 0.636831 
522.241699 310.434082 0.745448 
517.747742 347.235260 0.671682 
535.432068 157.512360 0.599468 
0.000000 0.000000 0.000000 
523.693970 159.051926 0.662866 
0.000000 0.000000 0.000000 
18
541.327026 159.031021 0.673871 
525.174683 184.073364 0.837916 
511.947876 189.895981 0.832846 
555.998291 191.395996 0.618528 
551.614441 164.906479 0.672482 
539.816284 182.590973 0.722759 
559.009521 191.366409 0.604282 
557.496826 161.988312 0.709448 
522.177002 260.466431 0.753924 
522.141968 310.455414 0.795211 
511.929291 357.453674 0.831773 
532.432007 259.007751 0.631795 
523.635376 309.026123 0.744492 
516.326843 347.215393 0.662316 
535.455383 156.091400 0.710926 
0.000000 0.000000 0.000000 
523.689026 157.621811 0.765519 
0.000000 0.000000 0.000000 
18
544.240540 158.972580 0.833295 
523.658630 184.014664 0.859156 
511.929779 191.335831 0.866481 
548.681396 195.829071 0.887026 
558.896118 170.803329 0.731325 
535.384399 181.091721 0.641876 
554.503784 194.344955 0.325011 
557.510803 170.756042 0.409309 
522.162170 259.027344 0.732868 
522.159729 310.432617 0.795334 
511.926605 357.466217 0.831697 
528.085083 257.567291 0.618212 
523.628540 308.985413 0.725664 
516.328613 347.217896 0.658733 
536.911499 156.066666 0.773042 
544.242188 157.591721 0.164961 
522.234985 159.037720 0.760306 
0.000000 0.000000 0.000000 
18
544.226135 159.015305 0.913701 
525.110229 185.527756 0.786198 
513.407349 191.399078 0.914896 
541.288330 209.039551 0.871392 
561.886108 185.498627 0.796777 
533.986755 182.605896 0.758757 
547.202148 203.150635 0.340492 
563.361694 182.555893 0.373998 
522.184265 258.997406 0.773432 
522.179565 309.015381 0.808373 
511.930206 356.069031 0.826230 
531.008423 256.078674 0.661107 
523.631836 307.555786 0.738426 
517.758606 345.801849 0.669100 
536.913757 156.081680 0.837226 
545.683167 157.498795 0.184693 
523.686462 157.608017 0.822013 
0.000000 0.000000 0.000000 
18
539.841248 161.994644 0.822862 
522.170349 192.806625 0.732815 
514.867981 194.299286 0.829384 
535.465210 219.362885 0.923177 
557.491882 203.128983 0.681312 
523.682739 189.893372 0.611053 
544.217468 207.598755 0.268782 
561.866089 204.620880 0.411226 
522.177551 261.934937 0.768139 
522.153076 310.448364 0.816627 
511.935760 357.471924 0.830527 
523.726074 260.480164 0.638863 
523.631042 309.006287 0.738565 
517.773315 347.211792 0.672367 
535.395996 158.976837 0.906840 
542.788147 157.583939 0.254493 
520.707947 159.114914 0.824163 
0.000000 0.000000 0.000000 
18
544.238037 159.069687 0.945922 
522.179199 192.863632 0.766811 
517.792603 194.330200 0.847194 
528.073486 234.048111 0.847195 
548.675415 214.867966 0.876394 
525.119934 191.377335 0.659611 
536.913940 219.314606 0.208481 
550.125061 214.883774 0.297531 
522.187622 263.395386 0.788910 
522.154236 310.469604 0.823205 
511.942932 357.475098 0.838423 
526.628052 261.945465 0.651814 
523.680054 310.417633 0.734126 
517.796692 345.789642 0.658484 
538.356018 156.072571 0.851783 
0.000000 0.000000 0.000000 
523.684143 157.585617 0.833086 
0.000000 0.000000 0.000000 
18
544.271606 159.025833 0.943403 
522.195496 192.878616 0.779515 
520.676453 194.394974 0.857570 
525.128967 238.461182 0.905160 
554.553406 238.383728 0.807681 
523.703613 191.384521 0.628532 
533.992798 229.599869 0.207033 
553.069702 236.947449 0.184800 
522.168335 264.871002 0.787229 
522.150330 310.487305 0.833507 
511.930511 357.466125 0.851829 
526.605713 263.408264 0.683478 
523.733093 310.415314 0.731540 
519.225342 345.763702 0.699002 
538.366394 154.641739 0.834984 
0.000000 0.000000 0.000000 
523.731445 157.561691 0.830433 
0.000000 0.000000 0.000000 
18
545.684631 157.536835 0.972563 
523.650940 192.908585 0.769395 
522.156128 195.782837 0.854445 
523.711548 241.339523 0.884721 
558.953247 261.929260 0.946170 
528.051941 192.788925 0.614753 
535.369812 232.585785 0.250114 
556.025696 248.734116 0.122109 
520.724365 263.460632 0.751751 
522.111755 310.477478 0.811170 
511.937134 357.486145 0.854216 
526.593384 263.382965 0.676000 
523.743958 310.410217 0.747888 
517.797363 347.206329 0.693164 
538.392883 150.237167 0.844405 
0.000000 0.000000 0.000000 
525.114990 157.504471 0.807235 
0.000000 0.000000 0.000000 
18
545.700439 157.587799 0.952291 
522.208984 194.278107 0.772432 
523.680115 197.248260 0.844806 
526.580750 242.835556 0.803881 
542.750916 276.626587 0.916995 
520.686218 191.331390 0.592565 
535.358765 229.684235 0.146663 
545.800720 238.409500 0.121029 
522.163147 263.449585 0.752904 
522.128906 310.480164 0.769012 
511.947998 357.480591 0.828568 
520.703308 261.936432 0.556875 
523.623352 307.544312 0.706833 
517.777649 347.222839 0.675280 
539.863037 151.675064 0.812180 
0.000000 0.000000 0.000000 
525.190125 156.095383 0.759515 
0.000000 0.000000 0.000000 
