33
1
18
554.537781 167.817978 0.824472 
531.008667 211.971298 0.748000 
536.920776 216.429688 0.853322 
535.483398 261.944977 0.813518 
563.353394 253.080612 0.769481 
520.747559 206.100830 0.629675 
544.251038 226.688171 0.292059 
558.970642 229.576553 0.900276 
535.447754 288.377136 0.795859 
534.010559 335.515015 0.790751 
525.116211 383.993439 0.770402 
522.192078 285.457275 0.700854 
530.976807 333.997620 0.672042 
531.012207 379.532501 0.680598 
547.232910 160.529785 0.862270 
0.000000 0.000000 0.000000 
535.471802 170.776505 0.746301 
0.000000 0.000000 0.000000 
18
554.552673 167.851700 0.875636 
530.997009 214.906509 0.775659 
536.937439 217.812393 0.903725 
535.490417 263.401154 0.852083 
561.899902 253.168228 0.775322 
520.738586 209.046906 0.622517 
545.607971 228.148438 0.315308 
558.973938 229.577957 0.888166 
535.410461 289.915985 0.780230 
530.976746 339.859985 0.734145 
525.143921 385.501526 0.738165 
523.631653 288.374512 0.696582 
529.558044 336.929443 0.678253 
531.022949 379.564240 0.670608 
547.244812 160.545410 0.896214 
0.000000 0.000000 0.000000 
535.466553 170.782547 0.780210 
0.000000 0.000000 0.000000 
18
554.561462 169.314224 0.896691 
528.102600 214.866226 0.760928 
536.874023 217.803864 0.904695 
535.425964 263.408417 0.868068 
561.870728 253.187210 0.767381 
520.695496 209.003525 0.622629 
545.617249 228.178635 0.335498 
558.960022 229.613144 0.919515 
533.947327 289.933472 0.770463 
531.004150 338.427795 0.745087 
525.129761 386.938477 0.748294 
522.182068 288.382080 0.690773 
530.983398 335.531830 0.692318 
530.979126 379.589569 0.677416 
547.252136 163.436615 0.859145 
0.000000 0.000000 0.000000 
535.469116 170.811493 0.752015 
0.000000 0.000000 0.000000 
18
555.961670 169.379745 0.937898 
530.997498 214.867920 0.740913 
535.423950 217.819977 0.921237 
533.960022 263.382111 0.909927 
561.898804 254.616730 0.822393 
522.227783 207.570816 0.629402 
545.648682 229.601898 0.364896 
558.962341 229.634720 0.928094 
533.922546 292.804688 0.774304 
529.545227 339.885559 0.753664 
525.130981 386.923859 0.777261 
523.632629 288.454407 0.667349 
530.990662 336.959198 0.696806 
530.998352 379.560425 0.668640 
547.244141 164.932693 0.879014 
0.000000 0.000000 0.000000 
535.392395 170.831314 0.790162 
0.000000 0.000000 0.000000 
18
555.966614 170.737305 0.924590 
529.516724 213.458664 0.711050 
534.006226 216.427704 0.934003 
533.875732 263.363892 0.869889 
561.890198 257.524261 0.757510 
522.211609 207.557373 0.616217 
544.233215 229.675323 0.349053 
558.920288 229.631592 0.953117 
533.926880 292.815643 0.780125 
529.568359 341.342957 0.735830 
525.122009 386.950104 0.766327 
522.234009 288.461853 0.664871 
530.985107 336.976624 0.693284 
530.999390 380.996429 0.668517 
548.628113 166.364548 0.857572 
0.000000 0.000000 0.000000 
535.451050 170.792267 0.775907 
0.000000 0.000000 0.000000 
18
555.960510 170.761932 0.916123 
526.603516 214.872269 0.724315 
533.942383 217.842499 0.939876 
532.465027 263.418243 0.853899 
560.403748 259.005951 0.800082 
522.130676 207.549545 0.596794 
542.795837 231.072067 0.347940 
558.896545 229.613327 0.925658 
533.930603 292.839081 0.788075 
529.527649 341.343536 0.736967 
525.114563 386.935974 0.782558 
522.205994 288.479645 0.661635 
530.997864 336.975861 0.681786 
531.008789 379.572845 0.659254 
548.628113 166.398254 0.863430 
0.000000 0.000000 0.000000 
535.438354 170.814911 0.785225 
0.000000 0.000000 0.000000 
18
555.953430 170.828003 0.924941 
525.183105 214.880768 0.748255 
533.954834 217.839951 0.940469 
532.460449 263.428955 0.853113 
560.409668 257.563080 0.821932 
522.138428 209.002914 0.606568 
544.237061 231.070480 0.377937 
559.018555 228.096954 0.909501 
533.949036 294.273712 0.790546 
529.556702 341.360992 0.745361 
525.138794 388.376373 0.774225 
523.642639 289.891144 0.650073 
530.977051 338.393555 0.683396 
529.570679 381.010132 0.663152 
547.260742 167.843933 0.898875 
0.000000 0.000000 0.000000 
533.993958 170.795395 0.787919 
0.000000 0.000000 0.000000 
18
555.961304 170.825668 0.908345 
525.177979 213.432281 0.724551 
533.973999 217.878677 0.912941 
533.875061 263.491058 0.847847 
561.878784 256.099976 0.840426 
520.721497 206.107849 0.596801 
545.671814 228.140610 0.350215 
560.389038 219.339401 0.844729 
533.955750 292.823761 0.780377 
529.555542 342.788177 0.748893 
525.126404 388.373779 0.777919 
523.634216 288.481262 0.649068 
529.561340 338.413452 0.666283 
530.981018 379.595001 0.644314 
548.633728 167.856186 0.883588 
0.000000 0.000000 0.000000 
535.376526 170.798096 0.792570 
0.000000 0.000000 0.000000 
18
555.965942 170.858536 0.880128 
526.633850 214.928360 0.740025 
535.416504 219.349716 0.923971 
533.906738 264.903107 0.866403 
561.898682 257.521027 0.846987 
520.737732 207.551086 0.606551 
547.256470 228.139481 0.392650 
559.015320 210.468307 0.727941 
533.981201 292.837219 0.789344 
529.558411 342.784088 0.764234 
525.124634 386.960175 0.797175 
525.127991 289.871643 0.633877 
532.442444 338.410645 0.674526 
531.029785 379.583466 0.660964 
548.666870 169.276306 0.881137 
0.000000 0.000000 0.000000 
535.414124 170.832718 0.771266 
0.000000 0.000000 0.000000 
18
555.952698 170.834381 0.827312 
523.736267 214.884308 0.807549 
535.408203 219.329727 0.866383 
533.982178 264.906281 0.873984 
561.907043 257.517365 0.823362 
514.839355 206.074997 0.626715 
551.616455 223.744080 0.654893 
559.007935 201.667831 0.901697 
534.013672 291.385162 0.774989 
530.988037 341.355896 0.752563 
525.129517 386.944092 0.776234 
522.228088 288.433777 0.681359 
531.010864 338.390289 0.660123 
532.438904 379.574738 0.672735 
548.685120 169.281601 0.870991 
0.000000 0.000000 0.000000 
535.478943 170.847183 0.771160 
0.000000 0.000000 0.000000 
18
554.510071 170.859680 0.380240 
526.599976 214.901459 0.808990 
536.886230 217.889130 0.846892 
535.408813 264.953033 0.862809 
563.376892 254.661438 0.817207 
516.314575 209.013962 0.607546 
557.504578 225.186264 0.832415 
560.389526 194.339676 1.029098 
535.385620 291.377380 0.768413 
531.013184 341.329224 0.755498 
525.115845 386.918823 0.777109 
523.643494 288.437988 0.678843 
532.439087 336.974304 0.680258 
532.431274 379.563202 0.679178 
548.670837 169.393219 0.522981 
0.000000 0.000000 0.000000 
541.325500 175.204025 0.662704 
522.173401 179.561264 0.079002 
18
557.418457 170.851257 0.491331 
532.463684 214.921066 0.714341 
535.500305 223.737213 0.857973 
535.405945 266.360077 0.873214 
561.907349 254.641022 0.840391 
522.234741 204.634674 0.551615 
558.965149 223.726990 0.860870 
558.988098 194.281815 1.033198 
535.391541 292.824127 0.767510 
530.975891 341.345581 0.759325 
525.113586 385.496521 0.801336 
526.584595 288.470306 0.604622 
532.496765 338.398560 0.679357 
532.454651 379.529816 0.674710 
550.158142 170.735214 0.591405 
0.000000 0.000000 0.000000 
542.770935 178.132339 0.677006 
523.698364 179.556793 0.059406 
18
557.444885 170.864029 0.517595 
529.559937 213.437454 0.716212 
536.872559 220.798431 0.844558 
535.449158 266.408234 0.832389 
561.883545 254.610031 0.855447 
522.147034 204.601410 0.563716 
558.963196 225.192017 0.845200 
558.979187 194.304504 1.027050 
535.400024 292.830627 0.747787 
529.544250 341.343628 0.745843 
525.119873 386.913940 0.785492 
523.648621 288.441498 0.645915 
532.492554 336.983917 0.665058 
532.496338 378.103271 0.697031 
551.591614 170.729919 0.621445 
0.000000 0.000000 0.000000 
541.295898 176.692719 0.674702 
523.683716 178.147034 0.060346 
18
557.439270 170.857376 0.423763 
532.481018 214.905228 0.729451 
538.343994 222.256241 0.832554 
535.473938 267.826080 0.820046 
561.879761 253.207932 0.840715 
522.208679 206.102234 0.572344 
560.395752 225.200668 0.850983 
559.031799 194.357895 1.023994 
535.417603 291.382996 0.758395 
530.988464 341.339233 0.753999 
525.115662 385.492310 0.795693 
523.685852 288.416321 0.649848 
533.883728 336.977356 0.681825 
532.468262 378.102692 0.685418 
553.037781 169.402039 0.528337 
0.000000 0.000000 0.000000 
544.218262 178.123886 0.666165 
523.730164 179.550247 0.073605 
18
557.476868 170.807877 0.448394 
533.906738 216.341095 0.766287 
539.826721 222.238266 0.855026 
535.507568 266.396027 0.848383 
563.361145 253.209717 0.850925 
522.240234 209.025772 0.574269 
560.418884 226.629333 0.842259 
560.406677 194.361420 1.044053 
535.469849 292.828461 0.761558 
531.034180 341.361359 0.764977 
525.126648 386.911346 0.784915 
525.115662 288.449463 0.649458 
532.489502 336.987823 0.684829 
532.467896 379.558838 0.692253 
554.504211 169.348801 0.534954 
0.000000 0.000000 0.000000 
545.645874 176.668701 0.670256 
523.728149 178.131561 0.090816 
18
557.469849 170.854248 0.378592 
533.901489 216.352737 0.766781 
539.818054 223.706818 0.865504 
536.915161 266.403717 0.831521 
563.348938 254.593292 0.824020 
523.614258 209.016220 0.590564 
560.434448 225.225418 0.823330 
560.395569 194.386215 1.040974 
535.491943 294.276123 0.756234 
531.033203 342.783478 0.767956 
525.125671 386.907684 0.787033 
526.587036 288.468079 0.616354 
532.510864 338.407898 0.684969 
532.458435 379.552124 0.678503 
554.536621 169.403992 0.487030 
0.000000 0.000000 0.000000 
545.678284 176.695114 0.687893 
525.109802 176.675629 0.090966 
18
557.498901 170.854965 0.391030 
533.953796 216.349060 0.771113 
539.845154 222.238251 0.853039 
536.949341 266.416992 0.802810 
563.364075 254.644272 0.822250 
523.674011 210.466873 0.574661 
560.448486 225.186630 0.822636 
560.390503 194.372498 1.037570 
535.480957 291.386536 0.757846 
532.430054 341.351471 0.767540 
525.120605 385.478973 0.794342 
525.133484 288.410767 0.658823 
533.884216 336.979553 0.685973 
532.491089 378.124847 0.684247 
554.558350 169.400146 0.496136 
0.000000 0.000000 0.000000 
545.692444 178.138840 0.681125 
525.110046 178.165176 0.100979 
18
557.530457 170.875961 0.388812 
533.951233 216.360229 0.800663 
541.281128 222.239197 0.859994 
538.396301 267.830933 0.781490 
564.815002 254.598267 0.820511 
523.669006 211.932800 0.594137 
560.455017 226.640320 0.805582 
560.389587 194.368759 1.045125 
536.890259 292.812866 0.754853 
532.449646 341.327972 0.766849 
525.104614 385.462708 0.794097 
525.170288 288.398102 0.641223 
533.929504 336.972443 0.686201 
532.478577 378.118561 0.688920 
555.955933 170.743729 0.496688 
0.000000 0.000000 0.000000 
545.689392 178.163513 0.696015 
523.745239 178.161026 0.106816 
18
557.537292 172.262802 0.290408 
533.957092 216.353882 0.804567 
541.283997 220.795609 0.849297 
538.404907 266.401825 0.801675 
567.729919 253.181061 0.842601 
523.676880 211.944717 0.615671 
560.424255 226.648483 0.795740 
559.019104 194.355438 1.031052 
536.919678 292.813263 0.756626 
532.483582 339.905029 0.783931 
523.748657 385.489105 0.788556 
526.629211 288.434113 0.627117 
533.926880 336.964569 0.689406 
532.492249 379.553802 0.688327 
555.962341 170.787704 0.387247 
0.000000 0.000000 0.000000 
545.725037 179.598862 0.686200 
523.757385 179.569504 0.148766 
18
558.888794 170.892334 0.284208 
533.954102 214.918503 0.813082 
541.313354 219.342636 0.843561 
542.734253 266.405304 0.793149 
567.729797 253.165573 0.836915 
523.660583 210.473373 0.639134 
561.868530 228.097794 0.788303 
559.025879 195.774124 1.018664 
536.931885 291.356018 0.753592 
532.502991 339.876434 0.773828 
525.107666 386.907288 0.784837 
525.150513 288.388641 0.662434 
533.900513 336.926941 0.694632 
533.886108 379.573517 0.708495 
555.987549 170.772827 0.384408 
0.000000 0.000000 0.000000 
545.761658 179.585892 0.697348 
523.737427 178.161301 0.154966 
18
558.924988 172.289795 0.226614 
533.975891 216.348724 0.825187 
542.750916 220.780670 0.855665 
542.746887 266.370514 0.808105 
567.787720 253.148346 0.855316 
523.653870 211.951187 0.638414 
563.333984 226.632324 0.789393 
560.392517 194.392334 1.012514 
538.341064 291.370087 0.752812 
533.889832 339.886017 0.776724 
525.115356 385.492493 0.765837 
525.143799 288.393555 0.669082 
533.887939 336.931305 0.687128 
532.508545 380.984283 0.720953 
555.995056 170.810974 0.308849 
0.000000 0.000000 0.000000 
547.153503 179.621613 0.671453 
523.739990 179.604935 0.193436 
18
558.952454 170.884506 0.236299 
533.965210 216.357956 0.828102 
542.770020 220.805939 0.860734 
542.764648 266.396576 0.801303 
567.771179 253.154770 0.849322 
523.611206 211.957596 0.636360 
563.348328 225.216019 0.798047 
560.418579 194.363739 1.028736 
538.377747 292.814575 0.749834 
533.880310 339.905396 0.781899 
523.747681 385.495636 0.786176 
526.598938 288.435974 0.644822 
533.922607 336.954712 0.690995 
533.882385 379.571899 0.711804 
556.011902 170.774292 0.324766 
0.000000 0.000000 0.000000 
547.142273 179.592789 0.693744 
523.732910 178.173630 0.193572 
18
558.977844 173.748474 0.108657 
533.972168 216.374512 0.818946 
542.790955 220.790649 0.842814 
542.801025 267.843353 0.782331 
566.268494 254.598618 0.818605 
523.626404 213.415298 0.648327 
563.330383 226.628098 0.787258 
560.473022 195.792740 1.003572 
539.809509 292.812927 0.741883 
533.877319 341.320404 0.771469 
525.116699 386.931274 0.778157 
525.157043 288.419617 0.674392 
533.945007 336.952637 0.689432 
533.880798 379.589478 0.698429 
557.428223 170.841797 0.170492 
0.000000 0.000000 0.000000 
547.252319 178.150513 0.653994 
523.750854 178.137299 0.224616 
18
0.000000 0.000000 0.000000 
533.975098 214.904099 0.789440 
542.786011 220.786896 0.841194 
542.770325 267.839478 0.773522 
564.835999 254.657593 0.800975 
523.640137 207.545593 0.632168 
561.898132 228.075623 0.785392 
561.907349 197.277328 0.950508 
538.397339 291.375275 0.743557 
533.883484 341.338379 0.779303 
525.122375 386.927521 0.770043 
525.170715 288.398834 0.673700 
533.952698 336.968231 0.674618 
533.896362 379.598145 0.702109 
0.000000 0.000000 0.000000 
0.000000 0.000000 0.000000 
548.666504 175.198212 0.649846 
525.147583 173.753433 0.215156 
18
559.035339 175.201828 0.526097 
534.009583 216.318710 0.839306 
542.789551 222.260269 0.854361 
542.790039 266.419739 0.794563 
567.756958 254.669174 0.827335 
523.693970 206.104736 0.690581 
555.971863 222.246429 0.534799 
567.716553 204.622009 0.869273 
538.363403 291.362396 0.747526 
533.874146 341.337433 0.782598 
523.735474 385.492706 0.784696 
525.153625 286.994598 0.675436 
533.963013 336.960297 0.664346 
533.922058 379.573517 0.718334 
557.530273 170.810867 0.667788 
0.000000 0.000000 0.000000 
547.186646 178.115402 0.703772 
525.157104 178.146759 0.074175 
18
561.882568 170.881912 0.689528 
535.370728 216.404663 0.829605 
541.314331 220.786026 0.858196 
544.189819 267.842407 0.793696 
569.194153 254.595505 0.856073 
525.159485 211.961319 0.630247 
551.589783 229.575119 0.388199 
567.743286 216.385223 0.739947 
538.356812 292.837524 0.737562 
533.877991 341.350586 0.773263 
523.749756 385.473419 0.781144 
525.141357 288.430511 0.667034 
533.966370 336.962341 0.668377 
533.906738 379.554565 0.714481 
558.939636 169.338058 0.764524 
0.000000 0.000000 0.000000 
548.672729 173.752777 0.693954 
523.691895 179.608566 0.057684 
18
563.335205 172.303406 0.719145 
536.925659 216.394775 0.745362 
542.778931 219.336273 0.843605 
542.776550 266.350067 0.825753 
569.211548 256.100952 0.839106 
533.938782 211.972168 0.575915 
554.536987 231.115814 0.434961 
570.696106 225.216888 0.809147 
538.400330 294.298950 0.753849 
532.501587 342.787079 0.774820 
525.127441 385.485565 0.779282 
532.461365 289.876404 0.611142 
533.982422 338.409180 0.673925 
533.916809 379.539124 0.691886 
558.955322 169.371063 0.817305 
0.000000 0.000000 0.000000 
547.235168 172.327591 0.694968 
0.000000 0.000000 0.000000 
18
567.714172 170.844254 0.859493 
538.387939 214.911942 0.726258 
545.680847 217.866882 0.862612 
542.801575 264.937225 0.846079 
569.247375 256.069458 0.779925 
533.949463 209.009659 0.586621 
554.553162 232.593903 0.284198 
570.657227 235.479385 0.639183 
539.810852 294.295715 0.758063 
533.869263 342.781494 0.777020 
525.106445 385.493866 0.785766 
530.987000 288.474670 0.598624 
533.974365 338.400940 0.682024 
533.915710 379.543243 0.704460 
559.032227 169.286194 0.859698 
0.000000 0.000000 0.000000 
547.244324 172.287231 0.735317 
0.000000 0.000000 0.000000 
18
569.152100 170.851135 0.850970 
536.881958 216.332611 0.847867 
547.145386 217.902878 0.859308 
544.268738 263.482880 0.892629 
570.739624 256.060486 0.805821 
526.608948 209.052338 0.643342 
547.244629 241.370880 0.185354 
570.657227 235.479385 0.639183 
541.273621 291.361328 0.765770 
533.929382 339.889313 0.797219 
523.736084 385.449982 0.789297 
526.624146 288.373932 0.646096 
534.012390 336.959991 0.687067 
533.900574 379.562897 0.719234 
560.478333 169.274918 0.824661 
0.000000 0.000000 0.000000 
548.709290 172.284775 0.750491 
0.000000 0.000000 0.000000 
18
569.220093 170.791977 0.907653 
536.904236 216.343353 0.852705 
547.241516 217.899307 0.882673 
545.699951 264.874573 0.892109 
570.763245 256.079681 0.850755 
526.605103 210.496826 0.647845 
545.668152 245.775345 0.088978 
570.657227 235.479385 0.639183 
542.768921 289.901672 0.766248 
533.982666 338.433075 0.793005 
523.749512 385.464630 0.770347 
525.190369 286.941437 0.689298 
535.375488 336.917175 0.690534 
533.939941 379.575409 0.731760 
563.337280 167.866302 0.821483 
0.000000 0.000000 0.000000 
550.150452 172.271790 0.771321 
0.000000 0.000000 0.000000 
18
569.225220 170.878845 0.817008 
535.500488 217.799744 0.902594 
548.676025 219.334091 0.850212 
547.125305 266.414215 0.872601 
575.108276 254.576385 0.831224 
523.686096 214.880096 0.700207 
547.195862 245.769196 0.114307 
570.657227 235.479385 0.639183 
544.230164 291.341461 0.741155 
534.005981 339.855865 0.786675 
523.742310 386.930573 0.775034 
526.578735 286.980438 0.710470 
535.385376 336.925812 0.697415 
533.931091 379.594788 0.733650 
564.822937 169.304794 0.785227 
0.000000 0.000000 0.000000 
554.505676 173.745102 0.764893 
0.000000 0.000000 0.000000 
18
569.267578 172.309525 0.793868 
538.349915 217.825500 0.874437 
550.141968 219.360092 0.822718 
547.160461 267.813751 0.869819 
573.663269 254.592941 0.773179 
525.161011 214.887711 0.662491 
554.537964 241.393234 0.156916 
572.194824 245.793442 0.575197 
544.257568 291.353455 0.737629 
535.395996 339.860809 0.767943 
523.748474 385.451843 0.782217 
526.599548 286.987152 0.719662 
535.412170 336.926910 0.701337 
533.948914 379.535645 0.712451 
566.295959 169.361282 0.789125 
0.000000 0.000000 0.000000 
554.520874 173.746521 0.752196 
0.000000 0.000000 0.000000 
18
569.310303 172.302582 0.798050 
536.954468 217.809464 0.870891 
553.041260 220.783142 0.810212 
547.215088 266.392334 0.867261 
573.684631 253.177063 0.762770 
523.722473 214.864365 0.686056 
556.000977 236.961334 0.173918 
572.201355 244.308746 0.618161 
545.666992 291.341400 0.752575 
535.400391 342.786346 0.786275 
523.736816 385.465118 0.780105 
526.590027 286.982483 0.738517 
535.403015 336.980103 0.711109 
533.947876 379.578430 0.721112 
567.739868 169.346039 0.805052 
0.000000 0.000000 0.000000 
556.004211 173.734299 0.753882 
0.000000 0.000000 0.000000 
