73
1
18
523.698608 148.765518 0.941964 
523.610901 172.281982 0.922913 
489.843109 172.265335 0.895262 
479.548340 217.874207 0.924200 
489.820557 253.175079 0.936166 
555.996338 172.296722 0.847707 
569.220154 216.315857 0.914512 
570.752686 251.588760 0.911068 
510.378967 263.449615 0.787915 
510.369659 319.296265 0.723297 
504.531311 370.784790 0.718241 
545.741028 261.976196 0.812040 
544.213440 314.901855 0.742118 
535.464050 366.321320 0.714139 
519.227966 144.309387 0.868787 
532.464905 144.366150 0.917206 
508.931732 136.996353 0.891819 
539.862915 139.925507 0.734217 
18
523.694336 148.746078 0.951991 
523.611694 172.299973 0.920356 
489.846039 172.292603 0.887299 
479.548767 217.895874 0.912943 
488.406647 253.190628 0.940842 
556.003967 172.300476 0.849023 
569.213440 216.338516 0.920043 
570.773743 250.222198 0.904822 
510.368378 263.411194 0.778194 
508.948639 316.352417 0.679753 
504.555481 370.767487 0.692182 
545.749268 261.928864 0.804937 
545.730347 313.459442 0.764891 
544.267151 364.873718 0.729956 
519.233643 144.300064 0.868730 
532.456848 144.360107 0.911693 
508.935455 137.000214 0.900491 
539.822205 139.940918 0.725400 
18
523.718079 148.744080 0.942435 
523.627075 172.297592 0.921685 
489.869812 172.299088 0.879745 
478.147125 217.877045 0.920699 
488.380249 253.195877 0.928016 
556.014587 172.306549 0.849851 
569.224182 216.346695 0.926362 
570.745544 251.629486 0.925434 
508.984039 263.434845 0.772604 
510.371368 320.716553 0.716225 
506.013641 370.811066 0.715067 
545.703613 261.965485 0.800402 
544.260559 314.914368 0.745804 
544.226929 364.873230 0.724447 
519.262756 144.297684 0.868205 
532.478638 144.352432 0.915177 
508.954651 137.007156 0.912834 
539.860413 139.933441 0.742951 
18
523.739624 148.733795 0.936035 
523.645935 172.316452 0.921033 
489.899017 173.727112 0.859047 
478.124725 217.880035 0.921250 
488.359528 253.211334 0.913953 
556.036621 172.297440 0.865293 
569.209351 216.358841 0.930199 
570.743469 251.600723 0.916595 
508.975342 263.458282 0.780893 
510.407196 320.761719 0.731757 
506.033813 372.231171 0.721295 
545.677917 263.381866 0.803841 
539.838196 317.832306 0.743271 
539.850647 366.315887 0.707828 
520.674805 144.300766 0.871759 
532.491211 144.343170 0.913703 
508.990143 137.028946 0.918199 
539.857727 139.933517 0.748863 
18
525.120300 148.732468 0.932855 
523.692139 172.309494 0.915029 
492.763489 173.720093 0.844454 
478.120056 217.871506 0.934082 
488.376831 253.202133 0.933501 
557.427612 172.280334 0.879816 
569.214294 216.353745 0.938257 
570.767395 251.607819 0.908599 
510.373169 263.473816 0.784277 
510.443024 320.785339 0.748472 
506.034302 372.235046 0.722820 
545.716125 263.404694 0.820474 
539.814270 317.816254 0.734501 
541.280090 367.763550 0.730698 
520.709045 144.301270 0.885972 
533.873413 144.331497 0.924238 
510.388489 138.429672 0.922304 
541.322571 139.923843 0.766229 
18
526.590271 148.773911 0.896646 
523.733398 172.312836 0.904662 
492.803314 173.717499 0.842198 
478.103607 217.875290 0.933745 
488.396240 253.179489 0.938215 
557.465393 172.279938 0.887899 
569.246826 216.349258 0.957716 
572.180176 251.640472 0.917687 
510.371063 263.436310 0.780111 
510.419128 320.726837 0.729609 
506.008484 370.819885 0.720354 
545.725586 263.361755 0.814132 
542.760620 316.348785 0.730648 
541.289185 367.795990 0.714417 
522.139709 144.354141 0.924968 
533.949219 144.366394 0.957007 
510.441345 138.438675 0.938636 
544.192871 139.920425 0.755828 
18
530.972717 148.794464 0.874748 
525.163330 172.310806 0.882162 
495.753876 172.295456 0.858222 
476.687805 219.316055 0.923775 
489.854584 254.597717 0.910607 
557.509216 172.302429 0.884450 
570.697266 216.385269 0.978022 
580.928833 251.626053 0.925395 
511.840424 261.980621 0.788979 
510.474213 317.819458 0.736597 
505.995453 370.778564 0.710340 
547.218811 260.481964 0.783642 
545.681213 314.909058 0.740217 
542.748169 369.213348 0.713393 
523.597290 145.721802 0.954081 
535.388794 144.364090 0.954855 
511.879883 138.435089 0.941108 
545.665039 138.490601 0.767515 
18
532.448914 150.206009 0.891668 
526.622375 172.276825 0.874112 
498.601929 170.880966 0.894370 
476.691437 219.363388 0.898037 
495.724670 253.183014 0.887551 
557.534912 172.297226 0.891542 
572.154480 216.372375 0.952212 
582.505249 250.190781 0.912934 
511.886841 261.977661 0.787257 
511.903198 317.800812 0.729754 
503.116821 369.324432 0.732648 
547.226990 261.926788 0.786288 
542.762390 314.888916 0.711397 
535.400757 364.878387 0.608956 
523.676453 145.752838 0.968533 
535.469849 145.755310 0.954326 
513.344971 138.490234 0.888445 
545.739441 142.835007 0.809374 
18
533.902710 153.155396 0.912484 
528.086060 172.252365 0.875752 
498.664398 170.847778 0.916917 
478.126068 220.796753 0.870603 
505.990509 251.636398 0.854808 
558.902832 172.266769 0.911844 
572.244751 216.325256 0.899760 
591.286255 242.848526 0.873745 
511.932159 261.908020 0.763202 
522.181824 312.011139 0.756645 
510.419861 363.431946 0.791099 
547.244263 260.474579 0.795732 
550.151184 311.925323 0.707695 
545.720947 361.958221 0.752078 
525.108826 145.813614 0.956562 
536.924744 145.839844 0.932296 
513.415588 138.484985 0.869936 
547.127136 141.408813 0.755327 
18
534.014893 151.709885 0.935660 
531.013672 170.843887 0.903344 
500.103516 170.776993 0.946741 
486.915070 219.323730 0.923770 
516.310181 241.398407 0.866899 
558.971191 172.259140 0.904024 
572.218933 216.404099 0.907399 
591.265076 239.878754 0.807786 
511.849701 259.006226 0.761979 
522.168701 311.955536 0.724657 
511.849152 359.041687 0.789414 
547.216614 254.641510 0.780201 
547.243286 310.427826 0.663490 
544.224121 359.031860 0.729288 
526.621399 145.801620 0.911985 
539.847351 145.829636 0.928282 
517.759583 138.454559 0.842504 
547.202942 139.929886 0.656174 
18
535.474426 148.811829 0.927964 
532.501038 170.790054 0.941772 
500.192780 169.383835 0.928746 
491.317505 217.911697 0.885969 
526.579041 229.628662 0.888498 
559.013855 172.251923 0.888206 
575.138550 214.890594 0.815840 
582.408081 228.104355 0.743562 
511.925751 257.551727 0.771393 
513.422607 313.395294 0.750584 
510.419006 360.458344 0.820377 
548.646667 254.589905 0.763267 
547.148193 311.898865 0.791726 
542.791138 361.912872 0.754666 
531.021729 145.730453 0.892343 
544.225708 145.771408 0.951766 
520.667542 138.468307 0.853984 
548.662720 139.957291 0.531708 
18
536.880310 148.776108 0.909654 
533.928894 170.735016 0.955578 
501.602051 169.320435 0.907142 
498.655640 217.796768 0.926135 
538.396179 217.911209 0.855898 
560.418884 170.868500 0.886092 
580.957336 217.799759 0.936959 
567.751221 226.630051 0.790650 
511.911652 260.510345 0.774620 
511.963013 313.439270 0.771369 
510.450165 360.492737 0.822243 
547.232361 257.534271 0.746578 
545.731995 311.951599 0.775720 
542.800232 360.502838 0.746589 
532.467834 144.330185 0.889967 
545.636780 145.726303 0.946060 
520.734009 138.445267 0.860477 
550.103821 138.494431 0.490351 
18
536.906616 147.364838 0.912304 
533.972595 170.740707 0.968447 
501.656494 169.292404 0.892308 
506.034088 216.363327 0.868639 
550.123413 213.426849 0.810965 
560.469788 170.844818 0.874082 
576.611084 211.982681 0.761637 
569.241577 216.404739 0.569423 
517.770203 254.597458 0.696982 
522.228516 310.502228 0.742544 
510.487305 360.452576 0.797996 
554.555359 253.087357 0.742903 
551.578064 308.964996 0.630051 
541.313721 357.563904 0.729078 
532.488464 144.287048 0.887992 
545.645447 144.309509 0.932514 
522.119019 138.437714 0.893645 
550.115662 137.017410 0.565993 
18
538.353943 147.281754 0.892703 
535.364990 169.358536 0.948428 
504.561493 167.884064 0.853709 
511.930023 211.993332 0.887370 
557.490723 206.098145 0.926772 
560.465515 170.783600 0.873047 
579.516663 213.441635 0.692796 
573.640747 214.851227 0.388698 
520.720520 257.538818 0.727565 
520.694397 311.947571 0.755180 
510.487823 361.911926 0.809015 
557.427734 253.189819 0.756943 
547.256958 310.474335 0.663035 
542.751221 358.990265 0.762897 
532.505005 142.841904 0.880460 
545.683594 139.930130 0.907727 
522.122986 137.023361 0.884080 
550.148315 134.106583 0.596436 
18
536.936401 145.854492 0.913988 
535.394897 169.351807 0.937649 
507.452301 167.844559 0.834582 
519.227966 210.474762 0.895411 
561.914551 204.580780 0.887850 
561.914185 170.792465 0.839436 
579.522461 213.409821 0.520342 
580.931152 206.156387 0.404598 
520.749817 257.538940 0.711458 
513.358521 313.415161 0.805278 
510.439545 363.429047 0.828240 
557.507568 253.198151 0.747537 
551.584167 310.461792 0.525166 
541.303406 357.560791 0.724326 
532.484375 139.901215 0.860956 
545.656677 137.040665 0.913675 
522.126831 136.984985 0.886123 
550.116089 134.104614 0.636849 
18
536.939697 145.789902 0.921738 
535.382446 169.281082 0.923585 
507.480347 166.398895 0.826371 
522.212524 206.091782 1.016122 
564.834290 194.357315 0.894099 
560.438721 169.384888 0.853260 
580.971741 203.140030 0.457183 
581.011047 197.280899 0.369671 
513.376648 256.091278 0.752823 
511.894714 319.268036 0.847423 
510.462646 366.318115 0.870576 
547.271729 257.554749 0.745140 
536.942078 319.259033 0.795579 
542.767578 367.811615 0.812138 
532.463989 137.046417 0.863298 
545.630676 136.959793 0.920344 
520.747925 136.992722 0.879495 
550.114441 134.068481 0.682202 
18
536.919922 145.743622 0.915431 
535.419189 167.866638 0.909730 
507.481659 166.365036 0.817897 
525.165955 204.542404 0.928995 
569.187744 185.515152 0.797076 
561.911438 169.359283 0.834958 
583.972961 200.208496 0.286415 
582.470093 192.861465 0.145038 
511.977509 260.478485 0.771645 
511.904510 320.732849 0.871148 
510.477509 366.350403 0.867891 
547.262756 263.363464 0.772922 
542.791321 316.372284 0.805513 
542.740295 367.771759 0.808998 
532.440918 136.994492 0.878047 
544.240662 135.558655 0.942845 
520.702515 137.007904 0.884557 
548.668945 134.031097 0.680164 
18
535.500549 144.352036 0.926890 
535.430908 164.916565 0.860399 
507.469788 161.996231 0.819022 
529.526611 198.714569 0.862326 
566.299927 179.580460 0.820720 
564.812805 167.848495 0.748400 
592.776428 197.264542 0.265084 
582.511902 181.039429 0.369673 
513.356140 260.471558 0.763809 
511.902161 319.317108 0.871155 
510.488190 366.325134 0.854360 
547.248535 260.502747 0.755263 
542.745178 316.362030 0.801281 
542.776489 366.367249 0.801244 
529.560059 136.976059 0.861425 
544.181702 135.502853 0.922883 
520.671692 138.442139 0.860223 
548.629517 134.023666 0.810267 
18
535.411011 142.869965 0.926865 
533.981018 161.960037 0.850257 
507.488525 160.518143 0.832658 
529.563843 194.262238 0.943841 
561.879517 167.890244 0.893898 
558.985413 163.471588 0.724897 
607.473511 201.646561 0.381016 
582.457520 170.860886 0.366995 
513.398071 259.011261 0.739988 
511.906219 319.308685 0.868805 
510.488129 364.875427 0.851145 
547.226807 260.476685 0.779123 
542.785339 317.802643 0.814481 
542.761475 366.336853 0.789260 
526.639343 135.536621 0.875801 
539.865479 134.086502 0.900495 
517.770508 137.001770 0.874056 
547.209351 133.981186 0.863779 
18
533.915222 141.368988 0.895332 
532.514038 159.069305 0.841638 
507.456635 160.503677 0.846533 
529.514587 191.373871 0.908431 
557.466064 159.094025 0.922434 
556.014648 159.000259 0.684081 
605.976624 182.538498 0.519614 
579.486084 160.546616 0.352132 
513.395020 261.946411 0.749971 
511.903687 320.749298 0.881656 
511.837952 366.331482 0.858241 
547.195190 261.943756 0.786470 
542.750488 319.298706 0.822394 
542.758728 367.784668 0.797144 
523.690247 135.512802 0.977860 
535.508850 134.026031 0.959604 
513.415955 138.457565 0.829562 
547.117615 133.959244 0.919844 
18
530.989258 141.380264 0.872464 
535.421997 161.991699 0.843429 
504.576660 160.560501 0.839557 
529.527649 186.961060 0.922463 
555.961548 156.117874 0.830813 
563.378601 163.448868 0.711869 
594.177124 192.893967 0.802722 
616.338074 216.425217 0.786112 
513.374084 261.945221 0.768859 
511.907257 320.730927 0.885541 
511.832031 364.887299 0.847593 
547.258179 263.376801 0.793978 
542.785339 319.263153 0.822412 
542.770447 366.354065 0.796286 
522.172974 135.526718 0.969321 
534.020203 134.003159 0.988909 
511.953369 138.475372 0.762476 
545.668579 132.519073 0.921148 
18
525.129089 142.866089 0.918063 
535.393127 161.991592 0.840791 
504.569733 161.993790 0.826585 
526.644409 184.063232 0.919174 
548.682129 156.121323 0.793057 
561.910461 161.972153 0.744458 
594.208130 185.497574 0.811332 
617.826294 206.059250 0.863963 
513.359802 260.492249 0.763079 
511.910858 319.311249 0.869944 
510.494263 364.899139 0.846883 
547.248962 260.507202 0.780624 
542.759216 317.807556 0.817491 
542.753296 366.333496 0.785069 
519.235352 135.558823 0.912965 
532.505005 134.028366 0.958401 
510.473175 139.917099 0.523713 
544.230591 131.126572 0.902908 
18
523.600037 144.293594 0.963424 
533.948425 161.964767 0.823063 
504.529572 161.970490 0.824507 
525.180420 184.023361 0.940665 
547.208862 156.094437 0.855041 
558.937500 160.562057 0.741317 
594.249573 182.569473 0.774158 
629.534790 206.048309 0.849773 
513.376343 260.475464 0.750973 
511.911102 320.729431 0.880859 
510.496918 364.892334 0.847328 
547.233521 260.496704 0.773545 
542.756897 319.286194 0.822904 
542.770569 366.345764 0.784471 
514.815247 135.582733 0.920986 
528.051819 134.063782 0.934008 
510.464417 142.841904 0.158710 
541.305237 132.528397 0.872089 
18
522.144775 144.273117 0.949253 
533.920959 162.009430 0.820824 
504.541870 161.989410 0.826813 
523.667847 184.025818 0.978056 
547.147339 156.049088 0.896579 
557.535706 163.447281 0.773456 
592.777039 182.550568 0.817383 
628.018311 201.676865 0.789812 
513.368652 260.496490 0.750614 
511.923370 320.706696 0.870231 
510.496063 364.895325 0.842998 
547.203308 261.908264 0.780185 
542.772400 319.265503 0.817533 
542.739929 364.889191 0.768145 
511.956360 135.593292 0.950286 
523.740417 134.072876 0.963234 
510.386078 145.729004 0.183766 
536.888855 131.129822 0.889048 
18
519.213440 144.310135 0.901170 
533.907837 164.887207 0.834580 
503.094635 161.961227 0.860067 
520.688721 184.087967 0.896326 
545.700745 156.061447 0.953626 
558.928406 166.375702 0.789975 
588.347107 181.140076 0.772593 
620.723877 192.866577 0.810830 
513.357300 261.909210 0.757831 
511.899902 320.710968 0.870473 
510.485138 366.348999 0.857179 
547.196838 261.909241 0.781051 
542.742920 317.838104 0.817354 
542.758484 367.763306 0.798035 
510.484009 136.981064 0.926574 
522.240662 135.452072 0.995588 
0.000000 0.000000 0.000000 
535.400757 131.091187 0.935217 
18
514.875916 145.758865 0.926063 
532.482361 163.441299 0.819363 
501.643677 162.007599 0.865638 
513.430969 188.465744 0.876983 
542.779724 156.112045 0.798538 
557.509460 161.988251 0.786264 
585.425781 184.043549 0.837990 
626.537231 181.099365 0.841209 
511.968811 260.506134 0.762338 
511.889954 319.284546 0.855370 
510.490997 366.325439 0.851805 
547.203674 260.502014 0.777654 
542.755127 316.357666 0.818870 
542.781494 366.351501 0.797825 
510.397339 138.459534 0.903049 
522.134827 135.524429 0.978787 
0.000000 0.000000 0.000000 
533.983887 131.093338 0.944625 
18
513.405212 145.792282 0.953873 
532.445007 163.447464 0.833558 
501.643829 160.571671 0.885688 
508.982056 191.357971 0.896877 
538.380127 156.061157 0.824006 
557.504395 164.898880 0.815436 
592.799561 194.296051 0.919254 
614.848022 167.827011 0.769236 
511.957520 260.484680 0.768766 
511.883362 319.286102 0.862307 
510.483826 364.896667 0.853797 
547.222412 261.929535 0.790682 
542.759460 316.357605 0.820657 
542.774719 366.349304 0.796937 
510.372864 139.942566 0.883682 
520.706848 135.570206 0.934559 
0.000000 0.000000 0.000000 
533.927307 132.522690 0.949200 
18
513.344482 145.860443 0.976297 
532.443909 164.929321 0.844816 
501.623169 160.578293 0.882711 
507.501709 191.324738 0.856906 
536.928955 156.093597 0.794558 
557.515564 166.411514 0.829256 
594.267212 192.861710 0.866349 
600.100708 148.719482 0.734029 
511.945129 260.464233 0.772043 
511.879028 319.291840 0.862782 
510.493225 366.327698 0.855720 
547.189880 261.936310 0.795140 
542.739929 316.356812 0.818576 
542.775574 366.358856 0.802436 
510.356018 142.839951 0.874190 
519.277405 137.008286 0.899749 
0.000000 0.000000 0.000000 
533.931091 132.596161 0.990096 
18
513.411072 147.264893 0.978427 
532.513550 163.445602 0.846337 
503.092163 160.490463 0.886160 
508.945740 185.535309 0.874755 
544.253052 151.695328 0.815014 
558.957825 166.368256 0.814030 
603.067566 181.029831 0.891881 
583.914795 134.073196 0.907215 
511.964783 257.539337 0.761074 
511.858124 317.819763 0.848520 
511.832520 366.335022 0.858180 
547.204712 259.007446 0.763860 
542.747681 314.918304 0.825426 
542.760010 366.321198 0.790554 
510.427094 144.296951 0.921063 
522.118530 138.485352 0.901892 
0.000000 0.000000 0.000000 
534.003357 134.018005 1.002517 
18
514.818054 147.357910 0.937680 
535.413391 160.560791 0.884389 
504.578979 159.082840 0.907273 
510.477722 182.585785 0.970761 
547.152588 148.742752 0.866340 
567.720703 167.822495 0.789669 
604.509155 167.802170 0.831875 
569.249268 136.983704 0.809396 
511.960632 257.540497 0.768765 
511.852325 317.818878 0.850224 
510.492279 366.334259 0.853507 
547.234619 260.487732 0.762613 
541.330750 314.904236 0.830353 
542.774475 366.321289 0.794158 
510.453644 145.723175 0.887803 
522.174866 142.848221 0.909500 
0.000000 0.000000 0.000000 
535.381714 134.035461 1.003576 
18
516.291321 148.782059 0.882443 
535.375610 159.101028 0.901909 
503.112000 159.109985 0.902378 
513.363342 181.141586 0.933711 
548.708069 147.297150 0.762499 
567.775146 161.991974 0.787254 
605.981079 156.052063 0.827702 
563.371765 135.503357 0.825537 
511.970062 259.000122 0.765109 
511.858307 317.824982 0.850505 
510.498749 366.324768 0.847697 
547.207336 260.462677 0.770973 
542.759644 313.463409 0.836972 
542.775330 364.886414 0.782587 
510.480316 145.781723 0.931079 
522.233398 144.332291 0.956112 
0.000000 0.000000 0.000000 
535.397583 134.078857 1.003486 
18
517.800293 151.666153 0.867127 
533.947754 159.069809 0.895206 
503.105194 160.500031 0.899828 
514.868408 181.079025 0.885812 
553.056580 145.778336 0.824651 
566.271484 160.505417 0.770038 
604.535828 145.753235 0.878528 
564.811401 132.535797 0.766479 
511.909637 254.644989 0.790046 
511.868866 317.825928 0.848635 
510.499023 366.318420 0.841236 
545.765625 256.065948 0.775868 
542.748657 313.439758 0.842527 
542.784302 366.325592 0.791263 
511.850677 147.212540 0.965338 
523.607239 145.785202 1.009266 
0.000000 0.000000 0.000000 
535.397888 135.493881 0.987779 
18
517.783447 156.119827 0.829369 
533.901855 157.599518 0.915956 
501.658661 158.995850 0.955252 
511.951904 179.609207 0.939069 
553.088318 141.403442 0.835410 
563.357605 157.574097 0.825112 
604.559937 135.545319 0.846111 
569.188721 125.201805 0.783787 
511.927643 256.065521 0.780278 
511.882874 317.837128 0.854454 
511.834778 366.317047 0.849999 
547.188416 256.082977 0.774972 
542.744263 313.471527 0.835169 
542.764160 366.335052 0.795333 
511.913666 148.757065 0.805008 
523.650146 147.336441 0.890414 
510.336884 150.202316 0.088565 
535.429016 137.022995 0.808888 
18
0.000000 0.000000 0.000000 
533.953735 157.609741 0.911996 
501.647400 157.579147 0.786016 
506.006592 173.754044 0.773803 
547.242188 134.055222 0.903320 
569.246155 157.537811 0.785218 
604.485962 126.672035 0.823674 
566.309937 120.816696 0.770048 
511.949707 256.081024 0.745420 
511.892456 319.271423 0.855128 
510.496277 364.876068 0.843466 
548.636230 257.569122 0.720435 
542.772095 314.887909 0.824680 
542.750916 366.312988 0.788852 
0.000000 0.000000 0.000000 
0.000000 0.000000 0.000000 
514.851196 142.845062 0.192774 
529.501038 135.496292 0.151483 
18
536.928650 134.043579 0.171285 
536.916992 158.988602 0.868593 
511.951233 159.030457 0.681274 
498.664551 169.291336 0.834716 
531.023560 122.292580 0.761225 
569.227966 156.118713 0.753457 
600.088318 120.801895 0.753007 
557.482239 119.306122 0.770593 
511.970795 254.584488 0.721045 
511.908905 317.844391 0.844183 
510.499390 364.890533 0.845358 
548.645813 254.627945 0.697153 
542.780457 314.902710 0.817050 
542.757446 364.897186 0.779176 
533.882690 125.216423 0.147968 
0.000000 0.000000 0.000000 
0.000000 0.000000 0.000000 
547.247192 142.863815 0.069456 
18
526.598389 161.979431 0.861594 
536.930115 159.011795 0.905534 
510.461029 159.103348 0.808805 
486.874634 158.984940 0.921166 
514.851196 114.969017 0.822801 
570.674377 154.634354 0.800719 
595.762085 112.003326 0.839141 
553.041687 117.850525 0.649280 
513.355652 254.648331 0.739328 
511.928802 317.850647 0.855403 
511.832031 364.898315 0.855843 
548.675049 257.541626 0.722697 
544.199646 314.915436 0.828798 
541.332092 366.312805 0.783032 
522.194458 156.091599 0.872521 
534.011169 157.523499 0.877552 
522.129395 137.012085 0.103209 
547.233154 145.794922 0.832346 
18
526.597534 163.446564 0.839687 
536.879822 157.529572 0.921235 
510.346802 157.624542 0.836075 
478.090668 156.053604 0.862201 
505.993378 114.967491 0.873298 
569.242554 151.686234 0.809135 
594.221436 110.542305 0.894519 
550.134766 114.922676 0.704652 
513.349243 254.639954 0.747337 
511.967651 319.258911 0.854033 
510.496826 364.897095 0.869337 
548.641724 256.091003 0.740623 
544.225769 316.341461 0.831531 
541.329285 366.325958 0.793632 
523.614746 157.515854 0.902931 
535.405334 157.613419 0.886301 
517.749939 139.918320 0.370038 
547.255188 147.271378 0.717481 
18
530.997864 163.443787 0.730122 
535.488281 157.516800 0.944050 
508.945435 159.028946 0.872207 
475.208740 147.341904 0.960138 
507.466339 120.757019 0.888622 
569.214294 150.212250 0.809401 
591.315979 110.487991 0.874231 
545.681824 111.924423 0.728831 
513.415405 257.532806 0.729603 
513.349915 319.294159 0.847411 
510.494904 364.867126 0.866261 
548.691833 259.010681 0.737769 
544.255188 314.911102 0.838031 
542.748413 364.891998 0.785009 
525.153320 157.557571 0.811366 
536.906311 158.990417 0.767967 
519.226501 142.856339 0.466025 
547.239868 148.715729 0.489281 
18
528.092834 164.914383 0.634714 
535.370117 156.122925 0.938162 
506.034149 158.975891 0.852379 
475.123962 144.344025 0.930371 
510.359741 123.758293 0.926039 
566.318542 147.331924 0.796249 
586.912598 109.014610 0.788731 
542.761536 110.437889 0.766567 
513.428528 257.526978 0.714981 
513.351563 317.847015 0.842323 
510.493988 364.872070 0.866151 
550.116150 257.561035 0.726734 
545.636780 314.908447 0.839803 
542.749146 366.317963 0.787364 
523.721313 158.992874 0.708253 
535.422607 159.059204 0.693362 
519.243530 145.765350 0.367607 
545.744019 150.192291 0.380209 
18
530.982849 163.464432 0.624254 
533.960815 150.226685 0.887306 
505.994415 156.060211 0.810262 
475.183044 137.046295 0.934846 
510.382599 125.257263 0.792251 
561.908081 145.815765 0.774751 
582.550537 103.185783 0.846618 
536.922363 106.107628 0.796297 
514.826355 254.647995 0.727018 
513.375549 317.815674 0.831269 
510.498535 364.889404 0.867541 
550.129272 256.078369 0.734102 
545.661682 313.475555 0.854802 
542.745117 364.885559 0.785396 
525.099060 157.585876 0.713911 
535.467712 159.027740 0.746215 
516.306763 139.924866 0.461005 
547.131042 150.193008 0.379152 
18
525.159180 163.427216 0.505675 
533.943420 156.053070 0.909223 
507.480408 157.574249 0.857713 
475.183960 137.048630 0.940179 
510.411133 123.814964 0.858887 
561.868408 145.826889 0.760888 
582.472412 101.742249 0.868252 
536.927917 103.161713 0.818273 
514.837036 256.094147 0.712322 
513.354431 317.800446 0.837240 
510.497772 364.887177 0.868513 
548.707764 256.091919 0.730376 
545.656128 313.457214 0.856710 
541.322571 364.862793 0.781900 
523.648682 158.981171 0.487258 
533.981689 159.065689 0.586961 
517.769775 144.305710 0.283248 
545.727966 154.624329 0.406268 
18
523.700134 164.920731 0.538450 
533.977112 154.625122 0.924435 
507.511536 157.561676 0.865573 
475.094360 139.955978 0.903254 
506.005371 122.283638 0.867624 
561.894470 145.783051 0.794253 
582.425903 101.719734 0.861639 
535.466064 103.193069 0.833955 
514.855225 254.612305 0.724365 
513.344299 316.354492 0.845173 
510.495575 363.425781 0.869644 
550.104126 254.611130 0.748721 
545.682495 314.873413 0.858075 
541.316650 364.853729 0.782107 
522.202515 159.077713 0.466485 
533.879639 159.123199 0.540162 
517.776123 145.816772 0.133193 
544.256592 154.624847 0.371171 
18
523.676331 167.858429 0.724088 
533.952271 156.052765 0.910239 
505.992035 157.592316 0.845370 
472.206451 139.932648 0.883327 
503.113464 120.773880 0.859595 
561.909363 145.784302 0.744251 
581.059570 103.167542 0.832171 
536.900146 103.157455 0.799967 
514.820984 254.596237 0.738531 
513.361328 314.894775 0.843592 
510.461548 364.858002 0.879134 
550.143433 254.607681 0.747405 
545.695801 313.455170 0.871768 
541.333923 366.314240 0.801542 
522.132690 159.115219 0.648941 
532.486755 160.544769 0.690117 
519.242615 145.841751 0.118150 
545.677917 151.697968 0.406368 
18
523.699524 167.872009 0.742240 
535.405029 157.513290 0.933339 
507.461395 157.548904 0.844969 
469.269775 135.581543 0.930862 
501.646179 114.934326 0.868151 
567.721008 154.615234 0.688933 
582.460388 101.756805 0.829386 
536.900085 101.727463 0.764263 
513.418640 254.646362 0.737713 
513.346130 316.368286 0.844889 
510.486084 364.854736 0.879229 
550.119690 256.095917 0.737212 
545.691833 314.898773 0.859116 
541.326294 364.891754 0.797413 
522.163818 159.119156 0.712744 
533.900024 161.972336 0.733383 
520.676575 150.224503 0.139146 
545.691345 156.072403 0.507207 
18
523.630981 167.871536 0.700606 
535.446167 157.527008 0.912650 
508.943634 157.590637 0.840317 
472.193634 132.547791 0.906507 
507.453552 107.590523 0.875693 
564.851013 154.639847 0.656330 
582.486633 101.704277 0.872365 
541.293335 101.668518 0.795373 
513.422241 256.056091 0.732233 
511.984039 316.362549 0.846348 
510.488098 364.870972 0.875865 
550.115601 257.534790 0.728697 
545.679810 314.898163 0.855964 
541.333008 364.875885 0.796194 
522.126831 159.108795 0.568654 
531.040649 162.008606 0.654952 
0.000000 0.000000 0.000000 
544.270630 157.528976 0.548013 
18
526.591858 167.889084 0.473765 
536.878296 157.526413 0.864490 
508.981598 157.561462 0.829098 
473.658936 125.283073 0.920143 
507.486053 97.285172 0.866641 
567.743347 156.099686 0.645935 
582.527649 101.736450 0.852602 
542.779053 100.231102 0.777206 
513.415955 253.196289 0.735665 
511.986053 314.897705 0.849808 
510.487549 364.879883 0.876947 
550.120483 256.053558 0.728755 
545.670044 313.465118 0.869101 
542.736572 364.879700 0.798984 
523.681274 160.536606 0.389931 
533.965088 161.976074 0.508766 
523.606689 154.587296 0.138677 
545.735840 156.110916 0.504778 
18
526.600708 167.864761 0.448946 
535.408997 156.069519 0.869533 
508.977661 157.482178 0.830823 
475.131653 122.223007 0.957804 
501.607666 87.050652 0.835319 
563.344421 150.217850 0.627315 
582.534424 101.742371 0.845804 
544.203003 100.299873 0.806043 
513.390747 253.161987 0.738602 
511.987640 316.345367 0.845890 
510.471069 366.313965 0.875195 
548.676758 254.608734 0.742063 
545.661682 314.883148 0.852778 
542.755432 366.332489 0.797730 
523.672729 160.497711 0.370472 
533.977905 160.544449 0.494549 
522.171631 150.229446 0.135872 
545.728699 154.641190 0.433206 
18
526.617798 167.860062 0.274437 
535.420532 157.498032 0.877564 
508.973450 154.641998 0.805137 
476.653931 117.887375 0.948781 
498.624542 78.171913 0.815089 
563.367004 157.536758 0.651657 
582.510010 104.640961 0.841976 
544.274353 100.249832 0.748483 
513.370850 253.153488 0.744289 
511.956665 316.340698 0.850027 
510.471344 364.888580 0.868964 
548.690796 254.638596 0.733318 
545.637939 314.878418 0.846774 
542.742981 366.321625 0.794169 
523.713318 163.412430 0.224108 
534.000977 160.555252 0.310274 
523.698547 156.092056 0.117812 
545.686951 157.475983 0.355831 
18
526.610962 169.253296 0.563238 
535.458252 151.667770 0.838801 
508.919495 150.186996 0.816986 
478.096558 112.056473 0.936512 
495.701782 73.768883 0.743397 
566.303711 148.768250 0.654773 
582.513428 104.665421 0.830913 
541.323730 101.698921 0.682970 
511.981049 253.172043 0.752285 
511.962891 316.370026 0.840449 
510.468567 364.898285 0.858762 
548.649658 256.059113 0.741393 
545.634583 314.910583 0.843163 
542.770935 366.357330 0.798845 
523.630188 159.110107 0.514713 
533.956543 160.544785 0.611976 
520.726135 147.287155 0.120444 
547.153748 151.675217 0.438083 
18
532.501221 110.514656 0.406657 
535.449585 150.206558 0.838082 
508.975525 150.191711 0.804191 
482.514893 111.968880 0.907780 
485.459839 75.182907 0.756007 
566.298157 147.271286 0.673605 
583.971313 103.189133 0.810202 
542.757080 104.632507 0.674432 
513.356995 253.128876 0.748979 
511.938354 314.904144 0.843342 
510.479340 364.888092 0.857161 
548.651978 254.596466 0.743447 
544.257874 313.474945 0.843127 
542.776733 366.341492 0.801187 
526.598877 103.174248 0.353371 
534.003052 106.118752 0.417654 
520.704224 147.317123 0.198120 
547.188904 151.680527 0.326452 
18
533.950745 110.533440 0.541387 
535.474731 147.238800 0.892831 
510.351379 147.252243 0.903585 
485.388977 111.932487 0.875433 
478.107300 76.690308 0.717974 
567.730713 145.819839 0.731192 
589.839539 104.637093 0.785240 
545.703857 106.089035 0.673756 
511.964722 253.104736 0.761247 
511.938721 314.908081 0.839830 
510.476959 364.896240 0.864105 
547.268677 254.609055 0.748468 
544.214294 313.469727 0.840179 
542.763123 366.342316 0.800762 
529.519714 103.146942 0.451690 
535.479126 106.107391 0.523784 
520.716858 147.253815 0.176131 
545.783203 123.753510 0.122420 
18
529.543518 169.348724 0.782583 
538.347046 148.784241 0.824016 
510.367615 145.849686 0.862097 
486.869080 104.655602 0.695117 
485.392975 76.717049 0.667983 
569.228271 148.737045 0.734018 
591.275940 108.998512 0.815871 
547.245605 106.112061 0.669070 
511.967224 253.126617 0.765552 
511.924042 314.904510 0.839181 
510.483551 364.899292 0.861328 
548.630127 256.062225 0.738588 
544.180908 313.460907 0.832340 
542.762146 366.313385 0.796417 
525.117371 160.500641 0.745635 
535.436401 163.433533 0.813376 
520.706604 147.254623 0.288903 
547.268616 154.581192 0.492719 
18
528.086365 169.313919 0.772420 
536.939941 147.283890 0.856857 
508.974182 145.799072 0.857319 
486.839111 97.270523 0.608924 
479.558563 73.749153 0.369783 
569.178162 147.302643 0.759390 
592.721924 110.451981 0.851074 
547.213989 107.600929 0.649893 
511.954956 253.122345 0.761887 
511.926605 316.334381 0.832272 
510.487030 366.328125 0.861239 
547.253418 254.635178 0.742108 
544.207031 313.450562 0.839098 
542.766357 366.341187 0.799462 
525.123047 159.136047 0.712641 
535.386292 163.434280 0.804554 
522.119080 147.219254 0.252819 
547.170837 156.035599 0.488631 
18
536.923462 114.936325 0.533765 
538.364868 147.320404 0.844813 
510.412750 147.288101 0.902491 
485.407501 109.056602 0.745411 
460.436493 73.744843 0.635718 
569.223450 147.321899 0.806820 
594.292236 111.960815 0.862696 
551.575684 111.955650 0.742257 
511.945190 253.146332 0.754936 
511.929718 316.365631 0.833902 
510.486450 366.326202 0.857356 
547.263062 256.052887 0.739080 
544.199219 314.880096 0.825433 
542.746155 366.341125 0.795322 
533.897705 110.592461 0.648234 
542.793640 110.547333 0.540769 
522.252319 113.489876 0.275544 
547.177795 117.865746 0.095794 
18
526.622314 167.839111 0.582522 
541.283325 153.147247 0.835622 
510.494049 150.211182 0.868074 
485.435028 122.200554 0.765199 
451.625061 85.482498 0.653808 
570.723145 151.707458 0.765972 
603.058655 119.360771 0.777527 
554.557495 113.431030 0.745616 
511.938477 254.631195 0.762335 
511.927216 316.376373 0.833287 
510.479797 366.313477 0.855515 
547.246826 259.033264 0.756490 
542.783142 314.900360 0.822717 
542.771484 366.348969 0.795863 
523.710205 159.063980 0.442695 
533.952332 161.970383 0.611113 
523.708618 123.728317 0.146058 
545.736023 157.538879 0.561160 
18
526.582886 166.389618 0.634677 
539.865723 156.039780 0.849429 
511.862152 150.223312 0.820594 
485.380066 126.667458 0.677710 
442.778320 94.365456 0.681382 
570.683655 154.649200 0.796506 
610.423157 125.262138 0.779851 
560.459534 120.774742 0.827872 
511.947571 253.174789 0.760744 
511.920563 316.368561 0.838346 
510.476929 366.334137 0.857450 
547.233521 257.528015 0.744392 
542.777710 314.908600 0.819971 
542.766663 366.346924 0.795267 
523.640137 157.607819 0.483197 
533.939392 159.122467 0.635544 
522.217041 145.806030 0.082176 
547.144348 156.111084 0.558298 
18
528.043091 169.313660 0.752576 
544.211121 156.076492 0.843677 
510.394470 148.737839 0.726769 
479.557709 129.620193 0.557776 
434.001312 110.507256 0.742931 
572.236023 157.593765 0.829555 
617.736450 145.767471 0.846203 
569.194336 122.319191 0.931903 
511.964783 253.184418 0.748739 
511.915497 316.359375 0.843143 
510.481842 364.884827 0.850377 
547.249573 257.554443 0.728582 
542.768921 314.887634 0.826460 
542.753479 366.330627 0.793050 
523.621338 159.018738 0.665428 
535.409546 164.913025 0.770430 
520.678284 145.862778 0.174749 
550.165894 157.548294 0.782812 
18
523.719849 166.395798 0.807062 
544.221130 163.443390 0.796424 
511.898132 159.045593 0.673553 
479.557709 129.620193 0.557776 
434.001312 110.507256 0.742931 
570.728943 166.404129 0.785525 
619.248413 160.513443 0.780297 
576.575195 132.568375 0.843577 
511.924774 257.558777 0.764317 
511.894958 317.838989 0.849851 
510.489136 364.886627 0.856044 
547.195313 261.941284 0.772300 
542.752686 316.354279 0.820647 
542.742737 366.328186 0.789404 
523.626221 157.587479 0.730021 
533.940308 161.967224 0.798881 
0.000000 0.000000 0.000000 
550.131897 159.047958 0.715468 
18
532.505310 169.306381 0.840166 
536.919922 161.963898 0.831119 
507.475983 157.578049 0.810555 
466.334747 158.981415 0.679966 
429.525330 153.175095 0.410325 
569.171631 169.303757 0.817108 
614.843079 176.660309 0.550523 
580.987061 147.238403 0.734986 
511.887634 257.567383 0.774810 
511.884827 317.836060 0.844727 
510.475983 366.314362 0.859732 
547.176025 260.496613 0.762790 
541.326660 316.343323 0.818875 
542.738708 366.328979 0.788567 
526.603882 159.108170 0.742641 
538.393311 163.450729 0.750626 
522.180786 147.280975 0.480471 
553.064026 157.601440 0.728358 
18
533.961548 166.410187 0.766664 
536.902893 170.741394 0.876608 
508.961426 166.407959 0.790264 
498.724457 207.579102 0.442771 
500.171875 228.150803 0.050346 
567.715454 172.305573 0.805232 
607.500061 194.290176 0.718223 
582.469238 159.043961 0.789189 
511.854767 257.557220 0.772087 
511.858795 317.838715 0.845398 
510.491333 366.344727 0.865091 
545.776123 261.908447 0.769470 
541.279907 316.331635 0.822325 
541.332703 366.353668 0.794675 
530.997742 158.983963 0.763563 
544.189270 159.123932 0.786271 
523.609741 147.238861 0.573114 
555.976563 157.521851 0.752899 
18
529.550110 161.953720 0.786097 
541.283508 170.808075 0.874821 
508.978912 164.899475 0.801357 
475.170715 182.542908 0.802172 
438.349792 206.034424 0.683808 
570.773376 179.595459 0.770091 
605.937561 207.590851 0.875715 
582.517029 173.754684 0.787722 
511.866425 260.499542 0.803609 
511.869293 319.258026 0.853664 
510.470703 366.347198 0.866549 
547.175842 263.411163 0.794513 
542.735718 316.349365 0.821909 
542.757507 366.343170 0.792467 
525.109314 156.090378 0.816666 
535.475159 157.635025 0.868554 
522.173767 142.841324 0.082346 
554.544922 154.619705 0.842590 
18
530.997986 160.493317 0.838647 
538.340759 170.849869 0.862177 
507.491364 167.881775 0.807682 
466.305084 195.792694 0.772940 
428.126801 222.282776 0.532776 
570.664001 178.174103 0.747617 
597.213806 216.358826 0.862611 
573.671143 179.623581 0.751983 
511.843903 260.471344 0.787927 
511.864471 317.842773 0.848774 
510.492828 366.338898 0.858740 
547.193115 263.363098 0.778236 
542.753357 314.889465 0.822843 
542.745789 366.334686 0.800135 
525.115112 154.616364 0.877639 
536.893372 157.543167 0.896882 
522.173584 142.819183 0.148899 
553.052002 150.220947 0.841994 
18
531.006592 160.522339 0.850300 
534.012512 173.722488 0.855170 
501.610809 170.810760 0.865263 
464.856262 204.641663 0.823993 
423.670197 241.335114 0.821531 
566.322998 178.143311 0.738256 
594.258301 217.830994 0.894024 
569.171753 179.568405 0.818883 
511.858917 261.926483 0.785989 
511.858490 319.267303 0.859087 
510.469788 367.767975 0.876609 
547.146179 261.971100 0.776396 
542.751526 314.886200 0.827990 
542.797424 366.362274 0.813144 
523.715698 156.046204 0.930936 
536.869263 157.512482 0.910445 
520.737061 144.365173 0.341938 
551.602173 148.725189 0.883563 
18
532.443176 162.017776 0.862021 
533.889404 170.876114 0.855720 
500.106140 170.853455 0.877687 
464.868134 207.558090 0.808332 
428.126129 244.314438 0.818428 
561.887939 173.729568 0.705197 
592.826904 216.404495 0.883163 
561.878296 179.590912 0.831062 
511.870392 260.477386 0.753547 
511.865387 317.832214 0.858076 
510.482025 366.339783 0.867077 
545.726440 261.911255 0.743268 
541.314392 314.887421 0.825320 
542.768738 366.320007 0.800372 
523.693237 157.513641 1.022695 
536.877197 157.536453 0.941095 
516.326904 145.806274 0.527813 
550.130554 147.282471 0.891748 
18
523.733459 160.525833 0.887282 
533.886414 170.796997 0.892295 
500.155518 169.291031 0.853925 
466.375366 197.245346 0.823429 
451.557892 231.109467 0.832870 
560.433472 173.743637 0.735057 
592.773010 216.321136 0.879206 
558.925354 181.118698 0.823348 
511.877930 260.489319 0.756420 
511.860504 317.839142 0.868976 
510.468170 366.329285 0.860017 
545.716248 261.978058 0.764682 
541.315674 316.346832 0.821582 
542.782715 366.339539 0.799110 
522.139282 156.060730 0.947904 
533.926697 157.492142 0.928889 
511.957520 144.309937 0.288555 
547.179749 147.247162 0.973900 
18
522.192322 159.104156 0.895494 
531.023804 170.776917 0.878830 
498.610321 169.348373 0.805534 
463.393127 195.779785 0.790927 
463.394379 220.776733 0.728189 
560.459656 173.717804 0.789411 
594.179382 213.406342 0.877140 
556.018677 192.860336 0.923709 
511.838104 260.501709 0.765323 
511.859772 317.848602 0.862704 
510.470001 366.321289 0.859199 
545.688538 261.950592 0.763046 
541.328430 316.337402 0.826232 
542.778809 366.337555 0.798216 
517.770569 156.042328 0.859821 
529.533630 156.104797 0.848744 
511.882629 141.384598 0.153021 
545.656128 147.249054 0.976566 
18
522.187988 160.485367 0.889752 
531.001038 169.388351 0.890045 
497.215210 167.840439 0.803638 
456.063171 203.132950 0.800189 
478.119781 210.481476 0.851346 
560.453430 173.751587 0.791335 
594.251892 211.971817 0.883540 
557.412170 203.087830 0.891955 
511.864960 259.003723 0.796638 
511.848907 316.374664 0.864548 
510.478210 366.345276 0.862475 
545.711304 260.500946 0.751737 
541.273193 314.904236 0.840905 
542.767273 366.357147 0.801571 
516.286133 156.049561 0.884156 
529.524658 156.097839 0.858441 
510.515991 145.734070 0.287371 
544.233093 145.869354 0.939983 
18
522.167969 159.114960 0.920042 
526.624390 169.370926 0.884530 
497.175079 167.837799 0.790419 
461.903870 203.129364 0.808392 
481.047333 204.615936 0.892128 
558.930359 172.258331 0.851016 
594.219604 207.568863 0.888376 
558.921265 207.577621 0.888451 
511.884644 260.499359 0.789610 
510.495789 317.832245 0.863325 
510.476776 366.341705 0.865733 
545.717773 261.930664 0.765458 
539.841553 316.348541 0.843314 
542.774170 366.339203 0.803819 
514.829590 156.038986 0.903625 
528.081116 156.089264 0.882754 
510.474365 145.721802 0.351764 
542.791443 147.211563 0.918461 
18
522.188721 159.115906 0.926869 
525.140076 169.337662 0.921150 
497.191833 167.861786 0.828464 
461.896179 197.291138 0.764544 
476.656036 204.537537 0.931899 
557.420593 170.798782 0.878180 
594.238403 206.064102 0.910044 
566.312927 214.894150 0.846195 
511.845612 259.001770 0.780065 
510.492371 317.797760 0.864964 
510.462769 366.332275 0.863283 
545.730042 259.020966 0.757213 
539.841614 314.888672 0.855003 
542.751465 366.318481 0.796614 
514.841370 156.057724 0.914976 
528.076721 156.079681 0.877999 
510.441162 145.782333 0.497066 
542.761780 145.859375 0.944361 
18
522.177856 159.111389 0.941662 
526.605835 170.750946 0.894435 
498.604279 167.868378 0.838336 
460.461182 194.343079 0.795674 
476.675781 203.173050 0.903917 
557.506409 172.299683 0.852937 
594.287903 204.579742 0.919154 
569.174561 216.325180 0.886482 
510.465942 260.505737 0.794470 
510.478668 317.849915 0.860850 
510.461609 366.328094 0.861560 
545.757874 261.930054 0.781209 
539.829590 314.910583 0.842442 
542.754883 366.311188 0.796545 
513.423706 156.047470 0.928830 
528.068115 156.067551 0.881385 
510.409790 145.846741 0.486434 
541.291626 145.866776 0.916298 
18
520.752014 159.062134 0.936451 
523.720764 169.321121 0.928645 
495.738220 169.277817 0.861218 
458.978912 192.802200 0.832827 
481.009460 204.582123 0.881117 
555.978699 170.751480 0.857088 
594.222473 195.829285 0.850488 
573.654480 216.321533 0.836747 
510.441071 260.497711 0.784517 
510.464172 319.297821 0.870133 
510.472015 366.308960 0.852852 
545.677856 260.478088 0.783776 
538.400146 314.921783 0.842005 
542.751221 364.886322 0.790246 
511.989410 153.155502 0.932011 
526.582825 154.599960 0.864898 
510.335205 145.743835 0.480587 
538.379272 145.827255 0.901357 
18
522.108826 159.051941 0.950730 
523.680298 170.745392 0.918434 
492.797028 170.734207 0.827003 
460.449402 189.935318 0.781947 
475.125824 204.648895 0.914895 
555.981934 170.780563 0.845396 
594.188782 191.349777 0.861190 
575.131104 216.347504 0.839552 
510.388885 259.023895 0.762228 
510.451752 317.846130 0.859927 
510.467896 364.894043 0.849397 
545.650391 257.569977 0.767178 
538.375427 314.876465 0.850112 
542.742859 364.881317 0.794304 
511.980072 153.138062 0.936000 
525.171387 153.150192 0.871097 
508.905762 145.804337 0.594690 
536.932251 145.823761 0.917031 
18
520.704468 159.060471 0.951731 
523.677490 170.775528 0.920262 
491.349640 169.393509 0.831863 
460.439026 189.894150 0.812004 
463.435120 204.639130 0.956255 
556.027100 170.818359 0.848071 
592.815857 189.894440 0.876275 
573.667297 217.885513 0.867172 
508.981689 260.495178 0.759634 
510.452515 319.267151 0.855911 
510.479218 366.308228 0.855979 
544.218201 260.486969 0.758943 
538.368286 314.913879 0.853371 
541.324585 366.317383 0.796660 
511.940308 153.153687 0.955608 
523.748474 153.163101 0.899131 
507.489136 145.796097 0.494123 
536.907715 145.829636 0.968437 
