24
1
18
528.067932 159.072098 0.930867 
525.155762 189.899399 0.885536 
501.611267 185.534012 0.863546 
494.270569 229.572311 0.851318 
489.840973 260.450531 0.848434 
548.713562 192.795273 0.841739 
557.416016 231.111130 0.882232 
556.001160 264.918945 0.914819 
510.361633 256.050568 0.819656 
508.967407 304.591522 0.827816 
501.637848 345.765717 0.820568 
536.897400 257.570282 0.796959 
532.452637 304.577026 0.836597 
523.713928 347.183075 0.907536 
523.594666 156.065231 0.949936 
534.008911 156.081192 0.943491 
513.393616 156.112900 0.860646 
544.197937 157.534821 0.840132 
18
526.606262 159.078842 0.941938 
525.133118 189.897354 0.890429 
500.208099 185.485565 0.892724 
494.254059 229.584869 0.848753 
489.846497 260.450195 0.850306 
548.702454 192.829712 0.854502 
557.413025 231.121063 0.880212 
556.002625 264.908539 0.919406 
510.380280 256.076813 0.815518 
508.959503 306.060791 0.830218 
501.627747 345.761627 0.819396 
536.921692 259.004913 0.792227 
532.463684 304.575836 0.836987 
523.729797 347.190338 0.894581 
522.230042 156.058273 0.946824 
533.979919 156.091797 0.949882 
513.358032 156.109528 0.844464 
544.190063 157.562332 0.866986 
18
525.184753 159.080185 0.951482 
525.105103 189.908936 0.899374 
500.183411 185.524323 0.892511 
494.234711 229.603012 0.847930 
489.840912 260.472260 0.856896 
548.682129 192.825836 0.856421 
557.407227 231.134933 0.877273 
556.024353 264.920502 0.919433 
510.359253 256.083832 0.809919 
508.977386 304.621216 0.834134 
501.618042 345.762939 0.818400 
536.899597 258.999023 0.796417 
532.470642 304.583893 0.837576 
523.736267 347.176208 0.890564 
522.196228 156.058762 0.936823 
533.947571 156.092880 0.950085 
511.971649 156.124664 0.816361 
542.795288 157.569458 0.869141 
18
525.151367 159.060486 0.959297 
523.730103 189.922714 0.906140 
500.164642 186.967148 0.890471 
492.790039 229.626373 0.845721 
489.819122 260.460236 0.860730 
548.658508 192.821976 0.860509 
556.035217 231.106796 0.874991 
556.024597 264.904724 0.931232 
510.356445 256.084198 0.809010 
508.952942 306.042847 0.826290 
501.603790 345.758087 0.820426 
536.900208 258.990814 0.801653 
532.454651 304.615448 0.829228 
523.751099 347.190735 0.888860 
522.156799 156.035767 0.914729 
533.916382 156.060516 0.930011 
511.936615 156.119278 0.826743 
542.762390 157.533386 0.853134 
18
525.119690 159.056946 0.962615 
523.677795 191.340622 0.919872 
500.095551 188.426376 0.890444 
492.761871 229.660522 0.851705 
489.838684 260.484772 0.858371 
547.258118 192.848877 0.886773 
555.969299 231.127014 0.859486 
555.965942 264.943207 0.894192 
508.946747 256.101685 0.798012 
508.911377 304.596680 0.825236 
501.619171 345.748108 0.821803 
535.481140 258.995697 0.816078 
532.432739 303.110840 0.833820 
525.106079 347.184540 0.886575 
522.124268 154.651169 0.902511 
533.887085 156.059433 0.922691 
511.899475 156.113632 0.836212 
541.311035 157.532623 0.840240 
18
523.724548 159.052826 0.980733 
523.635986 191.352280 0.924199 
498.718719 188.420090 0.881033 
489.867157 229.638718 0.876302 
488.427612 260.478271 0.891342 
547.223083 192.869751 0.897237 
554.542358 231.105774 0.845660 
550.157166 264.908234 0.902324 
508.924316 257.537689 0.784501 
508.903473 303.128906 0.822935 
501.622589 345.716614 0.826530 
535.466064 259.014038 0.822424 
531.027527 303.127228 0.832207 
525.116028 347.184113 0.893154 
520.709412 154.643356 0.886327 
532.488098 156.044983 0.907756 
510.479431 156.095139 0.833678 
539.840759 157.514786 0.820969 
18
523.701721 159.018661 0.997380 
522.259033 188.464600 0.895367 
498.668793 185.496994 0.886224 
489.834778 228.176910 0.886154 
488.428467 256.088745 0.892271 
547.182007 192.789597 0.895901 
554.552063 229.590988 0.886696 
547.152222 263.364929 0.927332 
507.493988 259.020660 0.774054 
507.462585 304.569275 0.821953 
501.599213 345.720856 0.839887 
535.366455 259.030029 0.793615 
528.070496 304.602417 0.794676 
525.134521 347.193848 0.898966 
520.696594 154.606567 0.879129 
532.453613 154.640488 0.890637 
510.481598 156.059921 0.825239 
538.349548 157.494629 0.800578 
18
523.630493 158.982513 1.006471 
522.188416 188.450424 0.896299 
498.603760 185.535400 0.861629 
488.430237 223.738510 0.834099 
489.872833 251.632111 0.871595 
545.771973 191.367157 0.893077 
555.977112 228.105682 0.934341 
544.219604 256.095123 0.857271 
506.035522 259.037140 0.770983 
507.486053 303.135254 0.828053 
501.612976 345.703125 0.845429 
533.997192 257.547241 0.778966 
526.627441 303.150116 0.789022 
525.128906 347.187744 0.911749 
519.227905 153.164612 0.855013 
530.973572 154.586365 0.861846 
510.405029 156.053284 0.802696 
536.881226 156.100388 0.796102 
18
522.223450 158.967804 1.009623 
522.160217 185.524872 0.898982 
497.222565 184.075333 0.891623 
486.947144 216.382187 0.890085 
495.702698 236.983566 0.820891 
545.750916 188.458862 0.872145 
557.408813 222.266510 0.921865 
542.770264 241.331909 0.869578 
503.087769 254.617554 0.796492 
507.453552 301.655518 0.853760 
501.617249 345.716309 0.848531 
533.927856 254.625320 0.801632 
525.171631 301.690125 0.830387 
525.134521 347.177216 0.906056 
516.293518 153.145309 0.846294 
526.636536 153.181656 0.860286 
510.340637 156.065689 0.774936 
535.446411 157.492279 0.845032 
18
522.194397 159.015640 0.999989 
522.138062 184.092163 0.889893 
497.222382 182.649734 0.873297 
481.015442 216.407776 0.764814 
495.702698 236.983566 0.820891 
545.716431 186.998810 0.856516 
557.505188 223.747772 0.933611 
536.924377 225.166092 0.778999 
501.589935 253.196854 0.809225 
504.568085 300.240295 0.858824 
501.592133 345.721191 0.862482 
532.465637 256.048370 0.793311 
525.146545 301.683472 0.860414 
525.137146 347.183502 0.895061 
514.843994 154.611282 0.866679 
526.604431 154.644623 0.877803 
508.970856 156.054321 0.775974 
535.423279 157.489670 0.851389 
18
522.164917 159.073975 0.999700 
522.154724 184.068909 0.899256 
498.613159 182.626816 0.893032 
483.988312 223.711212 0.835330 
489.878632 204.611893 0.800228 
545.692017 186.976624 0.815089 
554.535461 228.136520 0.991728 
536.903503 204.668472 0.903896 
500.181000 253.153427 0.826995 
503.104279 300.259216 0.873942 
500.219635 345.772308 0.878303 
530.975220 254.624542 0.776672 
525.129761 301.670898 0.874018 
525.148499 347.219818 0.893220 
513.428467 156.076508 0.902304 
525.164551 156.083008 0.903545 
508.962219 156.115036 0.782852 
535.380188 157.516739 0.891340 
18
522.140015 160.536957 0.935742 
520.733765 182.629089 0.917531 
497.151825 182.558060 0.843434 
485.372223 217.876724 0.906395 
494.257690 194.314758 0.841382 
545.646973 185.482925 0.833637 
548.653564 222.252090 0.932100 
535.464172 191.352127 0.883583 
500.139801 253.104599 0.806028 
503.068176 300.225433 0.893357 
500.204987 345.766998 0.877956 
528.078918 254.584778 0.763511 
523.751404 301.654449 0.881241 
525.138977 347.211761 0.901515 
513.404419 157.534775 0.933879 
525.125122 157.536804 0.950135 
508.908478 157.520645 0.826207 
533.993408 157.529190 0.860524 
18
522.149048 163.467606 0.858339 
522.142639 182.640427 0.941879 
497.204529 182.567032 0.821468 
485.403656 216.346634 0.909572 
498.617401 182.620972 0.922879 
545.700439 186.973328 0.862807 
545.731567 217.857025 0.996313 
533.967407 181.131989 0.947844 
500.151398 253.154907 0.790405 
503.060608 300.257416 0.883552 
500.200226 345.798004 0.874018 
526.628418 254.639465 0.766992 
523.745117 301.706146 0.881612 
525.137329 347.236298 0.910194 
513.401978 157.633774 0.948655 
525.145081 158.989044 0.928713 
507.498474 159.015106 0.794564 
535.418579 158.986298 0.817732 
18
522.204346 164.889771 0.848814 
522.124695 185.504364 0.921577 
497.194031 184.038147 0.829010 
485.461548 214.883499 0.900269 
498.718445 182.525116 0.947819 
545.675781 189.882187 0.879517 
544.255188 217.812683 0.950015 
533.916260 182.496033 0.999208 
500.121613 253.177307 0.801189 
503.068481 300.256836 0.876455 
500.201355 345.790009 0.873874 
526.621643 256.057953 0.767568 
523.725098 301.709473 0.879904 
525.136230 347.233521 0.910168 
514.836243 158.974030 0.926989 
526.605652 159.019608 0.896356 
507.484528 159.091644 0.748219 
535.472168 160.491623 0.720827 
18
522.166748 164.900558 0.838596 
522.114502 184.067490 0.924797 
497.181213 182.625198 0.832461 
486.832977 214.873367 0.907248 
500.099243 181.111343 0.929813 
545.654846 188.436737 0.879318 
542.804443 217.819534 0.925797 
533.867371 182.530319 1.001483 
500.094147 253.200439 0.805586 
503.058380 301.631866 0.876440 
500.210785 345.770905 0.880621 
526.616333 256.091034 0.766422 
523.728271 303.100037 0.885442 
525.125000 347.219299 0.916720 
513.429016 158.979858 0.942267 
525.175110 159.041718 0.905587 
507.481659 159.083008 0.676374 
535.430969 160.498169 0.719596 
18
522.178528 166.373886 0.850259 
520.745239 184.067703 0.924293 
497.155365 182.627182 0.833680 
486.831848 214.872498 0.904981 
500.104126 181.115311 0.960792 
544.259216 188.426941 0.867571 
542.758972 217.857651 0.913489 
532.486633 182.570343 0.976086 
500.094482 253.190491 0.806968 
501.659637 301.633362 0.875570 
500.216583 345.759583 0.875707 
526.615479 256.076935 0.765907 
523.718933 303.098907 0.882183 
525.135986 347.231110 0.916386 
513.433350 159.033325 0.928362 
525.178406 159.082840 0.893934 
507.473175 160.524689 0.682811 
535.431763 160.548752 0.721016 
18
522.143311 166.386978 0.845319 
520.724365 184.065918 0.921230 
495.746094 184.004105 0.838957 
485.463654 214.902145 0.896052 
498.726166 182.517105 0.951863 
544.236572 188.428925 0.863714 
542.741333 217.897308 0.903233 
533.868652 182.603333 0.958518 
500.104980 253.172546 0.802489 
501.661407 300.240692 0.887834 
500.213562 345.759857 0.880862 
526.609070 254.659958 0.771695 
523.720703 301.688904 0.885702 
525.118713 347.213104 0.918006 
513.400635 159.042816 0.932352 
525.135376 159.084747 0.906547 
506.039673 160.503952 0.669199 
535.375366 160.518326 0.732995 
18
520.727417 163.444656 0.844459 
520.690918 184.018829 0.929560 
495.706940 182.609528 0.829323 
486.817444 216.341034 0.917510 
498.676422 184.015793 0.943925 
544.224243 185.520691 0.860390 
542.799683 217.898163 0.909042 
533.878113 182.636795 0.943191 
500.097992 253.161285 0.802347 
501.656647 301.637207 0.881954 
500.216949 345.769165 0.876413 
526.600952 254.641220 0.773251 
523.708862 303.100281 0.883166 
525.129517 347.232574 0.918419 
513.345764 158.974075 0.962198 
523.707153 158.985184 0.960919 
505.999054 159.030380 0.764482 
533.963806 158.988647 0.823524 
18
520.678467 160.563431 0.880239 
520.688904 184.059723 0.919347 
494.253387 182.625916 0.836229 
486.814606 216.420761 0.949690 
498.677490 185.534088 0.906451 
544.233398 185.508392 0.847762 
544.214905 217.931229 0.918273 
532.497803 185.486038 0.929623 
500.099152 253.180878 0.792359 
501.659393 301.646423 0.874125 
500.211731 345.787537 0.880161 
526.598755 254.651642 0.766211 
523.725342 301.693024 0.885300 
525.140808 347.217896 0.915058 
511.905182 157.577911 0.978825 
523.661377 157.524124 0.984871 
503.101379 159.061340 0.748534 
533.954712 157.529526 0.864620 
18
516.314209 158.988434 0.930617 
519.212646 182.640778 0.911083 
491.332275 182.603973 0.878215 
485.450562 217.826904 0.933793 
498.660583 191.383957 0.908813 
542.779724 184.061203 0.844567 
544.257324 220.764740 0.915018 
533.938538 189.891266 0.898974 
500.100403 253.165146 0.797266 
501.648468 300.260681 0.885865 
500.222504 345.768066 0.868447 
526.597595 254.621429 0.777957 
523.709717 301.686890 0.885846 
525.144104 347.229614 0.912131 
510.479126 153.183319 0.910285 
522.227783 153.145554 0.926232 
503.051758 157.500290 0.804749 
532.461426 156.051285 0.834658 
18
514.842529 156.081451 0.906011 
517.801636 182.604599 0.913159 
491.340637 182.592438 0.883894 
485.389038 219.303787 0.874094 
497.216278 194.385422 0.922500 
542.759766 184.057968 0.825394 
545.690613 222.264893 0.931657 
533.988953 194.286102 0.906831 
500.100128 253.128845 0.811188 
501.647675 300.233612 0.895472 
501.578278 345.732391 0.858491 
526.600830 253.206955 0.788546 
523.697815 301.661621 0.889448 
525.152283 347.222321 0.911535 
510.433777 147.366379 0.949273 
522.205994 147.337189 0.968816 
501.656921 154.650146 0.788317 
532.438782 151.703674 0.816561 
18
514.822021 150.200592 0.895080 
519.216248 182.644379 0.889592 
495.704712 184.024612 0.836049 
482.487793 225.186646 0.816826 
497.170105 203.093033 0.839104 
539.844666 184.060074 0.805964 
547.129395 226.661057 0.965378 
533.993042 203.140518 0.884154 
500.128754 253.103485 0.830877 
501.647522 300.231506 0.896341 
501.579681 345.721344 0.858505 
526.605286 253.194153 0.795662 
523.710388 301.663879 0.892871 
525.157593 347.220581 0.907724 
510.426880 145.877014 0.988497 
522.170105 145.855301 0.981358 
501.627380 150.250931 0.784581 
529.540833 148.786041 0.767143 
18
513.418518 148.772369 0.917039 
519.234680 184.057327 0.862402 
492.781677 184.019852 0.851499 
478.127899 226.662109 0.837462 
492.791260 206.119553 0.839664 
542.770996 188.450745 0.795121 
548.646057 228.101669 0.958819 
535.370850 207.562592 0.875709 
500.098419 253.141403 0.836528 
501.648865 300.221252 0.899491 
500.221649 345.699097 0.854806 
526.634338 254.594757 0.785353 
523.709290 301.677002 0.888822 
525.156433 347.223724 0.903722 
510.405121 145.841309 0.979364 
522.153381 145.818527 0.976892 
501.620575 150.213867 0.770597 
529.529297 148.762863 0.767355 
18
514.850342 148.739319 0.907788 
519.233215 184.090637 0.838730 
492.775665 184.076172 0.808518 
479.531982 226.685547 0.803334 
488.381012 213.412399 0.760005 
542.778259 188.433197 0.778052 
553.040771 228.152756 0.901101 
535.404053 216.373245 0.950540 
500.095764 253.189621 0.839577 
501.647675 300.235657 0.895707 
500.219360 345.712097 0.863772 
528.059631 254.632797 0.782122 
523.711731 301.692688 0.888239 
525.147705 347.221680 0.906264 
510.441833 145.823303 0.971611 
522.191406 145.796661 0.973480 
501.636505 150.232346 0.795285 
529.554260 148.753525 0.771787 
18
519.215759 148.723068 0.896649 
514.862854 186.954636 0.851646 
488.444122 186.985031 0.828600 
476.652802 217.896606 0.792614 
488.381592 220.770020 0.783289 
541.281372 188.420670 0.791693 
553.075745 228.056213 0.923058 
528.068665 220.795853 0.805736 
498.727386 254.638229 0.835768 
501.635284 301.681580 0.881174 
501.587006 345.756012 0.878223 
526.627380 256.107330 0.784303 
523.704163 303.137360 0.891985 
525.137390 347.235199 0.920688 
511.879395 145.805862 0.963121 
523.623596 145.792404 0.972921 
503.095947 150.250839 0.821281 
532.466248 148.791763 0.789209 
