33
1
18
567.779114 160.531021 0.870033 
535.436401 200.176941 0.778964 
545.643127 203.161804 0.882011 
547.156494 247.264359 0.906966 
557.427917 278.167511 0.942333 
528.079163 195.771271 0.647745 
538.364136 238.435349 0.050416 
541 245 0.000000
541.289917 275.126251 0.726024 
547.187073 319.271027 0.865199 
532.444153 360.458588 0.813105 
528.074219 270.784790 0.698987 
532.452026 313.451599 0.806786 
525.162415 358.974213 0.672256 
561.882874 157.550934 0.874788 
0.000000 0.000000 0.000000 
547.233398 159.003281 0.814925 
0.000000 0.000000 0.000000 
18
569.155212 160.538025 0.875553 
535.467651 197.276947 0.774299 
545.640747 203.121750 0.872790 
547.142883 245.776886 0.905561 
557.449219 278.152527 0.946629 
530.986938 194.330978 0.655331 
538.364136 238.435349 0.050416 
541 245 0.000000
541.309692 273.720795 0.727100 
548.637634 319.273346 0.850388 
532.436829 360.511383 0.791923 
528.092285 270.757629 0.701678 
532.468079 314.869476 0.793413 
525.171875 360.453125 0.640534 
563.338928 157.564972 0.872275 
0.000000 0.000000 0.000000 
548.664124 159.012543 0.814669 
0.000000 0.000000 0.000000 
18
569.186768 161.988037 0.869776 
536.871826 198.715118 0.778932 
545.694824 203.150681 0.894823 
547.198669 245.759476 0.906672 
557.493103 278.141144 0.968446 
531.004944 194.352737 0.676545 
541.277527 239.826187 0.053618 
541 245 0.000000
541.307739 273.710571 0.734993 
550.115784 317.827362 0.848794 
532.462463 361.915100 0.799554 
526.627808 269.318665 0.721808 
532.445374 313.405518 0.823546 
523.721619 358.995209 0.725178 
564.806519 157.611771 0.870304 
0.000000 0.000000 0.000000 
550.103943 159.058960 0.797078 
0.000000 0.000000 0.000000 
18
569.214294 162.008484 0.835700 
536.918884 200.191315 0.785938 
545.764404 204.536926 0.896748 
547.204956 245.755524 0.909139 
558.889343 278.123413 0.966007 
531.018921 195.830231 0.692096 
541.257996 239.854782 0.059890 
541 245 0.000000
542.763123 273.738861 0.730582 
553.077698 314.924683 0.838234 
532.501770 360.470398 0.812626 
526.606628 270.773712 0.732338 
532.424377 313.407715 0.816207 
525.120361 358.975220 0.703563 
564.849060 157.626633 0.849741 
0.000000 0.000000 0.000000 
550.137573 159.075897 0.794104 
0.000000 0.000000 0.000000 
18
569.300110 163.423813 0.878480 
538.376282 201.650192 0.782752 
547.199951 204.586533 0.917488 
547.230347 247.241043 0.909987 
558.964478 278.181183 0.948139 
532.468445 198.712051 0.684929 
541.257996 239.854782 0.059890 
541 245 0.000000
542.768921 273.719360 0.737582 
555.966003 313.460480 0.876858 
535.393188 360.460236 0.869570 
526.585999 270.770599 0.724102 
532.423767 312.018921 0.837367 
523.725342 358.987427 0.835701 
567.744934 157.618546 0.908907 
0.000000 0.000000 0.000000 
553.089050 159.090286 0.798465 
0.000000 0.000000 0.000000 
18
570.722229 161.971497 0.885761 
541.297424 200.205200 0.765822 
547.254639 204.577698 0.907975 
547.247009 248.709091 0.914908 
560.404114 281.087616 0.920169 
533.938232 197.251129 0.706135 
541.257996 239.854782 0.059890 
541 245 0.000000
544.198059 273.693634 0.722573 
556.018799 313.435333 0.875851 
542.801086 363.417603 0.819529 
526.635864 269.298370 0.684659 
533.879761 310.530121 0.859538 
525.105530 356.033722 0.835373 
569.165894 157.561646 0.922367 
0.000000 0.000000 0.000000 
551.596863 159.007996 0.807824 
0.000000 0.000000 0.000000 
18
573.658569 160.515564 0.843835 
545.696350 200.206863 0.780739 
550.148376 204.539627 0.888853 
548.694519 248.743042 0.916098 
560.427429 282.538666 0.896909 
536.898621 197.244705 0.642774 
544.230530 239.856400 0.057982 
541 245 0.000000
545.678162 272.254181 0.728732 
554.559631 317.834442 0.827318 
547.260742 367.755585 0.872525 
532.436035 267.828979 0.695984 
533.908997 311.986176 0.863527 
526.613647 357.475616 0.829400 
570.681519 157.506912 0.902734 
0.000000 0.000000 0.000000 
557.472412 158.996490 0.823982 
0.000000 0.000000 0.000000 
18
580.927307 159.099152 0.880584 
547.261963 198.742081 0.765689 
554.556458 204.554626 0.846922 
554.504822 250.149689 0.882870 
563.357849 283.972900 0.883249 
544.263306 194.378906 0.654567 
548.689392 239.846024 0.082353 
541 245 0.000000
547.145203 273.720215 0.754724 
557.458435 320.735229 0.864516 
557.448547 367.769989 0.848147 
533.981018 269.306305 0.703917 
533.970337 312.004272 0.886033 
525.143311 357.477142 0.856550 
575.107666 156.100571 0.822839 
0.000000 0.000000 0.000000 
560.441162 157.614151 0.820392 
0.000000 0.000000 0.000000 
18
582.531982 164.931183 0.866822 
550.166992 204.548630 0.800075 
558.923035 206.084534 0.878795 
558.893005 251.632965 0.951481 
569.172241 283.994781 0.900182 
545.698364 200.216858 0.710498 
545.710205 241.363174 0.074083 
541 245 0.000000
553.046448 276.656281 0.736120 
559.018494 322.190979 0.852140 
557.507629 369.242310 0.937883 
536.936340 275.152222 0.769668 
536.873596 314.891541 0.842394 
526.621704 357.517670 0.852243 
580.996948 157.631317 0.936025 
0.000000 0.000000 0.000000 
567.726501 159.048294 0.819938 
0.000000 0.000000 0.000000 
18
588.382385 167.861633 0.789765 
557.508179 204.642563 0.807781 
561.876465 207.533997 0.869468 
561.880371 253.089920 0.918007 
572.170654 288.382599 0.959701 
548.703125 204.551178 0.618282 
554.502991 241.305084 0.052054 
541 245 0.000000
551.595886 273.685211 0.712226 
566.325928 319.275269 0.800466 
558.902710 369.312866 0.935721 
544.212402 269.306793 0.656952 
551.577881 311.958130 0.852121 
528.067078 357.499298 0.858908 
583.966980 160.480606 0.818139 
0.000000 0.000000 0.000000 
572.185791 161.991913 0.798509 
0.000000 0.000000 0.000000 
18
594.312500 170.805542 0.659527 
560.421387 206.044174 0.809746 
569.197021 210.501999 0.843941 
569.208130 256.107635 0.870412 
578.022888 289.944977 0.922498 
555.980103 203.115005 0.676828 
564.814758 248.720245 0.071243 
541 245 0.000000
554.515320 275.158997 0.737509 
572.225891 316.371948 0.742370 
558.919434 369.279968 0.907154 
544.256042 269.332336 0.638817 
560.469727 311.981842 0.830470 
535.392334 354.580627 0.843620 
594.180481 167.805191 0.709802 
0.000000 0.000000 0.000000 
582.475525 169.272797 0.823762 
0.000000 0.000000 0.000000 
18
605.980347 178.129654 0.827843 
569.215698 207.579773 0.836003 
572.237732 214.891068 0.834805 
570.685730 257.522766 0.895111 
581.007263 292.845886 0.938857 
560.455078 204.645279 0.715564 
573.667114 253.133270 0.323940 
591.274780 272.260498 0.629960 
555.967285 276.711884 0.793444 
578.084229 317.825562 0.774972 
557.537964 367.829285 0.861604 
547.197693 275.129761 0.585975 
572.154663 314.904541 0.657919 
554.547485 358.985596 0.638514 
604.490356 170.783707 0.903230 
0.000000 0.000000 0.000000 
588.366699 170.767654 0.813385 
0.000000 0.000000 0.000000 
18
611.895691 182.560104 0.534297 
575.142578 210.491745 0.773873 
580.998962 216.394821 0.837597 
573.656616 257.566071 0.755801 
583.922180 298.669800 0.937860 
570.708679 206.051544 0.678163 
582.520325 253.069199 0.631194 
594.260132 270.773346 0.847778 
553.093140 276.682922 0.824931 
581.055664 320.720062 0.816558 
557.461670 369.299713 0.883093 
551.585144 273.723511 0.551364 
589.781250 311.936249 0.682767 
572.171204 357.478668 0.737788 
608.957947 178.162537 0.557816 
0.000000 0.000000 0.000000 
598.645386 178.158310 0.731245 
0.000000 0.000000 0.000000 
18
619.260254 192.853119 0.758519 
582.461243 216.323288 0.790415 
585.444031 219.346832 0.771464 
581.013306 264.930267 0.762004 
585.388245 304.570770 0.921467 
578.072693 209.010788 0.557259 
592.783386 253.171524 0.701102 
604.498779 276.640289 0.982010 
555.970337 278.103638 0.808936 
586.912781 319.303314 0.743666 
557.513428 369.304993 0.926491 
555.979675 275.118896 0.558900 
595.757568 308.974335 0.696010 
585.423401 353.103119 0.810751 
617.807983 184.064957 0.744365 
0.000000 0.000000 0.000000 
605.987732 182.607941 0.782064 
0.000000 0.000000 0.000000 
18
629.488525 204.642044 0.853269 
592.788513 226.640152 0.728263 
592.695007 228.088623 0.761448 
582.483032 273.697754 0.735916 
591.262329 311.908234 0.947709 
594.249390 225.212372 0.634943 
601.570068 261.981506 0.782034 
613.338440 286.910309 0.973210 
555.997620 286.956726 0.800654 
594.203125 320.765472 0.755512 
558.893188 369.255737 0.893564 
564.833557 281.087860 0.555958 
605.998535 308.985077 0.756412 
594.184448 356.002258 0.887048 
628.070862 197.295990 0.809352 
0.000000 0.000000 0.000000 
616.237549 195.772522 0.771072 
0.000000 0.000000 0.000000 
18
635.384399 216.431641 0.760461 
595.728088 234.034378 0.719215 
597.195374 239.874054 0.668208 
582.546509 288.379089 0.749051 
592.824036 322.205078 0.989012 
594.264954 229.651901 0.590190 
607.481384 272.245636 0.829234 
619.292542 298.686401 0.957291 
558.903015 294.296326 0.716393 
594.289612 331.069122 0.744293 
592.818970 347.207092 0.074433 
560.417603 288.454559 0.537438 
614.785522 311.948792 0.744571 
594.202087 357.507904 0.864378 
633.931396 210.518631 0.701405 
0.000000 0.000000 0.000000 
620.739685 207.551224 0.757508 
0.000000 0.000000 0.000000 
18
639.784119 229.680878 0.602631 
603.026062 251.591522 0.766958 
604.459351 254.591125 0.821452 
583.912170 298.637665 0.820771 
594.245544 333.928009 0.942853 
600.103943 245.771027 0.587416 
616.300110 282.547699 0.869324 
629.459839 310.467865 0.920403 
557.485291 303.136871 0.701770 
604.493896 332.511871 0.513143 
592.731323 355.992859 0.238304 
553.069519 298.708527 0.505062 
617.736938 319.314484 0.696133 
594.221985 359.058990 0.634967 
638.364258 228.061234 0.617447 
0.000000 0.000000 0.000000 
628.073242 226.689743 0.793579 
0.000000 0.000000 0.000000 
18
641.240540 244.349228 0.545942 
604.521301 261.971985 0.780345 
606.017151 264.951202 0.846051 
583.920654 306.075562 0.751475 
594.232605 345.693909 0.899537 
598.647095 254.655594 0.617256 
619.287964 294.275024 0.863981 
632.492310 320.722504 0.884773 
560.446228 313.439606 0.714540 
606.044617 341.337219 0.529430 
591.265503 357.427917 0.312150 
557.485901 309.026398 0.530744 
617.782227 323.747192 0.538384 
604.533997 359.009369 0.198857 
639.848145 239.957565 0.610871 
0.000000 0.000000 0.000000 
629.567444 239.918274 0.836107 
0.000000 0.000000 0.000000 
18
644.205933 254.607269 0.600152 
610.429260 275.212250 0.747096 
608.947998 276.722321 0.797223 
583.958374 312.007782 0.812761 
592.668945 348.758331 0.913877 
613.336304 275.115814 0.621640 
626.570557 310.487244 0.696461 
639.810608 329.607788 0.792902 
561.872009 322.237183 0.754497 
617.713867 347.285522 0.846323 
567.751282 369.213318 0.636406 
563.341797 319.273712 0.500143 
620.680969 326.667572 0.232148 
569.194763 364.894806 0.462890 
641.363098 251.623444 0.646976 
0.000000 0.000000 0.000000 
632.466431 251.677155 0.808360 
0.000000 0.000000 0.000000 
18
642.795593 264.841614 0.533400 
614.777405 283.997406 0.702630 
607.478638 285.497498 0.783443 
583.953491 322.223267 0.822141 
589.815674 357.582214 0.979091 
616.310364 282.527100 0.656319 
628.031250 322.165436 0.806587 
645.694580 344.280090 0.779059 
561.937378 323.722870 0.754319 
620.706543 354.564026 0.752515 
572.181824 369.283600 0.627812 
573.648376 322.286102 0.554581 
630.966614 342.833801 0.237939 
569.238770 369.197296 0.344872 
641.365906 259.001587 0.511462 
0.000000 0.000000 0.000000 
633.921570 260.461609 0.716772 
0.000000 0.000000 0.000000 
18
648.604553 266.398682 0.768383 
613.338013 288.373322 0.737344 
606.012085 289.917572 0.824156 
583.940369 328.102295 0.764849 
591.279480 364.896027 0.938055 
616.319397 286.879944 0.676805 
626.591980 322.181396 0.598942 
641.240417 344.265503 0.603841 
569.285583 332.532654 0.685381 
626.581116 358.982269 0.719159 
580.941833 369.226318 0.489286 
582.468750 325.198212 0.516369 
628.104492 329.590088 0.486799 
638.344666 347.181000 0.430527 
642.799255 263.445404 0.803236 
0.000000 0.000000 0.000000 
631.036743 263.492706 0.788610 
0.000000 0.000000 0.000000 
18
644.257385 269.328857 0.812494 
613.355835 288.484955 0.744935 
605.999817 294.279175 0.838947 
585.428284 333.945740 0.775208 
592.782288 369.232056 1.004029 
617.757019 286.970795 0.693573 
623.626099 312.005371 0.566692 
635.393188 339.891113 0.318453 
570.752808 335.483826 0.624199 
625.103027 363.394379 0.364518 
580.941833 369.226318 0.489286 
589.811707 326.679138 0.517674 
628.089050 325.216522 0.712433 
639.749512 347.259338 0.712162 
641.315308 264.895203 0.892971 
0.000000 0.000000 0.000000 
629.523621 266.340576 0.785983 
0.000000 0.000000 0.000000 
18
645.681091 267.846344 0.781208 
611.863159 287.003296 0.762969 
606.051147 291.351715 0.858779 
589.833374 332.542114 0.801883 
594.232239 366.370972 0.939592 
614.841064 285.448090 0.647840 
619.245056 310.522400 0.543115 
633.926147 339.859680 0.273654 
569.272522 332.521667 0.688091 
625.080933 359.012390 0.416362 
580.941833 369.226318 0.489286 
582.438354 326.657593 0.564141 
628.036804 325.162445 0.667802 
638.320313 347.197113 0.695991 
641.350586 264.843323 0.852924 
0.000000 0.000000 0.000000 
629.572998 264.927063 0.815140 
0.000000 0.000000 0.000000 
18
642.777222 263.454224 0.571555 
610.410400 282.521515 0.769663 
610.415283 286.993561 0.830152 
592.814209 326.651276 0.829212 
595.755981 360.474640 0.909441 
611.869385 276.688843 0.692539 
622.159668 310.448029 0.613951 
633.948486 333.980591 0.464481 
569.202393 325.188995 0.702118 
617.750549 357.518250 0.341902 
576.612915 361.948730 0.443664 
569.236694 323.689789 0.585867 
628.021301 325.192444 0.537260 
641.222229 345.808411 0.607847 
641.338257 257.549042 0.576390 
0.000000 0.000000 0.000000 
632.439941 261.899139 0.741757 
0.000000 0.000000 0.000000 
18
642.755554 253.196869 0.496706 
608.921753 275.125519 0.835573 
614.802307 278.130859 0.863474 
595.675293 314.880676 0.840984 
595.752441 353.091400 0.906878 
604.484131 267.831848 0.696182 
619.252930 307.529877 0.489902 
635.418823 331.043427 0.547167 
569.258057 323.690002 0.742736 
625.097473 350.158600 0.742523 
570.700867 363.417480 0.517928 
560.425110 319.282806 0.596342 
628.042236 322.187500 0.450033 
633.942566 335.534790 0.365539 
641.288696 250.219421 0.533245 
0.000000 0.000000 0.000000 
631.010132 251.704620 0.772897 
0.000000 0.000000 0.000000 
18
644.258057 239.921524 0.609629 
608.943909 263.469116 0.840994 
616.274902 269.316559 0.888553 
597.195007 307.553986 0.827299 
601.617310 345.806885 0.941294 
603.076355 259.017639 0.730795 
614.814087 298.675232 0.152363 
628.071289 298.696014 0.195077 
570.743835 319.306396 0.714935 
623.658936 345.791229 0.666847 
569.247314 361.943481 0.659570 
560.448364 310.486816 0.606321 
626.586853 316.339417 0.567661 
569.251160 357.541534 0.465589 
641.344238 235.481339 0.629317 
0.000000 0.000000 0.000000 
632.481689 239.911621 0.821547 
0.000000 0.000000 0.000000 
18
645.679932 228.108841 0.778149 
607.482117 254.593811 0.811131 
616.273926 263.413116 0.906041 
604.535339 300.234161 0.815942 
604.561951 342.791931 0.881746 
600.099487 250.181900 0.657525 
616.313171 297.217529 0.174306 
628.010925 308.962830 0.296726 
570.757935 313.453552 0.741039 
622.190125 344.253082 0.644583 
604.479797 348.735809 0.215546 
560.410095 307.556030 0.590488 
626.575806 316.378418 0.531204 
613.322510 341.350281 0.089682 
641.302063 220.821960 0.775233 
0.000000 0.000000 0.000000 
629.543030 228.137100 0.868306 
0.000000 0.000000 0.000000 
18
641.262329 217.861252 0.808702 
606.010376 251.587006 0.832910 
608.979309 254.612244 0.856661 
607.455200 297.202759 0.797785 
607.522339 333.950012 0.959219 
600.134644 242.863419 0.641094 
614.837891 286.944946 0.388780 
628.017578 300.211121 0.575316 
570.756531 307.505371 0.724592 
617.762390 335.493225 0.438008 
604.507629 356.065369 0.263360 
566.293457 300.146393 0.531131 
628.064209 316.345551 0.798303 
570.731628 359.016083 0.526617 
639.728943 214.920212 0.752656 
0.000000 0.000000 0.000000 
628.001282 217.886002 0.818969 
0.000000 0.000000 0.000000 
18
638.349304 206.079834 0.816170 
604.578186 239.957947 0.835966 
606.081543 244.341614 0.874578 
607.453674 286.934570 0.822584 
617.702881 322.188629 0.825523 
600.131958 236.980606 0.628650 
608.912781 285.424347 0.462165 
628.026855 298.740112 0.715541 
570.734314 298.734833 0.788732 
616.253967 333.947754 0.639907 
606.049011 347.231903 0.066613 
570.686584 292.823853 0.545799 
629.449646 312.004150 0.705413 
597.157166 357.545776 0.638929 
632.455933 203.159576 0.764342 
0.000000 0.000000 0.000000 
620.721619 206.139603 0.784505 
0.000000 0.000000 0.000000 
18
631.033569 194.331497 0.841078 
601.567627 229.578262 0.801361 
604.572021 235.471237 0.832936 
607.452026 276.712585 0.798860 
623.622803 304.624969 0.833729 
594.209900 226.657898 0.717406 
594.259644 267.867279 0.102183 
619.280090 297.237152 0.130458 
573.632263 289.915619 0.769689 
607.511108 328.133636 0.718271 
604.492065 345.795349 0.050371 
569.240173 286.927094 0.593594 
620.707520 319.285004 0.792161 
595.700073 357.538452 0.828063 
629.459534 191.382874 0.839506 
0.000000 0.000000 0.000000 
617.706055 194.352448 0.840773 
0.000000 0.000000 0.000000 
18
628.100952 182.530518 0.739632 
600.135437 220.771973 0.726024 
603.080139 228.071503 0.826476 
606.036865 266.382446 0.865799 
628.047302 291.378662 0.967540 
595.738586 217.831192 0.627671 
597.181946 259.003418 0.112123 
625.088135 276.701019 0.059826 
572.219421 285.429443 0.790636 
597.174866 326.671936 0.786312 
558.998047 367.756012 0.824632 
581.001465 278.183868 0.598045 
617.802063 309.011230 0.916255 
595.679810 356.056305 0.873441 
626.538208 179.606934 0.691609 
0.000000 0.000000 0.000000 
616.257935 182.612610 0.808062 
0.000000 0.000000 0.000000 
18
626.562866 170.792938 0.765035 
595.688660 209.057800 0.744341 
600.139648 216.392975 0.802876 
604.589294 253.208694 0.869553 
628.041077 278.142273 0.947778 
592.745911 204.642487 0.628584 
595.727112 248.736710 0.125509 
607.475220 264.938934 0.070485 
572.184875 275.185303 0.821641 
592.707031 322.247314 0.844631 
558.909058 367.810791 0.867399 
579.541443 273.712128 0.618071 
606.026489 310.400909 0.887398 
594.288635 356.071869 0.895940 
619.261902 169.255768 0.760639 
0.000000 0.000000 0.000000 
610.390686 172.298492 0.774329 
0.000000 0.000000 0.000000 
18
620.679382 161.975052 0.822466 
592.821411 203.151215 0.751664 
597.173767 206.160583 0.812330 
605.935852 251.648361 0.870119 
627.986267 267.861816 0.908567 
588.362793 195.815613 0.594768 
588.370728 241.419403 0.114001 
604.550659 263.466919 0.150310 
570.745178 270.771210 0.796555 
582.513550 319.277710 0.806723 
557.521667 367.795563 0.883381 
575.107971 266.385986 0.597288 
594.304504 310.435059 0.862016 
594.290649 357.457611 0.869486 
616.320618 158.994568 0.909840 
0.000000 0.000000 0.000000 
604.547058 166.363846 0.810947 
0.000000 0.000000 0.000000 
