39
1
18
639.844482 132.568237 0.955824 
605.942444 159.067596 0.844219 
601.604614 167.855301 0.840029 
594.198364 217.860168 0.938311 
628.091553 239.914795 0.928690 
610.412903 156.086761 0.643327 
601.609558 213.463730 0.145314 
628.079224 238.378448 0.201813 
604.530090 250.213013 0.730587 
608.962524 303.155975 0.834595 
592.729309 357.539520 0.915582 
600.124817 248.707077 0.569066 
583.932556 298.736725 0.824861 
582.432983 344.272247 0.690097 
638.337219 123.816490 0.969536 
0.000000 0.000000 0.000000 
620.675171 125.204933 0.901066 
0.000000 0.000000 0.000000 
18
639.825256 132.574081 0.947471 
604.545715 159.089203 0.824082 
601.609375 167.836197 0.843354 
594.188232 217.808899 0.949682 
628.068665 239.878036 0.925708 
607.479736 157.523270 0.639095 
601.592468 214.881866 0.152089 
628.064270 238.375534 0.210517 
603.081665 248.737946 0.729409 
606.039063 301.645966 0.875168 
592.759583 357.514069 0.937761 
594.292175 247.255905 0.621974 
585.402527 298.712189 0.830787 
581.003723 341.376709 0.714921 
638.332458 123.812805 0.956888 
0.000000 0.000000 0.000000 
620.695496 123.828598 0.901212 
0.000000 0.000000 0.000000 
18
639.833679 132.573914 0.946363 
604.556091 159.084457 0.822341 
603.007141 167.810562 0.844117 
592.834229 216.425781 0.944180 
629.518005 239.896988 0.896691 
608.927429 157.520981 0.630247 
601.589355 214.923248 0.158198 
628.110229 239.839783 0.300974 
603.048218 250.176804 0.729140 
604.485229 306.039337 0.844551 
592.754639 357.571289 0.889982 
594.262329 248.716827 0.652969 
583.994324 300.167786 0.854880 
582.506287 345.808716 0.679071 
638.344849 123.808601 0.956129 
0.000000 0.000000 0.000000 
620.711853 123.814240 0.902566 
0.000000 0.000000 0.000000 
18
639.841003 132.572342 0.942523 
605.940613 159.065109 0.829313 
603.033142 166.402954 0.845643 
592.824524 216.372772 0.946209 
629.492981 239.899445 0.888599 
610.402405 156.114944 0.627667 
603.028503 214.907959 0.163259 
628.084900 239.840546 0.321775 
603.028748 248.727249 0.720373 
604.540100 303.145874 0.855405 
592.760864 357.579285 0.895965 
594.294678 247.253250 0.635962 
585.390198 300.163696 0.855157 
582.508484 345.798492 0.676626 
638.354431 123.806671 0.956112 
0.000000 0.000000 0.000000 
620.733765 123.803169 0.896301 
0.000000 0.000000 0.000000 
18
639.839905 132.580597 0.945554 
605.949707 159.068481 0.814885 
604.460083 166.409210 0.862967 
594.209473 216.366440 0.960757 
626.586548 239.891586 0.851006 
608.942749 156.106674 0.606020 
604.479980 214.889481 0.186169 
626.589417 238.383209 0.334559 
603.052368 247.247543 0.743782 
605.985779 301.640259 0.884316 
592.771301 357.532104 0.924311 
594.243713 245.769333 0.657224 
585.396240 298.701355 0.831243 
582.477051 344.257751 0.703621 
638.355042 123.815521 0.953002 
0.000000 0.000000 0.000000 
622.160767 123.818283 0.886922 
0.000000 0.000000 0.000000 
18
639.848145 132.602493 0.956992 
605.981323 159.092621 0.829157 
604.446838 167.818314 0.861122 
594.246765 216.403259 0.931447 
626.594971 239.953293 0.768049 
610.424500 157.542114 0.626832 
605.989197 213.451904 0.397604 
628.076416 236.930862 0.589554 
603.076843 247.265976 0.747351 
606.081116 301.696594 0.867534 
592.778625 357.523438 0.934389 
594.289246 245.791290 0.651257 
583.950806 298.724335 0.843068 
582.480957 344.300079 0.703552 
639.726013 123.827362 0.958090 
0.000000 0.000000 0.000000 
622.195007 123.814018 0.885743 
0.000000 0.000000 0.000000 
18
639.869263 133.962921 0.960822 
605.989136 159.088303 0.842173 
604.456726 166.399277 0.859685 
594.299744 216.387604 0.871867 
626.583496 239.936386 0.649956 
610.429504 157.571930 0.651210 
607.485779 211.947388 0.559990 
629.555725 232.527603 0.781602 
604.491028 248.698792 0.755631 
607.504272 301.696381 0.872055 
592.751465 357.489990 0.917326 
594.286194 245.780777 0.629835 
583.938660 298.709137 0.845808 
582.529480 344.308502 0.668595 
639.742920 123.836899 0.953004 
0.000000 0.000000 0.000000 
622.178955 123.804604 0.895041 
0.000000 0.000000 0.000000 
18
639.869812 133.972153 0.963627 
606.026917 159.081955 0.844423 
604.459839 166.381027 0.860923 
597.148743 216.374847 0.840897 
628.053406 239.905441 0.667529 
611.894409 157.564819 0.676072 
613.322144 207.563828 0.592203 
630.989868 229.664764 0.791635 
603.060120 245.801529 0.733150 
607.473206 301.653687 0.889578 
592.710266 357.498901 0.885325 
594.265625 244.291946 0.624079 
583.961975 298.739929 0.861657 
583.940308 345.774506 0.664152 
639.740601 125.204811 0.948431 
0.000000 0.000000 0.000000 
623.624573 123.824333 0.879239 
0.000000 0.000000 0.000000 
18
639.877991 132.598267 0.951995 
606.036072 159.083115 0.841500 
604.486450 166.393234 0.860777 
598.628784 216.397385 0.824299 
629.556641 238.428146 0.745709 
611.881653 157.545273 0.665054 
614.788757 206.083176 0.565102 
635.407166 228.160538 0.742822 
604.489685 247.239044 0.734079 
605.931458 301.663300 0.887375 
592.738464 357.525818 0.876811 
594.208679 244.303879 0.643446 
585.411560 298.751953 0.865536 
583.982727 347.201843 0.659282 
639.743591 123.834137 0.947180 
0.000000 0.000000 0.000000 
623.632813 123.837921 0.874022 
0.000000 0.000000 0.000000 
18
641.242432 132.585373 0.940397 
607.450134 159.072922 0.836730 
604.523560 164.937073 0.844744 
603.024597 216.420135 0.840202 
638.293945 232.570831 0.806353 
613.353882 157.549484 0.670437 
613.359680 207.581238 0.529019 
638.318848 226.619965 0.664077 
604.493347 247.275131 0.736540 
604.503052 303.108490 0.870869 
592.756958 357.545441 0.882449 
594.259277 245.786438 0.639143 
585.437378 298.753601 0.849906 
583.988770 345.770203 0.679161 
639.766907 123.819557 0.948810 
0.000000 0.000000 0.000000 
625.090271 123.810196 0.885649 
0.000000 0.000000 0.000000 
18
641.291565 132.549011 0.919704 
607.493591 159.037964 0.834265 
604.572693 164.894791 0.860555 
604.461426 216.394867 0.905356 
639.789917 228.201996 0.918040 
614.771240 156.119568 0.658011 
616.304382 201.683731 0.463482 
638.356750 216.415329 0.643343 
604.543701 248.709045 0.730000 
604.463440 303.159790 0.882310 
592.748718 357.535767 0.888432 
594.239685 247.226105 0.655821 
586.863281 298.760284 0.850742 
583.992432 345.774780 0.688808 
639.802307 123.800797 0.953658 
0.000000 0.000000 0.000000 
626.523132 123.810562 0.898638 
0.000000 0.000000 0.000000 
18
641.319763 132.529449 0.888615 
608.966064 158.991592 0.828295 
604.572937 161.997223 0.876763 
605.935669 216.447006 0.925247 
639.840942 220.801056 0.932989 
616.259460 156.093460 0.685487 
625.102478 189.898071 0.513807 
639.784546 203.130035 0.574679 
604.493713 247.261246 0.741348 
603.073120 301.709656 0.879688 
592.733521 357.532806 0.862267 
601.552063 242.853088 0.605293 
588.328796 298.671509 0.815163 
585.401306 345.790100 0.661184 
639.829224 123.789696 0.939379 
0.000000 0.000000 0.000000 
626.563965 123.810181 0.914723 
0.000000 0.000000 0.000000 
18
641.315796 132.514969 0.877941 
608.934509 158.986694 0.836293 
605.946045 163.434631 0.868445 
607.495544 217.777451 0.930225 
644.212219 216.387711 0.893426 
614.806091 156.076233 0.682056 
625.118286 185.488983 0.681682 
645.675903 203.142944 0.614774 
604.552063 248.699646 0.766630 
603.036560 301.708984 0.865557 
592.707092 357.545502 0.837684 
598.658142 242.875046 0.598210 
589.815308 298.677673 0.790616 
588.354309 348.697021 0.614382 
639.830811 123.785400 0.940759 
0.000000 0.000000 0.000000 
626.583313 123.821701 0.911476 
0.000000 0.000000 0.000000 
18
641.324341 132.517654 0.861789 
608.928772 159.006104 0.828788 
606.001709 163.440247 0.851210 
614.843994 216.379852 0.950925 
650.108276 206.141861 0.876692 
613.337952 156.093109 0.645635 
623.624573 188.434647 0.449440 
647.141907 195.808807 0.614218 
605.969971 248.739059 0.771636 
603.001343 303.137726 0.850180 
592.712524 357.554474 0.845376 
595.746643 244.311813 0.619786 
589.828552 298.722321 0.781660 
588.355469 348.721436 0.603706 
639.841980 123.791115 0.932949 
0.000000 0.000000 0.000000 
627.983582 123.824188 0.922866 
0.000000 0.000000 0.000000 
18
641.322632 132.529892 0.859981 
608.923279 159.000824 0.836549 
605.993896 161.981644 0.853409 
616.352600 216.295868 0.957795 
653.020325 198.754425 0.791503 
613.350403 156.123322 0.680218 
626.512939 182.578049 0.614184 
651.615417 189.900879 0.702918 
605.951111 248.718246 0.776423 
601.581726 303.112152 0.841743 
592.723267 357.538910 0.841547 
600.101440 242.873764 0.608811 
591.252075 298.744293 0.795718 
586.910095 348.727234 0.612697 
639.847839 123.799049 0.932790 
0.000000 0.000000 0.000000 
628.012634 123.829605 0.924050 
0.000000 0.000000 0.000000 
18
641.350342 132.561050 0.865620 
607.510925 158.994553 0.844768 
605.959412 161.988724 0.867492 
623.656372 214.864899 0.882204 
651.635742 187.003754 0.762706 
611.894287 157.500412 0.703209 
626.575745 181.053802 0.612870 
651.608704 179.634109 0.743065 
604.580261 247.277130 0.758908 
598.660645 303.142273 0.803668 
592.722290 357.550476 0.850581 
603.061829 244.307632 0.604772 
592.708557 300.180084 0.792914 
588.378296 348.734985 0.596171 
641.239563 123.815948 0.932941 
0.000000 0.000000 0.000000 
628.066650 123.826912 0.943298 
0.000000 0.000000 0.000000 
18
642.731995 134.016693 0.867229 
607.481689 157.621185 0.845537 
604.576111 160.524551 0.885460 
628.081543 209.037582 0.943149 
651.569092 178.141953 0.644297 
611.877258 157.510284 0.719144 
627.994202 181.072968 0.536549 
651.615051 172.305206 0.753862 
604.576355 248.729492 0.760269 
595.756958 307.517212 0.801929 
592.715210 358.938202 0.841640 
604.557434 247.233963 0.602904 
592.796326 303.135345 0.745779 
591.320740 353.085968 0.607238 
641.304565 125.278122 0.889835 
0.000000 0.000000 0.000000 
629.458801 125.232567 0.948100 
0.000000 0.000000 0.000000 
18
642.758728 135.578293 0.878101 
605.987488 157.616989 0.828960 
604.550964 161.957321 0.847240 
632.467224 206.070602 0.914064 
651.549011 169.365677 0.732244 
606.015137 156.112000 0.689251 
625.134888 173.781082 0.401879 
651.615051 172.305206 0.753862 
604.558777 247.238220 0.737102 
595.737671 306.084656 0.790992 
592.707825 357.566681 0.844508 
606.027832 244.333328 0.595134 
594.274536 304.569519 0.723118 
592.764221 350.185455 0.601945 
641.354797 132.560913 0.918747 
0.000000 0.000000 0.000000 
629.466797 128.163376 0.911969 
0.000000 0.000000 0.000000 
18
641.352600 139.905151 0.757726 
604.554626 158.994904 0.809674 
604.497742 161.956955 0.849930 
639.784363 203.167450 0.939352 
651.601929 164.892365 0.815385 
604.558960 157.552841 0.667426 
623.633362 175.248825 0.253080 
651.615051 172.305206 0.753862 
604.561279 248.704529 0.739941 
595.686646 307.517303 0.804496 
592.698120 358.939636 0.834051 
606.052002 245.784225 0.616991 
594.234680 304.593719 0.733518 
592.814636 351.645599 0.625190 
641.346558 134.099396 0.918985 
0.000000 0.000000 0.000000 
629.557861 132.553207 0.931117 
0.000000 0.000000 0.000000 
18
641.359070 141.399902 0.611027 
604.519592 158.995316 0.775067 
604.472107 160.548737 0.852458 
641.361816 198.731384 0.926667 
653.031067 159.076355 0.975400 
604.533630 157.552109 0.638437 
630.987854 194.358276 0.202334 
651.615051 172.305206 0.753862 
604.550842 248.709076 0.732032 
595.699890 307.517273 0.799024 
592.691711 357.578613 0.827771 
607.474060 245.791580 0.628136 
594.248840 304.594696 0.722301 
592.817078 351.626587 0.627996 
642.734863 135.472534 0.802761 
0.000000 0.000000 0.000000 
629.568420 133.981689 0.978069 
0.000000 0.000000 0.000000 
18
642.729980 142.855438 0.446900 
604.575562 157.629807 0.764903 
604.484924 160.531723 0.869974 
644.264771 195.827652 0.916621 
653.005310 159.006592 0.998066 
606.003601 157.517990 0.632516 
629.514404 194.304932 0.170340 
651.615051 172.305206 0.753862 
604.573242 248.733994 0.728026 
595.719116 307.547241 0.800568 
591.320740 358.941406 0.834142 
608.928040 247.236542 0.612991 
594.278198 306.048645 0.704711 
592.809937 351.632080 0.611019 
642.775574 135.491501 0.645230 
0.000000 0.000000 0.000000 
630.976440 133.986267 0.988541 
0.000000 0.000000 0.000000 
18
641.361084 142.885468 0.528697 
605.997742 157.621613 0.785051 
604.499512 160.497452 0.885927 
645.688293 194.359039 0.943321 
652.987732 157.563660 0.912453 
608.926941 157.544418 0.643851 
632.463501 191.394058 0.220480 
651.615051 172.305206 0.753862 
604.574097 248.729355 0.727691 
595.718384 307.542450 0.802982 
591.322449 357.574402 0.826508 
610.396057 247.241501 0.613283 
594.256714 306.042511 0.714512 
592.781494 351.640289 0.617966 
642.733704 135.522263 0.731380 
0.000000 0.000000 0.000000 
629.581665 134.003891 0.999540 
0.000000 0.000000 0.000000 
18
642.807861 144.285141 0.609261 
607.468445 158.982101 0.782208 
604.513245 160.509583 0.879724 
648.622925 194.397308 0.932276 
653.099792 157.518433 0.873830 
613.359924 157.593094 0.663117 
633.940796 192.844345 0.247084 
651.615051 172.305206 0.753862 
604.565857 248.741913 0.731716 
595.708740 307.550171 0.804401 
592.706665 357.579681 0.827833 
611.855591 247.241684 0.618614 
594.247620 306.051666 0.717665 
592.773865 351.663544 0.617629 
642.805115 135.503189 0.790255 
0.000000 0.000000 0.000000 
629.606628 132.590729 0.954441 
0.000000 0.000000 0.000000 
18
645.687561 144.286728 0.603039 
607.488647 158.992004 0.778993 
604.529724 160.507599 0.884105 
648.658997 194.390076 0.937453 
654.531799 157.549072 0.860677 
614.798767 158.984985 0.668595 
635.417725 194.293198 0.241123 
651.615051 172.305206 0.753862 
604.553284 248.713760 0.736849 
595.727722 307.515625 0.800171 
592.709351 357.572449 0.838202 
611.874146 245.798874 0.625465 
594.265625 304.595551 0.728979 
592.769714 351.654175 0.619883 
645.696167 135.500961 0.776284 
0.000000 0.000000 0.000000 
630.992981 133.958786 0.962608 
0.000000 0.000000 0.000000 
18
644.238159 141.413101 0.545956 
607.494263 157.630859 0.783189 
604.565979 160.515610 0.872749 
650.047791 194.395081 0.937414 
657.460022 157.527313 0.806411 
613.342773 157.587097 0.670916 
639.799561 192.868469 0.252853 
654.520813 156.109802 0.468985 
604.514465 248.689880 0.732984 
595.695801 307.513428 0.810366 
592.709290 357.577118 0.833656 
611.894958 245.786713 0.643046 
594.305786 306.034302 0.719407 
592.779480 351.639954 0.622737 
644.262634 135.458618 0.742692 
0.000000 0.000000 0.000000 
631.034790 133.970322 0.962697 
0.000000 0.000000 0.000000 
18
642.818787 141.381500 0.582392 
607.490356 158.977997 0.784601 
604.564331 160.526199 0.867890 
650.090637 194.371140 0.962518 
658.907043 157.528229 0.773644 
613.332825 157.588913 0.669992 
641.286377 192.850739 0.260467 
654.565308 156.087494 0.553548 
604.524170 247.266586 0.731467 
595.695679 307.504852 0.807921 
592.706909 357.569214 0.823997 
611.893433 245.775391 0.639958 
594.284729 304.606476 0.725316 
592.757507 353.086609 0.627648 
644.228271 134.093887 0.785571 
0.000000 0.000000 0.000000 
631.017212 132.589539 0.958631 
0.000000 0.000000 0.000000 
18
644.205933 139.917435 0.599873 
607.474548 157.625031 0.781645 
604.583435 160.525238 0.855770 
651.486511 194.346802 0.982925 
660.374939 157.511780 0.730032 
611.874390 157.559875 0.665845 
642.741272 192.825577 0.240356 
655.993896 154.635239 0.588493 
604.536194 248.689590 0.730923 
595.708557 307.529388 0.810043 
592.710632 357.578796 0.841164 
610.413513 245.786911 0.624631 
594.265625 306.034973 0.729949 
592.736755 351.648529 0.615890 
644.221619 134.066101 0.805791 
0.000000 0.000000 0.000000 
631.000427 132.574326 0.955639 
0.000000 0.000000 0.000000 
18
644.245850 138.449097 0.657258 
607.476746 157.631683 0.781344 
604.591858 160.519455 0.852130 
650.131897 194.347748 0.975459 
658.914856 156.083557 0.708832 
611.872864 157.581238 0.673676 
645.677490 192.873596 0.278381 
655.989136 154.633316 0.590084 
604.516663 248.694946 0.725909 
595.708740 307.500671 0.803885 
592.686279 357.565308 0.832588 
610.386780 245.802185 0.627746 
594.275146 304.587341 0.726417 
592.757629 351.628265 0.614482 
644.214600 134.013779 0.848718 
0.000000 0.000000 0.000000 
630.987183 132.540756 0.923461 
0.000000 0.000000 0.000000 
18
645.716980 135.520004 0.641564 
607.512451 157.603531 0.789248 
604.590698 160.530472 0.849187 
651.501221 194.317032 0.996080 
655.981262 154.645493 0.697848 
613.367920 157.522720 0.680446 
644.206116 191.381958 0.249665 
654.553528 153.145859 0.632490 
604.502625 247.254059 0.725484 
595.678589 306.083862 0.811754 
592.692078 357.573486 0.829588 
610.396606 245.770737 0.626428 
594.252747 304.588715 0.725772 
592.756531 351.644928 0.617397 
644.248108 132.524109 0.787004 
0.000000 0.000000 0.000000 
630.996948 131.087021 0.908491 
0.000000 0.000000 0.000000 
18
644.237671 135.465393 0.676025 
608.942688 157.586121 0.793689 
604.556213 160.524307 0.848539 
651.531799 194.273972 1.006629 
654.554688 151.699570 0.672899 
616.252014 157.498688 0.692528 
647.120728 191.382980 0.266325 
654.501465 150.236450 0.681130 
604.487549 247.260727 0.726235 
594.313477 306.083221 0.803630 
592.708313 357.564484 0.830484 
610.422119 245.772537 0.627727 
594.233154 304.582794 0.729809 
592.767517 351.630585 0.614373 
642.798096 129.636185 0.794642 
0.000000 0.000000 0.000000 
629.600342 129.603149 0.888429 
0.000000 0.000000 0.000000 
18
642.826721 134.041656 0.660953 
608.933655 157.589081 0.790287 
604.568115 160.518097 0.842436 
651.600891 192.863373 1.024954 
656.024231 150.231537 0.708613 
614.822876 157.493469 0.692993 
650.064636 192.795273 0.275407 
654.534363 150.198318 0.593984 
604.481384 248.723297 0.729440 
594.308228 307.544373 0.804126 
592.700806 358.934662 0.827593 
610.395386 247.254669 0.628379 
594.265625 306.054565 0.721694 
592.783691 351.633789 0.606306 
642.777161 126.701294 0.789917 
0.000000 0.000000 0.000000 
629.559387 128.149017 0.907075 
0.000000 0.000000 0.000000 
18
644.228699 134.001083 0.689620 
608.956604 157.568634 0.799139 
604.554810 160.488770 0.864781 
651.609924 192.821899 1.012799 
654.572815 151.684601 0.643491 
616.266052 156.095612 0.703444 
642.758789 184.044479 0.259693 
654.534363 150.198318 0.593984 
604.485291 247.271439 0.732235 
594.299377 307.520538 0.815379 
592.697693 358.937134 0.838380 
610.424133 245.785309 0.628257 
594.270935 304.616730 0.717370 
592.793945 350.194031 0.606780 
642.784363 125.272102 0.817013 
0.000000 0.000000 0.000000 
629.535950 126.731613 0.918863 
0.000000 0.000000 0.000000 
18
642.800903 134.020691 0.723356 
608.949646 157.574310 0.808706 
604.554871 160.491760 0.872713 
651.604553 192.829956 1.019773 
654.521179 150.200226 0.635016 
616.265625 156.104080 0.698299 
632.461182 169.336823 0.314571 
654.534363 150.198318 0.593984 
604.480164 247.255768 0.726561 
594.315552 307.520233 0.808404 
592.704224 358.937622 0.847883 
608.966248 245.778259 0.625583 
594.261169 306.035034 0.724066 
592.775574 350.187164 0.608511 
641.358948 126.677986 0.841982 
0.000000 0.000000 0.000000 
629.485413 128.158585 0.923655 
0.000000 0.000000 0.000000 
18
642.816162 133.971771 0.692315 
608.965454 157.573410 0.802681 
604.551880 160.493149 0.863591 
651.550415 194.262466 1.007712 
653.120728 154.616425 0.649198 
616.280334 156.105331 0.701237 
629.548157 169.343079 0.250277 
654.534363 150.198318 0.593984 
604.453186 248.696152 0.717421 
594.280640 307.556732 0.820001 
592.694885 358.943146 0.833546 
610.390320 245.795105 0.639670 
594.250427 306.076385 0.726453 
592.778992 351.625641 0.616786 
642.733215 125.242821 0.832716 
0.000000 0.000000 0.000000 
629.467896 128.146301 0.921626 
0.000000 0.000000 0.000000 
18
644.214783 132.590561 0.738312 
610.406311 157.574997 0.818428 
604.566040 160.493439 0.871170 
650.099304 195.771271 0.948845 
653.076050 158.999802 0.675279 
616.311768 156.104294 0.713386 
629.533875 169.322540 0.369603 
651.602783 154.601898 0.765900 
604.457581 247.232147 0.718420 
594.286011 306.081787 0.803607 
592.690857 357.574829 0.831960 
610.402222 244.314728 0.643287 
594.259216 304.596130 0.719234 
592.778259 350.176147 0.606489 
642.736938 125.236694 0.850539 
0.000000 0.000000 0.000000 
629.457458 128.150848 0.931054 
0.000000 0.000000 0.000000 
18
645.716858 133.968414 0.834143 
610.385559 157.576828 0.838049 
605.943787 160.525497 0.877508 
642.754456 203.135742 0.929489 
653.125488 164.931015 0.717597 
616.249695 156.100449 0.736307 
628.056458 170.789948 0.497296 
653.030334 160.513870 0.765557 
604.462280 247.229675 0.731776 
594.283569 306.073181 0.810237 
592.687500 357.566833 0.833917 
610.387268 244.316620 0.657386 
594.258240 304.595703 0.726963 
592.775330 350.177643 0.610453 
642.799072 125.262589 0.857438 
0.000000 0.000000 0.000000 
629.482117 126.700294 0.929045 
0.000000 0.000000 0.000000 
18
647.159058 132.554581 0.860956 
610.420532 157.547958 0.857209 
606.001587 160.510208 0.911273 
638.339600 207.524841 0.934773 
657.466125 173.719162 0.656216 
616.243286 156.042526 0.738345 
628.065552 172.286285 0.641042 
653.094788 164.914352 0.840035 
604.508972 247.252167 0.758392 
594.277100 306.081207 0.815602 
591.307251 357.547333 0.831271 
611.882263 244.340317 0.646367 
595.688232 304.597534 0.719411 
594.192871 348.729706 0.616338 
644.200623 125.199127 0.892649 
0.000000 0.000000 0.000000 
629.467651 125.260849 0.924811 
0.000000 0.000000 0.000000 
18
645.691406 132.544418 0.851740 
610.431885 157.624741 0.822128 
606.039490 160.506042 0.869576 
628.095947 214.871887 0.969481 
660.384277 191.385925 0.784961 
616.230652 157.522263 0.721047 
628.085632 181.130493 0.718012 
654.535095 178.146667 0.728639 
604.501526 250.183212 0.770938 
594.277222 307.542206 0.816966 
591.306396 357.561157 0.821030 
610.411133 248.717407 0.655322 
594.294189 306.062317 0.737081 
592.792175 350.186310 0.618362 
642.768555 123.807159 0.898236 
0.000000 0.000000 0.000000 
629.468140 125.251320 0.929694 
0.000000 0.000000 0.000000 
18
644.248230 131.093201 0.839628 
611.886414 159.034973 0.813131 
610.385132 163.459534 0.792205 
619.213318 217.813248 0.974174 
661.855286 207.573761 0.945596 
613.352600 157.531982 0.684743 
627.971741 188.431152 0.647068 
653.102539 188.450241 0.661992 
605.962341 251.632156 0.794359 
594.278381 308.960999 0.835548 
591.317444 357.568176 0.825303 
607.499084 250.158646 0.627177 
594.269714 306.068268 0.724720 
592.792969 351.627106 0.618107 
641.349243 123.762451 0.923666 
0.000000 0.000000 0.000000 
629.471741 125.225601 0.940434 
0.000000 0.000000 0.000000 
