47
1
18
548.698669 161.978546 0.852431 
523.721252 203.154022 0.845159 
535.361816 206.041122 0.909619 
533.977600 248.749405 0.851141 
557.530945 242.838394 0.837264 
516.314697 197.262039 0.656844 
532.443176 239.903671 0.119350 
554.527771 236.969147 0.374777 
528.070313 276.647339 0.766319 
522.203308 323.656830 0.803234 
517.788696 367.840454 0.702047 
514.861572 273.733185 0.636065 
520.752075 322.188599 0.631969 
520.686462 360.465790 0.592797 
545.750305 157.599197 0.919876 
0.000000 0.000000 0.000000 
533.877014 161.980621 0.773522 
0.000000 0.000000 0.000000 
18
548.687805 161.973785 0.865970 
523.707031 203.107788 0.841972 
533.995483 206.041687 0.914512 
533.944336 250.220474 0.847953 
557.467773 242.816315 0.803231 
516.301636 195.783401 0.660929 
530.966248 239.852478 0.100444 
553.034424 239.837067 0.331469 
526.609009 275.224701 0.751400 
522.219849 322.240936 0.787475 
517.765381 367.813721 0.725115 
513.384216 272.229858 0.637982 
522.154724 319.270142 0.596252 
519.253967 357.548279 0.561541 
545.752075 157.578491 0.928949 
0.000000 0.000000 0.000000 
532.481934 160.499054 0.767884 
0.000000 0.000000 0.000000 
18
548.666138 161.958405 0.870915 
523.658936 201.648911 0.808550 
532.492920 204.636963 0.878529 
532.474121 250.211990 0.825134 
557.509949 242.836685 0.839285 
516.294983 194.359360 0.656099 
532.482361 239.856293 0.145786 
554.497681 239.848648 0.420744 
526.635376 276.671417 0.780419 
522.157288 323.687195 0.803457 
516.323364 367.814728 0.729118 
517.758911 275.145203 0.608342 
522.131592 322.233398 0.648694 
519.264282 359.005096 0.592835 
545.739685 157.571396 0.931262 
0.000000 0.000000 0.000000 
532.495117 160.493958 0.785518 
0.000000 0.000000 0.000000 
18
548.692383 160.523499 0.895200 
523.629272 198.736923 0.799070 
529.551514 204.583084 0.862238 
528.091064 248.707184 0.757668 
557.450806 242.840363 0.834684 
517.790161 194.323776 0.654102 
532.455505 238.426346 0.194633 
553.041382 239.867279 0.443124 
526.588440 275.234406 0.787735 
522.155457 323.659271 0.795413 
516.335022 367.805847 0.739141 
517.779785 273.700256 0.604483 
522.148193 320.786835 0.618896 
519.280273 357.559204 0.569762 
545.729370 157.542496 0.943384 
0.000000 0.000000 0.000000 
532.426636 160.503098 0.788130 
0.000000 0.000000 0.000000 
18
548.675171 160.550598 0.893172 
522.248718 198.749344 0.794767 
528.083008 204.615723 0.875839 
526.600220 248.729553 0.791179 
557.473999 241.396988 0.908821 
516.307373 194.312088 0.639411 
530.988831 235.516159 0.133404 
553.079895 235.491135 0.301655 
525.161316 276.653351 0.787598 
522.138916 323.722321 0.800032 
516.313171 367.815155 0.729912 
516.319458 275.128265 0.616940 
520.727051 322.282104 0.643208 
520.674438 359.019623 0.569742 
545.718506 157.561432 0.950218 
0.000000 0.000000 0.000000 
531.017639 160.496918 0.791900 
0.000000 0.000000 0.000000 
18
548.652405 160.566711 0.881784 
522.204712 197.270569 0.806251 
526.598328 204.555466 0.877260 
525.177856 248.743057 0.820063 
557.516052 241.369629 0.922155 
514.865723 192.898544 0.658042 
532.466492 232.555908 0.180790 
554.521484 229.635147 0.460959 
525.139343 276.652618 0.794326 
522.137573 323.683228 0.804614 
516.304993 367.800751 0.730810 
517.769470 275.127625 0.605276 
522.126038 322.229279 0.635284 
519.251709 358.996521 0.575683 
545.715637 157.574783 0.943721 
0.000000 0.000000 0.000000 
531.013306 159.119415 0.802416 
0.000000 0.000000 0.000000 
18
547.265503 161.964935 0.890631 
522.248352 195.818497 0.823996 
525.153320 203.140686 0.895953 
523.656677 244.322250 0.878743 
558.895386 239.918381 0.914349 
519.250854 192.846985 0.678021 
535.479797 219.343567 0.249215 
555.997803 225.196030 0.596158 
523.727783 276.630859 0.801517 
522.182434 322.273010 0.815541 
516.296814 367.804688 0.728591 
519.231812 275.123993 0.586600 
522.132935 320.760437 0.617851 
519.273682 358.994843 0.600982 
545.678345 157.584091 0.928310 
0.000000 0.000000 0.000000 
529.526672 160.479401 0.798746 
0.000000 0.000000 0.000000 
18
547.244324 161.991470 0.900069 
523.621460 200.194931 0.771110 
525.114502 204.651031 0.909500 
523.688538 247.235229 0.883666 
557.463745 236.937119 0.839929 
520.708008 194.361557 0.623964 
533.977234 228.137329 0.214529 
555.997803 225.196030 0.596158 
523.715210 276.664001 0.797938 
522.158997 323.655365 0.803202 
516.292480 367.812927 0.735468 
519.249023 275.165833 0.598634 
522.123962 322.197052 0.622902 
520.683960 358.992096 0.594632 
545.647461 157.601425 0.929325 
0.000000 0.000000 0.000000 
528.092407 160.529144 0.785361 
0.000000 0.000000 0.000000 
18
547.216980 162.001419 0.920356 
523.645081 197.303467 0.778369 
523.623169 204.598465 0.918467 
525.113464 244.344803 0.888704 
557.451294 229.647507 0.882817 
523.656799 194.331726 0.653412 
539.812134 219.345444 0.340545 
556.023621 226.644348 0.553859 
523.639587 275.238159 0.794994 
522.131104 322.267853 0.785536 
516.320435 367.814087 0.722185 
522.190857 275.138397 0.609925 
522.190796 322.185883 0.655896 
520.691956 359.006744 0.612815 
545.633911 157.614273 0.928925 
0.000000 0.000000 0.000000 
528.086914 160.495544 0.784125 
0.000000 0.000000 0.000000 
18
547.156799 163.458755 0.912155 
522.140076 195.809921 0.777662 
522.255432 203.105637 0.925040 
532.470947 242.821625 0.918548 
558.910706 225.221466 0.891782 
519.247070 192.907623 0.668860 
535.451477 220.772659 0.342735 
557.447815 216.425125 0.646769 
522.227417 275.128906 0.783262 
522.148987 322.185730 0.757587 
516.317932 367.809875 0.722326 
520.712219 272.220001 0.573387 
522.253113 319.270081 0.640547 
520.715210 358.971802 0.612266 
544.234192 158.981766 0.908375 
0.000000 0.000000 0.000000 
526.619568 159.115433 0.786930 
0.000000 0.000000 0.000000 
18
545.787964 162.011993 0.925596 
519.270569 195.837067 0.734116 
522.143250 203.127457 0.870100 
534.006165 241.424011 0.963715 
558.987000 217.871872 0.866781 
517.755737 194.319550 0.676335 
535.419617 225.172409 0.372294 
557.473633 214.918396 0.674534 
522.213135 275.149841 0.788078 
522.117920 322.221649 0.752715 
516.336304 367.813446 0.730390 
519.257935 272.252655 0.582408 
522.225403 320.738892 0.649444 
520.689575 358.978149 0.587457 
542.804382 157.615250 0.910023 
0.000000 0.000000 0.000000 
525.182251 159.097549 0.803969 
0.000000 0.000000 0.000000 
18
545.750610 161.996201 0.931988 
517.780518 197.295837 0.703260 
522.129395 204.556320 0.858643 
536.900391 241.387939 0.958901 
558.999390 214.925461 0.856190 
513.406921 195.773193 0.658450 
535.454102 222.258713 0.310751 
557.446777 207.583435 0.648489 
522.254944 275.216248 0.808298 
520.749207 322.273315 0.760436 
516.338257 367.816986 0.715350 
516.336853 273.719116 0.608709 
522.167786 322.187866 0.652619 
520.674866 359.011780 0.591744 
542.766052 157.608017 0.907608 
0.000000 0.000000 0.000000 
525.138245 159.106705 0.809245 
0.000000 0.000000 0.000000 
18
545.761658 163.478409 0.933742 
519.258545 197.284378 0.713776 
522.135803 204.575180 0.848013 
541.290710 241.341705 0.929310 
559.008911 209.017914 0.888065 
516.301819 194.347382 0.668740 
538.356262 209.037491 0.306092 
556.012451 204.578339 0.602083 
522.246582 275.233978 0.790659 
522.135864 322.269867 0.775393 
516.313660 367.796326 0.705215 
520.681580 275.127563 0.601775 
522.145203 322.187775 0.649153 
519.234741 359.014465 0.586168 
544.187927 159.017776 0.929988 
0.000000 0.000000 0.000000 
525.191650 160.517380 0.796668 
0.000000 0.000000 0.000000 
18
545.757141 161.967407 0.928239 
522.153564 197.254257 0.742025 
522.128784 203.151566 0.828004 
544.253784 239.828568 0.945266 
558.946594 206.062378 0.787917 
522.154236 194.350708 0.729013 
545.667603 217.867737 0.389821 
558.929810 198.750397 0.670950 
522.195557 275.210175 0.779698 
522.114990 322.250763 0.761593 
516.315735 367.803864 0.712926 
522.189209 273.717377 0.613467 
522.206970 320.778595 0.670365 
519.262268 359.009430 0.590418 
542.753662 157.622284 0.903483 
0.000000 0.000000 0.000000 
525.184021 160.503494 0.797180 
0.000000 0.000000 0.000000 
18
545.722168 160.553131 0.935823 
522.199280 195.840637 0.757523 
522.121216 203.135513 0.820216 
547.213318 235.509460 0.922397 
558.934692 203.095322 0.789033 
523.621216 194.335983 0.734490 
545.722046 219.333069 0.412922 
558.919922 194.354401 0.725930 
522.158447 275.171631 0.762867 
522.121704 322.243744 0.759701 
516.306274 367.806305 0.717696 
522.205688 273.699829 0.630192 
522.233521 320.759308 0.669443 
519.257874 358.990601 0.587779 
541.312195 157.605347 0.899234 
0.000000 0.000000 0.000000 
526.586060 160.481583 0.780145 
0.000000 0.000000 0.000000 
18
545.705383 160.519211 0.948626 
523.606812 195.847504 0.760663 
522.113647 203.157288 0.839884 
550.160156 234.039993 0.870748 
558.932617 200.176559 0.816683 
525.160217 194.319427 0.698386 
545.754028 225.183105 0.329815 
557.525696 194.296707 0.620863 
522.163879 275.131561 0.749652 
522.133667 322.219269 0.745192 
516.314697 367.795471 0.708670 
523.666443 272.260773 0.622899 
522.238037 320.729584 0.643955 
519.264465 359.003021 0.584714 
539.846069 157.595886 0.909513 
0.000000 0.000000 0.000000 
525.171204 160.508347 0.777702 
0.000000 0.000000 0.000000 
18
545.670166 159.124588 0.926859 
522.230957 195.827682 0.755328 
522.171875 204.561478 0.845126 
554.502258 231.137451 0.886044 
558.933350 197.280289 0.796686 
523.691711 192.891907 0.687931 
545.728760 222.276596 0.285165 
557.501099 192.879074 0.652897 
522.217712 275.136139 0.752842 
522.141113 322.227509 0.754161 
516.291687 367.789703 0.707044 
522.213379 273.675171 0.596558 
522.208252 320.735718 0.637248 
519.272949 359.013977 0.599654 
538.398376 157.581451 0.892018 
0.000000 0.000000 0.000000 
525.173462 160.508163 0.769243 
0.000000 0.000000 0.000000 
18
545.675537 160.499710 0.927032 
522.220459 195.796585 0.769885 
522.146729 203.141464 0.826870 
557.401062 229.633514 0.936362 
558.920166 194.351166 0.829936 
525.124878 192.891678 0.698105 
547.193298 222.261505 0.254546 
557.451965 192.812149 0.562473 
522.238953 273.735168 0.747880 
522.143372 322.207733 0.746274 
514.880249 367.796356 0.715424 
523.681396 272.242737 0.594134 
522.258667 319.299896 0.639616 
520.671631 358.979156 0.585871 
539.820190 157.585953 0.899987 
0.000000 0.000000 0.000000 
525.148071 159.122284 0.793641 
0.000000 0.000000 0.000000 
18
545.670593 160.506378 0.924193 
522.159363 194.385223 0.768690 
522.156128 203.139511 0.803660 
557.536560 229.639481 0.961118 
558.915833 194.358398 0.861561 
522.224121 192.841370 0.680237 
547.177063 223.731079 0.223545 
557.451965 192.812149 0.562473 
523.645874 273.693695 0.742122 
522.153687 322.190216 0.746781 
516.299744 367.788086 0.709318 
522.231628 272.219910 0.574862 
522.206238 317.842438 0.619633 
519.239746 358.972168 0.586649 
539.815369 157.593643 0.896770 
0.000000 0.000000 0.000000 
525.134155 159.111679 0.802529 
0.000000 0.000000 0.000000 
18
545.636963 160.506866 0.904016 
522.143433 195.819077 0.759514 
522.164856 204.561890 0.806977 
558.945801 229.616287 0.961146 
558.923950 194.329727 0.824748 
522.202942 192.900406 0.677800 
545.707947 222.249374 0.207139 
557.451965 192.812149 0.562473 
523.646912 273.735718 0.746803 
522.157593 322.211914 0.771608 
516.305542 367.796234 0.712413 
523.618713 272.266296 0.587285 
522.204834 319.296967 0.644887 
519.242554 359.002228 0.589231 
538.362366 157.578201 0.887169 
0.000000 0.000000 0.000000 
523.696350 159.080643 0.812302 
0.000000 0.000000 0.000000 
18
544.268738 160.519287 0.884493 
522.120972 195.845718 0.741693 
522.191772 204.585770 0.821689 
559.012329 229.626923 0.927857 
558.908997 194.275589 0.856479 
522.146912 194.287231 0.656263 
542.767578 219.324661 0.190475 
557.451965 192.812149 0.562473 
523.667236 275.141022 0.740828 
522.151184 322.236938 0.758393 
514.880981 367.795563 0.720538 
522.175476 273.696594 0.581613 
522.217590 320.729401 0.632956 
519.262390 358.970947 0.574138 
538.366882 157.580093 0.887545 
0.000000 0.000000 0.000000 
523.709961 159.093567 0.813206 
0.000000 0.000000 0.000000 
18
544.242798 160.497177 0.859390 
522.110535 195.843216 0.756948 
522.229736 204.603638 0.833032 
559.005310 229.637650 0.923074 
558.921448 194.295380 0.853418 
520.693665 194.279480 0.651088 
541.307617 217.835709 0.190073 
557.451965 192.812149 0.562473 
523.670410 273.718048 0.750737 
522.170105 322.214020 0.758713 
516.300415 367.796478 0.721330 
520.679382 272.254913 0.567990 
522.186279 317.847778 0.616687 
519.250122 358.963898 0.569213 
538.359009 157.585495 0.865176 
0.000000 0.000000 0.000000 
525.142029 159.108429 0.782733 
0.000000 0.000000 0.000000 
18
544.229858 159.098648 0.772599 
520.742493 197.255234 0.759471 
522.226563 204.608124 0.827089 
559.021484 229.650726 0.913101 
558.927917 194.314301 0.845012 
520.680054 194.284241 0.657074 
538.355164 213.457550 0.194122 
557.451965 192.812149 0.562473 
523.667908 275.141785 0.746056 
522.143311 322.267334 0.748671 
516.308655 367.805756 0.725653 
520.700378 273.693085 0.571431 
522.212769 320.764984 0.627097 
520.667542 357.563904 0.559495 
538.376953 157.544159 0.777698 
0.000000 0.000000 0.000000 
526.583557 159.084671 0.763337 
0.000000 0.000000 0.000000 
18
542.754272 159.063339 0.765043 
520.743347 195.830795 0.758589 
522.197693 204.613708 0.811359 
560.418579 229.602570 0.916353 
558.960571 192.826324 0.822536 
520.700256 192.866425 0.664058 
544.245911 217.838715 0.187880 
557.451965 192.812149 0.562473 
523.666565 273.705292 0.737393 
522.143555 322.205780 0.752987 
516.309937 367.795135 0.723998 
522.150818 272.242615 0.571904 
522.251160 319.290375 0.636395 
520.683716 358.962708 0.586593 
536.921204 157.496399 0.787754 
0.000000 0.000000 0.000000 
525.121826 159.024796 0.781936 
0.000000 0.000000 0.000000 
18
542.780884 159.119568 0.770818 
520.708191 198.734955 0.733831 
522.246948 204.660583 0.815671 
560.452087 229.597931 0.887287 
558.946655 192.825668 0.857190 
517.765442 194.367020 0.616826 
538.361938 213.454590 0.164166 
557.451965 192.812149 0.562473 
523.689819 275.167389 0.748142 
522.125610 322.273346 0.747007 
514.879028 367.829529 0.738404 
519.232483 273.714172 0.583645 
522.183411 320.771484 0.622488 
520.678650 359.007660 0.591008 
536.923767 157.560516 0.819215 
0.000000 0.000000 0.000000 
523.721130 159.080780 0.766810 
0.000000 0.000000 0.000000 
18
541.325134 160.484467 0.736295 
520.701416 197.300262 0.744179 
522.204346 204.657043 0.817732 
561.867920 228.188934 0.887205 
558.928772 189.905746 0.808664 
519.222839 194.340622 0.626808 
538.377808 213.428131 0.152832 
557.451965 192.812149 0.562473 
523.678284 275.175415 0.746590 
522.143005 322.268707 0.759239 
516.305054 367.824768 0.728833 
520.726868 273.730011 0.590309 
522.175476 320.773956 0.624568 
520.692871 359.006348 0.590426 
536.899414 157.575195 0.827811 
0.000000 0.000000 0.000000 
525.125061 159.112747 0.779005 
0.000000 0.000000 0.000000 
18
541.288757 160.487991 0.800135 
522.119385 197.244659 0.761270 
522.138000 204.631607 0.814059 
561.873901 228.157074 0.895892 
558.942871 189.897827 0.804348 
522.197693 194.289230 0.655787 
539.854248 214.923676 0.129642 
557.451965 192.812149 0.562473 
523.655945 273.737915 0.742089 
522.149597 322.243317 0.757768 
514.875793 367.813965 0.727762 
522.203308 272.265198 0.584808 
522.202026 320.739349 0.628816 
520.681702 359.004852 0.600404 
535.496460 157.562622 0.869880 
0.000000 0.000000 0.000000 
523.665527 159.082367 0.798461 
0.000000 0.000000 0.000000 
18
541.286926 160.502014 0.790120 
520.692566 197.286697 0.726705 
522.164429 204.650711 0.811610 
561.920288 228.156036 0.881509 
558.949158 188.437378 0.839241 
519.239502 194.346848 0.605883 
538.349426 213.437088 0.112929 
557.451965 192.812149 0.562473 
523.674927 275.152039 0.742965 
522.131287 322.279663 0.756735 
514.869202 367.807770 0.731386 
520.702454 273.704773 0.584591 
522.179565 320.792511 0.632223 
520.664856 359.000580 0.598947 
535.482849 157.558136 0.869345 
0.000000 0.000000 0.000000 
522.242615 159.082825 0.787483 
0.000000 0.000000 0.000000 
18
539.859436 160.498734 0.748873 
520.670898 197.274094 0.718068 
522.151978 204.651352 0.811072 
563.353210 228.133713 0.881366 
558.933105 186.950150 0.853584 
517.790039 194.338669 0.585620 
536.933960 213.433640 0.102315 
557.451965 192.812149 0.562473 
523.675110 275.148254 0.739209 
522.144348 322.270752 0.756018 
514.868530 367.793243 0.724700 
520.695740 273.695679 0.581146 
522.182068 320.773773 0.623823 
520.667236 358.985107 0.590535 
535.481689 157.546249 0.829860 
0.000000 0.000000 0.000000 
523.609436 159.071777 0.768408 
0.000000 0.000000 0.000000 
18
539.849854 159.109222 0.765516 
520.712952 197.266678 0.729393 
522.133972 204.657455 0.809441 
564.803101 228.122925 0.882123 
558.936279 186.990402 0.861542 
520.698181 194.325302 0.595855 
538.369812 213.439972 0.096372 
557.451965 192.812149 0.562473 
523.656006 273.729523 0.736945 
522.138123 322.229034 0.759647 
514.877747 367.783142 0.722676 
522.158997 272.257355 0.582621 
522.217041 319.317505 0.632216 
520.666199 358.986633 0.601997 
535.463074 157.520340 0.829842 
0.000000 0.000000 0.000000 
522.238831 159.084000 0.777094 
0.000000 0.000000 0.000000 
18
539.822388 160.511398 0.758934 
520.680664 197.294006 0.718080 
522.158997 204.654129 0.817919 
564.815369 228.100143 0.879423 
558.929993 186.945908 0.877028 
517.775391 194.358749 0.583618 
536.940125 213.432037 0.104694 
557.451965 192.812149 0.562473 
523.654053 273.716248 0.739796 
522.178772 322.200165 0.745117 
516.324341 367.792877 0.721294 
519.272644 272.255402 0.581329 
522.238647 317.837585 0.633273 
520.691589 358.971527 0.586239 
535.458191 157.562149 0.838021 
0.000000 0.000000 0.000000 
522.232483 159.119232 0.760484 
0.000000 0.000000 0.000000 
18
538.374817 160.522018 0.775745 
519.255798 197.294037 0.713139 
522.161194 204.658401 0.811389 
564.808777 228.107925 0.879025 
558.909363 186.969513 0.872809 
516.302795 194.358154 0.584336 
536.919800 213.426254 0.103274 
557.451965 192.812149 0.562473 
523.666626 273.735382 0.745915 
522.146240 322.260376 0.763262 
516.303894 367.783051 0.706398 
519.252747 273.672455 0.588994 
522.153931 320.760986 0.639889 
520.686584 359.018402 0.608904 
535.419678 157.553253 0.850541 
0.000000 0.000000 0.000000 
522.159851 159.098724 0.763054 
0.000000 0.000000 0.000000 
18
538.387878 160.533997 0.785500 
519.270569 198.715225 0.710631 
522.133667 204.662399 0.812456 
564.806091 228.085068 0.880204 
558.921265 186.987915 0.866298 
517.778809 194.369003 0.581755 
536.936523 211.954605 0.108135 
557.451965 192.812149 0.562473 
523.651306 273.721954 0.745786 
522.142822 322.234436 0.776547 
514.874695 367.786194 0.714713 
522.157898 272.257568 0.590475 
522.216248 320.739899 0.651412 
520.698669 358.992889 0.606815 
535.426086 157.563492 0.866769 
0.000000 0.000000 0.000000 
522.166016 159.112106 0.776745 
0.000000 0.000000 0.000000 
18
538.377869 160.493088 0.783549 
520.661560 198.733444 0.710563 
522.168518 206.027283 0.822650 
563.388489 228.086258 0.883855 
558.907654 186.950653 0.867219 
516.319397 195.777420 0.572306 
536.945679 213.417938 0.101373 
557.451965 192.812149 0.562473 
523.659424 273.734375 0.745823 
522.158081 322.246887 0.769334 
514.879761 367.785553 0.716118 
520.703003 273.667053 0.584192 
522.195435 320.740417 0.636141 
520.682434 358.988770 0.592256 
535.412170 157.538742 0.855544 
0.000000 0.000000 0.000000 
522.164063 159.108627 0.767289 
0.000000 0.000000 0.000000 
18
539.817322 160.504608 0.770024 
520.670898 198.711624 0.711766 
522.177734 206.030685 0.818718 
564.810669 228.110397 0.881290 
558.887146 186.959152 0.869149 
516.315308 194.359512 0.576575 
536.890869 211.969467 0.096791 
557.451965 192.812149 0.562473 
523.656677 273.744202 0.745066 
522.144531 322.280640 0.771768 
516.297974 367.812256 0.722807 
520.692200 273.684113 0.587910 
522.190674 322.184937 0.641160 
520.703552 358.991455 0.593943 
535.440430 157.557648 0.858602 
0.000000 0.000000 0.000000 
522.194275 160.480667 0.769985 
0.000000 0.000000 0.000000 
18
538.396667 160.518692 0.778013 
520.680359 197.257507 0.723812 
522.156128 204.666962 0.809399 
563.374756 228.126907 0.885139 
557.541321 185.507751 0.859925 
517.776917 194.320099 0.581281 
536.887878 211.956848 0.102345 
557.451965 192.812149 0.562473 
523.661560 273.703644 0.743586 
522.146179 322.237976 0.777476 
514.878906 367.792389 0.718408 
520.688782 272.243134 0.578585 
522.196289 320.749847 0.650958 
520.704712 358.997742 0.609419 
535.428833 157.567657 0.864751 
0.000000 0.000000 0.000000 
522.195251 160.482529 0.775488 
0.000000 0.000000 0.000000 
18
541.298401 159.111053 0.836571 
520.741394 197.261353 0.739895 
522.139404 204.673813 0.831383 
563.337036 228.158447 0.882800 
558.950134 188.444504 0.885663 
520.719666 194.319290 0.593153 
538.393066 214.882065 0.093085 
557.451965 192.812149 0.562473 
523.648438 273.692413 0.732786 
522.197388 322.182129 0.760568 
514.879639 367.816681 0.729042 
522.155518 272.220245 0.577199 
522.233887 317.835327 0.635203 
519.272278 358.992798 0.604494 
535.460938 157.530960 0.880372 
0.000000 0.000000 0.000000 
522.192505 159.105606 0.783696 
0.000000 0.000000 0.000000 
18
539.847290 160.502777 0.804693 
520.749146 197.278671 0.732408 
522.164734 204.662155 0.838063 
561.877258 228.177338 0.892458 
558.992615 191.328766 0.883566 
520.723328 194.329453 0.600903 
541.308655 216.403290 0.100090 
557.451965 192.812149 0.562473 
523.638855 272.257874 0.737313 
522.200317 320.776337 0.751518 
514.866577 367.808563 0.728310 
520.706543 270.775116 0.576196 
523.595154 316.361267 0.632824 
520.698059 358.973999 0.607118 
535.446716 157.568939 0.864130 
0.000000 0.000000 0.000000 
522.207458 160.498123 0.774365 
0.000000 0.000000 0.000000 
18
542.732971 159.105469 0.790620 
520.743164 197.260681 0.756347 
522.176819 204.651123 0.833413 
560.461548 228.177383 0.903728 
558.991211 191.406418 0.857052 
520.695313 194.292938 0.641664 
544.243408 216.360901 0.169939 
557.451965 192.812149 0.562473 
523.631958 272.265564 0.735393 
522.181824 320.783783 0.748270 
514.869690 367.785614 0.718125 
520.679810 270.781158 0.571661 
523.601746 316.369019 0.623325 
520.700684 357.567780 0.612330 
536.867371 157.568100 0.833102 
0.000000 0.000000 0.000000 
523.686096 160.555496 0.758363 
0.000000 0.000000 0.000000 
18
544.198425 159.100067 0.870467 
522.133728 197.247696 0.772160 
522.155090 204.662750 0.835979 
560.458252 229.569656 0.913342 
558.988525 192.878189 0.822091 
522.174927 192.902740 0.663260 
538.373474 209.040344 0.190015 
557.451965 192.812149 0.562473 
523.637634 273.697266 0.732571 
522.153687 322.184875 0.751925 
516.286133 367.812866 0.723397 
522.180054 272.228088 0.578166 
523.609741 317.836060 0.642187 
520.701172 358.970551 0.606591 
536.916077 157.578079 0.884703 
0.000000 0.000000 0.000000 
523.724426 161.954056 0.765751 
0.000000 0.000000 0.000000 
18
544.243530 160.497803 0.901326 
522.139221 197.269196 0.761955 
522.163940 204.662506 0.830084 
561.901367 229.617844 0.896350 
559.020020 194.322784 0.835608 
522.183655 194.311066 0.659522 
542.782349 217.861343 0.180506 
557.451965 192.812149 0.562473 
523.650208 273.739166 0.738203 
522.134277 322.238464 0.769469 
516.287170 367.834717 0.724943 
522.169006 273.682281 0.590433 
522.244690 320.746460 0.656714 
520.707703 358.980652 0.603470 
536.946350 157.581192 0.892670 
0.000000 0.000000 0.000000 
523.701538 160.519257 0.790949 
0.000000 0.000000 0.000000 
18
545.642883 159.112137 0.945252 
522.160339 197.246262 0.760463 
522.232910 206.034454 0.823970 
560.430115 231.077484 0.893860 
558.929993 194.373718 0.837671 
522.165100 192.884354 0.663637 
539.834900 213.442795 0.194139 
557.451965 192.812149 0.562473 
523.653687 273.741821 0.745784 
522.141113 322.241913 0.771873 
514.874939 367.817627 0.722342 
520.729980 273.684540 0.582418 
522.228638 320.744049 0.648395 
520.680298 358.988312 0.603253 
538.344421 157.568344 0.917697 
0.000000 0.000000 0.000000 
523.720886 160.532776 0.794478 
0.000000 0.000000 0.000000 
18
545.652771 160.539108 0.920051 
522.144592 195.840073 0.739578 
522.252869 204.619553 0.811520 
558.911560 232.589157 0.866404 
558.913635 198.739029 0.811950 
520.713135 192.892105 0.677145 
541.323792 223.722763 0.243551 
557.451965 192.812149 0.562473 
523.664185 273.743073 0.763453 
522.186768 322.229279 0.789117 
516.289795 367.811371 0.728476 
520.740906 273.679474 0.582289 
522.192810 319.313019 0.636230 
519.240356 358.987885 0.583658 
538.397400 157.617416 0.905385 
0.000000 0.000000 0.000000 
525.156921 160.512314 0.783781 
0.000000 0.000000 0.000000 
18
545.669556 160.565781 0.956588 
522.190674 197.275406 0.754339 
523.600464 206.075150 0.842632 
557.431458 238.416382 0.899413 
558.962219 201.667496 0.827812 
522.153687 194.288712 0.658836 
541.309082 211.969971 0.292998 
557.451965 192.812149 0.562473 
523.667786 275.150543 0.784869 
522.159302 323.665527 0.781420 
516.302979 367.835876 0.714293 
520.679810 273.689240 0.582247 
522.115540 322.198334 0.637574 
519.245544 360.469879 0.582915 
538.387390 158.978104 0.921636 
0.000000 0.000000 0.000000 
525.131897 161.971802 0.788166 
0.000000 0.000000 0.000000 
18
545.745483 160.548431 0.948026 
522.114624 198.724167 0.745464 
523.651306 206.039597 0.883725 
548.706299 241.342041 0.934028 
559.001465 207.543610 0.901479 
516.321289 194.319305 0.650043 
536.868042 209.039154 0.256849 
557.451965 192.812149 0.562473 
523.711182 275.228363 0.802632 
522.154541 323.664581 0.783448 
516.295471 367.819580 0.722886 
516.317505 273.712128 0.598928 
522.117065 322.192230 0.641420 
519.246582 359.032349 0.591285 
541.319946 157.632797 0.896672 
0.000000 0.000000 0.000000 
526.640869 161.967957 0.755423 
0.000000 0.000000 0.000000 
18
545.773193 163.423264 0.899748 
520.702820 201.648804 0.730529 
523.696472 206.076263 0.899691 
544.204529 242.853195 0.911918 
560.455750 214.909958 0.903999 
513.367920 195.780136 0.656275 
535.482971 213.440689 0.269739 
557.451965 192.812149 0.562473 
523.715637 276.641571 0.807410 
522.144348 323.687317 0.784668 
514.873535 367.844147 0.727476 
516.289124 273.742706 0.622196 
522.125488 322.231079 0.661069 
519.251526 360.446777 0.597918 
542.788940 158.982193 0.894328 
0.000000 0.000000 0.000000 
526.600586 160.542526 0.758842 
0.000000 0.000000 0.000000 
18
547.152893 161.980957 0.920180 
522.179138 201.667694 0.765971 
525.114624 206.073853 0.914994 
536.919739 248.699142 0.881814 
563.357666 222.243500 0.854849 
517.753601 195.801346 0.657329 
535.466614 219.329758 0.275407 
558.885681 216.338593 0.605797 
525.109436 276.675964 0.778316 
522.146179 323.696808 0.784472 
514.858826 369.210236 0.729913 
516.331238 275.139832 0.612563 
522.132263 322.246216 0.657780 
520.665955 360.481323 0.618117 
544.214905 157.610703 0.907799 
0.000000 0.000000 0.000000 
526.644592 160.523026 0.757787 
0.000000 0.000000 0.000000 
