20
1
18
538.389954 157.536072 0.925833 
514.840332 198.750198 0.738631 
522.228577 204.627106 0.906078 
523.747925 250.183731 0.891993 
535.491699 282.548279 0.913329 
510.423737 194.318298 0.617335 
528 274 0.000000
528 274 0.000000
514.848022 270.796631 0.711650 
514.823975 317.834961 0.738330 
510.462372 360.469910 0.815158 
507.498474 264.956512 0.615042 
514.849182 313.437592 0.650335 
511.927765 354.585724 0.641448 
533.959961 151.709763 0.901154 
0.000000 0.000000 0.000000 
520.699829 159.102951 0.806666 
0.000000 0.000000 0.000000 
18
538.362976 157.525314 0.929715 
514.842346 198.755844 0.742740 
522.209717 204.641617 0.897162 
523.738708 250.206955 0.907703 
535.487671 282.551147 0.905077 
510.422241 194.306259 0.621621 
528 274 0.000000
528 274 0.000000
513.420471 270.748322 0.710171 
514.853027 316.346313 0.716318 
510.489502 360.484894 0.845421 
507.498291 264.910645 0.615725 
517.782288 311.959351 0.635861 
511.931854 353.105713 0.625027 
533.925537 151.717972 0.894724 
0.000000 0.000000 0.000000 
519.254578 160.524689 0.790684 
0.000000 0.000000 0.000000 
18
538.343689 157.540848 0.934945 
513.423218 198.735397 0.748677 
522.154358 204.614517 0.887972 
523.750732 251.590775 0.900330 
535.475464 282.528137 0.912137 
510.440338 194.318924 0.618898 
528 274 0.000000
528 274 0.000000
514.817444 269.325897 0.703178 
516.310852 314.880341 0.708848 
510.486969 359.063324 0.858578 
508.921844 264.909454 0.627751 
519.214355 311.913361 0.642384 
511.885742 350.178253 0.615571 
533.925232 153.133728 0.900960 
0.000000 0.000000 0.000000 
519.255127 160.491486 0.803272 
0.000000 0.000000 0.000000 
18
538.349915 157.533340 0.934771 
513.427795 200.188797 0.745765 
522.192932 204.640579 0.897847 
523.742004 251.593369 0.907878 
535.461182 282.510620 0.920552 
510.415955 194.335434 0.617317 
528 274 0.000000
528 274 0.000000
514.848572 270.784454 0.711440 
514.856445 316.369843 0.719284 
510.491394 360.439728 0.838400 
507.470917 264.933533 0.625034 
516.314392 311.999878 0.634573 
511.886719 353.116272 0.609150 
533.926514 153.134399 0.902544 
0.000000 0.000000 0.000000 
519.259155 160.518692 0.797042 
0.000000 0.000000 0.000000 
18
536.944763 157.532486 0.931019 
513.413452 200.177002 0.758406 
522.163391 204.612854 0.897689 
523.746643 250.204330 0.916788 
536.880127 278.175781 0.935786 
510.425659 194.338333 0.633942 
528 274 0.000000
528 274 0.000000
514.868958 270.792603 0.721673 
514.841003 319.261536 0.715699 
511.837219 360.490967 0.828791 
507.499481 264.958191 0.630838 
514.853210 313.453125 0.649384 
511.892151 354.585815 0.613948 
533.912781 151.703629 0.899655 
0.000000 0.000000 0.000000 
519.217529 159.113495 0.799489 
0.000000 0.000000 0.000000 
18
536.953674 157.608780 0.944859 
513.350342 197.277527 0.781530 
522.137085 204.576599 0.871969 
528.062683 245.812225 0.824344 
547.170898 275.186157 0.961916 
508.978271 194.301575 0.646977 
511.892334 231.129913 0.053328 
528 274 0.000000
514.826721 266.402557 0.741989 
516.335999 314.892242 0.743476 
510.475555 360.444733 0.831442 
508.908661 263.484650 0.628146 
516.282288 311.988007 0.662199 
511.878723 353.102081 0.626176 
533.915649 154.608871 0.913609 
0.000000 0.000000 0.000000 
517.775879 160.495605 0.799261 
0.000000 0.000000 0.000000 
18
535.495239 159.024200 0.954251 
513.403870 195.837906 0.786782 
516.294861 203.100281 0.800460 
529.533508 244.328613 0.741115 
558.972595 254.613449 0.723671 
516.304016 194.325623 0.670412 
536.928711 228.167725 0.671046 
557.523132 244.293335 0.676472 
513.386841 266.369171 0.761725 
514.864075 313.445770 0.759055 
511.838013 359.040070 0.866539 
511.931183 263.449615 0.582936 
517.759399 311.935486 0.667532 
510.472595 351.634003 0.602484 
533.873047 156.076553 0.901548 
0.000000 0.000000 0.000000 
516.306335 159.104309 0.803014 
0.000000 0.000000 0.000000 
18
535.392700 159.081924 0.954697 
517.793640 194.334671 0.830896 
511.942444 198.715225 0.851090 
536.872620 238.459473 0.790000 
567.745728 239.934464 0.831949 
523.625854 192.829987 0.808218 
547.228821 216.366669 0.794242 
569.195923 228.104034 0.766609 
511.890625 264.863953 0.820347 
516.319153 311.970367 0.772377 
511.841156 359.020233 0.872439 
522.192627 263.417358 0.737923 
520.743286 310.513367 0.707992 
510.483368 348.738190 0.620422 
532.437805 157.531693 0.892894 
0.000000 0.000000 0.000000 
516.286804 160.488174 0.801024 
0.000000 0.000000 0.000000 
18
533.958130 159.128769 0.921572 
517.776978 192.916275 0.878397 
510.477234 198.753662 0.841406 
551.604309 228.133438 0.860424 
578.049438 204.665863 0.812912 
523.721802 189.882904 0.772360 
554.511047 200.191315 0.791446 
576.604004 197.284088 0.687469 
511.941467 263.378174 0.783756 
517.773438 311.946564 0.756458 
510.486572 359.040863 0.846591 
522.168152 260.458954 0.685314 
520.743835 310.469025 0.688137 
511.873535 350.175232 0.612216 
528.070923 157.581985 0.893928 
0.000000 0.000000 0.000000 
511.970551 160.514542 0.831541 
0.000000 0.000000 0.000000 
18
533.952820 159.123917 0.933872 
511.955383 192.835281 0.869311 
511.889709 200.202682 0.802997 
557.545776 210.514389 0.864636 
579.545471 182.614059 0.780974 
520.720276 186.951294 0.607299 
553.073059 192.868622 0.484058 
576.570618 181.065872 0.633194 
514.814392 263.434235 0.758387 
517.770020 313.399109 0.735201 
511.842316 360.445251 0.836609 
517.791382 261.937744 0.614267 
520.688599 310.512939 0.656387 
511.928253 351.625732 0.613028 
528.052307 157.569870 0.881312 
0.000000 0.000000 0.000000 
511.902039 160.500107 0.827668 
0.000000 0.000000 0.000000 
18
533.919495 160.503586 0.951053 
511.939148 192.788849 0.829157 
511.896362 197.260513 0.840759 
558.994141 198.732407 0.856436 
570.776855 169.346939 0.798912 
517.787720 185.506516 0.526507 
555.970154 188.422729 0.385298 
569.259583 167.867020 0.616759 
514.836670 263.374786 0.751024 
520.724854 310.452606 0.735698 
510.484589 359.034271 0.812892 
516.298523 261.901733 0.594862 
522.120361 307.517548 0.649952 
511.866486 348.724365 0.613907 
526.609253 157.593246 0.907545 
0.000000 0.000000 0.000000 
511.909698 160.543976 0.831360 
0.000000 0.000000 0.000000 
18
533.890869 160.488953 0.944564 
511.892761 192.793991 0.820612 
511.965881 195.843262 0.859132 
559.024841 194.298462 0.906220 
569.169556 157.603973 0.853027 
510.458282 189.902817 0.507609 
550.115479 184.050247 0.234382 
566.277100 157.569366 0.534894 
516.303650 263.432037 0.744949 
520.736084 310.515533 0.744566 
510.481781 359.059570 0.801598 
513.408203 261.970886 0.625990 
522.111023 308.987274 0.656777 
511.921906 351.617889 0.621233 
526.581055 157.587921 0.888561 
0.000000 0.000000 0.000000 
511.934235 160.561111 0.791521 
0.000000 0.000000 0.000000 
18
533.945740 160.561096 0.985685 
511.862701 192.809830 0.794236 
513.369629 195.779739 0.862497 
560.421936 191.378098 0.858155 
563.389160 150.246567 0.783480 
508.962128 191.374817 0.498148 
548.677002 181.080688 0.190248 
566.277100 157.569366 0.534894 
516.316040 263.450623 0.730250 
520.661133 311.977448 0.733441 
511.849823 360.447449 0.809120 
514.869690 263.363647 0.633693 
520.723206 310.497711 0.668050 
511.871399 351.651306 0.600635 
526.615540 157.622162 0.899103 
0.000000 0.000000 0.000000 
511.913849 161.996002 0.777043 
0.000000 0.000000 0.000000 
18
533.951660 163.473053 0.928865 
510.467316 192.843399 0.781166 
511.960449 194.400085 0.873669 
559.001953 189.886368 0.824668 
559.003662 148.749893 0.856416 
507.504395 191.406311 0.499709 
544.230103 181.034760 0.142858 
566.277100 157.569366 0.534894 
516.312378 263.447327 0.734249 
519.256531 311.999359 0.728421 
511.833679 360.447601 0.829580 
516.301636 263.370392 0.632602 
520.731506 310.504028 0.670077 
511.871643 351.637878 0.593674 
528.098145 159.047012 0.868810 
0.000000 0.000000 0.000000 
513.380737 161.956680 0.762868 
0.000000 0.000000 0.000000 
18
533.872620 163.431656 0.813382 
510.489319 192.793167 0.786824 
511.969757 194.384552 0.881821 
558.963806 185.517532 0.820596 
557.517212 148.717270 0.810013 
508.940826 189.891754 0.495963 
535.426025 173.732285 0.170559 
566.277100 157.569366 0.534894 
516.323792 263.447083 0.740833 
519.271667 312.015228 0.733935 
511.843048 360.448761 0.811571 
514.837646 263.368011 0.635842 
520.687622 310.527649 0.671641 
511.886536 353.098175 0.608693 
526.614502 159.050171 0.820249 
0.000000 0.000000 0.000000 
514.830444 162.013687 0.730411 
0.000000 0.000000 0.000000 
18
533.914063 163.457291 0.869602 
511.846466 192.842819 0.785882 
511.953918 194.366013 0.872868 
558.963074 182.595413 0.857820 
556.010315 148.738220 0.758353 
510.388214 191.378784 0.514686 
545.722046 179.584579 0.145853 
566.277100 157.569366 0.534894 
517.764954 263.461578 0.736954 
519.275513 312.004730 0.739741 
511.842865 360.457275 0.812660 
513.409790 263.375275 0.643564 
520.673096 310.518372 0.677076 
511.897217 353.103149 0.619933 
526.633240 159.057037 0.830248 
0.000000 0.000000 0.000000 
513.372742 161.989532 0.757483 
0.000000 0.000000 0.000000 
18
533.932617 164.915359 0.913950 
511.850677 192.800659 0.778891 
511.929474 194.370621 0.879217 
558.886658 182.612686 0.839892 
557.469238 148.744553 0.773341 
510.419495 191.352631 0.498400 
545.715698 178.128860 0.170171 
566.277100 157.569366 0.534894 
516.303345 263.447113 0.738479 
519.258240 312.004333 0.736357 
511.854095 360.450989 0.821677 
517.755920 263.369263 0.634349 
520.691284 311.898376 0.672698 
511.916779 353.096771 0.618759 
526.644714 159.078705 0.847325 
533.994934 157.662552 0.111465 
511.937439 161.978653 0.778609 
0.000000 0.000000 0.000000 
18
533.909607 161.963089 0.884938 
510.467163 192.780579 0.785102 
511.931549 194.369904 0.871920 
557.529358 182.599380 0.859582 
556.013916 148.750290 0.759264 
508.967163 189.898590 0.505953 
544.223755 178.138916 0.172392 
554.555542 147.294876 0.526704 
516.328552 263.435944 0.737833 
519.276001 311.971588 0.741529 
511.853912 360.452637 0.808888 
514.831848 263.357910 0.639663 
520.691589 310.494049 0.674375 
511.933929 353.090881 0.624020 
526.599182 158.999435 0.849339 
0.000000 0.000000 0.000000 
511.970306 161.960663 0.779696 
0.000000 0.000000 0.000000 
18
533.923584 160.527802 0.927713 
510.464966 192.796646 0.800092 
511.917450 194.381332 0.855980 
557.524536 182.593735 0.873711 
554.558044 147.338837 0.773641 
510.422577 189.891312 0.503991 
545.744385 179.594803 0.176603 
554.525330 147.253906 0.522748 
516.290161 263.450409 0.728981 
519.244690 311.991150 0.716083 
511.844757 359.070831 0.810516 
517.765625 263.369507 0.629568 
520.725891 310.503387 0.660667 
511.885681 351.653412 0.594066 
525.185486 157.615585 0.867662 
0.000000 0.000000 0.000000 
511.895386 163.433212 0.786075 
0.000000 0.000000 0.000000 
18
533.920776 160.538086 0.918782 
510.468842 192.799728 0.784853 
511.940002 194.383331 0.864706 
557.513550 182.595779 0.868835 
555.969116 148.726685 0.776401 
510.409790 189.909393 0.492098 
545.736694 179.599060 0.176281 
554.548706 147.272430 0.529632 
516.314209 263.414215 0.727193 
520.670959 311.933990 0.713720 
511.838654 359.052338 0.807955 
514.825439 261.964020 0.630922 
520.726318 310.438507 0.649251 
511.889221 351.619873 0.599063 
525.185425 157.622742 0.867090 
533.943909 157.395157 0.109170 
511.888550 161.997635 0.781451 
0.000000 0.000000 0.000000 
